

Data analysis for each instance 
AVG,MED,MAX,MIN
0.669,0.666,1,0.647,
0.678,0.674,1,0.674,
0.623,0.621,0.948,0.618,
0.676,0.673,1,0.672,
0.657,0.657,0.994,0.649,
0.706,0.702,1,0.702,
0.664,0.661,0.974,0.655,
0.666,0.662,1,0.661,
0.66,0.656,1,0.656,
0.642,0.651,1,0.607,
0.663,0.662,1,0.657,
0.672,0.67,1,0.666,
0.677,0.673,1,0.673,
0.638,0.643,1,0.542,
0.681,0.678,1,0.676,
0.659,0.655,0.971,0.655,
0.641,0.643,1,0.556,
0.647,0.644,1,0.594,
0.639,0.641,1,0.601,
0.667,0.665,1,0.662,
0.666,0.663,1,0.662,
0.65,0.664,1,0.598,
0.629,0.625,0.985,0.593,
0.676,0.672,1,0.672,
0.648,0.645,0.968,0.643,
0.677,0.674,1,0.673,
0.675,0.673,1,0.67,
0.68,0.677,1,0.676,
0.669,0.665,1,0.665,
0.653,0.65,1,0.557,
0.634,0.628,1,0.584,
0.579,0.575,0.867,0.575,
0.667,0.663,1,0.663,
0.681,0.678,1,0.677,
0.677,0.674,1,0.672,
0.677,0.674,1,0.672,
0.675,0.671,1,0.671,
0.682,0.678,1,0.678,
0.669,0.667,1,0.664,
0.66,0.673,0.956,0.64,
0.668,0.664,1,0.664,
0.644,0.64,0.979,0.64,
0.684,0.681,1,0.659,
0.652,0.65,1,0.63,
0.648,0.644,1,0.641,
0.682,0.678,1,0.678,
0.666,0.664,1,0.66,
0.656,0.653,1,0.61,
0.68,0.676,1,0.676,
0.656,0.651,1,0.642,
0.676,0.672,1,0.672,
0.634,0.63,0.983,0.629,
0.677,0.673,1,0.673,
0.65,0.645,0.991,0.622,
0.594,0.59,0.892,0.59,
0.658,0.655,1,0.63,
0.616,0.609,1,0.573,
0.667,0.663,1,0.663,
0.657,0.653,0.978,0.653,
0.679,0.676,1,0.675,
0.68,0.676,1,0.676,
0.679,0.675,1,0.675,
0.673,0.669,1,0.669,
0.62,0.618,0.922,0.615,
0.692,0.694,1,0.682,
0.675,0.673,1,0.67,
0.611,0.614,1,0.51,
0.631,0.627,0.952,0.624,
0.642,0.642,1,0.552,
0.634,0.641,1,0.588,
0.658,0.655,1,0.609,
0.667,0.663,1,0.663,
0.674,0.67,1,0.67,
0.678,0.674,1,0.674,
0.669,0.669,1,0.662,
0.655,0.651,1,0.639,
0.67,0.668,1,0.665,
0.676,0.672,1,0.672,
0.672,0.668,1,0.668,
0.651,0.647,0.986,0.631,
0.673,0.673,1,0.666,
0.659,0.66,1,0.634,
0.62,0.618,0.992,0.54,
0.666,0.664,1,0.661,
0.683,0.68,1,0.679,
0.65,0.646,0.976,0.646,
0.641,0.638,0.992,0.556,
0.656,0.652,1,0.652,
0.645,0.641,1,0.638,
0.663,0.659,1,0.658,
0.656,0.653,1,0.642,
0.678,0.674,1,0.674,
0.672,0.668,1,0.668,
0.655,0.653,1,0.649,
0.613,0.61,1,0.606,
0.613,0.61,1,0.483,
0.679,0.676,1,0.675,
0.671,0.667,1,0.667,
0.67,0.668,1,0.664,
0.672,0.669,1,0.668,
0.638,0.635,0.942,0.634,
0.679,0.675,1,0.675,
0.665,0.661,1,0.661,
0.675,0.671,1,0.671,
0.651,0.646,1,0.643,
0.66,0.656,1,0.656,
0.668,0.664,1,0.664,
0.658,0.654,1,0.654,
0.623,0.627,1,0.564,
0.675,0.675,0.992,0.667,
0.62,0.618,1,0.412,
0.673,0.671,1,0.667,
0.681,0.679,1,0.673,
0.639,0.635,0.971,0.633,
0.667,0.663,0.979,0.663,
0.677,0.674,1,0.673,
0.666,0.662,1,0.662,
0.676,0.673,1,0.672,
0.662,0.659,1,0.657,
0.683,0.679,1,0.679,
0.659,0.655,1,0.655,
0.66,0.658,1,0.611,
0.623,0.619,0.946,0.619,
0.655,0.653,1,0.583,
0.663,0.659,1,0.659,
0.577,0.573,0.899,0.551,
0.667,0.666,1,0.661,
0.681,0.678,1,0.676,
0.674,0.673,1,0.668,
0.583,0.581,0.881,0.579,
0.659,0.657,0.986,0.654,
0.664,0.661,1,0.608,
0.653,0.65,0.973,0.648,
0.668,0.664,1,0.664,
0.686,0.683,1,0.682,
0.664,0.661,0.981,0.66,
0.671,0.668,1,0.667,
0.665,0.661,1,0.661,
0.621,0.626,1,0.539,
0.668,0.664,1,0.664,
0.641,0.645,1,0.601,
0.683,0.68,1,0.679,
0.668,0.664,1,0.664,
0.682,0.678,1,0.678,
0.673,0.669,1,0.669,
0.677,0.673,1,0.673,
0.666,0.662,1,0.657,
0.67,0.667,1,0.665,
0.666,0.664,1,0.66,
0.639,0.661,1,0.608,
0.687,0.683,1,0.683,
0.672,0.668,0.998,0.665,
0.636,0.632,1,0.632,
0.666,0.662,1,0.662,
0.645,0.641,0.945,0.64,
0.663,0.659,1,0.659,
0.625,0.621,0.92,0.621,
0.678,0.674,1,0.674,
0.683,0.691,0.996,0.668,
0.576,0.577,1,0.46,
0.672,0.668,0.994,0.668,
0.637,0.649,1,0.611,
0.678,0.674,1,0.674,
0.663,0.659,1,0.659,
0.66,0.656,1,0.656,
0.627,0.639,1,0.522,
0.68,0.676,1,0.676,
0.65,0.646,0.961,0.646,
0.663,0.661,1,0.624,
0.66,0.657,0.973,0.655,
0.674,0.67,1,0.67,
0.677,0.673,1,0.673,
0.659,0.656,1,0.655,
0.639,0.636,1,0.608,
0.663,0.659,0.982,0.659,
0.656,0.655,1,0.643,
0.626,0.622,0.948,0.622,
0.677,0.673,1,0.673,
0.665,0.662,0.988,0.661,
0.674,0.67,1,0.67,
0.619,0.615,0.939,0.613,
0.678,0.674,1,0.674,
0.664,0.661,1,0.659,
0.655,0.653,1,0.646,
0.656,0.653,1,0.651,
0.681,0.677,1,0.677,
0.679,0.676,1,0.675,
0.633,0.631,1,0.619,
0.62,0.631,1,0.537,
0.679,0.675,0.998,0.675,
0.605,0.586,1,0.577,
0.68,0.677,1,0.676,
0.674,0.67,1,0.67,
0.681,0.677,1,0.677,
0.666,0.662,1,0.662,
0.626,0.611,1,0.517,
0.678,0.674,0.998,0.674,
0.68,0.676,1,0.676,
0.685,0.692,0.991,0.67,
0.619,0.623,1,0.552,
0.678,0.674,1,0.673,
0.665,0.661,0.996,0.661,
0.565,0.576,1,0.364,
0.676,0.672,1,0.672,
0.678,0.674,1,0.674,
0.661,0.658,1,0.629,
0.629,0.626,0.947,0.625,
0.667,0.671,1,0.639,
0.674,0.67,1,0.67,
0.66,0.656,1,0.656,
0.669,0.667,1,0.663,
0.672,0.668,1,0.667,
0.671,0.67,1,0.664,
0.677,0.673,1,0.673,
0.676,0.672,1,0.672,
0.679,0.675,1,0.675,
0.637,0.633,0.961,0.615,
0.614,0.607,1,0.567,
0.649,0.647,1,0.635,
0.618,0.634,1,0.485,
0.671,0.667,1,0.667,
0.666,0.662,1,0.638,
0.666,0.662,1,0.662,
0.675,0.671,1,0.669,
0.672,0.67,1,0.667,
0.666,0.666,1,0.659,
0.655,0.651,0.968,0.651,
0.611,0.595,1,0.526,
0.677,0.673,1,0.673,
0.67,0.667,1,0.665,
0.676,0.672,1,0.672,
0.632,0.628,0.957,0.628,
0.676,0.672,1,0.671,
0.659,0.656,1,0.654,
0.661,0.661,1,0.634,
0.674,0.67,1,0.67,
0.671,0.667,1,0.667,
0.647,0.647,0.972,0.639,
0.663,0.659,0.972,0.659,
0.644,0.641,1,0.617,
0.678,0.674,1,0.674,
0.623,0.634,1,0.554,
0.643,0.642,0.985,0.614,
0.679,0.675,1,0.675,
0.676,0.672,1,0.672,
0.622,0.618,0.936,0.616,
0.586,0.587,1,0.478,
0.669,0.665,1,0.665,
0.623,0.619,0.931,0.619,
0.668,0.664,1,0.657,
0.673,0.669,1,0.669,
0.651,0.648,0.975,0.646,
0.636,0.634,1,0.574,
0.667,0.665,0.984,0.662,
0.671,0.667,1,0.667,
0.676,0.672,1,0.672,
0.665,0.662,1,0.646,
0.651,0.647,0.972,0.647,
0.675,0.671,1,0.671,
0.676,0.672,1,0.672,
0.659,0.657,1,0.654,
0.669,0.669,1,0.662,
0.664,0.661,1,0.66,
0.672,0.669,1,0.664,
0.662,0.658,1,0.658,
0.661,0.654,0.992,0.642,
0.668,0.665,1,0.664,
0.672,0.668,1,0.668,
0.604,0.603,1,0.543,
0.572,0.573,0.979,0.458,
0.598,0.597,1,0.536,
0.59,0.589,1,0.511,
0.587,0.591,1,0.524,
0.58,0.587,1,0.45,
0.575,0.579,1,0.485,
0.586,0.591,1,0.516,
0.566,0.567,1,0.487,
0.596,0.594,1,0.532,
0.586,0.597,1,0.505,
0.595,0.593,1,0.535,
0.583,0.581,1,0.503,
0.586,0.585,1,0.509,
0.54,0.54,0.93,0.473,
0.583,0.581,1,0.493,
0.567,0.564,1,0.465,
0.517,0.511,0.872,0.444,
0.569,0.597,1,0.406,
0.559,0.56,0.948,0.512,
0.596,0.601,0.981,0.55,
0.606,0.603,1,0.556,
0.587,0.587,0.978,0.529,
0.568,0.569,0.96,0.493,
0.585,0.586,1,0.507,
0.593,0.59,1,0.53,
0.58,0.581,1,0.489,
0.573,0.569,1,0.504,
0.586,0.585,1,0.52,
0.574,0.572,0.992,0.496,
0.601,0.603,1,0.508,
0.596,0.595,1,0.504,
0.588,0.58,1,0.552,
0.62,0.613,1,0.556,
0.582,0.576,1,0.52,
0.618,0.617,1,0.55,
0.58,0.581,1,0.498,
0.56,0.561,0.971,0.488,
0.586,0.585,1,0.53,
0.57,0.565,1,0.482,
0.584,0.583,1,0.514,
0.569,0.572,0.98,0.469,
0.571,0.568,0.95,0.513,
0.575,0.571,0.984,0.486,
0.546,0.546,1,0.437,
0.607,0.613,1,0.474,
0.579,0.576,1,0.496,
0.603,0.6,1,0.555,
0.596,0.599,1,0.46,
0.591,0.595,1,0.52,
0.53,0.526,0.845,0.526,
0.582,0.577,1,0.514,
0.569,0.569,1,0.447,
0.585,0.587,1,0.48,
0.595,0.595,1,0.506,
0.589,0.587,1,0.529,
0.571,0.569,1,0.455,
0.614,0.612,1,0.566,
0.611,0.607,1,0.555,
0.587,0.587,1,0.511,
0.6,0.596,1,0.524,
0.592,0.59,1,0.512,
0.614,0.617,1,0.529,
0.559,0.566,0.918,0.493,
0.613,0.61,1,0.563,
0.608,0.61,1,0.551,
0.615,0.614,1,0.559,
0.577,0.594,1,0.52,
0.595,0.596,1,0.467,
0.569,0.573,1,0.513,
0.6,0.597,1,0.552,
0.584,0.583,1,0.536,
0.578,0.573,1,0.536,
0.554,0.532,1,0.424,
0.627,0.623,1,0.622,
0.579,0.583,1,0.502,
0.567,0.573,1,0.45,
0.571,0.57,0.945,0.507,
0.577,0.587,1,0.465,
0.592,0.591,1,0.53,
0.551,0.55,0.919,0.495,
0.595,0.604,0.976,0.534,
0.579,0.583,1,0.508,
0.62,0.617,1,0.545,
0.566,0.569,1,0.436,
0.589,0.591,1,0.495,
0.506,0.514,0.859,0.423,
0.59,0.588,1,0.53,
0.575,0.583,0.985,0.481,
0.617,0.615,1,0.536,
0.581,0.577,1,0.509,
0.594,0.595,1,0.532,
0.57,0.572,0.941,0.495,
0.612,0.62,1,0.518,
0.578,0.577,1,0.491,
0.548,0.546,0.91,0.497,
0.596,0.596,1,0.507,
0.597,0.597,1,0.544,
0.617,0.613,1,0.613,
0.608,0.608,1,0.547,
0.58,0.581,1,0.457,
0.593,0.591,1,0.539,
0.617,0.615,1,0.502,
0.602,0.598,1,0.521,
0.598,0.595,1,0.467,
0.611,0.62,1,0.545,
0.57,0.567,0.915,0.528,
0.612,0.613,1,0.549,
0.55,0.55,0.908,0.488,
0.614,0.614,1,0.505,
0.586,0.581,1,0.522,
0.613,0.61,1,0.52,
0.586,0.586,1,0.502,
0.575,0.575,1,0.473,
0.583,0.591,1,0.475,
0.594,0.601,1,0.496,
0.608,0.607,1,0.555,
0.615,0.611,0.991,0.611,
0.591,0.587,1,0.52,
0.562,0.559,0.962,0.53,
0.581,0.576,1,0.505,
0.597,0.601,1,0.513,
0.486,0.488,1,0.419,
0.562,0.562,1,0.489,
0.6,0.603,1,0.516,
0.609,0.611,1,0.521,
0.575,0.573,0.941,0.507,
0.574,0.573,1,0.489,
0.563,0.56,1,0.421,
0.582,0.583,1,0.513,
0.583,0.579,0.981,0.537,
0.6,0.599,1,0.519,


0.693,0.689,1,0.678,
0.702,0.691,1,0.655,
0.655,0.651,0.948,0.641,
0.66,0.66,1,0.614,
0.678,0.674,0.994,0.673,
0.71,0.705,1,0.694,
0.678,0.674,0.974,0.672,
0.681,0.678,1,0.637,
0.678,0.675,1,0.626,
0.612,0.603,1,0.55,
0.655,0.651,1,0.536,
0.608,0.594,1,0.574,
0.696,0.692,1,0.691,
0.523,0.517,1,0.484,
0.698,0.694,1,0.692,
0.677,0.673,0.971,0.671,
0.549,0.56,1,0.525,
0.649,0.655,1,0.566,
0.579,0.571,1,0.503,
0.578,0.567,1,0.531,
0.669,0.666,1,0.629,
0.541,0.534,1,0.492,
0.541,0.531,0.985,0.529,
0.644,0.645,1,0.59,
0.672,0.669,0.968,0.664,
0.671,0.669,1,0.638,
0.686,0.689,1,0.661,
0.646,0.647,1,0.592,
0.688,0.684,1,0.679,
0.572,0.566,1,0.542,
0.555,0.544,1,0.505,
0.616,0.615,0.867,0.596,
0.665,0.661,1,0.621,
0.698,0.695,1,0.679,
0.644,0.638,1,0.608,
0.698,0.695,1,0.693,
0.696,0.692,1,0.687,
0.698,0.694,1,0.693,
0.686,0.688,1,0.649,
0.678,0.664,0.956,0.658,
0.694,0.691,1,0.659,
0.564,0.548,0.979,0.545,
0.687,0.693,1,0.655,
0.593,0.598,1,0.544,
0.513,0.507,1,0.47,
0.684,0.685,1,0.665,
0.657,0.656,1,0.594,
0.604,0.613,1,0.551,
0.69,0.685,1,0.667,
0.504,0.498,1,0.496,
0.604,0.598,1,0.551,
0.663,0.657,0.983,0.632,
0.696,0.693,1,0.675,
0.521,0.531,0.991,0.492,
0.62,0.615,0.892,0.61,
0.623,0.617,1,0.589,
0.463,0.449,1,0.419,
0.687,0.686,1,0.672,
0.655,0.652,0.978,0.612,
0.697,0.693,1,0.691,
0.696,0.694,1,0.677,
0.668,0.663,1,0.63,
0.69,0.689,1,0.648,
0.641,0.637,0.922,0.635,
0.704,0.697,1,0.695,
0.698,0.695,1,0.691,
0.432,0.426,1,0.419,
0.659,0.655,0.952,0.65,
0.509,0.518,1,0.467,
0.579,0.572,1,0.536,
0.579,0.565,1,0.565,
0.653,0.643,1,0.6,
0.682,0.679,1,0.659,
0.688,0.684,1,0.673,
0.627,0.616,1,0.597,
0.636,0.634,1,0.614,
0.687,0.684,1,0.671,
0.68,0.679,1,0.632,
0.695,0.691,1,0.673,
0.667,0.656,0.986,0.641,
0.699,0.692,1,0.685,
0.504,0.467,1,0.459,
0.472,0.44,0.992,0.44,
0.687,0.683,1,0.616,
0.688,0.684,1,0.668,
0.63,0.629,0.976,0.551,
0.519,0.509,0.992,0.509,
0.677,0.68,1,0.638,
0.475,0.467,1,0.467,
0.655,0.663,1,0.58,
0.611,0.631,1,0.559,
0.697,0.693,1,0.689,
0.695,0.692,1,0.687,
0.677,0.674,1,0.622,
0.496,0.5,1,0.461,
0.562,0.588,1,0.524,
0.693,0.693,1,0.659,
0.686,0.69,1,0.558,
0.693,0.689,1,0.684,
0.682,0.682,1,0.643,
0.659,0.655,0.942,0.652,
0.687,0.692,1,0.638,
0.608,0.597,1,0.527,
0.68,0.678,1,0.645,
0.62,0.621,1,0.528,
0.612,0.617,1,0.532,
0.592,0.588,1,0.544,
0.644,0.643,1,0.568,
0.617,0.615,1,0.507,
0.694,0.689,0.992,0.686,
0.409,0.401,1,0.401,
0.632,0.645,1,0.553,
0.699,0.695,1,0.691,
0.608,0.609,0.971,0.527,
0.685,0.681,0.979,0.677,
0.697,0.694,1,0.686,
0.68,0.678,1,0.62,
0.641,0.638,1,0.605,
0.697,0.689,1,0.66,
0.68,0.685,1,0.615,
0.648,0.649,1,0.592,
0.563,0.551,1,0.528,
0.607,0.603,0.946,0.538,
0.533,0.527,1,0.503,
0.657,0.655,1,0.575,
0.494,0.485,0.899,0.485,
0.687,0.675,1,0.657,
0.697,0.694,1,0.691,
0.695,0.691,1,0.686,
0.604,0.603,0.881,0.592,
0.686,0.682,0.986,0.679,
0.626,0.623,1,0.613,
0.675,0.671,0.973,0.67,
0.692,0.689,1,0.671,
0.699,0.698,1,0.674,
0.683,0.68,0.981,0.676,
0.652,0.657,1,0.597,
0.678,0.671,1,0.656,
0.566,0.559,1,0.53,
0.679,0.677,1,0.645,
0.601,0.599,1,0.53,
0.698,0.694,1,0.683,
0.692,0.688,1,0.685,
0.678,0.675,1,0.628,
0.589,0.584,1,0.544,
0.694,0.692,1,0.684,
0.652,0.651,1,0.599,
0.683,0.683,1,0.657,
0.644,0.645,1,0.589,
0.557,0.556,1,0.517,
0.663,0.659,1,0.614,
0.639,0.634,0.998,0.583,
0.446,0.436,1,0.434,
0.625,0.621,1,0.575,
0.669,0.661,0.945,0.655,
0.611,0.601,1,0.536,
0.642,0.639,0.92,0.624,
0.689,0.689,1,0.652,
0.705,0.711,0.996,0.688,
0.479,0.472,1,0.458,
0.686,0.686,0.994,0.644,
0.522,0.518,1,0.513,
0.695,0.692,1,0.679,
0.654,0.647,1,0.638,
0.644,0.644,1,0.58,
0.586,0.586,1,0.521,
0.699,0.693,1,0.689,
0.67,0.666,0.961,0.663,
0.648,0.642,1,0.618,
0.656,0.654,0.973,0.625,
0.679,0.676,1,0.628,
0.696,0.693,1,0.69,
0.663,0.658,1,0.608,
0.523,0.492,1,0.476,
0.69,0.68,0.982,0.676,
0.624,0.623,1,0.614,
0.623,0.617,0.948,0.586,
0.696,0.693,1,0.67,
0.689,0.685,0.988,0.681,
0.662,0.661,1,0.638,
0.622,0.616,0.939,0.554,
0.691,0.688,1,0.674,
0.672,0.678,1,0.583,
0.64,0.633,1,0.596,
0.656,0.654,1,0.618,
0.693,0.694,1,0.645,
0.689,0.687,1,0.651,
0.613,0.605,1,0.554,
0.488,0.476,1,0.476,
0.697,0.694,0.998,0.691,
0.505,0.486,1,0.486,
0.69,0.685,1,0.66,
0.696,0.693,1,0.691,
0.68,0.687,1,0.613,
0.693,0.689,1,0.685,
0.474,0.485,1,0.446,
0.699,0.694,0.998,0.688,
0.698,0.694,1,0.689,
0.7,0.688,0.991,0.686,
0.556,0.551,1,0.498,
0.696,0.693,1,0.687,
0.684,0.685,0.996,0.652,
0.347,0.339,1,0.339,
0.697,0.691,1,0.675,
0.696,0.693,1,0.677,
0.614,0.606,1,0.589,
0.635,0.631,0.947,0.578,
0.628,0.625,1,0.549,
0.657,0.657,1,0.61,
0.691,0.689,1,0.654,
0.693,0.689,1,0.648,
0.674,0.673,1,0.648,
0.661,0.652,1,0.623,
0.696,0.692,1,0.643,
0.669,0.671,1,0.609,
0.692,0.693,1,0.678,
0.643,0.645,0.961,0.605,
0.598,0.592,1,0.523,
0.511,0.493,1,0.493,
0.424,0.415,1,0.415,
0.666,0.666,1,0.594,
0.67,0.667,1,0.608,
0.654,0.653,1,0.61,
0.666,0.662,1,0.629,
0.671,0.666,1,0.636,
0.527,0.516,1,0.515,
0.674,0.67,0.968,0.669,
0.51,0.521,1,0.475,
0.654,0.658,1,0.587,
0.679,0.675,1,0.632,
0.696,0.693,1,0.688,
0.648,0.643,0.957,0.605,
0.695,0.692,1,0.689,
0.613,0.589,1,0.537,
0.601,0.6,1,0.485,
0.686,0.681,1,0.639,
0.587,0.584,1,0.485,
0.644,0.642,0.972,0.616,
0.68,0.676,0.972,0.673,
0.556,0.56,1,0.52,
0.677,0.676,1,0.646,
0.601,0.597,1,0.575,
0.586,0.587,0.985,0.555,
0.697,0.693,1,0.691,
0.643,0.642,1,0.56,
0.65,0.638,0.936,0.552,
0.469,0.464,1,0.458,
0.676,0.673,1,0.641,
0.602,0.609,0.931,0.522,
0.664,0.657,1,0.647,
0.616,0.601,1,0.578,
0.677,0.674,0.975,0.665,
0.593,0.585,1,0.528,
0.687,0.683,0.984,0.683,
0.605,0.599,1,0.542,
0.61,0.608,1,0.55,
0.619,0.633,1,0.521,
0.675,0.671,0.972,0.671,
0.594,0.593,1,0.532,
0.668,0.665,1,0.629,
0.667,0.657,1,0.598,
0.686,0.683,1,0.648,
0.653,0.658,1,0.588,
0.679,0.679,1,0.643,
0.7,0.687,1,0.663,
0.606,0.631,0.992,0.497,
0.654,0.651,1,0.583,
0.628,0.619,1,0.576,
0.522,0.52,1,0.462,
0.479,0.476,0.979,0.434,
0.501,0.498,1,0.448,
0.441,0.433,1,0.429,
0.474,0.466,1,0.439,
0.494,0.492,1,0.482,
0.455,0.453,1,0.404,
0.548,0.541,1,0.54,
0.531,0.53,1,0.484,
0.441,0.429,1,0.429,
0.453,0.437,1,0.434,
0.511,0.504,1,0.463,
0.475,0.461,1,0.461,
0.527,0.52,1,0.456,
0.459,0.449,0.93,0.429,
0.458,0.447,1,0.435,
0.436,0.434,1,0.423,
0.446,0.438,0.872,0.397,
0.391,0.388,1,0.381,
0.524,0.521,0.948,0.508,
0.491,0.495,0.981,0.416,
0.511,0.508,1,0.45,
0.537,0.536,0.978,0.431,
0.557,0.557,0.96,0.477,
0.455,0.426,1,0.426,
0.515,0.508,1,0.459,
0.475,0.462,1,0.459,
0.527,0.52,1,0.446,
0.482,0.488,1,0.432,
0.484,0.482,0.992,0.474,
0.466,0.449,1,0.447,
0.482,0.476,1,0.448,
0.427,0.419,1,0.419,
0.551,0.55,1,0.457,
0.532,0.529,1,0.469,
0.46,0.452,1,0.441,
0.462,0.455,1,0.449,
0.467,0.473,0.971,0.419,
0.551,0.547,1,0.493,
0.486,0.487,1,0.46,
0.528,0.522,1,0.444,
0.414,0.401,0.98,0.401,
0.518,0.515,0.95,0.447,
0.475,0.473,0.984,0.431,
0.422,0.414,1,0.414,
0.469,0.462,1,0.422,
0.459,0.423,1,0.422,
0.516,0.514,1,0.485,
0.47,0.46,1,0.449,
0.46,0.455,1,0.426,
0.458,0.454,0.845,0.424,
0.487,0.482,1,0.478,
0.488,0.483,1,0.436,
0.487,0.477,1,0.444,
0.5,0.493,1,0.449,
0.455,0.434,1,0.434,
0.443,0.437,1,0.433,
0.509,0.494,1,0.433,
0.529,0.526,1,0.439,
0.488,0.483,1,0.449,
0.51,0.504,1,0.448,
0.535,0.528,1,0.472,
0.441,0.432,1,0.432,
0.497,0.498,0.918,0.442,
0.426,0.417,1,0.417,
0.523,0.516,1,0.458,
0.511,0.499,1,0.45,
0.431,0.422,1,0.422,
0.452,0.443,1,0.438,
0.434,0.396,1,0.396,
0.523,0.516,1,0.462,
0.514,0.507,1,0.462,
0.53,0.526,1,0.473,
0.387,0.38,1,0.38,
0.532,0.526,1,0.477,
0.463,0.454,1,0.447,
0.394,0.387,1,0.387,
0.499,0.502,0.945,0.441,
0.493,0.486,1,0.482,
0.439,0.427,1,0.427,
0.475,0.471,0.919,0.406,
0.442,0.432,0.976,0.432,
0.404,0.399,1,0.395,
0.462,0.456,1,0.446,
0.457,0.449,1,0.444,
0.454,0.447,1,0.429,
0.386,0.375,0.859,0.375,
0.498,0.492,1,0.46,
0.476,0.466,0.985,0.399,
0.525,0.526,1,0.463,
0.477,0.463,1,0.451,
0.517,0.513,1,0.454,
0.446,0.438,0.941,0.433,
0.509,0.504,1,0.45,
0.45,0.436,1,0.431,
0.415,0.405,0.91,0.403,
0.496,0.483,1,0.445,
0.453,0.443,1,0.443,
0.438,0.431,1,0.429,
0.538,0.532,1,0.469,
0.508,0.497,1,0.448,
0.512,0.506,1,0.464,
0.445,0.432,1,0.432,
0.533,0.53,1,0.471,
0.529,0.526,1,0.459,
0.501,0.5,1,0.463,
0.477,0.473,0.915,0.412,
0.496,0.489,1,0.459,
0.512,0.508,0.908,0.45,
0.493,0.481,1,0.466,
0.427,0.419,1,0.418,
0.447,0.435,1,0.435,
0.449,0.438,1,0.431,
0.506,0.507,1,0.461,
0.434,0.416,1,0.416,
0.514,0.508,1,0.462,
0.508,0.504,1,0.46,
0.466,0.459,0.991,0.416,
0.525,0.519,1,0.462,
0.486,0.483,0.962,0.445,
0.485,0.487,1,0.418,
0.416,0.408,1,0.408,
0.407,0.399,1,0.39,
0.466,0.455,1,0.4,
0.512,0.5,1,0.462,
0.53,0.528,1,0.457,
0.398,0.386,0.941,0.386,
0.483,0.476,1,0.433,
0.463,0.455,1,0.454,
0.511,0.508,1,0.443,
0.467,0.454,0.981,0.423,
0.528,0.529,1,0.451,


0.638,0.635,0.918,0.635,
0.656,0.653,0.942,0.653,
0.69,0.686,1,0.686,
0.565,0.562,0.813,0.562,
0.693,0.69,1,0.688,
0.687,0.683,0.984,0.683,
0.697,0.693,1,0.693,
0.664,0.661,0.955,0.661,
0.66,0.656,0.955,0.656,
0.651,0.676,0.989,0.618,
0.581,0.578,0.842,0.577,
0.616,0.625,0.909,0.6,
0.642,0.639,0.924,0.639,
0.558,0.556,0.81,0.555,
0.667,0.664,0.956,0.664,
0.698,0.694,1,0.694,
0.661,0.657,1,0.657,
0.625,0.62,0.944,0.602,
0.632,0.648,0.976,0.562,
0.575,0.609,0.894,0.532,
0.643,0.64,0.931,0.64,
0.58,0.576,0.911,0.518,
0.653,0.642,1,0.637,
0.548,0.545,0.789,0.545,
0.695,0.691,1,0.691,
0.656,0.653,0.944,0.653,
0.643,0.64,0.926,0.64,
0.552,0.549,0.794,0.549,
0.663,0.66,0.96,0.66,
0.441,0.435,0.804,0.425,
0.596,0.591,1,0.591,
0.659,0.681,1,0.629,
0.638,0.639,0.934,0.611,
0.661,0.658,0.948,0.658,
0.622,0.619,0.899,0.618,
0.685,0.681,0.981,0.681,
0.681,0.677,0.978,0.677,
0.627,0.624,0.899,0.624,
0.633,0.63,0.912,0.63,
0.697,0.693,1,0.693,
0.691,0.687,0.993,0.687,
0.689,0.686,1,0.657,
0.584,0.581,0.836,0.581,
0.58,0.573,0.952,0.572,
0.65,0.678,1,0.614,
0.59,0.587,0.845,0.587,
0.672,0.67,0.978,0.659,
0.663,0.66,0.972,0.658,
0.641,0.638,0.92,0.638,
0.627,0.623,0.987,0.6,
0.539,0.537,0.778,0.535,
0.692,0.688,1,0.688,
0.67,0.666,0.962,0.666,
0.578,0.572,1,0.561,
0.681,0.683,1,0.67,
0.622,0.619,0.901,0.619,
0.56,0.561,0.875,0.552,
0.687,0.683,0.989,0.683,
0.683,0.683,1,0.674,
0.657,0.654,0.944,0.654,
0.631,0.628,0.905,0.628,
0.634,0.631,0.911,0.631,
0.643,0.64,0.927,0.639,
0.681,0.688,1,0.656,
0.648,0.645,0.928,0.645,
0.684,0.68,0.981,0.68,
0.656,0.654,1,0.619,
0.688,0.689,1,0.664,
0.542,0.54,0.864,0.536,
0.556,0.554,0.814,0.546,
0.616,0.615,0.907,0.564,
0.612,0.609,0.884,0.609,
0.676,0.672,0.979,0.672,
0.653,0.65,0.938,0.65,
0.657,0.651,0.968,0.648,
0.634,0.633,0.928,0.62,
0.668,0.664,0.962,0.664,
0.611,0.608,0.88,0.608,
0.655,0.652,0.943,0.652,
0.687,0.691,1,0.676,
0.638,0.635,0.915,0.635,
0.551,0.549,0.878,0.544,
0.61,0.588,1,0.551,
0.629,0.626,0.911,0.626,
0.598,0.595,0.857,0.595,
0.678,0.687,1,0.654,
0.686,0.682,1,0.682,
0.646,0.643,0.943,0.641,
0.661,0.657,1,0.657,
0.632,0.629,0.913,0.629,
0.588,0.585,0.885,0.582,
0.667,0.664,0.957,0.664,
0.643,0.64,0.922,0.64,
0.628,0.625,0.908,0.625,
0.637,0.633,1,0.633,
0.532,0.528,0.86,0.525,
0.639,0.636,0.916,0.636,
0.631,0.628,0.908,0.628,
0.651,0.681,0.996,0.613,
0.583,0.58,0.839,0.58,
0.698,0.694,1,0.693,
0.629,0.626,0.904,0.626,
0.591,0.589,0.859,0.587,
0.573,0.57,0.823,0.57,
0.678,0.674,1,0.672,
0.635,0.644,0.95,0.618,
0.647,0.647,0.954,0.61,
0.604,0.605,0.919,0.595,
0.637,0.662,0.97,0.559,
0.697,0.693,1,0.693,
0.661,0.657,1,0.646,
0.595,0.592,0.859,0.592,
0.672,0.669,0.963,0.669,
0.664,0.672,1,0.611,
0.699,0.695,1,0.695,
0.66,0.657,0.946,0.657,
0.596,0.593,0.859,0.593,
0.578,0.576,0.832,0.573,
0.654,0.651,0.946,0.651,
0.586,0.592,0.856,0.573,
0.542,0.539,0.778,0.539,
0.655,0.656,0.939,0.629,
0.691,0.689,1,0.686,
0.595,0.59,0.978,0.588,
0.659,0.656,0.958,0.647,
0.657,0.669,1,0.636,
0.677,0.673,0.974,0.673,
0.635,0.632,0.911,0.632,
0.66,0.657,0.95,0.657,
0.686,0.687,1,0.673,
0.696,0.692,1,0.692,
0.604,0.603,0.875,0.598,
0.694,0.69,1,0.69,
0.683,0.679,0.984,0.679,
0.655,0.652,0.939,0.652,
0.698,0.694,1,0.694,
0.652,0.648,0.942,0.647,
0.681,0.678,0.991,0.671,
0.582,0.578,0.869,0.565,
0.642,0.647,0.947,0.616,
0.541,0.543,0.809,0.533,
0.659,0.656,0.945,0.656,
0.643,0.64,0.926,0.64,
0.6,0.597,0.862,0.597,
0.594,0.591,0.862,0.586,
0.68,0.676,0.977,0.676,
0.622,0.623,0.915,0.609,
0.642,0.639,0.927,0.639,
0.636,0.64,0.932,0.624,
0.623,0.612,0.945,0.608,
0.623,0.633,0.922,0.605,
0.672,0.68,1,0.638,
0.658,0.654,1,0.643,
0.642,0.65,0.949,0.627,
0.698,0.694,1,0.694,
0.62,0.617,0.9,0.616,
0.697,0.693,1,0.693,
0.609,0.606,0.873,0.606,
0.698,0.694,1,0.694,
0.629,0.624,1,0.624,
0.694,0.69,1,0.69,
0.639,0.635,1,0.631,
0.644,0.641,0.925,0.641,
0.692,0.689,1,0.627,
0.616,0.621,0.916,0.591,
0.663,0.659,0.977,0.646,
0.577,0.574,0.829,0.574,
0.698,0.694,1,0.694,
0.682,0.678,1,0.67,
0.672,0.682,1,0.647,
0.628,0.625,0.904,0.625,
0.697,0.693,1,0.693,
0.616,0.613,0.892,0.613,
0.588,0.584,0.896,0.581,
0.697,0.693,1,0.693,
0.679,0.676,0.988,0.652,
0.683,0.684,1,0.668,
0.661,0.658,0.949,0.658,
0.697,0.693,1,0.693,
0.621,0.618,0.896,0.618,
0.682,0.679,1,0.663,
0.651,0.648,0.936,0.648,
0.675,0.671,0.986,0.67,
0.657,0.654,0.955,0.653,
0.673,0.67,0.989,0.652,
0.657,0.654,0.94,0.654,
0.59,0.587,0.847,0.587,
0.546,0.551,0.886,0.525,
0.663,0.659,1,0.656,
0.702,0.698,1,0.698,
0.662,0.658,1,0.658,
0.641,0.638,0.922,0.638,
0.664,0.661,0.956,0.661,
0.562,0.559,0.808,0.559,
0.659,0.656,0.95,0.656,
0.629,0.641,1,0.567,
0.698,0.694,1,0.694,
0.627,0.624,0.897,0.624,
0.698,0.694,1,0.694,
0.6,0.595,0.975,0.595,
0.664,0.661,0.953,0.661,
0.689,0.684,1,0.683,
0.599,0.594,1,0.594,
0.633,0.63,0.91,0.63,
0.627,0.624,0.9,0.624,
0.691,0.687,1,0.687,
0.681,0.685,1,0.647,
0.574,0.571,0.859,0.522,
0.683,0.679,0.983,0.678,
0.655,0.652,0.944,0.652,
0.652,0.649,0.941,0.649,
0.602,0.599,0.868,0.599,
0.606,0.603,0.875,0.603,
0.584,0.581,0.841,0.581,
0.604,0.601,0.87,0.601,
0.645,0.642,0.923,0.642,
0.684,0.685,1,0.663,
0.653,0.657,0.979,0.62,
0.669,0.665,1,0.659,
0.657,0.648,1,0.566,
0.66,0.657,0.951,0.657,
0.658,0.655,0.952,0.655,
0.579,0.575,0.838,0.575,
0.581,0.578,0.836,0.578,
0.67,0.668,0.966,0.663,
0.671,0.669,0.972,0.666,
0.697,0.693,1,0.693,
0.617,0.613,0.939,0.603,
0.613,0.61,0.884,0.61,
0.666,0.662,0.96,0.662,
0.626,0.623,0.899,0.623,
0.692,0.691,1,0.685,
0.635,0.632,0.915,0.632,
0.69,0.686,1,0.686,
0.61,0.608,0.918,0.602,
0.578,0.575,0.832,0.575,
0.539,0.535,0.851,0.534,
0.692,0.688,1,0.688,
0.699,0.695,1,0.695,
0.661,0.66,1,0.602,
0.609,0.606,0.874,0.606,
0.61,0.603,1,0.598,
0.644,0.659,1,0.6,
0.682,0.678,0.981,0.678,
0.528,0.525,0.761,0.525,
0.691,0.69,1,0.685,
0.619,0.615,0.971,0.556,
0.621,0.618,0.895,0.617,
0.689,0.686,1,0.681,
0.642,0.639,0.927,0.639,
0.648,0.646,0.95,0.643,
0.696,0.692,1,0.692,
0.667,0.666,1,0.658,
0.695,0.691,1,0.691,
0.625,0.622,0.906,0.601,
0.602,0.599,0.872,0.593,
0.58,0.577,0.838,0.577,
0.695,0.691,1,0.691,
0.559,0.566,0.848,0.53,
0.675,0.672,0.978,0.669,
0.631,0.627,0.911,0.627,
0.651,0.648,0.939,0.648,
0.588,0.592,0.873,0.577,
0.654,0.651,0.943,0.651,
0.674,0.67,0.972,0.67,
0.661,0.67,1,0.621,
0.586,0.583,0.848,0.583,
0.618,0.615,0.894,0.615,
0.542,0.542,0.894,0.528,
0.6,0.595,1,0.552,
0.555,0.554,0.918,0.542,
0.458,0.456,0.888,0.441,
0.605,0.597,0.984,0.558,
0.564,0.559,0.959,0.55,
0.503,0.499,0.878,0.499,
0.615,0.612,0.993,0.556,
0.602,0.601,0.989,0.591,
0.582,0.578,0.973,0.577,
0.56,0.556,0.916,0.477,
0.601,0.599,0.953,0.596,
0.524,0.521,0.921,0.513,
0.603,0.604,0.98,0.555,
0.57,0.568,1,0.556,
0.523,0.518,0.88,0.517,
0.5,0.496,0.92,0.493,
0.561,0.525,1,0.483,
0.613,0.608,1,0.6,
0.601,0.603,1,0.567,
0.588,0.59,1,0.564,
0.571,0.567,0.921,0.567,
0.611,0.607,1,0.592,
0.617,0.612,1,0.59,
0.54,0.535,0.936,0.516,
0.553,0.548,0.965,0.546,
0.615,0.609,0.984,0.575,
0.565,0.564,0.908,0.545,
0.519,0.517,0.857,0.482,
0.58,0.577,1,0.569,
0.512,0.509,0.864,0.503,
0.516,0.512,0.853,0.509,
0.567,0.572,0.974,0.534,
0.595,0.59,0.979,0.585,
0.606,0.605,0.978,0.558,
0.564,0.565,0.891,0.556,
0.503,0.499,0.915,0.461,
0.605,0.611,1,0.583,
0.605,0.611,0.945,0.578,
0.563,0.57,0.927,0.495,
0.597,0.597,0.987,0.557,
0.602,0.575,1,0.521,
0.632,0.63,1,0.622,
0.591,0.587,1,0.578,
0.557,0.552,0.914,0.547,
0.526,0.523,0.835,0.503,
0.603,0.6,0.965,0.52,
0.603,0.608,0.996,0.572,
0.487,0.486,0.902,0.477,
0.569,0.568,0.963,0.561,
0.603,0.6,1,0.574,
0.513,0.51,0.811,0.501,
0.592,0.589,0.936,0.588,
0.606,0.608,0.998,0.581,
0.573,0.569,0.948,0.566,
0.614,0.607,0.998,0.603,
0.512,0.506,0.893,0.499,
0.551,0.546,0.986,0.545,
0.564,0.561,0.937,0.553,
0.582,0.577,0.97,0.576,
0.593,0.589,0.977,0.555,
0.556,0.551,0.9,0.535,
0.602,0.603,0.976,0.572,
0.599,0.589,1,0.566,
0.537,0.534,0.978,0.51,
0.597,0.593,0.959,0.573,
0.559,0.558,0.93,0.54,
0.556,0.552,0.997,0.548,
0.463,0.479,0.779,0.405,
0.564,0.562,0.967,0.557,
0.602,0.596,0.981,0.581,
0.607,0.604,1,0.596,
0.55,0.547,0.863,0.545,
0.44,0.442,0.895,0.428,
0.602,0.6,0.962,0.575,
0.565,0.56,0.966,0.523,
0.479,0.477,0.827,0.47,
0.603,0.617,1,0.564,
0.552,0.55,0.872,0.547,
0.52,0.514,0.874,0.491,
0.598,0.595,1,0.561,
0.59,0.574,1,0.547,
0.462,0.463,0.953,0.447,
0.563,0.558,0.953,0.556,
0.575,0.571,0.931,0.571,
0.516,0.513,0.826,0.483,
0.536,0.528,1,0.528,
0.58,0.576,0.962,0.545,
0.604,0.618,1,0.552,
0.593,0.587,0.98,0.568,
0.559,0.554,0.935,0.532,
0.569,0.562,0.936,0.561,
0.631,0.627,1,0.616,
0.568,0.564,0.938,0.539,
0.518,0.512,0.842,0.474,
0.595,0.606,1,0.551,
0.515,0.516,0.839,0.49,
0.584,0.579,0.963,0.579,
0.556,0.552,0.903,0.545,
0.569,0.572,0.908,0.558,
0.612,0.608,0.974,0.602,
0.598,0.592,0.965,0.556,
0.55,0.546,0.893,0.534,
0.601,0.613,0.968,0.526,
0.592,0.583,0.983,0.558,
0.632,0.632,1,0.585,
0.571,0.563,1,0.563,
0.536,0.531,0.936,0.531,
0.608,0.603,1,0.601,
0.576,0.572,0.93,0.57,
0.423,0.42,0.827,0.415,
0.626,0.621,0.992,0.594,
0.559,0.555,0.913,0.552,
0.597,0.609,0.965,0.557,
0.555,0.549,0.952,0.507,
0.564,0.569,0.898,0.539,
0.615,0.611,0.99,0.583,
0.55,0.544,1,0.544,
0.565,0.564,0.912,0.536,
0.576,0.571,1,0.547,
0.608,0.606,0.972,0.602,
0.59,0.585,1,0.585,
0.433,0.43,0.811,0.405,
0.573,0.575,0.936,0.54,
0.583,0.574,0.939,0.556,
0.602,0.589,0.981,0.571,
0.55,0.553,1,0.524,
0.482,0.48,0.784,0.477,
0.456,0.455,0.759,0.449,
0.544,0.542,0.906,0.502,
0.59,0.606,1,0.555,
0.55,0.544,0.988,0.535,




Further Data analysis of all test cases 
avg med max min 
AVGs,0.634,0.65,0.706,0.486,
MEDs,0.633,0.647,0.702,0.488,
MAXs,0.991,1,1,0.845,
MINs,0.598,0.631,0.702,0.364,


AVGs,0.586,0.611,0.71,0.347,
MEDs,0.582,0.607,0.711,0.339,
MAXs,0.991,1,1,0.845,
MINs,0.549,0.55,0.695,0.339,


AVGs,0.616,0.619,0.702,0.423,
MEDs,0.614,0.617,0.698,0.42,
MAXs,0.942,0.954,1,0.759,
MINs,0.601,0.602,0.698,0.405,



