

Data analysis for each instance 
AVG,MED,MAX,MIN
0.67,0.663,0.998,0.655,
0.68,0.672,1,0.672,
0.659,0.651,1,0.651,
0.68,0.672,1,0.672,
0.656,0.648,0.99,0.648,
0.682,0.674,1,0.674,
0.676,0.668,1,0.668,
0.669,0.661,1,0.661,
0.638,0.63,0.955,0.63,
0.637,0.627,1,0.582,
0.646,0.638,0.971,0.638,
0.653,0.645,0.991,0.644,
0.678,0.67,1,0.67,
0.632,0.625,0.995,0.557,
0.684,0.676,1,0.676,
0.681,0.673,1,0.673,
0.639,0.642,1,0.567,
0.643,0.634,1,0.623,
0.634,0.637,1,0.599,
0.661,0.653,0.985,0.653,
0.655,0.647,0.974,0.647,
0.648,0.649,0.983,0.614,
0.626,0.617,0.994,0.598,
0.669,0.661,0.984,0.661,
0.651,0.643,0.967,0.643,
0.656,0.649,0.966,0.648,
0.677,0.669,1,0.669,
0.67,0.662,0.985,0.662,
0.664,0.656,1,0.656,
0.649,0.644,0.996,0.595,
0.636,0.637,1,0.574,
0.662,0.654,0.991,0.654,
0.672,0.664,1,0.66,
0.681,0.674,0.996,0.673,
0.662,0.654,0.974,0.654,
0.655,0.647,0.966,0.647,
0.677,0.669,1,0.669,
0.663,0.656,0.969,0.656,
0.675,0.668,1,0.667,
0.648,0.641,0.952,0.64,
0.674,0.667,1,0.666,
0.645,0.637,0.979,0.637,
0.688,0.68,1,0.68,
0.628,0.618,0.985,0.595,
0.653,0.645,1,0.626,
0.684,0.676,0.999,0.676,
0.667,0.659,0.996,0.659,
0.655,0.649,1,0.601,
0.68,0.672,0.996,0.672,
0.633,0.625,1,0.603,
0.651,0.643,0.966,0.643,
0.668,0.66,1,0.66,
0.676,0.668,1,0.668,
0.632,0.634,0.984,0.571,
0.655,0.647,0.977,0.647,
0.638,0.633,0.966,0.61,
0.62,0.613,1,0.574,
0.669,0.661,1,0.661,
0.656,0.648,0.977,0.648,
0.68,0.672,1,0.672,
0.666,0.658,0.977,0.658,
0.651,0.644,0.956,0.644,
0.675,0.667,1,0.667,
0.67,0.662,1,0.662,
0.688,0.68,1,0.68,
0.657,0.649,0.965,0.649,
0.611,0.608,0.998,0.515,
0.664,0.656,1,0.656,
0.616,0.619,0.969,0.573,
0.62,0.611,0.959,0.598,
0.66,0.653,1,0.626,
0.67,0.662,1,0.662,
0.648,0.64,0.964,0.64,
0.637,0.63,0.939,0.63,
0.667,0.659,1,0.659,
0.657,0.65,1,0.634,
0.649,0.641,0.968,0.641,
0.651,0.643,0.964,0.643,
0.677,0.669,1,0.669,
0.657,0.65,1,0.629,
0.678,0.67,0.997,0.67,
0.623,0.621,0.969,0.581,
0.636,0.633,1,0.58,
0.668,0.661,1,0.659,
0.685,0.677,1,0.677,
0.664,0.656,1,0.656,
0.647,0.642,0.993,0.603,
0.656,0.649,0.983,0.648,
0.649,0.641,1,0.63,
0.666,0.658,1,0.655,
0.638,0.635,1,0.596,
0.649,0.642,0.954,0.642,
0.681,0.673,1,0.673,
0.66,0.659,1,0.645,
0.607,0.62,1,0.553,
0.609,0.607,1,0.536,
0.653,0.646,0.962,0.646,
0.676,0.668,1,0.668,
0.671,0.663,1,0.663,
0.675,0.667,1,0.667,
0.679,0.671,1,0.671,
0.678,0.671,1,0.67,
0.661,0.653,0.993,0.653,
0.678,0.67,1,0.67,
0.632,0.631,0.98,0.61,
0.664,0.656,1,0.656,
0.662,0.654,0.994,0.654,
0.663,0.655,1,0.655,
0.605,0.596,0.958,0.575,
0.643,0.636,0.95,0.636,
0.621,0.615,1,0.481,
0.658,0.651,0.983,0.65,
0.651,0.644,0.957,0.643,
0.65,0.643,0.987,0.632,
0.683,0.675,1,0.675,
0.681,0.673,1,0.673,
0.675,0.667,1,0.667,
0.671,0.663,1,0.663,
0.665,0.657,1,0.657,
0.685,0.677,1,0.677,
0.682,0.674,1,0.674,
0.656,0.652,1,0.613,
0.654,0.646,0.992,0.646,
0.637,0.627,1,0.581,
0.653,0.645,0.981,0.645,
0.636,0.635,0.997,0.595,
0.674,0.666,1,0.666,
0.669,0.661,0.977,0.661,
0.677,0.669,1,0.669,
0.665,0.657,1,0.657,
0.668,0.66,1,0.66,
0.656,0.649,1,0.588,
0.668,0.66,1,0.66,
0.671,0.663,1,0.663,
0.682,0.674,1,0.674,
0.641,0.634,0.944,0.634,
0.645,0.637,0.957,0.637,
0.668,0.66,1,0.66,
0.624,0.618,1,0.556,
0.647,0.64,0.968,0.639,
0.643,0.643,1,0.603,
0.673,0.666,0.983,0.665,
0.673,0.665,1,0.665,
0.682,0.674,1,0.674,
0.657,0.649,0.98,0.649,
0.672,0.664,0.994,0.664,
0.625,0.618,0.94,0.61,
0.672,0.664,1,0.664,
0.673,0.666,1,0.665,
0.642,0.637,1,0.62,
0.637,0.63,0.947,0.63,
0.651,0.644,0.972,0.64,
0.643,0.635,0.992,0.635,
0.661,0.653,0.991,0.653,
0.685,0.677,1,0.677,
0.659,0.651,0.99,0.651,
0.68,0.672,1,0.672,
0.68,0.672,1,0.672,
0.67,0.662,0.991,0.662,
0.571,0.558,1,0.491,
0.637,0.63,0.946,0.63,
0.647,0.643,1,0.626,
0.668,0.66,0.982,0.66,
0.622,0.614,0.939,0.614,
0.666,0.658,1,0.658,
0.634,0.629,1,0.58,
0.678,0.67,1,0.67,
0.64,0.633,0.944,0.633,
0.64,0.638,1,0.577,
0.677,0.669,1,0.669,
0.666,0.658,0.986,0.658,
0.65,0.643,0.955,0.643,
0.645,0.637,0.973,0.637,
0.592,0.584,0.945,0.558,
0.649,0.641,0.958,0.641,
0.662,0.654,1,0.654,
0.635,0.627,0.956,0.627,
0.666,0.658,0.98,0.658,
0.674,0.666,1,0.666,
0.673,0.665,1,0.665,
0.654,0.646,1,0.64,
0.652,0.644,0.96,0.644,
0.667,0.659,1,0.659,
0.644,0.636,0.977,0.622,
0.661,0.653,1,0.653,
0.684,0.676,1,0.676,
0.681,0.673,1,0.673,
0.663,0.656,1,0.649,
0.624,0.621,0.989,0.551,
0.68,0.672,1,0.672,
0.593,0.588,0.949,0.558,
0.68,0.672,1,0.672,
0.675,0.667,1,0.667,
0.653,0.646,0.955,0.646,
0.633,0.625,0.945,0.625,
0.629,0.619,0.99,0.55,
0.656,0.649,0.962,0.649,
0.686,0.678,1,0.678,
0.681,0.673,1,0.673,
0.617,0.611,0.987,0.562,
0.652,0.645,0.96,0.645,
0.661,0.653,0.993,0.653,
0.512,0.506,0.934,0.349,
0.679,0.671,1,0.671,
0.67,0.662,0.98,0.662,
0.652,0.645,0.985,0.61,
0.667,0.659,1,0.659,
0.669,0.665,1,0.653,
0.676,0.668,1,0.668,
0.662,0.654,0.993,0.654,
0.671,0.663,1,0.663,
0.673,0.665,1,0.665,
0.653,0.645,0.982,0.645,
0.678,0.67,1,0.67,
0.677,0.669,1,0.669,
0.667,0.659,0.98,0.659,
0.662,0.657,1,0.643,
0.622,0.618,1,0.552,
0.656,0.649,1,0.628,
0.599,0.597,0.994,0.539,
0.662,0.654,0.982,0.654,
0.67,0.662,1,0.648,
0.669,0.662,1,0.661,
0.678,0.671,1,0.665,
0.675,0.668,1,0.667,
0.667,0.66,1,0.658,
0.682,0.674,1,0.674,
0.574,0.567,0.94,0.508,
0.68,0.672,1,0.672,
0.669,0.662,1,0.661,
0.68,0.672,1,0.672,
0.662,0.654,1,0.654,
0.676,0.668,1,0.668,
0.626,0.622,0.958,0.614,
0.627,0.619,0.953,0.594,
0.676,0.668,1,0.668,
0.648,0.64,0.969,0.64,
0.663,0.655,0.996,0.655,
0.685,0.677,1,0.677,
0.647,0.643,1,0.633,
0.681,0.673,1,0.673,
0.621,0.619,1,0.567,
0.644,0.64,0.997,0.613,
0.677,0.669,1,0.669,
0.663,0.655,0.981,0.655,
0.663,0.655,1,0.651,
0.577,0.569,0.989,0.49,
0.669,0.661,1,0.66,
0.667,0.659,1,0.659,
0.668,0.661,1,0.646,
0.659,0.651,0.98,0.651,
0.671,0.663,1,0.663,
0.609,0.603,0.958,0.559,
0.673,0.665,1,0.665,
0.646,0.638,0.964,0.638,
0.663,0.655,0.98,0.655,
0.624,0.617,0.932,0.617,
0.671,0.663,1,0.663,
0.678,0.67,1,0.67,
0.666,0.658,0.984,0.658,
0.635,0.628,0.956,0.627,
0.669,0.661,1,0.661,
0.669,0.661,1,0.661,
0.675,0.667,1,0.666,
0.638,0.63,0.953,0.63,
0.619,0.617,0.945,0.594,
0.67,0.662,1,0.662,
0.673,0.665,1,0.665,
0.615,0.615,1,0.559,
0.578,0.569,1,0.492,
0.6,0.595,0.991,0.548,
0.567,0.563,0.976,0.509,
0.564,0.562,0.951,0.494,
0.579,0.578,1,0.463,
0.574,0.562,1,0.493,
0.578,0.573,0.975,0.496,
0.576,0.573,1,0.481,
0.594,0.588,1,0.535,
0.589,0.582,1,0.497,
0.6,0.592,1,0.558,
0.595,0.591,0.999,0.541,
0.59,0.584,0.987,0.512,
0.55,0.542,0.93,0.497,
0.589,0.585,0.992,0.517,
0.556,0.546,0.972,0.428,
0.586,0.577,1,0.52,
0.537,0.528,0.973,0.447,
0.573,0.566,0.979,0.53,
0.616,0.613,1,0.563,
0.579,0.571,0.96,0.533,
0.587,0.581,0.971,0.535,
0.595,0.588,0.996,0.541,
0.58,0.573,1,0.497,
0.573,0.568,0.957,0.508,
0.574,0.571,1,0.476,
0.591,0.583,1,0.529,
0.586,0.582,1,0.521,
0.561,0.553,0.974,0.488,
0.608,0.601,1,0.572,
0.603,0.597,1,0.555,
0.562,0.552,0.954,0.527,
0.612,0.602,0.999,0.573,
0.588,0.582,0.994,0.53,
0.616,0.616,1,0.546,
0.591,0.591,1,0.511,
0.578,0.571,0.991,0.506,
0.566,0.56,0.962,0.519,
0.56,0.558,0.977,0.469,
0.591,0.581,1,0.543,
0.541,0.538,0.978,0.442,
0.589,0.581,0.984,0.54,
0.598,0.595,1,0.493,
0.522,0.518,0.947,0.43,
0.583,0.591,0.968,0.503,
0.595,0.586,1,0.547,
0.601,0.592,1,0.555,
0.576,0.576,0.967,0.489,
0.581,0.575,1,0.518,
0.63,0.622,1,0.622,
0.585,0.58,0.992,0.533,
0.572,0.568,1,0.445,
0.554,0.556,0.96,0.448,
0.582,0.579,0.97,0.51,
0.59,0.581,1,0.542,
0.563,0.557,1,0.449,
0.616,0.612,1,0.564,
0.574,0.569,0.947,0.527,
0.596,0.591,1,0.521,
0.59,0.583,1,0.53,
0.59,0.583,0.979,0.537,
0.597,0.6,0.98,0.512,
0.554,0.548,0.929,0.504,
0.616,0.61,1,0.552,
0.564,0.558,0.934,0.524,
0.611,0.614,1,0.554,
0.579,0.575,0.988,0.518,
0.59,0.584,1,0.483,
0.561,0.555,0.978,0.5,
0.604,0.599,1,0.533,
0.568,0.56,0.981,0.521,
0.588,0.578,1,0.551,
0.563,0.55,1,0.491,
0.629,0.621,1,0.618,
0.584,0.574,1,0.535,
0.556,0.557,1,0.422,
0.6,0.595,1,0.545,
0.543,0.536,0.936,0.454,
0.589,0.582,0.988,0.536,
0.583,0.581,0.962,0.526,
0.601,0.595,1,0.545,
0.561,0.556,1,0.477,
0.617,0.611,1,0.552,
0.549,0.543,0.991,0.45,
0.601,0.593,1,0.547,
0.587,0.581,1,0.508,
0.6,0.591,1,0.548,
0.571,0.565,0.985,0.479,
0.568,0.564,0.94,0.501,
0.57,0.557,1,0.501,
0.602,0.595,1,0.56,
0.576,0.567,0.957,0.531,
0.604,0.595,1,0.55,
0.564,0.554,0.964,0.488,
0.593,0.599,1,0.506,
0.581,0.574,0.958,0.515,
0.598,0.588,1,0.556,
0.586,0.578,0.948,0.578,
0.572,0.565,0.964,0.511,
0.576,0.576,0.994,0.457,
0.572,0.567,0.953,0.524,
0.619,0.615,1,0.519,
0.595,0.595,0.988,0.511,
0.594,0.583,1,0.543,
0.601,0.591,1,0.536,
0.624,0.618,1,0.578,
0.592,0.597,0.99,0.538,
0.604,0.595,1,0.564,
0.614,0.614,1,0.526,
0.553,0.544,0.946,0.494,
0.608,0.602,0.995,0.545,
0.57,0.565,0.973,0.49,
0.599,0.593,1,0.534,
0.581,0.578,1,0.495,
0.597,0.595,1,0.505,
0.609,0.604,0.987,0.571,
0.604,0.595,0.976,0.595,
0.573,0.567,0.952,0.532,
0.585,0.576,1,0.549,
0.589,0.584,1,0.518,
0.585,0.591,1,0.509,
0.484,0.473,0.984,0.42,
0.578,0.575,1,0.498,
0.606,0.602,1,0.539,
0.605,0.601,1,0.542,
0.612,0.607,1,0.534,
0.583,0.579,0.995,0.521,
0.564,0.558,1,0.483,
0.585,0.577,1,0.524,
0.562,0.554,0.948,0.523,
0.604,0.597,1,0.567,
0.604,0.605,1,0.548,
0.568,0.567,1,0.471,
0.592,0.585,1,0.54,
0.592,0.592,0.956,0.532,
0.587,0.581,1,0.464,
0.613,0.607,1,0.572,
0.598,0.598,0.97,0.55,
0.553,0.542,0.928,0.506,
0.559,0.544,0.976,0.484,
0.573,0.569,0.961,0.488,
0.597,0.597,0.995,0.54,
0.559,0.551,0.982,0.45,
0.588,0.582,0.987,0.507,
0.527,0.515,0.945,0.468,
0.593,0.586,1,0.551,
0.576,0.57,1,0.451,
0.596,0.592,1,0.538,
0.541,0.53,0.967,0.487,
0.6,0.598,0.994,0.521,
0.588,0.588,0.983,0.518,
0.593,0.584,1,0.535,
0.529,0.526,0.945,0.432,
0.591,0.587,1,0.538,
0.609,0.607,1,0.55,
0.605,0.61,1,0.478,
0.586,0.579,1,0.517,
0.596,0.587,1,0.542,
0.595,0.587,1,0.547,
0.606,0.599,1,0.543,
0.567,0.562,0.994,0.477,
0.603,0.6,1,0.552,
0.59,0.579,1,0.539,
0.531,0.523,0.916,0.48,
0.596,0.591,1,0.538,
0.596,0.589,1,0.55,
0.597,0.587,1,0.55,
0.588,0.579,0.992,0.537,
0.597,0.589,1,0.553,
0.583,0.576,1,0.45,
0.617,0.613,1,0.57,
0.588,0.581,1,0.534,
0.564,0.557,0.944,0.519,
0.59,0.581,0.973,0.559,
0.583,0.578,0.972,0.542,
0.573,0.563,1,0.504,
0.563,0.562,0.96,0.452,
0.596,0.589,1,0.55,
0.583,0.575,0.972,0.535,
0.606,0.601,1,0.572,
0.584,0.581,0.972,0.532,
0.599,0.591,1,0.543,
0.577,0.579,1,0.49,
0.598,0.593,1,0.54,
0.584,0.579,0.971,0.499,
0.591,0.587,0.996,0.514,
0.572,0.567,0.994,0.51,
0.587,0.58,0.98,0.51,
0.563,0.556,0.973,0.505,
0.594,0.593,1,0.509,
0.593,0.588,0.959,0.556,
0.668,0.66,0.989,0.66,
0.666,0.658,1,0.658,
0.663,0.655,1,0.649,
0.627,0.62,0.925,0.619,
0.657,0.649,1,0.649,
0.67,0.662,1,0.662,
0.677,0.669,1,0.669,
0.681,0.673,1,0.673,
0.631,0.623,0.985,0.623,
0.683,0.675,1,0.675,
0.645,0.638,0.95,0.638,
0.642,0.634,0.965,0.634,
0.669,0.662,1,0.651,
0.684,0.676,1,0.676,
0.674,0.667,1,0.666,
0.653,0.645,1,0.626,
0.564,0.558,1,0.437,
0.675,0.667,1,0.667,
0.576,0.577,0.987,0.5,
0.614,0.617,1,0.536,
0.599,0.592,1,0.546,
0.619,0.612,0.985,0.575,
0.6,0.593,1,0.505,
0.577,0.571,0.994,0.516,
0.68,0.672,1,0.672,
0.667,0.659,0.987,0.659,
0.666,0.658,1,0.657,
0.669,0.661,1,0.661,
0.644,0.637,0.948,0.637,
0.648,0.64,0.981,0.64,
0.595,0.587,1,0.538,
0.669,0.662,1,0.661,
0.586,0.582,0.987,0.469,
0.605,0.608,1,0.527,
0.578,0.573,0.982,0.515,
0.562,0.555,0.981,0.507,
0.586,0.583,0.98,0.527,
0.581,0.577,0.994,0.47,
0.56,0.554,0.989,0.447,
0.554,0.546,0.926,0.497,


0.675,0.669,1,0.603,
0.689,0.678,0.97,0.622,
0.661,0.657,0.999,0.56,
0.658,0.661,0.932,0.557,
0.673,0.657,1,0.595,
0.701,0.696,0.994,0.628,
0.694,0.687,0.976,0.618,
0.673,0.672,0.951,0.571,
0.647,0.628,1,0.586,
0.586,0.58,0.941,0.475,
0.646,0.637,1,0.568,
0.622,0.615,1,0.528,
0.685,0.681,0.95,0.603,
0.543,0.536,1,0.42,
0.697,0.692,0.946,0.61,
0.7,0.692,0.969,0.595,
0.51,0.498,0.994,0.41,
0.626,0.62,1,0.549,
0.57,0.556,0.954,0.455,
0.61,0.612,1,0.501,
0.641,0.637,1,0.502,
0.561,0.541,1,0.491,
0.597,0.581,1,0.478,
0.639,0.628,1,0.56,
0.678,0.671,1,0.623,
0.659,0.654,1,0.582,
0.684,0.674,0.956,0.618,
0.652,0.645,1,0.55,
0.672,0.669,0.959,0.57,
0.556,0.552,1,0.413,
0.519,0.507,0.984,0.424,
0.681,0.677,1,0.595,
0.646,0.643,0.873,0.492,
0.69,0.684,1,0.593,
0.619,0.613,1,0.553,
0.681,0.673,1,0.615,
0.697,0.688,0.987,0.611,
0.679,0.672,1,0.601,
0.683,0.679,0.92,0.592,
0.672,0.663,1,0.594,
0.695,0.69,0.96,0.625,
0.61,0.611,1,0.499,
0.7,0.698,0.974,0.631,
0.583,0.575,1,0.47,
0.547,0.536,0.987,0.465,
0.694,0.689,1,0.617,
0.65,0.644,1,0.572,
0.586,0.571,0.978,0.494,
0.696,0.692,1,0.612,
0.529,0.522,0.97,0.434,
0.6,0.599,1,0.492,
0.678,0.662,0.954,0.587,
0.688,0.688,0.967,0.598,
0.552,0.544,1,0.429,
0.681,0.671,1,0.588,
0.608,0.596,1,0.516,
0.533,0.517,0.974,0.442,
0.685,0.688,0.96,0.589,
0.652,0.639,1,0.543,
0.691,0.677,0.976,0.618,
0.686,0.682,1,0.603,
0.65,0.644,1,0.544,
0.672,0.667,0.927,0.564,
0.661,0.657,0.9,0.568,
0.705,0.704,0.983,0.627,
0.674,0.669,1,0.611,
0.535,0.526,1,0.444,
0.689,0.679,0.985,0.607,
0.509,0.503,1,0.407,
0.594,0.583,1,0.493,
0.596,0.591,0.967,0.466,
0.642,0.631,0.964,0.548,
0.642,0.639,1,0.552,
0.646,0.633,1,0.543,
0.596,0.58,0.982,0.512,
0.658,0.655,0.991,0.56,
0.655,0.647,1,0.585,
0.658,0.648,1,0.546,
0.695,0.695,0.943,0.624,
0.649,0.641,0.919,0.556,
0.695,0.69,1,0.624,
0.56,0.546,1,0.469,
0.559,0.549,0.969,0.456,
0.654,0.639,0.938,0.559,
0.684,0.677,0.994,0.594,
0.653,0.647,0.993,0.538,
0.57,0.553,1,0.463,
0.656,0.645,1,0.559,
0.55,0.544,0.991,0.439,
0.651,0.642,0.923,0.551,
0.571,0.572,0.964,0.457,
0.666,0.659,1,0.574,
0.703,0.701,0.986,0.62,
0.664,0.655,0.961,0.581,
0.426,0.411,0.957,0.327,
0.496,0.481,1,0.413,
0.676,0.667,1,0.589,
0.655,0.655,0.985,0.532,
0.682,0.674,0.949,0.6,
0.668,0.666,0.936,0.592,
0.697,0.695,0.963,0.619,
0.695,0.687,0.958,0.632,
0.64,0.627,1,0.561,
0.683,0.679,0.989,0.607,
0.59,0.583,1,0.478,
0.623,0.625,0.964,0.532,
0.627,0.622,1,0.518,
0.637,0.641,0.996,0.499,
0.563,0.554,1,0.47,
0.668,0.657,1,0.591,
0.449,0.436,0.877,0.384,
0.652,0.64,1,0.563,
0.671,0.665,1,0.572,
0.595,0.584,1,0.483,
0.702,0.695,0.993,0.64,
0.699,0.7,0.982,0.604,
0.668,0.669,0.936,0.586,
0.635,0.628,0.967,0.529,
0.674,0.667,0.995,0.606,
0.692,0.682,0.994,0.6,
0.655,0.655,0.938,0.564,
0.562,0.554,0.964,0.477,
0.627,0.617,1,0.542,
0.562,0.557,0.945,0.453,
0.633,0.623,1,0.535,
0.555,0.539,1,0.433,
0.686,0.678,0.986,0.593,
0.685,0.682,1,0.604,
0.695,0.694,0.991,0.602,
0.692,0.684,0.962,0.599,
0.678,0.677,0.899,0.586,
0.605,0.589,0.988,0.527,
0.693,0.679,0.979,0.628,
0.689,0.69,0.948,0.556,
0.702,0.696,0.995,0.628,
0.664,0.662,1,0.596,
0.629,0.621,1,0.541,
0.682,0.683,0.94,0.55,
0.548,0.534,0.903,0.431,
0.659,0.655,1,0.542,
0.605,0.599,0.991,0.499,
0.69,0.681,1,0.617,
0.676,0.672,0.927,0.588,
0.67,0.661,0.985,0.59,
0.587,0.573,1,0.519,
0.69,0.687,1,0.615,
0.608,0.591,1,0.5,
0.679,0.678,0.903,0.595,
0.658,0.662,0.992,0.563,
0.574,0.571,0.984,0.434,
0.627,0.613,1,0.538,
0.627,0.621,1,0.545,
0.52,0.506,1,0.43,
0.618,0.605,1,0.503,
0.697,0.69,0.97,0.628,
0.615,0.607,1,0.501,
0.701,0.696,0.984,0.606,
0.688,0.677,0.962,0.609,
0.696,0.692,1,0.633,
0.484,0.477,0.987,0.381,
0.65,0.635,1,0.563,
0.544,0.54,0.968,0.432,
0.68,0.676,1,0.588,
0.61,0.601,1,0.51,
0.639,0.639,0.976,0.529,
0.575,0.568,0.985,0.471,
0.68,0.687,0.959,0.582,
0.668,0.659,1,0.584,
0.574,0.559,0.982,0.48,
0.671,0.663,0.992,0.591,
0.672,0.659,1,0.601,
0.672,0.662,1,0.624,
0.641,0.629,1,0.545,
0.534,0.528,1,0.423,
0.668,0.667,1,0.597,
0.64,0.641,0.962,0.54,
0.637,0.624,1,0.529,
0.68,0.675,1,0.602,
0.693,0.689,0.945,0.62,
0.654,0.651,0.912,0.553,
0.613,0.601,0.994,0.521,
0.659,0.657,1,0.573,
0.654,0.647,0.927,0.564,
0.643,0.637,1,0.554,
0.649,0.641,0.964,0.548,
0.704,0.7,0.979,0.64,
0.691,0.679,0.995,0.609,
0.623,0.615,0.99,0.549,
0.514,0.499,1,0.417,
0.695,0.69,0.92,0.597,
0.512,0.498,1,0.407,
0.685,0.682,0.937,0.614,
0.7,0.689,0.989,0.636,
0.655,0.649,1,0.58,
0.655,0.652,1,0.577,
0.513,0.494,1,0.386,
0.68,0.674,1,0.631,
0.701,0.7,0.987,0.633,
0.697,0.69,0.97,0.621,
0.538,0.532,1,0.436,
0.673,0.669,1,0.568,
0.666,0.667,1,0.579,
0.354,0.343,1,0.249,
0.689,0.685,0.941,0.6,
0.686,0.679,1,0.628,
0.639,0.629,1,0.543,
0.639,0.627,0.999,0.531,
0.626,0.618,0.965,0.542,
0.66,0.653,0.955,0.568,
0.663,0.657,1,0.551,
0.675,0.675,0.971,0.584,
0.661,0.657,0.946,0.58,
0.644,0.633,1,0.567,
0.654,0.654,0.938,0.565,
0.663,0.66,0.918,0.565,
0.689,0.682,1,0.625,
0.66,0.655,0.992,0.545,
0.614,0.604,0.97,0.497,
0.606,0.602,0.963,0.49,
0.465,0.461,1,0.375,
0.659,0.657,1,0.564,
0.672,0.675,0.936,0.579,
0.627,0.622,0.957,0.489,
0.662,0.653,0.969,0.592,
0.681,0.677,0.955,0.574,
0.623,0.619,0.984,0.512,
0.698,0.692,0.995,0.633,
0.52,0.511,1,0.404,
0.664,0.653,0.955,0.573,
0.669,0.669,0.949,0.574,
0.689,0.683,0.917,0.608,
0.659,0.649,0.948,0.585,
0.685,0.683,0.944,0.615,
0.61,0.606,1,0.519,
0.555,0.536,1,0.448,
0.673,0.671,0.954,0.544,
0.622,0.615,1,0.521,
0.668,0.657,1,0.569,
0.701,0.695,0.99,0.642,
0.565,0.558,0.924,0.456,
0.676,0.671,0.942,0.56,
0.586,0.572,0.993,0.48,
0.603,0.591,1,0.509,
0.689,0.685,0.92,0.595,
0.648,0.641,1,0.542,
0.678,0.671,0.969,0.599,
0.502,0.493,1,0.391,
0.679,0.673,0.955,0.593,
0.632,0.621,0.998,0.53,
0.653,0.647,0.953,0.564,
0.598,0.589,1,0.503,
0.697,0.689,0.955,0.635,
0.562,0.552,1,0.423,
0.687,0.687,0.915,0.601,
0.622,0.618,1,0.52,
0.605,0.592,1,0.514,
0.597,0.587,1,0.483,
0.684,0.676,0.991,0.615,
0.624,0.618,0.975,0.488,
0.648,0.634,1,0.569,
0.624,0.621,1,0.508,
0.679,0.667,0.983,0.58,
0.649,0.639,0.95,0.576,
0.682,0.674,0.976,0.6,
0.663,0.661,1,0.57,
0.614,0.603,1,0.526,
0.651,0.649,0.926,0.564,
0.622,0.617,0.902,0.533,
0.566,0.558,0.957,0.49,
0.535,0.522,0.977,0.457,
0.555,0.541,1,0.48,
0.478,0.46,1,0.399,
0.498,0.489,1,0.401,
0.524,0.516,0.952,0.419,
0.462,0.449,0.956,0.396,
0.508,0.497,1,0.415,
0.558,0.552,0.909,0.47,
0.515,0.507,0.956,0.444,
0.509,0.498,0.982,0.431,
0.559,0.553,0.923,0.465,
0.547,0.534,1,0.465,
0.572,0.563,1,0.5,
0.503,0.488,1,0.422,
0.502,0.494,1,0.427,
0.458,0.441,1,0.379,
0.555,0.542,0.992,0.468,
0.424,0.41,1,0.344,
0.537,0.524,1,0.472,
0.523,0.516,0.942,0.415,
0.529,0.516,1,0.455,
0.555,0.546,1,0.473,
0.593,0.583,1,0.501,
0.532,0.516,0.999,0.461,
0.532,0.524,1,0.455,
0.523,0.516,0.909,0.449,
0.563,0.556,0.931,0.499,
0.529,0.522,0.877,0.453,
0.49,0.481,1,0.405,
0.536,0.526,0.969,0.459,
0.513,0.507,0.909,0.432,
0.497,0.484,1,0.424,
0.581,0.573,1,0.504,
0.564,0.554,1,0.477,
0.529,0.519,0.934,0.447,
0.523,0.518,0.94,0.45,
0.517,0.51,1,0.447,
0.551,0.542,1,0.478,
0.494,0.486,1,0.418,
0.552,0.538,0.983,0.48,
0.475,0.467,1,0.354,
0.557,0.544,1,0.495,
0.53,0.518,0.967,0.46,
0.439,0.433,1,0.34,
0.498,0.493,1,0.425,
0.535,0.522,0.973,0.466,
0.565,0.563,0.974,0.5,
0.489,0.474,1,0.403,
0.491,0.481,0.998,0.401,
0.571,0.554,0.985,0.515,
0.515,0.504,1,0.421,
0.533,0.513,0.977,0.446,
0.519,0.504,1,0.433,
0.525,0.508,1,0.457,
0.534,0.522,0.995,0.442,
0.461,0.451,0.996,0.392,
0.553,0.541,0.978,0.456,
0.525,0.516,1,0.458,
0.518,0.514,0.924,0.434,
0.533,0.526,0.923,0.444,
0.569,0.561,1,0.477,
0.46,0.443,1,0.4,
0.526,0.512,1,0.468,
0.479,0.469,0.97,0.399,
0.519,0.506,1,0.437,
0.537,0.528,0.989,0.454,
0.492,0.483,1,0.393,
0.492,0.478,0.974,0.421,
0.495,0.486,1,0.411,
0.575,0.569,0.998,0.518,
0.525,0.509,1,0.434,
0.549,0.538,0.977,0.474,
0.422,0.413,0.931,0.346,
0.575,0.569,0.966,0.484,
0.538,0.526,0.982,0.453,
0.414,0.405,0.93,0.341,
0.568,0.565,0.989,0.48,
0.449,0.436,1,0.35,
0.544,0.535,1,0.47,
0.549,0.535,1,0.463,
0.538,0.524,0.97,0.456,
0.454,0.446,0.95,0.368,
0.53,0.523,0.969,0.442,
0.462,0.448,1,0.385,
0.533,0.522,0.988,0.461,
0.551,0.542,0.989,0.456,
0.542,0.526,0.947,0.467,
0.506,0.499,1,0.424,
0.514,0.498,1,0.438,
0.514,0.496,0.98,0.419,
0.552,0.54,0.997,0.478,
0.54,0.529,1,0.468,
0.566,0.555,0.994,0.499,
0.509,0.494,1,0.422,
0.51,0.498,0.994,0.435,
0.53,0.526,1,0.438,
0.541,0.529,0.986,0.459,
0.468,0.455,1,0.384,
0.549,0.538,1,0.464,
0.541,0.525,1,0.469,
0.527,0.513,1,0.453,
0.529,0.522,0.934,0.446,
0.539,0.526,1,0.481,
0.541,0.529,0.973,0.463,
0.54,0.532,0.965,0.463,
0.568,0.557,0.937,0.443,
0.513,0.497,1,0.436,
0.565,0.556,0.972,0.504,
0.526,0.51,0.959,0.441,
0.485,0.469,1,0.402,
0.531,0.518,1,0.447,
0.493,0.481,1,0.404,
0.536,0.531,0.912,0.46,
0.499,0.48,0.991,0.425,
0.555,0.544,0.966,0.47,
0.547,0.534,1,0.471,
0.498,0.484,1,0.406,
0.537,0.525,1,0.458,
0.5,0.497,0.981,0.4,
0.526,0.516,0.936,0.444,
0.445,0.426,0.98,0.362,
0.455,0.45,1,0.369,
0.504,0.497,0.937,0.411,
0.559,0.555,0.993,0.476,
0.572,0.569,0.951,0.489,
0.535,0.525,0.999,0.457,
0.538,0.526,1,0.47,
0.467,0.455,0.958,0.4,
0.541,0.53,0.992,0.46,
0.507,0.497,1,0.42,
0.545,0.528,0.986,0.467,
0.55,0.544,0.981,0.451,
0.471,0.457,0.982,0.396,
0.557,0.552,0.933,0.492,
0.527,0.517,1,0.467,
0.532,0.523,0.983,0.437,
0.49,0.477,0.993,0.427,
0.545,0.537,1,0.475,
0.505,0.485,1,0.441,
0.485,0.477,1,0.39,
0.517,0.51,1,0.445,
0.51,0.497,1,0.416,
0.467,0.45,1,0.388,
0.556,0.551,1,0.477,
0.417,0.402,1,0.329,
0.559,0.548,0.967,0.473,
0.526,0.516,0.956,0.443,
0.486,0.469,0.984,0.396,
0.468,0.454,1,0.388,
0.568,0.558,1,0.473,
0.532,0.52,1,0.473,
0.532,0.521,0.963,0.451,
0.53,0.52,1,0.443,
0.543,0.537,0.94,0.469,
0.499,0.493,0.978,0.42,
0.491,0.476,0.967,0.41,
0.516,0.505,0.978,0.45,
0.517,0.514,0.933,0.432,
0.575,0.569,0.982,0.479,
0.463,0.457,0.986,0.373,
0.516,0.504,1,0.438,
0.51,0.498,0.973,0.442,
0.513,0.502,0.995,0.419,
0.463,0.449,1,0.372,
0.54,0.526,0.992,0.451,
0.531,0.53,0.937,0.44,
0.559,0.552,0.92,0.486,
0.556,0.548,1,0.463,
0.546,0.533,0.945,0.48,
0.508,0.502,0.986,0.432,
0.54,0.533,0.945,0.463,
0.531,0.515,0.97,0.461,
0.537,0.528,1,0.465,
0.534,0.524,1,0.441,
0.514,0.506,1,0.425,
0.492,0.489,0.963,0.336,
0.531,0.52,1,0.452,
0.552,0.536,1,0.455,
0.523,0.506,1,0.445,
0.538,0.53,0.97,0.456,
0.531,0.515,1,0.441,
0.527,0.518,1,0.46,
0.458,0.446,0.973,0.379,
0.526,0.514,0.99,0.452,
0.549,0.542,1,0.455,
0.553,0.541,1,0.476,
0.499,0.488,1,0.397,
0.519,0.509,1,0.458,
0.487,0.469,1,0.397,
0.536,0.533,0.951,0.445,
0.469,0.463,1,0.399,
0.691,0.685,1,0.607,
0.662,0.65,0.988,0.576,
0.621,0.611,0.912,0.545,
0.652,0.644,1,0.568,
0.626,0.629,0.969,0.506,
0.666,0.669,0.944,0.578,
0.697,0.698,0.951,0.618,
0.702,0.7,0.957,0.624,
0.531,0.522,1,0.447,
0.694,0.687,0.945,0.614,
0.664,0.652,1,0.574,
0.66,0.659,1,0.565,
0.656,0.651,0.895,0.576,
0.701,0.688,0.96,0.644,
0.653,0.653,0.952,0.569,
0.59,0.579,0.984,0.49,
0.481,0.473,0.982,0.372,
0.687,0.679,0.96,0.613,
0.493,0.478,1,0.421,
0.548,0.538,0.964,0.48,
0.567,0.558,0.977,0.483,
0.576,0.571,1,0.488,
0.556,0.54,0.988,0.484,
0.534,0.522,1,0.453,
0.668,0.665,0.941,0.53,
0.662,0.657,1,0.591,
0.678,0.669,0.934,0.588,
0.652,0.644,0.973,0.578,
0.666,0.657,1,0.591,
0.573,0.554,1,0.48,
0.547,0.548,0.974,0.439,
0.653,0.653,0.986,0.536,
0.518,0.51,1,0.435,
0.495,0.481,0.968,0.427,
0.55,0.546,1,0.435,
0.493,0.48,1,0.406,
0.554,0.54,1,0.474,
0.505,0.485,1,0.428,
0.472,0.46,1,0.393,
0.523,0.512,1,0.447,


0.696,0.69,1,0.618,
0.701,0.693,0.97,0.636,
0.69,0.69,0.999,0.591,
0.693,0.69,0.932,0.618,
0.695,0.685,1,0.597,
0.7,0.695,0.994,0.63,
0.693,0.69,0.976,0.605,
0.68,0.679,0.951,0.568,
0.655,0.646,1,0.579,
0.668,0.659,0.941,0.582,
0.671,0.658,1,0.58,
0.679,0.67,1,0.575,
0.691,0.694,0.95,0.592,
0.665,0.661,1,0.532,
0.701,0.696,0.946,0.622,
0.699,0.696,0.969,0.6,
0.646,0.631,0.994,0.565,
0.668,0.657,1,0.573,
0.662,0.669,0.954,0.545,
0.682,0.669,1,0.57,
0.677,0.671,1,0.578,
0.621,0.613,1,0.521,
0.66,0.667,1,0.547,
0.673,0.667,1,0.591,
0.675,0.67,1,0.609,
0.679,0.673,1,0.606,
0.695,0.687,0.956,0.635,
0.69,0.68,1,0.622,
0.685,0.681,0.959,0.604,
0.586,0.574,1,0.465,
0.606,0.598,0.984,0.529,
0.68,0.671,1,0.588,
0.654,0.649,0.873,0.567,
0.698,0.694,1,0.619,
0.669,0.666,1,0.592,
0.682,0.674,1,0.619,
0.698,0.692,0.987,0.603,
0.683,0.675,1,0.597,
0.692,0.692,0.92,0.586,
0.671,0.667,1,0.595,
0.694,0.688,0.96,0.617,
0.666,0.659,1,0.559,
0.701,0.697,0.974,0.63,
0.648,0.635,1,0.521,
0.67,0.659,0.987,0.598,
0.699,0.698,1,0.617,
0.673,0.667,1,0.553,
0.673,0.665,0.978,0.589,
0.698,0.692,1,0.613,
0.58,0.573,0.97,0.474,
0.665,0.659,1,0.564,
0.685,0.681,0.954,0.612,
0.696,0.694,0.967,0.609,
0.641,0.636,1,0.546,
0.677,0.671,1,0.587,
0.662,0.655,1,0.557,
0.635,0.624,0.974,0.549,
0.697,0.696,0.96,0.589,
0.673,0.663,1,0.584,
0.698,0.687,0.976,0.636,
0.687,0.683,1,0.6,
0.671,0.665,1,0.582,
0.69,0.686,0.927,0.56,
0.672,0.672,0.9,0.566,
0.705,0.703,0.983,0.626,
0.674,0.667,1,0.605,
0.61,0.597,1,0.511,
0.697,0.69,0.985,0.625,
0.508,0.495,1,0.417,
0.621,0.613,1,0.533,
0.67,0.663,0.967,0.566,
0.673,0.669,0.964,0.572,
0.662,0.652,1,0.591,
0.653,0.64,1,0.561,
0.671,0.653,0.982,0.579,
0.682,0.679,0.991,0.602,
0.67,0.659,1,0.579,
0.668,0.664,1,0.591,
0.697,0.7,0.943,0.622,
0.686,0.688,0.919,0.581,
0.696,0.69,1,0.639,
0.623,0.615,1,0.538,
0.568,0.55,0.969,0.492,
0.675,0.677,0.938,0.585,
0.702,0.696,0.994,0.632,
0.688,0.677,0.993,0.584,
0.65,0.639,1,0.549,
0.668,0.665,1,0.566,
0.645,0.641,0.991,0.55,
0.685,0.681,0.923,0.607,
0.637,0.629,0.964,0.567,
0.668,0.659,1,0.575,
0.702,0.702,0.986,0.621,
0.689,0.681,0.961,0.599,
0.612,0.607,0.957,0.443,
0.516,0.507,1,0.444,
0.676,0.663,1,0.591,
0.688,0.681,0.985,0.6,
0.689,0.685,0.949,0.589,
0.694,0.686,0.936,0.619,
0.698,0.694,0.963,0.618,
0.698,0.688,0.958,0.635,
0.688,0.676,1,0.61,
0.695,0.693,0.989,0.614,
0.666,0.658,1,0.568,
0.682,0.675,0.964,0.608,
0.678,0.671,1,0.595,
0.665,0.657,0.996,0.572,
0.628,0.623,1,0.496,
0.667,0.658,1,0.587,
0.638,0.637,0.877,0.525,
0.681,0.677,1,0.609,
0.672,0.665,1,0.588,
0.649,0.637,1,0.526,
0.703,0.696,0.993,0.64,
0.698,0.7,0.982,0.612,
0.693,0.688,0.936,0.615,
0.69,0.688,0.967,0.582,
0.692,0.678,0.995,0.628,
0.697,0.69,0.994,0.626,
0.696,0.696,0.938,0.613,
0.661,0.653,0.964,0.569,
0.686,0.685,1,0.577,
0.644,0.645,0.945,0.517,
0.671,0.661,1,0.601,
0.638,0.638,1,0.535,
0.698,0.698,0.986,0.622,
0.688,0.685,1,0.623,
0.698,0.697,0.991,0.605,
0.691,0.689,0.962,0.589,
0.684,0.681,0.899,0.595,
0.685,0.677,0.988,0.588,
0.694,0.678,0.979,0.626,
0.693,0.691,0.948,0.609,
0.702,0.693,0.995,0.632,
0.665,0.661,1,0.594,
0.665,0.657,1,0.575,
0.683,0.676,0.94,0.573,
0.647,0.641,0.903,0.539,
0.673,0.665,1,0.584,
0.665,0.661,0.991,0.553,
0.692,0.683,1,0.624,
0.682,0.685,0.927,0.59,
0.695,0.681,0.985,0.626,
0.663,0.662,1,0.584,
0.692,0.691,1,0.619,
0.64,0.634,1,0.548,
0.688,0.692,0.903,0.61,
0.701,0.694,0.992,0.607,
0.653,0.643,0.984,0.533,
0.656,0.646,1,0.554,
0.652,0.644,1,0.548,
0.642,0.642,1,0.512,
0.673,0.666,1,0.546,
0.697,0.69,0.97,0.632,
0.673,0.661,1,0.57,
0.701,0.693,0.984,0.619,
0.698,0.69,0.962,0.62,
0.696,0.692,1,0.638,
0.608,0.6,0.987,0.498,
0.663,0.656,1,0.598,
0.628,0.629,0.968,0.521,
0.686,0.682,1,0.613,
0.639,0.632,1,0.522,
0.674,0.671,0.976,0.587,
0.636,0.627,0.985,0.523,
0.693,0.689,0.959,0.61,
0.668,0.658,1,0.591,
0.652,0.645,0.982,0.543,
0.683,0.673,0.992,0.604,
0.688,0.678,1,0.618,
0.672,0.661,1,0.622,
0.663,0.653,1,0.592,
0.622,0.616,1,0.521,
0.669,0.667,1,0.611,
0.674,0.674,0.962,0.57,
0.649,0.641,1,0.557,
0.683,0.679,1,0.626,
0.695,0.692,0.945,0.619,
0.685,0.687,0.912,0.603,
0.661,0.651,0.994,0.557,
0.667,0.659,1,0.597,
0.672,0.671,0.927,0.579,
0.668,0.654,1,0.593,
0.677,0.671,0.964,0.583,
0.705,0.701,0.979,0.645,
0.702,0.694,0.995,0.635,
0.674,0.664,0.99,0.569,
0.633,0.623,1,0.526,
0.694,0.69,0.92,0.594,
0.603,0.595,1,0.467,
0.697,0.696,0.937,0.613,
0.7,0.69,0.989,0.637,
0.67,0.661,1,0.586,
0.66,0.654,1,0.576,
0.636,0.631,1,0.515,
0.679,0.675,1,0.631,
0.705,0.706,0.987,0.639,
0.697,0.692,0.97,0.619,
0.641,0.633,1,0.542,
0.677,0.671,1,0.573,
0.678,0.677,1,0.592,
0.615,0.611,1,0.427,
0.696,0.69,0.941,0.618,
0.687,0.68,1,0.63,
0.683,0.679,1,0.59,
0.682,0.673,0.999,0.556,
0.657,0.654,0.965,0.58,
0.686,0.683,0.955,0.587,
0.678,0.668,1,0.598,
0.697,0.694,0.971,0.613,
0.691,0.685,0.946,0.615,
0.685,0.676,1,0.594,
0.691,0.689,0.938,0.609,
0.695,0.689,0.918,0.605,
0.689,0.683,1,0.627,
0.686,0.688,0.992,0.589,
0.665,0.665,0.97,0.542,
0.656,0.65,0.963,0.539,
0.596,0.587,1,0.488,
0.681,0.67,1,0.608,
0.679,0.667,0.936,0.565,
0.672,0.659,0.957,0.55,
0.697,0.69,0.969,0.632,
0.692,0.687,0.955,0.607,
0.675,0.673,0.984,0.526,
0.697,0.689,0.995,0.628,
0.601,0.595,1,0.484,
0.699,0.694,0.955,0.622,
0.689,0.688,0.949,0.605,
0.693,0.689,0.917,0.609,
0.682,0.669,0.948,0.578,
0.69,0.683,0.944,0.61,
0.636,0.633,1,0.53,
0.624,0.618,1,0.5,
0.697,0.694,0.954,0.616,
0.659,0.653,1,0.515,
0.686,0.683,1,0.586,
0.701,0.695,0.99,0.642,
0.646,0.647,0.924,0.542,
0.69,0.684,0.942,0.592,
0.651,0.637,0.993,0.577,
0.677,0.663,1,0.582,
0.695,0.691,0.92,0.601,
0.688,0.679,1,0.624,
0.694,0.687,0.969,0.586,
0.634,0.627,1,0.507,
0.692,0.687,0.955,0.604,
0.656,0.661,0.998,0.537,
0.692,0.692,0.953,0.608,
0.661,0.658,1,0.552,
0.7,0.696,0.955,0.628,
0.632,0.623,1,0.541,
0.689,0.689,0.915,0.613,
0.651,0.641,1,0.554,
0.657,0.646,1,0.535,
0.634,0.628,1,0.545,
0.687,0.679,0.991,0.613,
0.675,0.675,0.975,0.569,
0.674,0.669,1,0.594,
0.669,0.671,1,0.551,
0.689,0.678,0.983,0.602,
0.667,0.659,0.95,0.562,
0.695,0.692,0.976,0.6,
0.67,0.666,1,0.579,
0.647,0.646,1,0.546,
0.69,0.693,0.926,0.601,
0.677,0.675,0.902,0.568,
0.609,0.603,0.957,0.52,
0.603,0.597,0.977,0.502,
0.605,0.6,1,0.538,
0.593,0.587,1,0.489,
0.563,0.556,1,0.473,
0.606,0.596,0.952,0.522,
0.601,0.591,0.956,0.504,
0.593,0.587,1,0.485,
0.596,0.589,0.909,0.528,
0.605,0.595,0.956,0.524,
0.589,0.582,0.982,0.453,
0.601,0.607,0.923,0.496,
0.6,0.582,1,0.527,
0.6,0.588,1,0.555,
0.553,0.547,1,0.457,
0.595,0.587,1,0.515,
0.574,0.573,1,0.479,
0.601,0.591,0.992,0.518,
0.478,0.465,1,0.398,
0.588,0.577,1,0.51,
0.605,0.601,0.942,0.533,
0.588,0.583,1,0.503,
0.573,0.564,1,0.496,
0.619,0.607,1,0.56,
0.591,0.581,0.999,0.513,
0.577,0.567,1,0.494,
0.585,0.575,0.909,0.477,
0.601,0.596,0.931,0.501,
0.581,0.579,0.877,0.486,
0.576,0.565,1,0.496,
0.61,0.598,0.969,0.528,
0.606,0.602,0.909,0.536,
0.575,0.565,1,0.507,
0.602,0.59,1,0.545,
0.61,0.596,1,0.551,
0.606,0.595,0.934,0.529,
0.597,0.593,0.94,0.529,
0.597,0.588,1,0.49,
0.571,0.568,1,0.497,
0.594,0.589,1,0.506,
0.603,0.604,0.983,0.531,
0.586,0.571,1,0.5,
0.61,0.603,1,0.557,
0.59,0.586,0.967,0.509,
0.448,0.433,1,0.353,
0.584,0.575,1,0.474,
0.604,0.599,0.973,0.518,
0.607,0.597,0.974,0.518,
0.55,0.534,1,0.445,
0.595,0.585,0.998,0.497,
0.607,0.597,0.985,0.552,
0.591,0.586,1,0.499,
0.627,0.613,0.977,0.543,
0.596,0.584,1,0.533,
0.591,0.581,1,0.537,
0.603,0.599,0.995,0.528,
0.59,0.577,0.996,0.489,
0.583,0.582,0.978,0.478,
0.574,0.571,1,0.489,
0.588,0.579,0.924,0.507,
0.604,0.607,0.923,0.498,
0.595,0.587,1,0.536,
0.568,0.565,1,0.484,
0.566,0.556,1,0.48,
0.59,0.584,0.97,0.5,
0.571,0.562,1,0.499,
0.606,0.597,0.989,0.531,
0.582,0.575,1,0.443,
0.606,0.599,0.974,0.535,
0.58,0.571,1,0.498,
0.609,0.605,0.998,0.538,
0.595,0.587,1,0.497,
0.586,0.582,0.977,0.479,
0.569,0.566,0.931,0.447,
0.612,0.611,0.966,0.528,
0.604,0.591,0.982,0.531,
0.603,0.597,0.93,0.515,
0.609,0.605,0.989,0.513,
0.575,0.565,1,0.464,
0.6,0.593,1,0.511,
0.589,0.579,1,0.527,
0.601,0.587,0.97,0.52,
0.586,0.575,0.95,0.482,
0.595,0.584,0.969,0.529,
0.573,0.571,1,0.482,
0.61,0.601,0.988,0.548,
0.609,0.603,0.989,0.532,
0.613,0.609,0.947,0.542,
0.603,0.597,1,0.461,
0.571,0.563,1,0.483,
0.567,0.569,0.98,0.45,
0.603,0.597,0.997,0.519,
0.57,0.563,1,0.502,
0.612,0.605,0.994,0.53,
0.58,0.569,1,0.479,
0.577,0.562,0.994,0.484,
0.588,0.576,1,0.521,
0.596,0.592,0.986,0.514,
0.573,0.563,1,0.496,
0.591,0.583,1,0.515,
0.606,0.597,1,0.547,
0.582,0.577,1,0.491,
0.597,0.594,0.934,0.513,
0.598,0.585,1,0.53,
0.605,0.591,0.973,0.537,
0.609,0.603,0.965,0.535,
0.599,0.595,0.937,0.501,
0.6,0.597,1,0.513,
0.605,0.599,0.972,0.543,
0.598,0.586,0.959,0.513,
0.577,0.565,1,0.506,
0.612,0.608,1,0.481,
0.593,0.585,1,0.502,
0.585,0.586,0.912,0.489,
0.599,0.591,0.991,0.521,
0.609,0.603,0.966,0.532,
0.601,0.595,1,0.543,
0.582,0.579,1,0.449,
0.584,0.577,1,0.514,
0.598,0.593,0.981,0.527,
0.606,0.603,0.936,0.53,
0.508,0.495,0.98,0.419,
0.586,0.585,1,0.453,
0.595,0.596,0.937,0.448,
0.621,0.619,0.993,0.563,
0.603,0.591,0.951,0.478,
0.601,0.598,0.999,0.523,
0.601,0.588,1,0.535,
0.602,0.595,0.958,0.471,
0.613,0.603,0.992,0.541,
0.578,0.565,1,0.487,
0.602,0.595,0.986,0.52,
0.612,0.601,0.981,0.543,
0.611,0.607,0.982,0.516,
0.574,0.565,0.933,0.484,
0.576,0.567,1,0.508,
0.606,0.594,0.983,0.546,
0.58,0.575,0.993,0.479,
0.592,0.59,1,0.532,
0.564,0.552,1,0.483,
0.551,0.544,1,0.435,
0.595,0.583,1,0.544,
0.572,0.573,1,0.427,
0.562,0.548,1,0.476,
0.601,0.592,1,0.476,
0.561,0.546,1,0.468,
0.616,0.607,0.967,0.55,
0.601,0.601,0.956,0.5,
0.586,0.579,0.984,0.495,
0.581,0.574,1,0.457,
0.608,0.601,1,0.525,
0.602,0.594,1,0.514,
0.61,0.597,0.963,0.546,
0.587,0.574,1,0.525,
0.593,0.581,0.94,0.517,
0.594,0.587,0.978,0.493,
0.6,0.589,0.967,0.538,
0.599,0.588,0.978,0.522,
0.604,0.605,0.933,0.508,
0.617,0.607,0.982,0.544,
0.573,0.574,0.986,0.47,
0.592,0.59,1,0.493,
0.61,0.599,0.973,0.526,
0.609,0.605,0.995,0.518,
0.487,0.477,1,0.389,
0.605,0.599,0.992,0.533,
0.581,0.568,0.937,0.497,
0.606,0.598,0.92,0.545,
0.593,0.58,1,0.513,
0.611,0.608,0.945,0.494,
0.609,0.607,0.986,0.519,
0.578,0.56,0.945,0.501,
0.604,0.589,0.97,0.519,
0.576,0.565,1,0.479,
0.598,0.588,1,0.525,
0.56,0.554,1,0.49,
0.576,0.567,0.963,0.464,
0.596,0.587,1,0.524,
0.611,0.6,1,0.523,
0.575,0.567,1,0.51,
0.593,0.582,0.97,0.52,
0.595,0.586,1,0.514,
0.606,0.598,1,0.513,
0.599,0.592,0.973,0.522,
0.606,0.597,0.99,0.528,
0.598,0.593,1,0.529,
0.591,0.581,1,0.505,
0.594,0.593,1,0.484,
0.604,0.593,1,0.56,
0.591,0.589,1,0.485,
0.599,0.595,0.951,0.517,
0.552,0.542,1,0.482,
0.689,0.685,1,0.606,
0.68,0.674,0.988,0.565,
0.686,0.686,0.912,0.587,
0.652,0.645,1,0.568,
0.675,0.678,0.969,0.543,
0.672,0.671,0.944,0.582,
0.7,0.701,0.951,0.626,
0.702,0.702,0.957,0.625,
0.565,0.56,1,0.469,
0.699,0.69,0.945,0.613,
0.665,0.655,1,0.574,
0.664,0.665,1,0.564,
0.685,0.685,0.895,0.601,
0.7,0.689,0.96,0.642,
0.683,0.679,0.952,0.572,
0.667,0.664,0.984,0.528,
0.574,0.56,0.982,0.466,
0.697,0.685,0.96,0.63,
0.593,0.589,1,0.501,
0.61,0.605,0.964,0.539,
0.592,0.588,0.977,0.524,
0.609,0.606,1,0.533,
0.607,0.599,0.988,0.526,
0.6,0.595,1,0.505,
0.69,0.692,0.941,0.58,
0.681,0.676,1,0.617,
0.688,0.68,0.934,0.589,
0.681,0.672,0.973,0.59,
0.666,0.655,1,0.593,
0.653,0.653,1,0.536,
0.664,0.669,0.974,0.517,
0.676,0.679,0.986,0.582,
0.595,0.583,1,0.475,
0.609,0.598,0.968,0.544,
0.585,0.58,1,0.466,
0.568,0.55,1,0.504,
0.597,0.593,1,0.513,
0.604,0.597,1,0.523,
0.582,0.568,1,0.456,
0.557,0.543,1,0.5,




Further Data analysis of all test cases 
avg med max min 
AVGs,0.627,0.635,0.688,0.484,
MEDs,0.621,0.63,0.68,0.473,
MAXs,0.987,1,1,0.916,
MINs,0.589,0.603,0.68,0.349,


AVGs,0.59,0.576,0.705,0.354,
MEDs,0.582,0.571,0.704,0.343,
MAXs,0.98,0.994,1,0.873,
MINs,0.503,0.489,0.644,0.249,


AVGs,0.639,0.647,0.705,0.448,
MEDs,0.632,0.641,0.706,0.433,
MAXs,0.98,0.994,1,0.873,
MINs,0.55,0.546,0.645,0.353,



