

Data analysis for each instance 
AVG,MED,MAX,MIN
0.632,0.625,0.941,0.618,
0.64,0.633,0.941,0.633,
0.592,0.585,0.899,0.585,
0.645,0.638,0.95,0.638,
0.607,0.6,0.916,0.6,
0.677,0.669,0.992,0.669,
0.631,0.624,0.934,0.624,
0.636,0.628,0.95,0.628,
0.655,0.647,0.98,0.647,
0.637,0.627,1,0.582,
0.616,0.609,0.926,0.609,
0.576,0.569,0.875,0.569,
0.625,0.618,0.923,0.618,
0.635,0.628,1,0.559,
0.684,0.676,1,0.676,
0.681,0.673,1,0.673,
0.639,0.642,1,0.567,
0.601,0.593,0.935,0.582,
0.562,0.565,0.886,0.531,
0.62,0.613,0.924,0.613,
0.672,0.664,1,0.664,
0.659,0.659,1,0.624,
0.63,0.62,1,0.601,
0.65,0.643,0.957,0.643,
0.651,0.643,0.967,0.643,
0.659,0.651,0.97,0.651,
0.611,0.604,0.903,0.604,
0.65,0.643,0.957,0.643,
0.593,0.586,0.893,0.586,
0.652,0.646,1,0.598,
0.636,0.637,1,0.574,
0.658,0.65,0.986,0.65,
0.672,0.664,1,0.66,
0.684,0.676,1,0.676,
0.611,0.605,0.9,0.604,
0.654,0.646,0.965,0.646,
0.639,0.632,0.945,0.632,
0.685,0.677,1,0.677,
0.633,0.626,0.937,0.626,
0.638,0.631,0.938,0.631,
0.645,0.637,0.955,0.637,
0.659,0.651,1,0.651,
0.682,0.674,0.992,0.674,
0.637,0.628,1,0.605,
0.653,0.645,1,0.626,
0.685,0.677,1,0.677,
0.604,0.597,0.902,0.597,
0.655,0.649,1,0.601,
0.682,0.674,1,0.674,
0.633,0.625,1,0.603,
0.674,0.666,1,0.666,
0.668,0.66,1,0.66,
0.64,0.633,0.947,0.633,
0.643,0.645,1,0.58,
0.611,0.604,0.913,0.604,
0.586,0.583,0.887,0.56,
0.62,0.613,1,0.574,
0.669,0.661,1,0.661,
0.604,0.597,0.899,0.597,
0.658,0.65,0.967,0.65,
0.643,0.636,0.944,0.636,
0.681,0.673,1,0.673,
0.637,0.63,0.944,0.629,
0.67,0.662,1,0.662,
0.673,0.666,0.979,0.666,
0.68,0.672,1,0.672,
0.613,0.61,1,0.516,
0.608,0.601,0.916,0.601,
0.635,0.638,1,0.591,
0.647,0.637,1,0.624,
0.609,0.603,0.924,0.578,
0.67,0.662,1,0.662,
0.65,0.643,0.968,0.642,
0.649,0.642,0.956,0.642,
0.602,0.595,0.902,0.595,
0.573,0.567,0.872,0.553,
0.632,0.624,0.942,0.624,
0.629,0.622,0.932,0.622,
0.677,0.669,1,0.669,
0.578,0.572,0.879,0.553,
0.679,0.671,1,0.671,
0.643,0.641,1,0.6,
0.636,0.633,1,0.58,
0.668,0.661,1,0.659,
0.685,0.677,1,0.677,
0.605,0.598,0.911,0.598,
0.651,0.646,1,0.607,
0.668,0.66,1,0.659,
0.649,0.641,1,0.63,
0.666,0.658,1,0.655,
0.638,0.635,1,0.596,
0.654,0.646,0.961,0.646,
0.681,0.673,1,0.673,
0.66,0.659,1,0.645,
0.554,0.565,0.912,0.505,
0.609,0.607,1,0.536,
0.653,0.646,0.962,0.646,
0.627,0.62,0.928,0.62,
0.671,0.663,1,0.663,
0.647,0.64,0.958,0.639,
0.679,0.671,1,0.671,
0.645,0.638,0.952,0.638,
0.6,0.593,0.901,0.593,
0.653,0.645,0.963,0.645,
0.561,0.56,0.869,0.541,
0.594,0.587,0.895,0.587,
0.666,0.658,1,0.658,
0.663,0.655,1,0.655,
0.632,0.622,1,0.6,
0.626,0.619,0.925,0.619,
0.621,0.615,1,0.481,
0.669,0.662,1,0.661,
0.653,0.646,0.96,0.645,
0.605,0.598,0.917,0.587,
0.683,0.675,1,0.675,
0.672,0.664,0.986,0.664,
0.614,0.607,0.91,0.607,
0.671,0.663,1,0.663,
0.661,0.653,0.993,0.653,
0.685,0.677,1,0.677,
0.641,0.634,0.941,0.634,
0.656,0.652,1,0.613,
0.608,0.6,0.921,0.6,
0.637,0.627,1,0.581,
0.666,0.658,1,0.658,
0.636,0.635,0.997,0.595,
0.632,0.625,0.939,0.625,
0.685,0.677,1,0.677,
0.677,0.669,1,0.669,
0.665,0.657,1,0.657,
0.668,0.66,1,0.66,
0.582,0.576,0.888,0.522,
0.668,0.66,1,0.66,
0.671,0.663,1,0.663,
0.682,0.674,1,0.674,
0.651,0.644,0.958,0.643,
0.599,0.592,0.889,0.592,
0.668,0.66,1,0.66,
0.624,0.618,1,0.556,
0.631,0.623,0.943,0.623,
0.643,0.643,1,0.603,
0.676,0.669,0.988,0.668,
0.613,0.606,0.912,0.606,
0.653,0.646,0.958,0.646,
0.609,0.602,0.909,0.602,
0.638,0.631,0.944,0.631,
0.665,0.657,1,0.649,
0.672,0.664,1,0.664,
0.622,0.615,0.923,0.614,
0.642,0.637,1,0.62,
0.628,0.621,0.933,0.621,
0.67,0.662,1,0.659,
0.648,0.64,1,0.64,
0.63,0.622,0.944,0.622,
0.685,0.677,1,0.677,
0.595,0.588,0.895,0.588,
0.652,0.644,0.959,0.644,
0.63,0.623,0.927,0.623,
0.659,0.651,0.975,0.651,
0.571,0.558,1,0.491,
0.63,0.623,0.936,0.623,
0.647,0.643,1,0.626,
0.624,0.617,0.918,0.617,
0.662,0.654,1,0.654,
0.62,0.612,0.931,0.612,
0.634,0.629,1,0.58,
0.646,0.639,0.954,0.639,
0.661,0.653,0.973,0.653,
0.64,0.638,1,0.577,
0.633,0.626,0.936,0.626,
0.598,0.591,0.885,0.591,
0.682,0.674,1,0.674,
0.608,0.601,0.918,0.601,
0.627,0.618,1,0.59,
0.657,0.649,0.969,0.649,
0.593,0.586,0.896,0.586,
0.591,0.584,0.89,0.584,
0.648,0.641,0.954,0.641,
0.649,0.641,0.962,0.641,
0.673,0.665,1,0.665,
0.654,0.646,1,0.64,
0.652,0.644,0.96,0.644,
0.667,0.659,1,0.659,
0.603,0.595,0.915,0.582,
0.661,0.653,1,0.653,
0.684,0.676,1,0.676,
0.646,0.639,0.95,0.639,
0.663,0.656,1,0.649,
0.631,0.629,1,0.557,
0.656,0.648,0.965,0.648,
0.625,0.62,1,0.588,
0.66,0.652,0.97,0.652,
0.647,0.639,0.959,0.639,
0.639,0.632,0.935,0.632,
0.613,0.606,0.916,0.606,
0.636,0.625,1,0.556,
0.682,0.674,1,0.674,
0.686,0.678,1,0.678,
0.645,0.638,0.948,0.638,
0.625,0.619,1,0.57,
0.639,0.632,0.94,0.632,
0.665,0.657,1,0.657,
0.431,0.426,0.785,0.293,
0.637,0.63,0.94,0.63,
0.657,0.65,0.962,0.65,
0.584,0.578,0.883,0.546,
0.614,0.607,0.921,0.607,
0.669,0.665,1,0.653,
0.676,0.668,1,0.668,
0.605,0.598,0.908,0.598,
0.671,0.663,1,0.663,
0.673,0.665,1,0.665,
0.604,0.597,0.909,0.597,
0.644,0.637,0.951,0.637,
0.64,0.633,0.945,0.633,
0.672,0.664,0.987,0.664,
0.662,0.657,1,0.643,
0.565,0.561,0.907,0.5,
0.656,0.649,1,0.628,
0.603,0.601,1,0.542,
0.653,0.645,0.97,0.645,
0.67,0.662,1,0.648,
0.669,0.662,1,0.661,
0.655,0.648,0.966,0.643,
0.614,0.607,0.909,0.607,
0.597,0.59,0.895,0.589,
0.682,0.674,1,0.674,
0.61,0.603,1,0.54,
0.676,0.668,0.994,0.668,
0.669,0.662,1,0.661,
0.639,0.632,0.94,0.632,
0.599,0.592,0.904,0.592,
0.638,0.631,0.943,0.63,
0.596,0.592,0.911,0.584,
0.657,0.649,1,0.623,
0.641,0.634,0.95,0.634,
0.631,0.623,0.943,0.623,
0.666,0.658,1,0.658,
0.685,0.677,1,0.677,
0.647,0.643,1,0.633,
0.624,0.617,0.917,0.617,
0.621,0.619,1,0.567,
0.591,0.587,0.914,0.562,
0.629,0.622,0.93,0.622,
0.607,0.6,0.899,0.6,
0.595,0.588,0.897,0.584,
0.584,0.576,1,0.496,
0.669,0.661,1,0.66,
0.621,0.614,0.932,0.614,
0.607,0.6,0.909,0.587,
0.627,0.62,0.934,0.62,
0.622,0.615,0.928,0.615,
0.636,0.63,1,0.583,
0.673,0.665,1,0.665,
0.605,0.598,0.903,0.598,
0.634,0.627,0.938,0.627,
0.669,0.662,1,0.662,
0.634,0.626,0.944,0.626,
0.678,0.67,1,0.67,
0.633,0.626,0.936,0.626,
0.588,0.581,0.885,0.58,
0.669,0.661,1,0.661,
0.669,0.661,1,0.661,
0.613,0.606,0.908,0.605,
0.611,0.604,0.913,0.604,
0.655,0.653,1,0.628,
0.67,0.662,1,0.662,
0.673,0.665,1,0.665,
0.615,0.615,1,0.559,
0.524,0.516,0.907,0.446,
0.606,0.6,1,0.552,
0.581,0.577,1,0.522,
0.593,0.591,1,0.519,
0.55,0.548,0.95,0.439,
0.574,0.562,1,0.493,
0.526,0.522,0.887,0.451,
0.544,0.542,0.946,0.455,
0.594,0.588,1,0.535,
0.543,0.538,0.923,0.459,
0.586,0.578,0.977,0.545,
0.559,0.554,0.938,0.508,
0.593,0.587,0.992,0.515,
0.591,0.583,1,0.535,
0.578,0.574,0.974,0.507,
0.571,0.562,1,0.44,
0.586,0.577,1,0.52,
0.553,0.543,1,0.46,
0.586,0.578,1,0.542,
0.616,0.613,1,0.563,
0.574,0.566,0.952,0.529,
0.573,0.567,0.947,0.523,
0.598,0.591,1,0.544,
0.525,0.518,0.906,0.45,
0.579,0.573,0.966,0.513,
0.574,0.571,1,0.476,
0.556,0.548,0.941,0.498,
0.586,0.582,1,0.521,
0.576,0.568,1,0.501,
0.574,0.568,0.944,0.54,
0.603,0.597,1,0.555,
0.536,0.527,0.91,0.503,
0.599,0.59,0.979,0.561,
0.555,0.549,0.938,0.5,
0.599,0.599,0.972,0.531,
0.591,0.591,1,0.511,
0.541,0.535,0.928,0.474,
0.589,0.582,1,0.54,
0.573,0.571,1,0.481,
0.545,0.536,0.923,0.501,
0.553,0.55,1,0.452,
0.581,0.573,0.971,0.533,
0.598,0.595,1,0.493,
0.551,0.547,1,0.454,
0.569,0.576,0.944,0.491,
0.595,0.586,1,0.547,
0.55,0.542,0.915,0.508,
0.596,0.596,1,0.506,
0.581,0.575,1,0.518,
0.63,0.622,1,0.622,
0.524,0.52,0.89,0.478,
0.572,0.568,1,0.445,
0.534,0.536,0.924,0.432,
0.559,0.556,0.932,0.489,
0.551,0.544,0.934,0.507,
0.563,0.557,1,0.449,
0.616,0.612,1,0.564,
0.575,0.569,0.948,0.527,
0.596,0.591,1,0.521,
0.59,0.583,1,0.53,
0.603,0.596,1,0.548,
0.549,0.552,0.903,0.471,
0.539,0.532,0.905,0.49,
0.616,0.61,1,0.552,
0.584,0.579,0.968,0.543,
0.569,0.572,0.932,0.517,
0.586,0.582,1,0.524,
0.55,0.544,0.932,0.45,
0.53,0.524,0.924,0.473,
0.603,0.598,0.998,0.532,
0.579,0.571,1,0.531,
0.588,0.578,1,0.551,
0.563,0.55,1,0.491,
0.629,0.621,1,0.618,
0.584,0.574,1,0.535,
0.556,0.557,1,0.422,
0.575,0.571,0.957,0.521,
0.535,0.528,0.922,0.447,
0.551,0.545,0.926,0.502,
0.606,0.604,1,0.547,
0.56,0.554,0.932,0.508,
0.561,0.556,1,0.477,
0.576,0.57,0.931,0.514,
0.554,0.548,1,0.454,
0.557,0.55,0.927,0.506,
0.535,0.53,0.912,0.463,
0.572,0.564,0.954,0.522,
0.529,0.523,0.913,0.444,
0.556,0.552,0.921,0.49,
0.523,0.511,0.918,0.46,
0.568,0.562,0.944,0.529,
0.577,0.567,0.958,0.531,
0.573,0.564,0.949,0.522,
0.542,0.532,0.926,0.469,
0.537,0.542,0.906,0.458,
0.556,0.55,0.918,0.493,
0.558,0.55,0.934,0.519,
0.573,0.565,0.927,0.565,
0.555,0.548,0.934,0.495,
0.547,0.547,0.944,0.434,
0.601,0.595,1,0.551,
0.619,0.615,1,0.519,
0.603,0.603,1,0.518,
0.559,0.549,0.941,0.511,
0.6,0.589,0.998,0.535,
0.592,0.586,0.949,0.549,
0.599,0.604,1,0.544,
0.604,0.595,1,0.564,
0.614,0.614,1,0.526,
0.585,0.575,1,0.522,
0.579,0.574,0.948,0.519,
0.586,0.58,1,0.504,
0.599,0.593,1,0.534,
0.525,0.522,0.904,0.447,
0.581,0.579,0.973,0.491,
0.563,0.558,0.912,0.528,
0.55,0.542,0.889,0.542,
0.568,0.56,0.942,0.526,
0.585,0.576,1,0.549,
0.589,0.584,1,0.518,
0.585,0.591,1,0.509,
0.492,0.481,1,0.426,
0.578,0.575,1,0.498,
0.606,0.602,1,0.539,
0.576,0.573,0.952,0.516,
0.54,0.536,0.884,0.472,
0.552,0.549,0.942,0.494,
0.502,0.497,0.89,0.43,
0.544,0.537,0.93,0.488,
0.592,0.585,1,0.552,
0.563,0.557,0.933,0.529,
0.604,0.605,1,0.548,
0.568,0.567,1,0.471,
0.592,0.585,1,0.54,
0.619,0.619,1,0.557,
0.587,0.581,1,0.464,
0.613,0.607,1,0.572,
0.592,0.592,0.96,0.544,
0.597,0.585,1,0.545,
0.573,0.558,1,0.496,
0.556,0.552,0.933,0.474,
0.533,0.534,0.89,0.482,
0.538,0.53,0.945,0.433,
0.557,0.551,0.935,0.48,
0.558,0.545,1,0.495,
0.555,0.548,0.936,0.516,
0.498,0.492,0.864,0.39,
0.596,0.592,1,0.538,
0.559,0.548,1,0.504,
0.596,0.594,0.988,0.517,
0.55,0.55,0.92,0.484,
0.584,0.575,0.984,0.527,
0.539,0.536,0.964,0.44,
0.591,0.587,1,0.538,
0.581,0.579,0.954,0.525,
0.605,0.61,1,0.478,
0.537,0.53,0.916,0.474,
0.596,0.587,1,0.542,
0.552,0.545,0.927,0.507,
0.606,0.599,1,0.543,
0.571,0.566,1,0.48,
0.588,0.585,0.975,0.538,
0.53,0.519,0.897,0.484,
0.58,0.571,1,0.524,
0.562,0.557,0.943,0.507,
0.596,0.589,1,0.55,
0.597,0.587,1,0.55,
0.536,0.528,0.906,0.49,
0.597,0.589,1,0.553,
0.583,0.576,1,0.45,
0.6,0.596,0.974,0.555,
0.588,0.581,1,0.534,
0.572,0.565,0.957,0.526,
0.568,0.558,0.936,0.537,
0.549,0.544,0.915,0.51,
0.573,0.563,1,0.504,
0.564,0.562,0.961,0.453,
0.558,0.552,0.937,0.515,
0.583,0.576,0.973,0.535,
0.606,0.601,1,0.572,
0.577,0.575,0.961,0.527,
0.555,0.548,0.927,0.503,
0.577,0.579,1,0.49,
0.598,0.593,1,0.54,
0.555,0.55,0.921,0.474,
0.549,0.544,0.925,0.477,
0.497,0.492,0.864,0.443,
0.587,0.579,0.979,0.509,
0.578,0.571,1,0.519,
0.594,0.593,1,0.509,
0.618,0.613,1,0.58,
0.652,0.644,0.964,0.644,
0.666,0.658,1,0.658,
0.613,0.606,0.925,0.6,
0.648,0.64,0.956,0.64,
0.586,0.579,0.892,0.578,
0.67,0.662,1,0.662,
0.641,0.634,0.948,0.634,
0.681,0.673,1,0.673,
0.641,0.632,1,0.632,
0.681,0.673,0.997,0.673,
0.647,0.64,0.953,0.64,
0.666,0.658,1,0.658,
0.669,0.662,1,0.651,
0.684,0.676,1,0.676,
0.674,0.667,1,0.666,
0.653,0.645,1,0.626,
0.564,0.558,1,0.437,
0.647,0.639,0.958,0.639,
0.584,0.583,1,0.507,
0.569,0.572,0.927,0.497,
0.599,0.592,1,0.546,
0.628,0.621,1,0.583,
0.6,0.593,1,0.505,
0.529,0.522,0.909,0.472,
0.646,0.639,0.951,0.639,
0.656,0.648,0.971,0.648,
0.666,0.658,1,0.657,
0.669,0.661,1,0.661,
0.628,0.621,0.925,0.621,
0.66,0.652,1,0.652,
0.595,0.587,1,0.538,
0.613,0.606,0.915,0.605,
0.594,0.59,1,0.476,
0.547,0.55,0.904,0.476,
0.572,0.567,0.972,0.51,
0.573,0.565,1,0.517,
0.599,0.595,1,0.538,
0.526,0.522,0.899,0.426,
0.566,0.56,1,0.452,
0.57,0.563,0.954,0.512,


0.637,0.63,1,0.559,
0.651,0.644,1,0.58,
0.608,0.607,1,0.463,
0.628,0.619,1,0.548,
0.619,0.611,1,0.527,
0.697,0.692,1,0.582,
0.655,0.648,1,0.583,
0.651,0.654,1,0.549,
0.667,0.662,1,0.606,
0.579,0.579,0.892,0.405,
0.619,0.617,1,0.517,
0.562,0.544,1,0.412,
0.632,0.62,1,0.556,
0.551,0.542,0.933,0.414,
0.699,0.689,0.983,0.535,
0.698,0.69,0.978,0.562,
0.517,0.505,0.864,0.343,
0.597,0.593,1,0.454,
0.509,0.499,1,0.37,
0.556,0.548,1,0.442,
0.633,0.635,0.923,0.438,
0.555,0.542,0.927,0.433,
0.583,0.581,0.872,0.395,
0.607,0.593,1,0.518,
0.679,0.674,1,0.615,
0.648,0.64,1,0.568,
0.62,0.606,1,0.539,
0.626,0.617,1,0.549,
0.608,0.603,1,0.524,
0.568,0.565,0.934,0.415,
0.511,0.495,0.887,0.386,
0.687,0.681,1,0.609,
0.659,0.649,0.917,0.579,
0.694,0.694,0.991,0.567,
0.585,0.573,1,0.458,
0.673,0.661,1,0.539,
0.664,0.656,1,0.591,
0.699,0.695,0.983,0.569,
0.644,0.629,1,0.562,
0.664,0.659,1,0.555,
0.67,0.663,1,0.591,
0.618,0.611,0.933,0.517,
0.694,0.686,1,0.617,
0.579,0.58,0.804,0.385,
0.531,0.534,0.953,0.378,
0.689,0.685,0.977,0.587,
0.595,0.591,1,0.47,
0.584,0.589,0.978,0.453,
0.698,0.693,0.98,0.629,
0.521,0.51,0.97,0.412,
0.617,0.619,0.945,0.469,
0.665,0.665,0.928,0.519,
0.665,0.655,1,0.582,
0.55,0.539,0.953,0.406,
0.633,0.629,1,0.544,
0.562,0.55,1,0.448,
0.54,0.526,0.928,0.406,
0.665,0.659,0.882,0.568,
0.6,0.597,1,0.491,
0.676,0.674,1,0.606,
0.663,0.653,1,0.572,
0.673,0.667,0.996,0.535,
0.641,0.634,1,0.566,
0.669,0.665,0.969,0.527,
0.689,0.683,1,0.626,
0.7,0.697,0.97,0.6,
0.499,0.487,0.908,0.405,
0.629,0.623,1,0.53,
0.527,0.514,0.979,0.414,
0.598,0.601,0.972,0.433,
0.56,0.552,1,0.47,
0.63,0.628,0.967,0.511,
0.643,0.637,1,0.521,
0.662,0.655,1,0.594,
0.547,0.536,1,0.422,
0.58,0.57,1,0.471,
0.643,0.635,1,0.566,
0.642,0.634,1,0.533,
0.693,0.686,0.98,0.569,
0.579,0.567,1,0.436,
0.698,0.694,0.983,0.569,
0.558,0.548,0.819,0.387,
0.556,0.546,0.931,0.48,
0.649,0.643,0.977,0.462,
0.694,0.686,0.953,0.632,
0.592,0.589,1,0.499,
0.588,0.591,0.875,0.435,
0.666,0.663,0.939,0.553,
0.552,0.544,0.968,0.402,
0.632,0.631,0.949,0.53,
0.57,0.564,0.962,0.457,
0.669,0.659,1,0.597,
0.692,0.685,0.977,0.562,
0.654,0.657,0.985,0.474,
0.401,0.401,1,0.296,
0.5,0.496,0.873,0.33,
0.677,0.671,1,0.602,
0.61,0.594,1,0.509,
0.671,0.669,0.943,0.528,
0.639,0.633,1,0.535,
0.7,0.698,0.936,0.62,
0.656,0.651,1,0.578,
0.588,0.579,1,0.505,
0.673,0.665,1,0.573,
0.542,0.531,1,0.445,
0.575,0.567,1,0.44,
0.615,0.615,0.955,0.41,
0.654,0.655,0.888,0.499,
0.604,0.605,0.896,0.464,
0.65,0.644,1,0.567,
0.457,0.44,0.891,0.361,
0.64,0.651,0.919,0.496,
0.674,0.669,1,0.596,
0.576,0.56,1,0.414,
0.704,0.694,0.98,0.646,
0.69,0.685,1,0.596,
0.628,0.619,1,0.513,
0.629,0.622,0.908,0.513,
0.658,0.656,1,0.513,
0.691,0.686,0.992,0.579,
0.622,0.615,1,0.546,
0.566,0.57,0.884,0.416,
0.584,0.585,1,0.477,
0.541,0.528,0.886,0.372,
0.639,0.631,0.937,0.498,
0.55,0.549,1,0.435,
0.654,0.64,1,0.561,
0.695,0.691,0.973,0.601,
0.698,0.698,0.992,0.552,
0.682,0.677,0.991,0.581,
0.676,0.677,0.979,0.543,
0.537,0.529,1,0.453,
0.669,0.671,0.911,0.548,
0.667,0.665,0.934,0.467,
0.702,0.701,0.955,0.624,
0.673,0.669,1,0.596,
0.588,0.585,1,0.47,
0.662,0.655,0.951,0.491,
0.534,0.526,0.914,0.433,
0.653,0.646,1,0.562,
0.594,0.591,0.977,0.501,
0.688,0.685,1,0.555,
0.623,0.614,1,0.513,
0.651,0.646,1,0.577,
0.546,0.536,1,0.454,
0.657,0.651,1,0.581,
0.628,0.622,0.904,0.522,
0.669,0.668,0.967,0.569,
0.613,0.607,1,0.504,
0.566,0.556,0.885,0.39,
0.601,0.597,1,0.492,
0.634,0.625,0.93,0.465,
0.526,0.514,0.942,0.349,
0.605,0.597,1,0.501,
0.702,0.695,0.949,0.649,
0.561,0.554,1,0.451,
0.67,0.665,1,0.584,
0.641,0.631,1,0.533,
0.686,0.675,1,0.613,
0.488,0.479,0.853,0.336,
0.64,0.632,1,0.558,
0.529,0.53,0.877,0.374,
0.642,0.64,1,0.549,
0.629,0.623,0.937,0.493,
0.606,0.593,1,0.492,
0.578,0.569,0.827,0.426,
0.658,0.657,1,0.595,
0.679,0.673,1,0.62,
0.593,0.588,0.939,0.428,
0.627,0.618,1,0.54,
0.604,0.597,1,0.494,
0.698,0.69,0.96,0.573,
0.615,0.614,1,0.484,
0.545,0.536,0.952,0.444,
0.68,0.677,1,0.59,
0.576,0.569,1,0.462,
0.595,0.592,1,0.485,
0.672,0.669,1,0.594,
0.666,0.658,1,0.592,
0.655,0.643,0.957,0.49,
0.606,0.607,0.983,0.509,
0.656,0.645,1,0.574,
0.647,0.639,0.896,0.538,
0.604,0.601,1,0.493,
0.655,0.653,0.976,0.493,
0.699,0.698,0.926,0.634,
0.655,0.649,1,0.579,
0.618,0.619,0.887,0.437,
0.504,0.494,0.857,0.34,
0.678,0.672,1,0.585,
0.535,0.531,0.908,0.406,
0.676,0.67,1,0.558,
0.67,0.661,1,0.618,
0.646,0.641,1,0.565,
0.634,0.629,1,0.557,
0.547,0.538,0.936,0.461,
0.697,0.696,0.999,0.548,
0.705,0.698,0.966,0.634,
0.663,0.657,1,0.59,
0.543,0.525,0.932,0.447,
0.659,0.647,1,0.585,
0.657,0.648,0.915,0.531,
0.301,0.283,1,0.203,
0.654,0.654,1,0.565,
0.675,0.673,1,0.586,
0.577,0.569,1,0.442,
0.597,0.589,1,0.49,
0.637,0.631,0.952,0.512,
0.652,0.651,0.947,0.478,
0.605,0.599,1,0.504,
0.667,0.665,0.964,0.549,
0.652,0.649,0.893,0.498,
0.607,0.597,1,0.501,
0.627,0.618,1,0.527,
0.632,0.631,1,0.529,
0.691,0.683,1,0.567,
0.652,0.644,0.927,0.521,
0.553,0.544,1,0.451,
0.612,0.621,0.915,0.453,
0.475,0.462,0.936,0.362,
0.66,0.655,1,0.584,
0.661,0.653,0.996,0.569,
0.641,0.633,0.894,0.511,
0.641,0.637,1,0.555,
0.624,0.619,1,0.525,
0.564,0.549,1,0.46,
0.707,0.706,0.994,0.55,
0.508,0.497,0.924,0.412,
0.648,0.636,1,0.576,
0.656,0.657,0.971,0.5,
0.659,0.651,1,0.556,
0.604,0.599,1,0.5,
0.658,0.644,1,0.561,
0.583,0.581,1,0.478,
0.597,0.586,0.884,0.457,
0.652,0.644,1,0.53,
0.614,0.615,1,0.486,
0.657,0.657,0.915,0.513,
0.704,0.702,0.996,0.618,
0.562,0.562,0.893,0.416,
0.628,0.621,1,0.552,
0.577,0.577,0.859,0.423,
0.566,0.562,1,0.409,
0.654,0.643,1,0.56,
0.598,0.591,1,0.487,
0.6,0.595,1,0.479,
0.522,0.514,0.982,0.457,
0.672,0.671,0.961,0.576,
0.596,0.587,1,0.51,
0.608,0.606,1,0.497,
0.578,0.564,1,0.481,
0.647,0.637,1,0.565,
0.583,0.589,0.934,0.43,
0.677,0.679,0.914,0.532,
0.58,0.571,1,0.454,
0.579,0.562,1,0.482,
0.627,0.621,0.877,0.502,
0.661,0.655,1,0.54,
0.621,0.611,0.935,0.502,
0.604,0.601,1,0.508,
0.579,0.565,1,0.414,
0.656,0.657,0.899,0.532,
0.648,0.635,0.914,0.534,
0.616,0.612,1,0.507,
0.631,0.626,1,0.549,
0.63,0.647,0.922,0.465,
0.639,0.633,0.969,0.449,
0.623,0.618,0.986,0.495,
0.566,0.554,0.995,0.454,
0.499,0.489,1,0.413,
0.548,0.538,0.991,0.405,
0.477,0.471,0.938,0.385,
0.521,0.516,0.894,0.407,
0.482,0.471,1,0.374,
0.468,0.464,0.95,0.386,
0.485,0.471,1,0.375,
0.531,0.522,1,0.458,
0.492,0.491,0.934,0.394,
0.466,0.449,1,0.341,
0.548,0.538,1,0.493,
0.522,0.511,1,0.437,
0.564,0.554,1,0.472,
0.52,0.51,0.92,0.425,
0.495,0.483,1,0.438,
0.463,0.453,0.862,0.334,
0.559,0.549,0.902,0.47,
0.426,0.414,0.898,0.327,
0.533,0.526,0.91,0.446,
0.528,0.518,0.939,0.399,
0.502,0.49,1,0.425,
0.551,0.539,1,0.438,
0.58,0.575,0.957,0.495,
0.478,0.464,1,0.403,
0.539,0.529,1,0.479,
0.532,0.528,0.918,0.449,
0.541,0.528,1,0.465,
0.522,0.514,0.968,0.389,
0.482,0.476,0.923,0.372,
0.511,0.5,1,0.419,
0.504,0.497,0.981,0.414,
0.471,0.459,1,0.399,
0.571,0.566,1,0.478,
0.533,0.514,1,0.464,
0.514,0.502,1,0.425,
0.518,0.508,0.943,0.424,
0.477,0.462,1,0.389,
0.568,0.556,0.965,0.428,
0.503,0.496,0.987,0.395,
0.515,0.506,1,0.434,
0.481,0.476,0.935,0.361,
0.549,0.532,1,0.447,
0.517,0.502,0.902,0.426,
0.445,0.433,0.9,0.36,
0.485,0.478,1,0.41,
0.523,0.523,0.93,0.391,
0.533,0.522,1,0.437,
0.489,0.481,0.885,0.369,
0.477,0.465,0.92,0.386,
0.583,0.573,0.991,0.501,
0.469,0.451,1,0.359,
0.508,0.499,0.973,0.401,
0.506,0.494,1,0.398,
0.513,0.497,1,0.407,
0.516,0.507,1,0.445,
0.468,0.455,0.887,0.387,
0.538,0.532,0.92,0.421,
0.529,0.514,1,0.456,
0.513,0.504,0.865,0.42,
0.519,0.51,0.905,0.445,
0.577,0.564,0.989,0.492,
0.425,0.41,1,0.323,
0.525,0.512,1,0.42,
0.478,0.467,0.931,0.348,
0.529,0.512,1,0.454,
0.5,0.491,1,0.401,
0.499,0.499,0.837,0.335,
0.469,0.453,1,0.405,
0.465,0.448,1,0.365,
0.575,0.567,1,0.477,
0.519,0.518,0.973,0.442,
0.548,0.546,0.972,0.45,
0.414,0.402,0.945,0.349,
0.569,0.56,0.982,0.456,
0.523,0.515,0.94,0.379,
0.421,0.405,0.928,0.334,
0.534,0.522,1,0.44,
0.456,0.442,1,0.357,
0.502,0.49,1,0.431,
0.551,0.542,0.979,0.465,
0.526,0.514,1,0.452,
0.42,0.406,0.902,0.32,
0.48,0.469,1,0.394,
0.472,0.461,0.884,0.329,
0.499,0.481,1,0.393,
0.514,0.499,1,0.402,
0.51,0.494,1,0.419,
0.476,0.464,1,0.371,
0.518,0.504,1,0.415,
0.489,0.477,1,0.4,
0.515,0.505,1,0.42,
0.549,0.542,1,0.471,
0.527,0.514,1,0.444,
0.491,0.481,1,0.384,
0.47,0.46,1,0.389,
0.512,0.499,1,0.435,
0.511,0.495,1,0.425,
0.47,0.464,1,0.372,
0.531,0.516,1,0.455,
0.513,0.506,1,0.417,
0.534,0.522,0.958,0.447,
0.528,0.522,0.906,0.436,
0.531,0.518,0.991,0.464,
0.516,0.509,1,0.435,
0.544,0.534,1,0.404,
0.544,0.532,1,0.47,
0.508,0.51,0.894,0.384,
0.573,0.569,0.989,0.475,
0.518,0.503,0.894,0.441,
0.5,0.501,0.909,0.416,
0.487,0.469,1,0.372,
0.502,0.494,0.936,0.381,
0.533,0.53,0.91,0.438,
0.455,0.44,1,0.367,
0.55,0.532,1,0.459,
0.512,0.5,1,0.409,
0.456,0.446,1,0.367,
0.533,0.519,1,0.447,
0.494,0.487,0.907,0.371,
0.514,0.503,0.921,0.404,
0.436,0.423,0.905,0.347,
0.457,0.445,0.951,0.363,
0.513,0.51,0.844,0.353,
0.578,0.565,0.984,0.519,
0.542,0.529,1,0.426,
0.48,0.474,1,0.405,
0.508,0.494,1,0.45,
0.423,0.411,1,0.343,
0.509,0.492,1,0.425,
0.528,0.526,0.905,0.451,
0.519,0.504,1,0.428,
0.536,0.531,0.977,0.437,
0.474,0.463,0.939,0.389,
0.537,0.531,0.926,0.425,
0.558,0.55,0.994,0.445,
0.524,0.514,0.876,0.406,
0.487,0.483,0.894,0.386,
0.538,0.524,1,0.468,
0.548,0.54,0.975,0.472,
0.487,0.481,0.908,0.369,
0.498,0.483,1,0.417,
0.463,0.451,1,0.372,
0.443,0.426,1,0.355,
0.526,0.52,1,0.419,
0.424,0.411,0.96,0.326,
0.528,0.51,1,0.457,
0.449,0.436,1,0.359,
0.49,0.48,0.929,0.38,
0.467,0.451,0.92,0.352,
0.562,0.55,1,0.482,
0.494,0.478,1,0.413,
0.536,0.52,1,0.455,
0.538,0.526,1,0.469,
0.532,0.53,0.906,0.41,
0.464,0.45,1,0.383,
0.476,0.463,0.905,0.4,
0.461,0.451,1,0.374,
0.51,0.5,0.918,0.43,
0.537,0.528,1,0.453,
0.458,0.447,0.923,0.369,
0.495,0.483,0.956,0.392,
0.494,0.485,1,0.425,
0.475,0.461,1,0.393,
0.478,0.465,0.862,0.368,
0.501,0.486,1,0.434,
0.519,0.511,0.955,0.389,
0.554,0.54,0.949,0.473,
0.505,0.491,1,0.43,
0.54,0.534,0.988,0.472,
0.5,0.487,0.94,0.425,
0.505,0.504,1,0.427,
0.508,0.499,0.932,0.402,
0.552,0.538,1,0.468,
0.513,0.497,1,0.458,
0.478,0.469,1,0.403,
0.475,0.458,0.91,0.335,
0.532,0.52,1,0.458,
0.506,0.493,1,0.441,
0.529,0.513,1,0.44,
0.537,0.527,0.942,0.432,
0.536,0.523,1,0.449,
0.482,0.465,1,0.417,
0.463,0.445,0.931,0.377,
0.519,0.506,0.927,0.418,
0.529,0.516,1,0.438,
0.519,0.506,1,0.452,
0.443,0.43,1,0.332,
0.504,0.489,1,0.406,
0.495,0.493,0.884,0.379,
0.536,0.524,0.996,0.427,
0.479,0.471,0.942,0.369,
0.667,0.659,1,0.555,
0.643,0.645,0.889,0.521,
0.577,0.561,1,0.506,
0.668,0.661,1,0.578,
0.558,0.547,1,0.422,
0.661,0.661,0.975,0.499,
0.668,0.656,1,0.591,
0.695,0.688,0.989,0.595,
0.526,0.51,0.913,0.383,
0.699,0.696,1,0.553,
0.67,0.667,1,0.583,
0.664,0.663,0.917,0.522,
0.666,0.673,0.928,0.539,
0.702,0.699,0.913,0.641,
0.642,0.647,0.922,0.465,
0.578,0.571,0.966,0.449,
0.462,0.458,0.96,0.37,
0.66,0.651,1,0.579,
0.488,0.482,0.896,0.373,
0.509,0.497,1,0.447,
0.571,0.563,0.997,0.463,
0.578,0.571,0.993,0.509,
0.55,0.54,0.958,0.487,
0.473,0.461,1,0.382,
0.64,0.63,1,0.547,
0.649,0.639,1,0.541,
0.673,0.667,0.918,0.532,
0.648,0.64,0.924,0.492,
0.656,0.651,1,0.569,
0.59,0.593,0.916,0.43,
0.531,0.541,0.937,0.325,
0.613,0.605,1,0.485,
0.535,0.528,0.96,0.406,
0.45,0.436,1,0.354,
0.539,0.524,1,0.452,
0.485,0.479,0.938,0.383,
0.568,0.558,0.966,0.48,
0.466,0.46,1,0.38,
0.468,0.465,0.933,0.351,
0.54,0.528,1,0.475,


0.658,0.65,1,0.575,
0.66,0.653,1,0.592,
0.627,0.624,1,0.505,
0.665,0.663,1,0.58,
0.638,0.627,1,0.553,
0.698,0.698,1,0.595,
0.655,0.646,1,0.587,
0.651,0.655,1,0.532,
0.68,0.671,1,0.638,
0.644,0.644,0.892,0.469,
0.637,0.629,1,0.547,
0.601,0.585,1,0.459,
0.642,0.635,1,0.577,
0.679,0.675,0.933,0.569,
0.704,0.696,0.983,0.545,
0.699,0.692,0.978,0.552,
0.644,0.642,0.864,0.434,
0.628,0.617,1,0.519,
0.597,0.596,1,0.404,
0.625,0.619,1,0.485,
0.678,0.679,0.923,0.514,
0.666,0.649,0.927,0.582,
0.654,0.655,0.872,0.45,
0.662,0.653,1,0.594,
0.677,0.675,1,0.605,
0.668,0.658,1,0.577,
0.631,0.626,1,0.549,
0.669,0.665,1,0.604,
0.62,0.615,1,0.525,
0.58,0.573,0.934,0.475,
0.624,0.618,0.887,0.535,
0.689,0.686,1,0.609,
0.672,0.662,0.917,0.597,
0.702,0.702,0.991,0.585,
0.625,0.623,1,0.492,
0.675,0.664,1,0.507,
0.668,0.659,1,0.591,
0.701,0.696,0.983,0.574,
0.653,0.643,1,0.574,
0.663,0.659,1,0.558,
0.672,0.665,1,0.586,
0.684,0.675,0.933,0.584,
0.696,0.685,1,0.62,
0.63,0.625,0.807,0.454,
0.612,0.613,0.953,0.513,
0.696,0.692,0.977,0.611,
0.62,0.611,1,0.484,
0.67,0.668,0.978,0.537,
0.699,0.695,0.98,0.629,
0.636,0.631,0.97,0.526,
0.672,0.682,0.945,0.5,
0.677,0.674,0.928,0.551,
0.671,0.666,1,0.581,
0.582,0.571,0.953,0.451,
0.624,0.614,1,0.543,
0.607,0.601,1,0.472,
0.668,0.661,0.928,0.534,
0.682,0.676,0.882,0.598,
0.619,0.617,1,0.501,
0.68,0.673,1,0.606,
0.666,0.659,1,0.571,
0.699,0.694,0.996,0.574,
0.659,0.653,1,0.584,
0.678,0.673,0.969,0.541,
0.689,0.685,1,0.625,
0.7,0.695,0.97,0.602,
0.635,0.623,0.908,0.538,
0.633,0.629,1,0.551,
0.53,0.52,0.979,0.445,
0.674,0.678,0.972,0.557,
0.626,0.613,1,0.538,
0.667,0.665,0.967,0.558,
0.667,0.667,1,0.558,
0.67,0.659,1,0.602,
0.613,0.605,1,0.521,
0.603,0.599,1,0.438,
0.665,0.659,1,0.579,
0.65,0.643,1,0.562,
0.697,0.69,0.98,0.582,
0.612,0.61,1,0.474,
0.702,0.698,0.983,0.593,
0.597,0.591,0.819,0.406,
0.655,0.659,0.931,0.536,
0.664,0.667,0.977,0.534,
0.706,0.702,0.953,0.653,
0.63,0.631,1,0.531,
0.655,0.65,0.875,0.524,
0.678,0.669,0.939,0.592,
0.636,0.631,0.968,0.515,
0.677,0.677,0.949,0.57,
0.648,0.637,0.962,0.521,
0.671,0.662,1,0.599,
0.693,0.686,0.977,0.559,
0.663,0.659,0.985,0.486,
0.531,0.523,1,0.457,
0.615,0.62,0.873,0.427,
0.678,0.671,1,0.606,
0.639,0.63,1,0.504,
0.681,0.677,0.943,0.572,
0.671,0.664,1,0.582,
0.7,0.698,0.936,0.61,
0.663,0.657,1,0.574,
0.628,0.629,1,0.534,
0.681,0.674,1,0.605,
0.59,0.584,1,0.475,
0.615,0.613,1,0.523,
0.665,0.651,0.955,0.512,
0.656,0.659,0.888,0.495,
0.648,0.643,0.896,0.465,
0.65,0.643,1,0.572,
0.634,0.631,0.891,0.512,
0.67,0.677,0.919,0.514,
0.677,0.673,1,0.595,
0.607,0.603,1,0.453,
0.704,0.694,0.98,0.645,
0.69,0.685,1,0.587,
0.648,0.643,1,0.549,
0.684,0.678,0.908,0.583,
0.677,0.679,1,0.507,
0.695,0.692,0.992,0.574,
0.661,0.655,1,0.595,
0.656,0.667,0.884,0.494,
0.64,0.637,1,0.541,
0.642,0.639,0.886,0.473,
0.677,0.669,0.937,0.567,
0.655,0.653,1,0.516,
0.665,0.655,1,0.579,
0.699,0.695,0.973,0.61,
0.701,0.696,0.992,0.551,
0.686,0.686,0.991,0.552,
0.678,0.673,0.979,0.532,
0.599,0.589,1,0.515,
0.673,0.677,0.911,0.558,
0.676,0.668,0.934,0.522,
0.7,0.7,0.955,0.62,
0.673,0.665,1,0.596,
0.609,0.599,1,0.513,
0.68,0.675,0.951,0.558,
0.608,0.61,0.914,0.457,
0.664,0.657,1,0.562,
0.674,0.669,0.977,0.615,
0.688,0.685,1,0.53,
0.634,0.627,1,0.505,
0.673,0.667,1,0.594,
0.62,0.616,1,0.516,
0.661,0.655,1,0.581,
0.667,0.669,0.904,0.565,
0.679,0.685,0.967,0.566,
0.639,0.637,1,0.542,
0.641,0.645,0.885,0.463,
0.638,0.633,1,0.545,
0.668,0.661,0.93,0.514,
0.622,0.628,0.942,0.425,
0.649,0.646,1,0.576,
0.702,0.698,0.949,0.636,
0.612,0.61,1,0.485,
0.672,0.667,1,0.582,
0.652,0.644,1,0.545,
0.686,0.675,1,0.608,
0.581,0.572,0.853,0.429,
0.65,0.642,1,0.576,
0.63,0.622,0.877,0.48,
0.648,0.639,1,0.557,
0.661,0.659,0.937,0.498,
0.627,0.623,1,0.511,
0.644,0.638,0.852,0.479,
0.67,0.661,1,0.604,
0.68,0.673,1,0.616,
0.619,0.615,0.939,0.444,
0.646,0.645,1,0.536,
0.62,0.611,1,0.517,
0.699,0.692,0.96,0.585,
0.635,0.629,1,0.536,
0.569,0.562,0.952,0.46,
0.683,0.681,1,0.584,
0.617,0.609,1,0.516,
0.614,0.613,1,0.484,
0.672,0.669,1,0.597,
0.671,0.661,1,0.58,
0.675,0.673,0.957,0.539,
0.653,0.651,0.983,0.528,
0.665,0.653,1,0.601,
0.665,0.655,0.896,0.586,
0.637,0.637,1,0.526,
0.678,0.679,0.976,0.533,
0.699,0.694,0.926,0.649,
0.666,0.655,1,0.581,
0.666,0.661,0.887,0.509,
0.638,0.647,0.857,0.49,
0.678,0.667,1,0.589,
0.642,0.637,0.908,0.477,
0.684,0.677,1,0.614,
0.67,0.661,1,0.619,
0.652,0.642,1,0.57,
0.64,0.634,1,0.565,
0.66,0.653,0.936,0.557,
0.696,0.694,0.999,0.553,
0.708,0.7,0.966,0.641,
0.664,0.655,1,0.593,
0.646,0.646,0.932,0.483,
0.661,0.65,1,0.572,
0.668,0.659,0.915,0.561,
0.526,0.518,1,0.346,
0.664,0.661,1,0.575,
0.676,0.673,1,0.585,
0.616,0.615,1,0.492,
0.636,0.625,1,0.521,
0.656,0.645,0.952,0.547,
0.68,0.67,0.947,0.539,
0.619,0.61,1,0.509,
0.692,0.684,0.964,0.601,
0.681,0.675,0.893,0.579,
0.636,0.633,1,0.519,
0.665,0.658,1,0.59,
0.667,0.661,1,0.584,
0.695,0.686,1,0.584,
0.666,0.666,0.927,0.49,
0.606,0.609,1,0.473,
0.659,0.653,0.915,0.521,
0.625,0.615,0.936,0.51,
0.683,0.677,1,0.62,
0.681,0.685,0.996,0.608,
0.664,0.651,0.894,0.548,
0.672,0.669,1,0.607,
0.632,0.628,1,0.53,
0.602,0.587,1,0.489,
0.708,0.706,0.994,0.553,
0.63,0.627,0.924,0.536,
0.685,0.676,1,0.629,
0.675,0.671,0.971,0.497,
0.661,0.653,1,0.561,
0.627,0.615,1,0.508,
0.659,0.645,1,0.578,
0.625,0.619,1,0.513,
0.649,0.634,0.884,0.465,
0.665,0.656,1,0.565,
0.646,0.643,1,0.539,
0.676,0.677,0.915,0.555,
0.703,0.7,0.996,0.616,
0.637,0.641,0.893,0.507,
0.647,0.639,1,0.564,
0.608,0.616,0.859,0.385,
0.618,0.621,1,0.483,
0.653,0.643,1,0.542,
0.628,0.619,1,0.526,
0.617,0.611,1,0.518,
0.628,0.62,0.982,0.574,
0.688,0.692,0.961,0.595,
0.634,0.631,1,0.539,
0.637,0.633,1,0.525,
0.646,0.639,1,0.527,
0.65,0.639,1,0.559,
0.657,0.654,0.934,0.511,
0.686,0.69,0.914,0.546,
0.622,0.625,1,0.494,
0.633,0.626,1,0.514,
0.668,0.657,0.877,0.542,
0.663,0.655,1,0.54,
0.673,0.663,0.935,0.555,
0.634,0.627,1,0.539,
0.618,0.617,1,0.473,
0.672,0.671,0.899,0.582,
0.664,0.659,0.914,0.582,
0.634,0.628,1,0.531,
0.634,0.626,1,0.541,
0.656,0.677,0.922,0.508,
0.672,0.673,0.969,0.515,
0.679,0.683,0.986,0.547,
0.61,0.601,0.995,0.505,
0.563,0.556,1,0.445,
0.618,0.613,0.991,0.466,
0.596,0.589,0.938,0.48,
0.57,0.566,0.894,0.48,
0.583,0.576,1,0.487,
0.548,0.542,0.95,0.445,
0.524,0.519,1,0.42,
0.586,0.575,1,0.534,
0.582,0.575,0.934,0.482,
0.53,0.526,1,0.422,
0.598,0.587,1,0.56,
0.581,0.572,1,0.501,
0.602,0.597,1,0.488,
0.592,0.579,0.92,0.494,
0.576,0.567,1,0.499,
0.592,0.587,0.862,0.433,
0.602,0.595,0.902,0.512,
0.577,0.562,0.898,0.448,
0.599,0.593,0.91,0.509,
0.61,0.606,0.939,0.473,
0.589,0.577,1,0.531,
0.584,0.577,1,0.492,
0.626,0.623,0.957,0.558,
0.552,0.543,1,0.465,
0.592,0.585,1,0.501,
0.602,0.596,0.918,0.504,
0.578,0.568,1,0.485,
0.595,0.591,0.968,0.505,
0.572,0.565,0.923,0.442,
0.58,0.576,1,0.46,
0.596,0.59,0.981,0.512,
0.552,0.546,1,0.478,
0.6,0.592,1,0.514,
0.585,0.577,1,0.505,
0.593,0.58,1,0.521,
0.588,0.579,0.943,0.474,
0.563,0.559,1,0.456,
0.599,0.596,0.965,0.459,
0.602,0.591,0.987,0.493,
0.574,0.564,1,0.487,
0.575,0.579,0.935,0.447,
0.605,0.597,1,0.493,
0.6,0.593,0.902,0.531,
0.536,0.532,0.9,0.456,
0.581,0.581,1,0.48,
0.582,0.577,0.93,0.449,
0.57,0.565,1,0.464,
0.558,0.551,0.885,0.425,
0.593,0.584,0.92,0.513,
0.61,0.601,0.991,0.558,
0.547,0.54,1,0.426,
0.577,0.573,0.973,0.453,
0.572,0.558,1,0.471,
0.572,0.558,1,0.467,
0.572,0.557,1,0.499,
0.61,0.601,0.887,0.503,
0.586,0.587,0.92,0.496,
0.585,0.581,1,0.49,
0.554,0.54,0.865,0.457,
0.564,0.548,0.905,0.495,
0.613,0.607,0.989,0.528,
0.534,0.533,1,0.436,
0.563,0.552,1,0.44,
0.561,0.556,0.931,0.4,
0.597,0.594,1,0.479,
0.573,0.56,1,0.488,
0.552,0.55,0.837,0.436,
0.572,0.567,1,0.49,
0.559,0.552,1,0.45,
0.616,0.609,1,0.481,
0.593,0.581,0.973,0.513,
0.618,0.615,0.972,0.509,
0.537,0.538,0.945,0.409,
0.602,0.597,0.982,0.506,
0.587,0.582,0.94,0.502,
0.6,0.587,0.928,0.414,
0.594,0.587,1,0.505,
0.521,0.501,1,0.414,
0.573,0.567,1,0.481,
0.608,0.602,0.979,0.508,
0.567,0.562,1,0.485,
0.519,0.507,0.902,0.412,
0.568,0.56,1,0.479,
0.583,0.575,0.884,0.426,
0.561,0.546,1,0.466,
0.564,0.554,1,0.449,
0.584,0.577,1,0.494,
0.553,0.55,1,0.438,
0.569,0.558,1,0.457,
0.556,0.542,1,0.437,
0.573,0.564,1,0.464,
0.586,0.574,1,0.53,
0.583,0.579,1,0.488,
0.564,0.562,1,0.444,
0.543,0.536,1,0.445,
0.573,0.566,1,0.492,
0.576,0.569,1,0.483,
0.56,0.552,1,0.468,
0.579,0.567,1,0.52,
0.58,0.572,1,0.522,
0.605,0.601,0.958,0.525,
0.597,0.589,0.906,0.476,
0.613,0.603,0.991,0.558,
0.579,0.572,1,0.493,
0.603,0.601,1,0.47,
0.583,0.567,1,0.508,
0.574,0.573,0.894,0.434,
0.612,0.608,0.989,0.544,
0.602,0.591,0.894,0.484,
0.575,0.575,0.909,0.455,
0.593,0.589,1,0.528,
0.604,0.6,0.936,0.531,
0.586,0.579,0.91,0.503,
0.558,0.548,1,0.457,
0.592,0.583,1,0.498,
0.559,0.548,1,0.468,
0.53,0.516,1,0.406,
0.577,0.567,1,0.478,
0.564,0.556,0.907,0.418,
0.601,0.595,0.921,0.51,
0.516,0.498,0.905,0.401,
0.524,0.514,0.951,0.424,
0.555,0.55,0.844,0.368,
0.626,0.619,0.984,0.549,
0.569,0.556,1,0.45,
0.539,0.535,1,0.451,
0.553,0.538,1,0.494,
0.545,0.534,1,0.457,
0.572,0.565,1,0.479,
0.587,0.575,0.905,0.52,
0.575,0.57,1,0.44,
0.599,0.595,0.977,0.517,
0.612,0.615,0.939,0.523,
0.606,0.597,0.926,0.524,
0.6,0.593,0.994,0.505,
0.594,0.587,0.876,0.511,
0.566,0.56,0.894,0.436,
0.592,0.583,1,0.497,
0.616,0.613,0.975,0.52,
0.599,0.595,0.908,0.483,
0.574,0.567,1,0.488,
0.552,0.545,1,0.445,
0.555,0.554,1,0.445,
0.57,0.566,1,0.499,
0.559,0.538,0.96,0.414,
0.573,0.567,1,0.485,
0.513,0.506,1,0.396,
0.584,0.581,0.929,0.467,
0.581,0.573,0.92,0.444,
0.615,0.605,1,0.537,
0.567,0.56,1,0.46,
0.613,0.602,1,0.535,
0.6,0.585,1,0.503,
0.591,0.58,0.906,0.483,
0.579,0.575,1,0.495,
0.606,0.597,0.905,0.506,
0.559,0.552,1,0.467,
0.593,0.589,0.918,0.478,
0.581,0.579,1,0.493,
0.578,0.573,0.923,0.446,
0.558,0.548,0.956,0.481,
0.601,0.591,1,0.516,
0.539,0.531,1,0.449,
0.594,0.586,0.862,0.447,
0.578,0.568,1,0.506,
0.579,0.573,0.955,0.473,
0.587,0.582,0.949,0.473,
0.549,0.539,1,0.49,
0.618,0.615,0.988,0.532,
0.603,0.591,0.94,0.484,
0.597,0.593,1,0.514,
0.595,0.595,0.932,0.495,
0.581,0.569,1,0.517,
0.579,0.573,1,0.505,
0.561,0.548,1,0.464,
0.58,0.581,0.91,0.47,
0.601,0.589,1,0.524,
0.571,0.562,1,0.494,
0.582,0.57,1,0.517,
0.595,0.587,0.942,0.451,
0.594,0.587,1,0.481,
0.566,0.557,1,0.491,
0.595,0.585,0.931,0.439,
0.599,0.596,0.927,0.454,
0.574,0.565,1,0.481,
0.573,0.565,1,0.502,
0.505,0.49,1,0.379,
0.604,0.596,1,0.478,
0.593,0.601,0.884,0.491,
0.601,0.594,0.996,0.497,
0.605,0.601,0.942,0.479,
0.67,0.662,1,0.569,
0.662,0.657,0.889,0.536,
0.637,0.629,1,0.52,
0.669,0.659,1,0.577,
0.614,0.606,1,0.473,
0.661,0.645,0.975,0.489,
0.669,0.661,1,0.588,
0.694,0.688,0.989,0.595,
0.645,0.637,0.913,0.483,
0.703,0.702,1,0.564,
0.67,0.663,1,0.585,
0.672,0.672,0.917,0.541,
0.697,0.696,0.928,0.589,
0.702,0.696,0.913,0.641,
0.678,0.673,0.922,0.508,
0.585,0.583,0.966,0.47,
0.546,0.538,0.96,0.481,
0.671,0.667,1,0.586,
0.538,0.532,0.896,0.393,
0.578,0.569,1,0.469,
0.601,0.595,0.997,0.496,
0.616,0.601,0.993,0.548,
0.615,0.604,0.958,0.558,
0.566,0.56,1,0.483,
0.66,0.655,1,0.582,
0.676,0.669,1,0.613,
0.682,0.683,0.918,0.544,
0.674,0.671,0.924,0.51,
0.656,0.649,1,0.56,
0.645,0.651,0.916,0.5,
0.659,0.672,0.937,0.46,
0.627,0.627,1,0.531,
0.609,0.607,0.96,0.496,
0.552,0.544,1,0.459,
0.596,0.583,1,0.522,
0.58,0.578,0.938,0.471,
0.601,0.593,0.966,0.513,
0.553,0.548,1,0.479,
0.565,0.555,0.933,0.458,
0.588,0.581,1,0.497,




Further Data analysis of all test cases 
avg med max min 
AVGs,0.613,0.612,0.686,0.431,
MEDs,0.606,0.606,0.678,0.426,
MAXs,0.965,0.98,1,0.785,
MINs,0.576,0.585,0.678,0.293,


AVGs,0.575,0.571,0.707,0.301,
MEDs,0.568,0.563,0.706,0.283,
MAXs,0.969,1,1,0.804,
MINs,0.47,0.458,0.649,0.203,


AVGs,0.624,0.624,0.708,0.505,
MEDs,0.618,0.619,0.706,0.49,
MAXs,0.969,1,1,0.807,
MINs,0.517,0.513,0.653,0.346,



