

Data analysis for each instance 
AVG,MED,MAX,MIN
1284.42,1218.5,3353,1110,
1216.28,1158.5,3009,1039,
1156.38,1111.5,2919,1016,
1570.1,1520.5,4069,1363,
1115.7,1077,2814,954,
1145.66,1095.5,2888,1003,
1122.8,1065,2832,996,
1167.3,1114.5,3032,977,
1137.1,1081.5,2984,937,
1418.44,1366.5,3797,1190,
1313.96,1285.5,3481,1127,
1248.48,1195.5,3275,1070,
1360.36,1299,3560,1179,
1537.64,1480.5,4095,1295,
1230.56,1173,3199,1070,
1152.22,1109,2929,975,
1529.94,1454,3968,1245,
1393.46,1313.5,3581,1169,
1445.2,1372,3739,1262,
1647.62,1564,4318,1409,
1361.88,1290,3488,1144,
1818.6,1736,4813,1561,
1301.18,1247,3346,1132,
1546.74,1488.5,3973,1342,
1103.14,1053.5,2788,940,
1328.86,1286.5,3430,1148,
1335.04,1266.5,3493,1170,
1470.62,1398,3811,1297,
1182.02,1139.5,3030,1021,
1631.7,1555,4406,1384,
1523.74,1458.5,3945,1239,
1132.76,1102,2796,917,
1403.14,1344,3574,1218,
1153.9,1116,2914,985,
1532.86,1458,3962,1282,
1091.12,1034.5,2852,967,
1198.74,1144.5,3146,987,
1315.58,1269,3308,1133,
1297.68,1247.5,3397,1140,
1194.16,1142,3174,1040,
1135,1078.5,2999,971,
1316.04,1262.5,3455,1072,
1220.28,1166.5,3204,1083,
1467.26,1395.5,3871,1255,
1479.34,1402,3876,1253,
1296.6,1244.5,3440,1096,
1380.38,1313.5,3639,1152,
1268.24,1213,3319,1101,
1171.76,1125,3055,1026,
1558.6,1490.5,3980,1318,
1710.5,1633.5,4473,1515,
1259.48,1195,3299,1111,
1181.32,1136.5,3003,1016,
1495.4,1430.5,3843,1255,
1140.36,1092.5,2879,975,
1256.64,1206,3244,1050,
1521,1472,4073,1294,
1203.68,1144.5,3095,1039,
1308.52,1251,3356,1106,
1275.12,1235,3297,1111,
1204.42,1156.5,3116,1083,
1334.26,1278.5,3490,1163,
1318.4,1279,3367,1090,
1247.82,1192.5,3232,1059,
1165.36,1121,2995,1012,
1095.1,1065,2827,957,
1772.72,1687.5,4704,1473,
1121.12,1075,2878,945,
1815.16,1662,5065,1580,
1379.06,1307,3646,1164,
1371.04,1306,3577,1166,
1278.16,1220,3353,1124,
1311.04,1262.5,3350,1062,
1251.96,1209.5,3247,1089,
1364.38,1308.5,3512,1147,
1106.6,1058.5,2961,946,
1298.62,1248.5,3359,1127,
1371.38,1309.5,3600,1150,
1085.94,1045,2813,960,
1104.58,1053.5,2749,947,
1205.36,1156,3065,1038,
1638.12,1565,4304,1414,
1758.96,1674.5,4652,1472,
1251.3,1204,3167,1042,
1352.64,1303,3473,1193,
1369.02,1308.5,3580,1184,
1380.02,1290.5,3700,1157,
1107.22,1060.5,2880,939,
1495.88,1430,3922,1263,
1261.92,1205.5,3289,1069,
1543.64,1472.5,3969,1271,
1177.14,1121.5,3080,1023,
1169.86,1120,3072,1022,
1189.62,1133.5,3087,1022,
1725.76,1629,4584,1469,
1763.64,1686.5,4680,1499,
1159.94,1113.5,3071,978,
1368.36,1299,3522,1129,
1228,1167.5,3247,1052,
1248.88,1191.5,3244,1079,
1009.06,965.5,2619,876,
1214.66,1175.5,3173,1030,
1344.8,1287,3620,1116,
1238.12,1193,3235,1092,
1370.58,1318.5,3518,1153,
1383.74,1337,3639,1169,
1420.52,1378.5,3712,1222,
1346.1,1289,3521,1166,
1107.44,1045,2938,914,
1189,1125,3065,1056,
2492.8,2350,6582,2113,
1291.72,1221,3380,1119,
1149.68,1096,3035,1010,
1517.7,1458.5,3828,1249,
1095.32,1042,2855,957,
1076.82,1034.5,2763,923,
1250.58,1187,3206,1096,
1445.82,1369.5,3777,1233,
1210.5,1185.5,3005,1000,
1380.5,1325.5,3705,1172,
1524.02,1462,3998,1323,
1491.74,1438,3935,1267,
1170.08,1121.5,3022,986,
1516.46,1447.5,3887,1260,
1244.84,1187,3228,1073,
1500.14,1426,3781,1287,
1168.28,1129,2936,993,
1244.96,1174,3250,1068,
1180.66,1121,3083,1011,
1151.08,1109.5,2908,980,
1136.98,1095.5,2911,964,
1327.58,1267,3424,1133,
1210.64,1169.5,3093,1028,
1188.38,1127,3079,1017,
1186.28,1129,3134,1040,
1135.64,1087,2923,1003,
1462.42,1396,3826,1183,
1185.18,1125.5,3114,1006,
1510.02,1422.5,3951,1266,
1211.12,1156.5,3177,1052,
1280.82,1236.5,3394,1078,
1253.22,1190,3218,1121,
1299.16,1245,3412,1094,
1472.72,1420,3834,1268,
1718.22,1631,4464,1496,
1185.5,1132.5,3072,1037,
1438.22,1373,3745,1233,
1229.14,1166,3179,1063,
1369.1,1301,3555,1195,
1579.84,1510.5,4129,1407,
1421.9,1370.5,3677,1233,
1437.48,1366,3738,1187,
1467.12,1409,3846,1217,
1365.74,1303.5,3532,1180,
1191.76,1149,2957,1027,
1441.7,1382.5,3799,1228,
1222.84,1173.5,3166,1062,
1303.72,1244.5,3445,1115,
1023.98,980,2604,883,
1801.72,1704,4793,1473,
1215.34,1160.5,3156,1051,
1623.58,1536,4161,1350,
1346.72,1291.5,3508,1178,
1171.28,1119,2970,989,
1437.46,1384.5,3721,1176,
1683.24,1614,4380,1427,
1345.5,1291,3442,1184,
1095.2,1071,2780,943,
1322.66,1269.5,3335,1139,
1305.6,1244.5,3394,1115,
1304.82,1242,3359,1085,
1233.52,1182,3218,1082,
1210.86,1162,3153,1026,
1518.18,1453,4009,1296,
1159.24,1112,2918,1000,
1221.86,1162.5,3167,999,
1199.3,1156,3124,1002,
1220.14,1171.5,3168,1080,
1177.08,1148,2820,1020,
1399.68,1344.5,3630,1228,
1289.6,1227.5,3268,1113,
1211.6,1160,3108,1052,
1273.72,1225,3303,1075,
1412.62,1336.5,3696,1233,
1123.56,1081.5,2942,945,
1175.98,1125,3077,1030,
1320.1,1266,3459,1131,
1528.02,1460.5,4078,1308,
1720.4,1653.5,4533,1437,
1175.84,1131.5,2987,1013,
1672.14,1578,4402,1372,
1307.64,1247.5,3362,1149,
1123.1,1075,2953,977,
1401.16,1340.5,3649,1212,
1217.46,1164.5,3146,1033,
1669.92,1587.5,4404,1396,
1103.9,1047.5,2884,962,
1153.38,1097.5,3022,998,
1234.4,1180,3126,1090,
1837.54,1752,4832,1575,
1278.94,1236,3256,1109,
1316.1,1256.5,3361,1152,
1761.56,1627,4644,1425,
1243.98,1196,3143,1054,
1152.16,1107,2972,959,
1238.82,1177.5,3256,1082,
1439.02,1375,3627,1224,
1560.5,1498,4064,1322,
1343.46,1293,3495,1157,
1207.3,1150.5,3016,976,
1195.04,1155,3009,974,
1365.74,1304,3540,1174,
1317.36,1260,3387,1150,
1271.98,1232.5,3212,1112,
1272.2,1218,3318,1130,
1088.4,1041,2846,960,
1296.74,1234.5,3332,1118,
1152.58,1111,3064,984,
1411.46,1343.5,3647,1140,
1550.48,1469.5,4063,1261,
1276.4,1233,3324,1075,
1283.88,1230,3305,1053,
1374.42,1309.5,3605,1164,
1444.74,1368,3732,1234,
1257.86,1208,3331,1092,
1424.48,1349,3770,1219,
1132.26,1078.5,2945,977,
1304.38,1251,3454,1079,
1351.52,1290,3514,1152,
1191.06,1154.5,3091,1013,
1234.7,1167,3240,1059,
1167.56,1123,3043,985,
1235.54,1187.5,3187,1019,
1313.54,1261,3532,1071,
1425.24,1375,3722,1243,
1359.96,1307,3492,1165,
1480.26,1438,4043,1186,
1218.94,1155.5,3157,1041,
1015.1,982.5,2583,893,
1519.26,1464,3900,1236,
1424.46,1364.5,3726,1233,
1345.36,1274,3548,1133,
1266.84,1206,3356,1056,
1300.12,1249.5,3403,1118,
1386.5,1334,3638,1196,
1257.48,1216,3111,1046,
1427.12,1357.5,3771,1205,
1110.18,1068.5,2922,959,
1450.36,1412.5,3711,1207,
1240.18,1186.5,3212,1091,
1620.68,1556.5,4237,1379,
1080.32,1039,2816,965,
1213.04,1152,3090,973,
1193.12,1149,3007,1020,
1442.78,1376.5,3815,1227,
1624.82,1561.5,4269,1357,
1420.16,1351,3755,1242,
1157.52,1115.5,2903,976,
1608.9,1537.5,4273,1306,
1415.16,1354.5,3591,1143,
1315.2,1266,3260,1139,
1216.3,1157,3109,1013,
1356.08,1288,3538,1169,
1302.3,1245.5,3371,1153,
1132.04,1089.5,2814,964,
1200.3,1159,3165,925,
1276.6,1223,3321,1082,
1428.6,1364.5,3719,1245,
929.92,889,2522,829,
884.52,845.5,2376,781,
887.7,847.5,2387,784,
990.84,942,2644,856,
968.68,916,2647,828,
920.1,875,2482,799,
1131.8,1068.5,3087,1002,
924.06,884.5,2494,795,
790.02,753.5,2184,663,
960.16,917.5,2572,828,
1149.5,1089.5,3083,972,
879.9,834,2389,785,
983.5,934.5,2678,855,
867.54,822,2370,761,
914.26,864.5,2474,793,
957.96,917.5,2621,839,
1253.88,1183,3431,1106,
890.58,841,2402,788,
1213.88,1109.5,3396,1044,
911.96,874.5,2446,777,
954.16,908,2594,812,
1017.28,970.5,2691,899,
858.3,807.5,2330,763,
711.32,675.5,1905,621,
969.46,919.5,2608,869,
862.6,824,2319,759,
984.9,938,2638,866,
874.98,831.5,2424,758,
895.92,850.5,2425,784,
988.34,933,2729,848,
975.04,934.5,2621,840,
996.94,947.5,2693,879,
889.46,846.5,2402,773,
881.02,847.5,2309,770,
732.68,695.5,1994,658,
792.88,759.5,2110,689,
1072.36,1020,2920,925,
994.3,948.5,2715,849,
733.04,695,1960,654,
964.68,916,2627,819,
861.06,819,2343,751,
936.38,895.5,2471,802,
796,761.5,2119,684,
955.24,902,2600,831,
956.12,904.5,2639,821,
1057.44,996.5,2899,925,
901.9,852.5,2476,784,
797.06,758,2129,695,
785.18,746,2196,681,
981.06,922,2664,854,
852.36,813.5,2247,759,
946.8,900.5,2609,841,
850.36,806,2320,750,
854.9,820,2307,745,
910.96,857.5,2485,798,
909.12,851.5,2434,762,
1060.82,1001.5,2881,900,
963.72,912.5,2618,828,
911.28,868,2421,780,
1005.16,953.5,2715,879,
1004.6,945,2650,880,
920.34,875,2490,815,
1172.22,1114.5,3176,993,
762.32,728.5,2043,678,
1005.08,948.5,2719,885,
897.62,844.5,2380,780,
902.04,858,2416,781,
955.26,908,2599,815,
1012.3,962.5,2696,883,
1022.72,959,2792,865,
793.42,756,2136,716,
790.3,744.5,2123,698,
803.62,766.5,2179,717,
1250.48,1184,3472,1106,
856.1,818,2324,759,
959.14,913,2571,818,
1206.96,1142.5,3296,1027,
814.36,774.5,2155,703,
897.52,841.5,2465,772,
959.04,912,2593,854,
903.18,851.5,2403,802,
867.58,820,2327,765,
1089.12,1029.5,2995,924,
1061.68,998,2872,924,
1008.6,958.5,2692,842,
939.9,886,2569,823,
848.26,802,2283,740,
1000.28,945,2717,910,
981.32,918.5,2662,845,
783.82,742,2148,670,
970.16,923,2609,825,
948.66,903.5,2578,833,
872.92,829,2354,774,
924.12,880,2498,809,
1102.48,1039,3032,963,
861.12,807.5,2275,716,
958.18,913,2618,841,
865.82,823.5,2339,766,
1092.58,1020.5,2997,959,
895.52,859.5,2343,780,
838.36,793.5,2255,734,
876.74,834,2348,777,
977.5,935.5,2620,841,
848.68,808,2243,731,
781.26,742,2093,682,
917.86,873,2476,776,
869.84,820,2372,770,
1007.38,947.5,2720,882,
767.3,736.5,2034,677,
1066.36,1004,2891,915,
1113,1052,3036,1001,
904.62,866,2445,788,
1017.7,960,2764,883,
814.58,775.5,2268,688,
1097.48,1039,2981,936,
864.5,822,2321,726,
882.68,840,2386,794,
942.72,894.5,2582,845,
809.66,768.5,2132,715,
956.64,901,2537,801,
963.26,910.5,2589,829,
1150.96,1089,3110,971,
944.12,891,2786,879,
1052.46,997,2896,905,
818.8,780.5,2206,723,
792.46,747.5,2081,700,
912.32,872.5,2490,798,
1102.4,1048.5,3040,955,
1088.96,1034,2956,918,
952.26,907.5,2579,833,
949.64,905.5,2558,829,
948.46,904,2561,811,
876.78,826,2373,745,
954.88,895.5,2718,843,
867.5,821,2294,741,
934.66,887,2537,825,
1001.98,950.5,2742,893,
1042.18,991.5,2799,892,
846.06,810,2318,738,
838.54,798.5,2269,745,
1127.52,1057,3069,992,
898.02,851,2362,771,
841.5,800,2243,715,
1070.42,1016,2888,907,
859.34,817.5,2343,752,
930.48,884.5,2517,822,
795.66,758.5,2133,693,
994,927.5,2681,847,
1111.8,1047.5,3035,969,
1168.06,1118.5,3217,1008,
863.9,826.5,2351,742,
884.68,838.5,2395,791,
1002.18,954.5,2718,874,
776.42,749,2092,653,
918.34,874,2443,799,
986.06,930.5,2664,851,
1039.5,982,2799,881,
1046.22,996,2790,907,
1063.76,1011,2910,917,
822.62,783,2201,710,
1269.08,1186,3537,1109,
928.64,891.5,2523,808,
1029.32,969,2773,917,
932.38,878.5,2517,822,
1195.16,1134,3202,1020,
947.54,898,2599,828,
962.48,907,2571,838,
995.26,942,2825,843,
878.62,832,2381,763,
913.58,872.5,2414,812,
981.88,928.5,2621,854,
786.72,746,2111,687,
886.98,842,2408,771,
824.12,782.5,2209,721,
965.5,916,2599,841,
921.44,875.5,2481,808,
1142.2,1071.5,3139,974,
796.54,758.5,2104,681,
928.5,883,2526,802,
929.16,876,2475,825,
921.9,870.5,2456,814,
862.18,813,2339,752,
961.24,912,2580,850,
1156.48,1108,3171,991,
990.52,937,2690,862,
788.44,747,2104,685,
872.52,836.5,2389,758,
1077.82,1022.5,2956,927,
1014.2,964.5,2718,911,
979.3,927.5,2577,834,
915.16,867,2448,802,
1152.46,1089,3095,988,
1210,1159,3061,1030,
1272.48,1229,3279,1063,
1387.36,1317,3624,1156,
1084.2,1052,2791,953,
1171.7,1130.5,3076,988,
1229.86,1186,3117,1052,
1184.54,1127,3159,1035,
1154.74,1096.5,2959,997,
1354.7,1284.5,3529,1108,
1145.74,1102,2968,968,
1210.84,1165,3008,1018,
1153.1,1099,3041,1000,
1331.88,1272,3453,1170,
1076.72,1029.5,2723,927,
1342.64,1279,3485,1114,
1395.98,1313.5,3548,1143,
896.9,845,2410,743,
1196.76,1147.5,3086,1029,
1200.46,1138.5,3211,994,
900,857,2416,786,
818.14,781.5,2153,710,
858.12,813.5,2295,760,
951.92,910.5,2606,831,
875.06,829,2395,775,
1415.12,1359,3614,1219,
1391.6,1331,3624,1216,
1114.84,1051,2967,966,
1406.94,1332.5,3856,1196,
1158.06,1113,2965,996,
1555.98,1475.5,4028,1262,
1161.58,1064,3332,1043,
1391.52,1333.5,3582,1122,
1006.58,953,2724,870,
966.54,917.5,2623,852,
733.42,705.5,1972,640,
857.06,819,2256,727,
903.94,865.5,2446,793,
994.38,934,2704,838,
1113.06,1045.5,3024,945,
898.84,857,2442,774,


1198.04,1152.5,3354,1059,
1096.42,1057,3029,936,
1012.84,945.5,2902,911,
1410.62,1341.5,4095,1272,
999.62,937.5,2843,882,
1068.9,1028.5,2966,946,
1029.22,986,2856,887,
1059.4,1009,3041,934,
1054.42,993.5,2971,904,
1292.4,1231.5,3817,1158,
1142.28,1095.5,3430,1059,
1164.84,1114.5,3306,1054,
1249.46,1193,3591,1108,
1338.8,1276,4017,1229,
1131.5,1089.5,3137,1009,
1059.58,1014.5,2902,932,
1290.14,1227,4090,1169,
1204.24,1142,3618,1076,
1254.94,1193.5,3655,1137,
1440.06,1367,4393,1324,
1160.56,1106.5,3508,1067,
1574.26,1506.5,4833,1460,
1139.68,1074,3352,1035,
1366.92,1310.5,3916,1242,
1008,965,2745,868,
1219.88,1169,3416,1101,
1218.8,1170,3509,1099,
1306.96,1246.5,3820,1187,
1056.32,988.5,3040,945,
1502.1,1414.5,4427,1318,
1280.14,1227,3902,1159,
1006.92,956,2997,888,
1205.96,1147,3627,1113,
1054.26,1008.5,2921,931,
1382.16,1318,3959,1243,
1038.94,999.5,2858,908,
1074.36,1016,3162,988,
1220.26,1162,3318,1090,
1202.7,1152,3401,1080,
1097.4,1052,2999,962,
1032.12,979.5,2992,906,
1144.72,1090,3448,1066,
1087.58,1041.5,3071,995,
1327.24,1258,3946,1199,
1269.12,1203,3854,1159,
1202.86,1163,3405,984,
1231.62,1163.5,3584,1116,
1111.86,1063.5,3340,1019,
1099.16,1044.5,2995,975,
1320.12,1247.5,3978,1230,
1528.06,1459,4480,1401,
1141.86,1085,3197,1004,
1091.5,1044,2953,952,
1287.98,1215,3931,1180,
1018.32,958,2873,881,
1075.98,1023.5,3173,997,
1338.5,1266,3973,1221,
1080.62,1033,3125,976,
1151.16,1086.5,3308,1050,
1145.12,1091.5,3344,1038,
1098.46,1048,3114,979,
1221.18,1165.5,3481,1108,
1158.22,1105.5,3362,1039,
1104.74,1048.5,3226,1008,
1072.52,1032.5,3015,961,
1036.02,998.5,2824,902,
1522.4,1458.5,4735,1427,
1041.18,1000,2864,908,
1648.68,1575,4938,1510,
1244.86,1174.5,3726,1126,
1198.16,1140,3556,1105,
1143.22,1085.5,3333,1042,
1135.72,1075.5,3375,1043,
1141.84,1105,3181,1017,
1160.54,1108.5,3459,1091,
1022.04,961,2978,922,
1188.92,1131.5,3360,1065,
1233.88,1181.5,3613,1084,
997.86,949.5,2826,900,
1011.78,980.5,2915,864,
1107.6,1062,3155,954,
1439.3,1375,4341,1308,
1531.94,1465,4602,1404,
1062.46,1014,3185,981,
1222.92,1178.5,3509,1090,
1228.9,1177.5,3517,1115,
1242.88,1153.5,3670,1121,
958.96,908.5,2862,876,
1282.72,1229.5,4003,1175,
1123.44,1067,3196,1020,
1311,1253,3964,1200,
1068.54,1024,3081,968,
1089.84,1042.5,3064,980,
1078.6,1016,3090,958,
1466.2,1402.5,4514,1381,
1527.62,1460.5,4731,1433,
1080.56,1026,3089,949,
1222.38,1151.5,3614,1081,
1091.36,1037,3234,1000,
1124.26,1059,3312,1016,
966.6,922.5,2532,844,
1086.42,1029.5,3158,987,
1222.68,1169.5,3499,1070,
1104.72,1046,3231,1002,
1173.12,1115.5,3482,1077,
1228.08,1153.5,3588,1117,
1240.58,1173.5,3716,1128,
1166.92,1109.5,3528,1062,
982.12,933,3033,888,
1098.62,1052,3087,981,
2120.6,2032.5,6695,1960,
1191.06,1124,3344,1048,
1083.88,1043,3006,958,
1321.34,1259,3783,1173,
1044.32,1003.5,2830,919,
987.74,938,2810,873,
1128.84,1063.5,3281,1015,
1272.6,1208,3734,1170,
1097.32,1052,3265,948,
1253.42,1186,3719,1157,
1352.94,1295.5,3885,1222,
1320.72,1264.5,4040,1206,
1029.5,971.5,2959,943,
1291.26,1229,3935,1192,
1100.6,1042,3240,992,
1234.68,1179.5,3833,1148,
1093.04,1043.5,2922,970,
1075.38,1027,3262,1005,
1093.78,1048,3062,969,
1006.56,950,2869,888,
1021.74,971,2908,917,
1178.02,1116,3477,1070,
1122.94,1068.5,3100,1007,
1029.52,985,3002,948,
1094.36,1038.5,3078,966,
1044.7,1000,2935,934,
1311.8,1252,3659,1174,
1051.08,998,3080,947,
1283.66,1229,3965,1212,
1105.76,1040,3186,988,
1165.58,1095,3418,1063,
1149.4,1091,3202,1039,
1177.4,1107.5,3412,1063,
1321.94,1263.5,3856,1208,
1481.84,1418.5,4454,1382,
1059.1,1012,3075,969,
1285.06,1227.5,3758,1148,
1072.06,1025.5,3138,997,
1197.68,1133,3552,1092,
1401.68,1333,4214,1262,
1260.48,1190,3759,1142,
1272.7,1217,3466,1142,
1258.38,1203,3959,1139,
1227.16,1168.5,3487,1124,
1087.5,1044,2991,956,
1289.3,1230.5,3759,1164,
1143.16,1094,3238,1033,
1191.98,1140.5,3473,1066,
976.8,935.5,2690,855,
1556.78,1492,4666,1437,
1066.44,1012.5,3170,981,
1385.74,1316,4207,1282,
1183.56,1126,3494,1097,
1040.3,978,3029,934,
1278.82,1214,3754,1143,
1490.16,1415.5,4448,1342,
1225.38,1161.5,3590,1096,
1032.46,987,2779,895,
1147,1082.5,3450,1043,
1173.38,1125,3407,1065,
1160.58,1106,3385,1066,
1120.28,1071.5,3193,1013,
1094.68,1034,3190,985,
1360.2,1292.5,4130,1246,
1066.84,1029.5,2897,942,
1082.78,1030.5,3124,981,
1084.72,1011.5,3053,977,
1111,1059.5,3172,1001,
1087.52,1059,2881,906,
1264.7,1210,3582,1162,
1116.5,1041.5,3318,1015,
1129.02,1077,3102,991,
1125.84,1057.5,3359,1003,
1290.26,1236,3624,1171,
1018.36,956,2929,917,
1097.14,1045.5,3111,989,
1211.6,1154.5,3530,1099,
1332,1269.5,3890,1215,
1468.8,1410.5,4526,1377,
1086.82,1039.5,3049,965,
1430.14,1366,4413,1326,
1190.68,1138,3436,1072,
1050.34,1003,2967,958,
1235.1,1167.5,3654,1141,
1068.66,1005.5,3134,973,
1427.8,1368,4349,1345,
1012.9,965,2854,891,
1051.52,989.5,2997,942,
1143.12,1101,3236,1013,
1579.1,1503,4776,1481,
1166.52,1119,3219,1059,
1170.26,1105,3364,1039,
1483.56,1415,4784,1328,
1146.2,1103,3124,995,
1014.6,971.5,2965,925,
1105.24,1053.5,3180,1002,
1293.42,1228.5,3645,1157,
1382.58,1311,4111,1254,
1210.46,1156,3485,1097,
1015.1,958.5,3087,929,
1040.6,974,2985,942,
1230.26,1168.5,3514,1109,
1200.08,1153,3353,1099,
1103.22,1048,3231,1003,
1135.32,1077,3341,1042,
1026.66,984.5,2786,905,
1174.84,1123,3340,1056,
1053.98,993,3025,944,
1194.24,1139,3679,1112,
1324.5,1267.5,4099,1228,
1155.32,1105,3320,1049,
1119.24,1053,3274,1011,
1204.54,1148.5,3524,1099,
1280.58,1219,3778,1169,
1166.3,1122.5,3231,1035,
1259.24,1202.5,3734,1152,
1059.34,1014.5,2902,927,
1163.8,1108,3472,1068,
1198.9,1139,3533,1100,
1061.9,1009,3068,947,
1133.94,1081,3228,1006,
1072.7,1021.5,3003,966,
1117.88,1071,3201,997,
1163.96,1114,3421,1056,
1245.46,1179.5,3722,1161,
1235.96,1187,3459,1104,
1356.1,1296,4034,1249,
1131.3,1085.5,3166,1001,
946.4,904,2586,840,
1296.96,1225.5,4007,1184,
1290.22,1236,3716,1166,
1218.38,1141.5,3602,1079,
1145.18,1073,3319,1028,
1175.66,1121.5,3456,1061,
1262.58,1204,3580,1153,
1108.14,1065,3179,954,
1231.36,1170.5,3768,1144,
1017.38,960,2938,907,
1300.18,1257,3659,1152,
1113.78,1066,3149,1000,
1431.12,1354,4229,1320,
999.62,959,2807,885,
1022.12,966.5,3097,940,
1085.2,1030.5,3017,951,
1290.22,1233,3697,1174,
1437.92,1370,4181,1338,
1268.64,1208,3776,1147,
1046.6,994,3108,903,
1408.92,1341.5,4277,1308,
1257.78,1196,3620,1113,
1192.88,1158.5,3554,1030,
1071.6,1016.5,3115,975,
1222.98,1153.5,3547,1110,
1183.46,1132.5,3390,1070,
1021.5,972.5,2971,905,
1124.22,1076.5,3185,998,
1132.2,1072,3334,1032,
1254.92,1186.5,3677,1161,
874.14,835,2504,782,
820.8,785.5,2416,731,
826.54,783,2403,751,
870.12,829,2658,814,
881.66,842.5,2653,807,
832.38,791,2462,752,
1003.82,960,3089,954,
851.3,807,2472,765,
746.94,706.5,2103,670,
865.28,823,2584,803,
1020.18,970.5,3103,936,
808.84,773.5,2388,737,
914.38,871,2656,822,
817.16,783,2240,725,
851.36,799,2502,762,
887.32,843,2627,769,
1120.6,1067,3467,1046,
837.94,799,2446,726,
1087.34,1043,3258,1008,
850.24,812.5,2443,756,
854.92,809,2603,784,
921.34,875.5,2712,852,
821.54,783,2321,736,
694.44,656,1912,612,
889.66,848,2576,809,
800.3,767,2306,723,
899.36,848.5,2640,818,
830.94,793,2429,739,
804.5,767.5,2390,737,
901.24,845,2788,804,
884.6,834,2644,803,
901.86,856,2689,843,
803.02,758,2412,734,
832.4,796,2304,727,
708.54,674,1998,633,
711.68,673.5,2110,655,
983.6,935,2857,887,
895.3,846.5,2699,832,
709.64,681.5,1958,616,
871,820.5,2629,796,
815.66,776.5,2335,708,
819.72,777,2486,759,
754.38,719.5,2119,671,
865.18,822,2573,786,
860.14,823.5,2655,803,
970.1,918,2829,879,
835.22,788,2491,752,
752.22,714,2098,668,
740.16,699.5,2245,663,
879.26,834,2690,817,
803.02,767.5,2250,698,
880.02,832,2588,805,
784.36,740,2334,717,
776.78,727.5,2312,708,
847.26,804,2465,768,
834.2,790,2442,757,
952.28,905,2759,869,
897.88,853.5,2645,811,
849.28,810,2414,756,
925.96,878.5,2703,845,
911.02,873.5,2712,818,
869.34,829,2512,776,
1035.2,989.5,3159,973,
734.72,701.5,2083,646,
916.36,862,2704,826,
832.96,792,2401,745,
831.26,784,2455,744,
867.78,821,2615,774,
897.36,856.5,2741,832,
929.66,882.5,2869,842,
755.68,717,2071,671,
741.78,710.5,2132,663,
748.78,712,2178,687,
1123.58,1075.5,3490,1039,
800.88,765.5,2319,718,
882.66,834,2573,793,
1065.14,1019,3354,991,
778.56,732.5,2213,683,
826.26,775.5,2450,756,
895.8,852,2622,813,
825.06,784,2412,750,
796.16,753.5,2334,724,
963.94,922,3006,901,
959.42,912.5,2815,877,
869.34,830,2689,812,
857.4,809,2552,779,
780.14,733.5,2257,710,
916.8,876,2729,845,
896.36,844.5,2654,804,
734,695.5,2145,641,
866.48,816,2569,787,
880,831,2593,797,
802.7,758,2357,716,
848.98,797.5,2573,770,
1004.04,953.5,3027,926,
743.62,711,2255,672,
880.6,838.5,2639,808,
801.02,759.5,2351,716,
983.4,932,2947,919,
838.54,809,2335,745,
793.96,744.5,2298,694,
815.7,777,2306,727,
884.44,827,2648,795,
789.84,747.5,2274,697,
733.68,701.5,2086,656,
847.88,805.5,2447,779,
827.2,789,2376,746,
932.74,882,2736,848,
731.18,696,2034,658,
988.98,934,2915,880,
1016.34,959,3062,929,
823.96,779,2439,739,
927.88,879,2769,848,
750.74,710.5,2255,658,
996,948.5,3020,905,
807.26,768.5,2285,722,
818.6,780.5,2365,737,
863.06,817,2511,788,
774.12,739.5,2179,700,
827.4,791,2554,767,
872.78,823,2561,800,
1000.18,961,3053,938,
905.7,869,2812,839,
976.58,923,2903,876,
762.7,727.5,2142,687,
730.36,691.5,2078,650,
830.84,783.5,2450,755,
1012.18,959.5,3085,914,
972.54,926.5,2973,898,
883.72,851.5,2600,778,
856.72,811.5,2571,787,
884.44,836,2571,793,
811.68,772.5,2447,727,
898.02,850,2629,823,
756.8,727,2274,709,
865.96,829,2520,790,
910.72,867.5,2742,835,
947.2,899.5,2861,866,
781.86,752.5,2182,698,
782.56,745,2243,705,
1016.22,961.5,3082,939,
813.3,760,2366,729,
745.22,706,2229,692,
943.36,901,2889,873,
797.36,755,2307,709,
812.8,776,2503,770,
753.98,719.5,2113,668,
910.58,852.5,2681,797,
1008.5,955,3053,921,
1046.86,998.5,3167,968,
816.44,780.5,2360,747,
805.32,761.5,2375,742,
927.9,886,2739,857,
752.04,722,2260,654,
853.36,808.5,2455,763,
886.9,846.5,2631,820,
933.02,881,2810,853,
941.4,889,2729,857,
973.18,919,2951,889,
777.08,734.5,2204,688,
1160.76,1103,3467,1077,
857.44,822.5,2555,777,
924.64,882,2834,857,
849.52,803,2525,778,
1054.1,1004,3277,961,
878.1,838.5,2541,798,
880.46,838,2536,798,
933.98,902.5,2561,814,
818.7,772,2420,737,
851.06,809.5,2422,768,
867.44,824,2615,797,
724.36,681.5,2111,659,
822.02,780,2411,750,
748.2,706,2211,686,
881.4,835,2579,809,
848.04,806.5,2361,755,
1031.52,984,3156,959,
738.46,705,2090,651,
846.98,798,2450,760,
839.86,788,2455,764,
851.86,816,2459,764,
790.74,745.5,2310,721,
870.46,825,2565,800,
1035.9,992,3132,975,
900.84,853.5,2766,818,
746.46,705.5,2111,669,
816.14,770,2376,737,
983.8,937,2833,891,
919.24,876,2751,843,
861.92,809,2578,788,
833.6,793,2439,755,
1040.06,985.5,3132,946,
1113.58,1065.5,3037,972,
1150.1,1092.5,3319,1042,
1206.42,1153.5,3624,1127,
1013.62,963.5,2793,895,
1017.12,973,2989,922,
1081.4,1017.5,3162,969,
1107.12,1055,3151,967,
1064.78,1024,2954,938,
1167.44,1118,3548,1089,
1027.86,969,2928,927,
1131.44,1089.5,2998,991,
1040.02,995.5,3050,940,
1212.08,1154,3431,1075,
1011.7,970.5,2738,907,
1178.08,1112.5,3442,1072,
1180.3,1116,3673,1064,
794.9,747.5,2408,739,
1062.26,1020.5,3121,972,
1069.4,1013.5,3224,979,
809.1,761.5,2422,734,
773.88,740,2148,687,
819.08,783.5,2308,740,
885.48,846,2621,798,
825.52,783,2395,744,
1227.38,1164,3582,1129,
1270.4,1212,3623,1113,
1011.66,952.5,2952,920,
1255.62,1211.5,3848,1107,
1038.14,996,2996,929,
1348.9,1279.5,4111,1225,
1140.26,1083.5,3380,1008,
1221.74,1166,3510,1122,
925.72,870,2755,842,
878.3,838.5,2613,810,
673.28,627,1993,611,
791.82,759,2254,707,
859.04,812.5,2439,768,
895.64,849.5,2711,830,
1001.62,955.5,3036,922,
841.1,799.5,2436,765,


985.88,923.5,2901,885,
1060.44,1000.5,3002,954,
1028.44,979,3057,925,
1177.12,1113,3375,1048,
1063.88,1003.5,3009,956,
1010.62,964,2930,914,
1049.42,998.5,3018,944,
1068.76,1014.5,3004,948,
965.3,930,2908,877,
1236.92,1191,3817,1069,
985.1,939,2905,919,
1028.94,988,2991,924,
1164.72,1108,3356,1055,
1087.5,1039.5,3247,1013,
1089.4,1036,3041,974,
1107.76,1053.5,3148,995,
1331.98,1268.5,4090,1187,
1150.54,1097,3322,1023,
1196.2,1141,3587,1067,
1286.36,1232.5,3871,1116,
1104.36,1050,3300,1016,
1444.34,1383,4406,1340,
1121.06,1071,3389,1022,
1065.96,1009,3107,974,
984.82,936,2894,889,
1131.84,1081.5,3171,1019,
1119.22,1043,3268,997,
1006.8,963.5,3015,933,
1039.64,982,2865,903,
1207.92,1157.5,3685,1131,
1314,1250.5,3902,1179,
1109.76,1065,3238,947,
1190.44,1136,3529,1110,
983.32,932.5,2755,874,
1291.9,1240.5,3554,1110,
1022.74,980,2837,924,
1046.86,981.5,2966,942,
1031.88,974.5,2990,937,
1102.92,1043,3114,982,
1094.22,1043.5,3179,983,
1035.56,993,3011,896,
1201.06,1140,3546,1082,
941.44,897,2700,856,
1316.06,1255,3966,1179,
1268.72,1213,3854,1171,
1018.88,964.5,2883,919,
1225.6,1162.5,3512,1094,
1091.4,1045.5,3253,991,
1009.92,969.5,2824,912,
1307.28,1234.5,3928,1206,
1286.58,1233,3882,1202,
1158.78,1102,3340,1038,
1033.2,968.5,2908,929,
1259.22,1192,3786,1147,
1110.28,1057.5,3253,999,
995.24,951.5,2844,926,
1185.74,1129.5,3427,1083,
1064.24,1000.5,3080,958,
1187.24,1113.5,3421,1077,
1089.28,1044.5,3229,961,
983.02,931,2794,875,
1149.42,1099.5,3278,1045,
1063.76,998,3098,955,
1126.98,1068,3153,994,
1036.28,975.5,2947,931,
1017.12,968,2823,900,
1561.06,1489.5,4773,1444,
1035.7,992.5,2774,899,
1461.38,1404.5,4247,1336,
1000.64,947,3081,911,
1113.28,1055.5,3230,1007,
999.48,948,2946,923,
1087.14,1040,3250,1014,
1099.82,1044.5,3116,971,
1135.7,1086.5,3313,1054,
1011.24,961,2863,898,
1111.66,1053.5,3262,1019,
1092.16,1034,3158,984,
949.26,906,2642,835,
973.14,929,2743,870,
1010.64,957,2792,905,
1265.92,1207,3814,1157,
1544.88,1480.5,4623,1448,
1019.56,960.5,2932,900,
1093.74,1033.5,3002,970,
1273.38,1199,3671,1142,
1309.86,1253,3693,1137,
926.36,875,2714,829,
1316.18,1268,4003,1198,
1016.64,968.5,3008,944,
1163.74,1114.5,3533,1055,
1031.04,979.5,2961,933,
1009.24,957.5,2912,892,
953.28,907,2793,873,
1527.96,1463,4514,1440,
1325.7,1262,4003,1226,
968,920.5,2804,895,
1106.58,1045,3231,1001,
1109.42,1053,3301,1013,
982.16,927.5,2745,860,
966.7,920.5,2787,873,
1033.02,971.5,3051,944,
1040.12,993.5,3060,973,
918.6,877.5,2667,832,
1169.56,1113.5,3482,1078,
1183.66,1119,3465,1081,
1187.84,1125,3567,1093,
1169.44,1108,3493,1029,
942.1,900.5,2725,851,
1082.04,1028.5,3160,969,
2282.14,2156.5,6695,2028,
1018.14,964.5,2873,894,
1056.82,1005.5,2925,947,
1292.18,1243,3899,1209,
1043.76,1001,2870,921,
935.3,893.5,2619,831,
1013.4,965.5,2860,876,
1092.02,1027,3148,988,
1021.82,958.5,2897,887,
1130.16,1072,3169,1012,
1138.6,1090.5,3459,1072,
1238.38,1171,3692,1132,
1101.96,1034.5,3153,970,
1268.06,1213,3849,1165,
1045.54,993.5,3111,964,
1293.2,1236,3994,1210,
1038.74,996.5,2852,914,
997.46,956,2920,933,
1038.58,992,2908,921,
1122.58,1069.5,3398,1001,
975.58,930,2955,919,
1028.44,971.5,3002,938,
1152.78,1098.5,3220,1017,
1019.98,975.5,3009,936,
1014.6,973.5,2906,937,
1008.24,963,2947,922,
1333.58,1267,3716,1182,
1049.54,991.5,3100,967,
1122.3,1072,3470,1049,
1115.84,1060,3137,1003,
917.52,861,2773,830,
1123.6,1072,3101,995,
1078.5,1019,3158,981,
1180.54,1116,3452,1068,
1273.26,1222,3838,1191,
1046.82,996,3032,950,
1148.12,1090.5,3419,1048,
1012.92,966,2999,927,
1098.96,1034.5,3172,951,
1334.24,1274.5,3944,1173,
1165.12,1103.5,3421,1061,
1308.92,1241.5,3961,1203,
1293.58,1237.5,3959,1176,
1160.68,1096.5,3312,1056,
1148.56,1089.5,3263,1036,
1183.42,1105.5,3366,1043,
1200.24,1142.5,3431,1085,
1059.58,1017,3058,932,
974.38,929,2663,848,
1616.86,1558.5,4666,1502,
1065.08,1013,3167,974,
1397.88,1330.5,4207,1285,
1150.04,1095,3255,1008,
1034.72,977,2953,924,
1216.86,1148.5,3393,1077,
1468.64,1396,4366,1337,
1018.94,974,2856,903,
1054.18,1010.5,2900,914,
1114.52,1067,3450,1027,
1174.36,1115,3425,1062,
1092.44,1042.5,3178,970,
1085.32,1032,3100,986,
986.38,928,2899,894,
1210.16,1149,3714,1097,
1060.36,1015.5,2914,933,
1070.82,1013.5,3124,964,
1107.18,1048.5,3256,1024,
1099.84,1040,3072,967,
1004.46,959,2805,898,
1129.3,1068,3182,1012,
1207.76,1152,3560,1084,
1057.62,1019,2899,945,
1083.52,1041,3231,1022,
1294.62,1237.5,3653,1195,
999,945.5,2912,912,
1047.1,998.5,2933,925,
1090.84,1034,3130,982,
1216.34,1153.5,3623,1099,
1530.32,1471,4526,1437,
1050.5,1002.5,3065,949,
1445.42,1383,4413,1343,
1115.7,1070.5,3093,985,
1021.08,967.5,2903,925,
988.24,940,2941,915,
1067.12,1010.5,2986,935,
1432.62,1373,4349,1348,
979.36,923.5,2876,900,
987.5,948.5,2680,861,
1080.54,1026,3169,996,
1558.44,1481.5,4641,1422,
1092.58,1024,3128,989,
1146.16,1092.5,3415,1055,
1538.74,1467.5,4784,1380,
1043.92,985.5,2840,922,
938.96,891.5,2655,805,
1134.14,1078,3218,1017,
1317.32,1246.5,3834,1200,
1190.86,1141,3475,1091,
1187.38,1113,3399,1078,
942.18,903.5,2899,868,
1004.58,951,2935,920,
1167.8,1113.5,3274,1035,
1030.12,976.5,2905,919,
947.76,904.5,2755,860,
1028.84,986.5,2833,893,
938.4,891,2627,833,
1225.52,1181,3451,1092,
1026.92,977.5,3029,926,
1225.5,1166,3679,1133,
1331.7,1276,4099,1233,
1077.66,1032,3014,980,
1142.22,1081,3223,1014,
1034.4,978.5,3037,940,
1075.38,1018.5,3105,974,
1135.98,1083,3228,1011,
1244.7,1189.5,3651,1141,
1076.44,1025.5,3013,968,
1092.54,1042,3261,996,
1039.52,990.5,3134,967,
1048.34,1001.5,2996,948,
1006.8,963.5,2916,914,
1101.62,1043,3176,984,
1037.94,989.5,3017,928,
1207.06,1137,3421,1098,
1142.64,1085.5,3397,1047,
999.56,949.5,2909,918,
1187.2,1129,3456,1074,
1107.42,1051.5,3228,1015,
971.98,936.5,2649,851,
1287.54,1227.5,4007,1192,
1126.84,1071,3285,1035,
1208.46,1143,3602,1080,
1180.88,1111,3383,1073,
1144.52,1087.5,3326,1031,
1000.48,951,2874,908,
1119.64,1051,3337,1027,
1215.52,1147,3661,1129,
882.18,837,2626,792,
1405.56,1342,4037,1291,
1024.12,977.5,2940,944,
1390.12,1318.5,4058,1289,
1045.82,995,2941,936,
1025.92,978,3097,951,
1107.12,1056,3135,967,
1166.2,1125,3251,1036,
1249.8,1194.5,3644,1167,
1075.36,1022,3181,991,
1017.06,960,2989,922,
1229.92,1171.5,3616,1134,
1223.2,1157.5,3605,1110,
999.78,949.5,2990,919,
1014.12,962.5,3006,937,
1085.64,1036.5,3213,990,
1116.08,1060.5,3186,1012,
951.78,907,2755,871,
1037.3,987,2908,901,
964.22,903.5,2829,866,
1130.88,1093,3315,945,
792.92,750.5,2283,715,
835.24,790,2445,756,
757.24,721.5,2161,689,
773.64,739,2389,724,
860.36,819,2621,792,
801.16,759.5,2338,728,
883.84,845,2759,810,
879.92,829,2604,811,
762.72,724.5,2190,685,
851.58,802,2488,784,
949.78,903,2845,872,
782.06,750.5,2287,712,
828.64,788.5,2428,743,
816.08,778.5,2312,737,
910.44,865.5,2629,827,
766.34,734,2328,709,
1050.94,1001.5,3256,968,
921.94,885.5,2824,772,
1122.38,1078,3258,1039,
874.2,827,2578,795,
884.38,841.5,2599,817,
887.96,845.5,2550,802,
820.32,783,2359,737,
685.54,653.5,1961,624,
819.68,779,2386,751,
777.4,733,2263,695,
905.22,873,2564,808,
806.8,762.5,2337,729,
713.2,674.5,2112,659,
933.7,889.5,2868,850,
759.96,720,2280,699,
781.16,736,2343,717,
790.24,749,2300,720,
796.46,758.5,2254,723,
719.96,683,1996,644,
656.54,622,1899,590,
894.58,842,2625,815,
940.08,899.5,2782,851,
678.5,648.5,1884,596,
807.38,768.5,2467,746,
814.1,767,2315,721,
840.16,790.5,2558,764,
778.9,737.5,2250,697,
871.16,829,2584,808,
780.76,746,2426,731,
801.92,764,2408,747,
798.66,751.5,2359,723,
724.9,683.5,2110,656,
657.92,627.5,2016,592,
839.28,800,2592,783,
903.08,863.5,2658,786,
799.1,755,2355,729,
746.66,707.5,2173,672,
783.62,747.5,2320,727,
797.16,760.5,2317,724,
803.98,761.5,2355,727,
861.24,818.5,2557,756,
851.06,814,2564,789,
776.44,735,2279,689,
891.4,848,2632,822,
933.08,887,2693,856,
770.48,729,2272,708,
1044.98,984.5,3237,950,
755.52,712,2212,686,
888.04,846,2661,824,
799.34,757.5,2347,727,
751.78,715,2286,694,
851.28,813,2624,760,
703.9,663,2082,639,
877.94,838.5,2650,797,
745.62,707.5,2150,667,
733.54,701,2151,662,
652.3,622.5,1901,595,
1006.52,963,3111,950,
784.08,748,2202,707,
817.78,777.5,2494,754,
891.8,853.5,2801,804,
764.68,721.5,2255,707,
710.2,668,2080,649,
777.86,734,2267,704,
869.26,827.5,2583,798,
809.98,760,2354,734,
927.28,891,2890,851,
920.26,871.5,2694,844,
824,789.5,2508,757,
709.2,667,2095,643,
885.84,843.5,2605,820,
881.88,833,2638,796,
930.7,886.5,2821,855,
698.52,658,2036,635,
924.56,876.5,2719,845,
841.82,791.5,2472,750,
857.88,812.5,2527,781,
784.78,747,2369,721,
852.34,801.5,2559,782,
827.36,786,2456,759,
764.04,725.5,2220,689,
769.74,733.5,2282,710,
880.48,843,2673,833,
733.82,695.5,2092,653,
816.5,780,2258,730,
800.08,750.5,2270,716,
765.06,732,2285,709,
756.82,719.5,2196,657,
742.78,696,2128,665,
863.88,828,2445,777,
896.36,859,2624,820,
878.06,838.5,2749,773,
782.18,744,2252,701,
904.62,857.5,2704,829,
852.98,815,2634,798,
796.84,759,2412,739,
838.8,800.5,2549,773,
692.74,661,2050,646,
967.04,918,2804,893,
753.72,706.5,2176,660,
809.74,768,2364,741,
849.82,812,2523,789,
697.22,661,1995,622,
878.52,837,2720,813,
838.82,791.5,2525,771,
1026,986.5,3053,963,
743.44,708,2312,685,
894.82,853,2725,829,
736.92,701.5,2047,657,
691.7,661,2028,640,
878.54,839.5,2633,813,
914.18,868,2758,833,
742.32,704.5,2163,679,
824.6,777,2361,747,
845.68,806.5,2616,787,
881.38,844,2584,755,
794.44,750,2317,719,
852.52,811.5,2573,790,
711.74,677,2171,660,
763.52,725.5,2199,696,
895,849,2645,822,
925.74,880.5,2828,843,
849.72,809,2462,779,
762.9,722.5,2219,684,
943.74,891,2851,861,
768.94,732.5,2223,697,
742.86,698,2109,667,
926,883.5,2794,861,
745.84,709,2254,693,
814.38,778,2503,771,
746.46,712,2186,680,
889.78,840.5,2651,804,
867.32,811.5,2596,770,
962.68,926.5,2883,903,
784.2,738,2186,697,
783.84,748.5,2295,718,
885.04,845,2600,806,
711,670.5,2054,640,
815.62,770.5,2296,744,
862.64,822,2592,798,
940.86,897,2888,872,
903.1,861.5,2668,823,
816.2,781,2355,731,
754.32,719,2144,681,
1154.76,1096.5,3425,1066,
835.38,795,2538,764,
850.52,805.5,2559,765,
773.22,718,2266,701,
997.18,955,3095,925,
753.74,715.5,2220,680,
846.88,804.5,2486,775,
836.96,790.5,2481,768,
753.8,715.5,2200,681,
713.12,683.5,2069,655,
914.92,865.5,2741,843,
696.48,663,2068,639,
760.7,723,2205,698,
793.62,745.5,2370,730,
779,732.5,2262,701,
877.36,832,2560,798,
962.94,917.5,2975,889,
691.04,656.5,2027,630,
836.7,791,2435,748,
827.02,788.5,2420,747,
837.02,796.5,2512,763,
798.74,761.5,2371,730,
776,739,2229,690,
992.4,945.5,3035,901,
838.46,801.5,2457,751,
740.64,702.5,2121,659,
755.58,714.5,2200,679,
856.94,820.5,2490,771,
764,724.5,2229,683,
912.82,864.5,2712,830,
756.06,726,2239,664,
1041.6,988,3132,957,
1086.9,1033.5,3144,990,
1136.8,1083,3383,1036,
1162.04,1086.5,3290,1032,
989.6,947.5,2681,875,
1014.24,970,2998,923,
1175.86,1102.5,3664,1076,
1053.08,1006,2954,932,
1033.26,991.5,2970,939,
1161.36,1112,3548,1082,
921.26,883,2516,803,
995.28,938,2839,900,
1110.12,1052.5,3119,955,
1075.72,1029.5,3147,980,
1009.68,968.5,2770,898,
1169.36,1115,3442,1076,
1175.7,1119,3601,1062,
807.7,753,2339,740,
1069.56,1017,3128,971,
941.28,897,2834,864,
782.64,740.5,2335,708,
759.16,720,2168,695,
779.92,748,2205,697,
806.14,766.5,2289,727,
684.98,650.5,2030,630,
1087.86,1035.5,3155,1009,
1235.28,1170.5,3533,1122,
926.92,884.5,2738,856,
1159,1101.5,3310,1035,
1149.72,1072,3224,1035,
1326.44,1266.5,4111,1230,
956.74,901.5,2848,852,
1153.74,1098,3395,1054,
704.34,664.5,2071,636,
880.3,838.5,2622,805,
698.16,664,1989,615,
772.72,737,2339,698,
774.74,737,2232,688,
880.5,840.5,2711,816,
1036.84,985.5,3036,933,
814.18,775,2386,732,




Further Data analysis of all test cases 
avg med max min 
AVGs,1165.121,1166.33,2492.8,711.32,
MEDs,1111.113,1115,2350,675.5,
MAXs,3068.468,3033.5,6582,1905,
MINs,999.79,996,2113,621,


AVGs,1050.151,1054.18,2120.6,673.28,
MEDs,999.258,1003.25,2032.5,627,
MAXs,3068.794,3034.5,6695,1912,
MINs,949.398,945.5,1960,611,


AVGs,999.56,1008.74,2282.14,652.3,
MEDs,950.466,960.25,2156.5,622,
MAXs,2924.492,2900.5,6695,1884,
MINs,905.85,911.5,2028,590,



