

Data analysis for each instance 
AVG,MED,MAX,MIN
0.075,0.081,0.169,-0.019,
0.084,0.081,0.191,-0.042,
0.112,0.106,0.259,-0.008,
0.082,0.08,0.225,-0.014,
0.095,0.1,0.234,-0.051,
0.057,0.059,0.18,-0.049,
0.075,0.072,0.2,-0.121,
0.091,0.095,0.305,-0.043,
0.081,0.086,0.212,-0.093,
0.101,0.109,0.258,-0.03,
0.144,0.149,0.284,0.008,
0.065,0.07,0.229,-0.175,
0.066,0.071,0.156,-0.036,
0.133,0.13,0.259,-0.012,
0.063,0.066,0.16,-0.041,
0.066,0.075,0.165,-0.074,
0.148,0.148,0.345,-0.014,
0.114,0.105,0.351,-0.002,
0.128,0.124,0.292,-0.001,
0.134,0.121,0.331,-0.006,
0.125,0.128,0.335,-0.005,
0.146,0.149,0.285,-0.012,
0.117,0.122,0.23,-0.082,
0.104,0.104,0.246,0.002,
0.075,0.071,0.279,-0.111,
0.072,0.079,0.219,-0.049,
0.073,0.056,0.25,-0.027,
0.104,0.104,0.229,-0.018,
0.108,0.107,0.266,-0.059,
0.095,0.097,0.216,-0.031,
0.143,0.139,0.256,0.012,
0.091,0.087,0.231,-0.02,
0.127,0.118,0.298,-0.007,
0.075,0.079,0.201,-0.14,
0.079,0.08,0.205,-0.053,
0.041,0.043,0.132,-0.046,
0.101,0.097,0.282,-0.022,
0.058,0.064,0.177,-0.031,
0.061,0.061,0.152,-0.073,
0.064,0.068,0.176,-0.122,
0.086,0.093,0.287,-0.102,
0.129,0.136,0.277,-0.006,
0.104,0.111,0.236,-0.069,
0.092,0.092,0.211,-0.041,
0.138,0.125,0.309,-0.014,
0.063,0.048,0.222,-0.047,
0.112,0.122,0.228,0.003,
0.136,0.131,0.312,-0.014,
0.057,0.057,0.185,-0.032,
0.126,0.118,0.342,0.006,
0.1,0.093,0.186,-0.002,
0.087,0.095,0.202,-0.014,
0.065,0.07,0.168,-0.069,
0.134,0.141,0.27,-0.067,
0.099,0.1,0.232,-0.055,
0.131,0.139,0.239,0.01,
0.127,0.116,0.309,0.011,
0.093,0.097,0.228,-0.003,
0.105,0.11,0.26,-0.079,
0.103,0.105,0.237,-0.022,
0.083,0.079,0.285,-0.088,
0.074,0.077,0.171,-0.087,
0.099,0.09,0.262,-0.034,
0.112,0.11,0.339,-0.164,
0.082,0.093,0.207,-0.065,
0.045,0.035,0.142,-0.077,
0.138,0.137,0.331,-0.013,
0.06,0.074,0.172,-0.08,
0.11,0.115,0.303,-0.027,
0.107,0.116,0.238,-0.016,
0.13,0.123,0.346,-0.026,
0.118,0.112,0.293,-0.045,
0.124,0.127,0.267,-0.028,
0.079,0.082,0.179,-0.049,
0.137,0.132,0.351,0.004,
0.086,0.081,0.266,-0.042,
0.07,0.071,0.227,-0.042,
0.081,0.083,0.274,-0.032,
0.082,0.084,0.244,-0.059,
0.08,0.082,0.231,-0.073,
0.072,0.072,0.278,-0.074,
0.127,0.13,0.328,-0.065,
0.139,0.14,0.337,0,
0.132,0.133,0.313,-0.021,
0.08,0.085,0.266,-0.008,
0.104,0.102,0.266,-0.003,
0.098,0.088,0.259,-0.052,
0.128,0.133,0.261,-0.05,
0.143,0.141,0.341,-0.016,
0.105,0.112,0.278,-0.138,
0.145,0.14,0.235,0.009,
0.091,0.091,0.223,-0.11,
0.057,0.059,0.146,-0.039,
0.091,0.098,0.215,-0.105,
0.146,0.144,0.369,0.016,
0.148,0.144,0.288,-0.014,
0.073,0.08,0.178,-0.111,
0.108,0.117,0.267,-0.06,
0.114,0.116,0.221,-0.018,
0.089,0.099,0.194,-0.091,
0.035,0.036,0.192,-0.063,
0.115,0.119,0.255,-0.005,
0.113,0.112,0.217,0.006,
0.107,0.107,0.234,-0.002,
0.135,0.131,0.282,0.006,
0.113,0.12,0.267,-0.014,
0.114,0.119,0.283,0.003,
0.125,0.125,0.264,-0.119,
0.109,0.118,0.331,-0.162,
0.068,0.069,0.17,-0.051,
0.147,0.141,0.343,-0.019,
0.08,0.074,0.212,-0.052,
0.045,0.047,0.147,-0.074,
0.107,0.12,0.259,-0.094,
0.036,0.035,0.167,-0.122,
0.078,0.083,0.205,-0.048,
0.084,0.087,0.18,-0.008,
0.121,0.113,0.315,-0.001,
0.068,0.072,0.198,-0.069,
0.108,0.114,0.321,-0.034,
0.102,0.097,0.245,0.002,
0.128,0.125,0.337,-0.015,
0.125,0.122,0.303,-0.037,
0.132,0.128,0.273,-0.015,
0.105,0.102,0.231,-0.035,
0.148,0.141,0.321,-0.007,
0.052,0.055,0.161,-0.05,
0.125,0.12,0.28,0.003,
0.068,0.078,0.171,-0.07,
0.099,0.102,0.23,-0.038,
0.101,0.111,0.276,-0.096,
0.11,0.112,0.241,-0.058,
0.053,0.063,0.164,-0.071,
0.127,0.126,0.261,0.004,
0.071,0.069,0.206,-0.073,
0.068,0.06,0.221,-0.039,
0.078,0.071,0.223,-0.085,
0.101,0.104,0.311,-0.011,
0.145,0.137,0.316,-0.012,
0.086,0.099,0.188,-0.05,
0.1,0.1,0.209,-0.019,
0.061,0.062,0.156,-0.063,
0.081,0.085,0.205,-0.031,
0.092,0.091,0.188,-0.005,
0.134,0.126,0.277,0.005,
0.105,0.104,0.249,-0.001,
0.106,0.098,0.22,-0.037,
0.123,0.119,0.312,0.002,
0.114,0.097,0.275,0,
0.117,0.121,0.284,-0.02,
0.111,0.112,0.257,-0.049,
0.103,0.106,0.29,-0.017,
0.141,0.139,0.343,-0.018,
0.087,0.079,0.224,-0.008,
0.074,0.071,0.184,-0.022,
0.09,0.088,0.202,-0.025,
0.05,0.052,0.152,-0.044,
0.076,0.078,0.216,-0.014,
0.046,0.048,0.146,-0.099,
0.125,0.122,0.3,-0.067,
0.124,0.12,0.267,-0.042,
0.132,0.123,0.37,-0.046,
0.124,0.126,0.212,-0.003,
0.096,0.096,0.236,-0.075,
0.1,0.111,0.22,-0.057,
0.107,0.101,0.275,-0.062,
0.085,0.096,0.179,-0.009,
0.05,0.053,0.142,-0.059,
0.117,0.115,0.237,-0.016,
0.094,0.1,0.239,-0.035,
0.089,0.085,0.207,-0.039,
0.086,0.089,0.317,-0.097,
0.098,0.099,0.291,-0.048,
0.119,0.119,0.339,-0.015,
0.068,0.065,0.157,-0.005,
0.106,0.104,0.25,-0.058,
0.084,0.083,0.255,-0.109,
0.089,0.106,0.224,-0.039,
0.061,0.049,0.168,-0.028,
0.08,0.084,0.224,-0.063,
0.111,0.109,0.207,-0.053,
0.061,0.054,0.169,-0.049,
0.109,0.114,0.304,-0.048,
0.071,0.082,0.19,-0.036,
0.104,0.1,0.233,-0.03,
0.07,0.076,0.167,-0.062,
0.066,0.07,0.162,-0.046,
0.112,0.103,0.268,-0.032,
0.145,0.144,0.352,-0.009,
0.063,0.066,0.261,-0.059,
0.13,0.128,0.283,-0.011,
0.08,0.085,0.207,-0.004,
0.06,0.061,0.184,-0.077,
0.124,0.126,0.32,-0.014,
0.127,0.133,0.228,-0.222,
0.143,0.139,0.352,0.005,
0.083,0.084,0.204,-0.003,
0.073,0.075,0.188,-0.025,
0.061,0.059,0.228,-0.011,
0.14,0.146,0.333,-0.039,
0.067,0.062,0.21,-0.093,
0.097,0.103,0.215,-0.118,
0.14,0.138,0.307,0.006,
0.063,0.06,0.166,-0.037,
0.116,0.121,0.247,-0.07,
0.111,0.11,0.209,0.008,
0.085,0.085,0.232,-0.03,
0.108,0.105,0.264,-0.043,
0.072,0.079,0.289,-0.046,
0.132,0.141,0.337,-0.111,
0.108,0.116,0.198,-0.003,
0.08,0.077,0.23,-0.008,
0.07,0.054,0.276,-0.019,
0.123,0.13,0.235,-0.022,
0.108,0.11,0.228,-0.037,
0.052,0.058,0.222,-0.058,
0.089,0.099,0.188,-0.012,
0.1,0.103,0.21,-0.079,
0.137,0.138,0.342,-0.009,
0.144,0.141,0.361,-0.019,
0.079,0.098,0.186,-0.072,
0.114,0.116,0.216,-0.005,
0.129,0.124,0.317,0.001,
0.094,0.1,0.208,0,
0.062,0.07,0.176,-0.074,
0.127,0.123,0.303,-0.038,
0.05,0.048,0.198,-0.107,
0.118,0.122,0.27,-0.009,
0.104,0.103,0.232,-0.014,
0.111,0.112,0.249,0.006,
0.083,0.079,0.314,-0.056,
0.074,0.072,0.222,-0.086,
0.093,0.093,0.252,-0.049,
0.131,0.137,0.239,0.014,
0.133,0.13,0.269,-0.041,
0.075,0.07,0.187,-0.026,
0.111,0.111,0.261,-0.013,
0.063,0.064,0.22,-0.102,
0.063,0.066,0.176,-0.079,
0.133,0.131,0.286,-0.05,
0.087,0.087,0.215,-0.031,
0.101,0.108,0.253,-0.055,
0.114,0.109,0.32,-0.022,
0.092,0.087,0.217,-0.017,
0.082,0.082,0.194,-0.034,
0.105,0.114,0.309,-0.09,
0.137,0.138,0.291,0.006,
0.089,0.103,0.246,-0.07,
0.103,0.107,0.231,-0.019,
0.094,0.097,0.227,-0.026,
0.111,0.104,0.34,-0.04,
0.076,0.082,0.263,-0.2,
0.122,0.119,0.343,-0.036,
0.07,0.071,0.221,-0.063,
0.101,0.11,0.229,-0.041,
0.11,0.111,0.23,-0.011,
0.112,0.112,0.244,-0.015,
0.086,0.09,0.276,-0.104,
0.141,0.137,0.329,0.004,
0.095,0.103,0.331,-0.191,
0.095,0.1,0.21,-0.011,
0.108,0.099,0.261,-0.014,
0.094,0.105,0.187,-0.026,
0.08,0.081,0.216,-0.102,
0.095,0.096,0.259,-0.011,
0.081,0.091,0.208,-0.094,
0.109,0.102,0.279,-0.139,
0.123,0.131,0.299,-0.056,
0.046,0.045,0.199,-0.086,
0.067,0.061,0.292,-0.025,
0.057,0.058,0.15,-0.064,
0.112,0.101,0.347,-0.008,
0.098,0.092,0.268,-0.037,
0.088,0.083,0.283,-0.028,
0.11,0.107,0.267,-0.012,
0.082,0.081,0.262,-0.036,
0.046,0.037,0.186,-0.06,
0.088,0.085,0.306,-0.046,
0.099,0.085,0.283,-0.001,
0.073,0.07,0.294,-0.012,
0.062,0.071,0.229,-0.076,
0.045,0.034,0.274,-0.053,
0.068,0.06,0.359,-0.032,
0.078,0.08,0.273,-0.056,
0.108,0.099,0.297,-0.018,
0.054,0.059,0.177,-0.173,
0.106,0.085,0.334,-0.013,
0.05,0.054,0.234,-0.101,
0.1,0.091,0.312,-0.064,
0.079,0.08,0.224,-0.014,
0.031,0.023,0.19,-0.09,
0.024,0.019,0.164,-0.122,
0.076,0.059,0.289,-0.096,
0.069,0.061,0.205,-0.032,
0.08,0.069,0.343,-0.118,
0.042,0.046,0.194,-0.059,
0.099,0.09,0.359,0.005,
0.098,0.103,0.284,-0.075,
0.076,0.085,0.274,-0.139,
0.097,0.09,0.251,-0.002,
0.1,0.098,0.247,0.008,
0.039,0.041,0.123,-0.059,
0.033,0.032,0.139,-0.057,
0.09,0.095,0.341,-0.04,
0.074,0.067,0.276,-0.044,
0.092,0.077,0.3,-0.001,
0.026,0.028,0.166,-0.163,
0.087,0.079,0.329,-0.085,
0.048,0.056,0.162,-0.09,
0.096,0.084,0.304,-0.114,
0.047,0.049,0.149,-0.075,
0.091,0.083,0.253,-0.012,
0.109,0.101,0.297,-0.009,
0.087,0.08,0.254,-0.058,
0.078,0.074,0.172,-0.012,
0.05,0.058,0.142,-0.058,
0.088,0.087,0.299,-0.038,
0.097,0.093,0.235,-0.082,
0.044,0.048,0.198,-0.056,
0.071,0.071,0.36,-0.06,
0.08,0.088,0.216,-0.049,
0.076,0.078,0.209,-0.06,
0.063,0.056,0.249,-0.056,
0.081,0.081,0.234,-0.047,
0.094,0.093,0.269,-0.009,
0.073,0.081,0.236,-0.068,
0.052,0.045,0.209,-0.041,
0.068,0.054,0.175,-0.064,
0.077,0.065,0.292,0,
0.035,0.037,0.206,-0.028,
0.112,0.095,0.319,0.007,
0.036,0.038,0.195,-0.102,
0.078,0.075,0.327,-0.011,
0.067,0.06,0.178,-0.048,
0.071,0.064,0.351,-0.032,
0.092,0.09,0.322,-0.022,
0.101,0.096,0.283,-0.002,
0.098,0.086,0.257,-0.056,
0.042,0.045,0.26,-0.055,
0.058,0.053,0.229,-0.126,
0.069,0.066,0.228,-0.003,
0.109,0.098,0.359,-0.022,
0.055,0.054,0.207,-0.059,
0.062,0.061,0.263,-0.06,
0.118,0.103,0.323,-0.022,
0.039,0.033,0.35,-0.105,
0.084,0.069,0.325,-0.021,
0.06,0.054,0.221,-0.075,
0.079,0.08,0.323,-0.049,
0.078,0.077,0.208,-0.076,
0.116,0.111,0.272,-0.016,
0.089,0.089,0.224,-0.082,
0.119,0.115,0.352,-0.006,
0.081,0.078,0.262,-0.104,
0.06,0.064,0.311,-0.057,
0.073,0.072,0.212,-0.005,
0.083,0.085,0.293,-0.086,
0.064,0.072,0.186,-0.048,
0.091,0.091,0.276,-0.032,
0.07,0.069,0.21,-0.043,
0.069,0.067,0.194,-0.088,
0.077,0.074,0.196,-0.056,
0.099,0.088,0.313,-0.043,
0.106,0.1,0.278,-0.002,
0.069,0.077,0.249,-0.124,
0.074,0.07,0.21,-0.057,
0.102,0.099,0.348,-0.113,
0.053,0.051,0.218,-0.073,
0.069,0.072,0.212,-0.155,
0.06,0.064,0.171,-0.057,
0.079,0.072,0.307,-0.143,
0.057,0.057,0.177,-0.061,
0.056,0.045,0.257,-0.072,
0.071,0.071,0.21,-0.045,
0.035,0.031,0.21,-0.093,
0.066,0.068,0.209,-0.066,
0.041,0.039,0.281,-0.066,
0.056,0.051,0.218,-0.07,
0.1,0.093,0.339,-0.073,
0.095,0.091,0.34,-0.058,
0.087,0.085,0.265,-0.018,
0.069,0.07,0.254,-0.099,
0.084,0.097,0.238,-0.095,
0.051,0.059,0.162,-0.035,
0.066,0.058,0.218,-0.017,
0.084,0.082,0.22,-0.04,
0.043,0.04,0.221,-0.099,
0.11,0.1,0.326,-0.016,
0.078,0.076,0.271,-0.056,
0.121,0.111,0.331,0.012,
0.04,0.023,0.308,-0.023,
0.074,0.071,0.267,-0.057,
0.062,0.069,0.191,-0.09,
0.064,0.059,0.184,-0.034,
0.082,0.084,0.21,-0.07,
0.067,0.071,0.251,-0.032,
0.111,0.103,0.329,0,
0.06,0.066,0.231,-0.053,
0.093,0.086,0.321,-0.015,
0.054,0.048,0.157,-0.047,
0.066,0.076,0.275,-0.138,
0.069,0.051,0.246,-0.085,
0.115,0.105,0.285,0.001,
0.071,0.068,0.199,-0.021,
0.086,0.085,0.222,-0.017,
0.087,0.083,0.234,-0.018,
0.061,0.054,0.191,-0.055,
0.061,0.059,0.235,-0.043,
0.099,0.095,0.311,-0.012,
0.067,0.062,0.223,-0.058,
0.102,0.103,0.29,-0.105,
0.114,0.104,0.255,-0.009,
0.065,0.062,0.219,-0.032,
0.121,0.107,0.325,-0.009,
0.042,0.044,0.185,-0.102,
0.079,0.077,0.232,-0.088,
0.098,0.09,0.295,-0.052,
0.107,0.096,0.28,0,
0.052,0.057,0.249,-0.071,
0.088,0.081,0.244,-0.025,
0.07,0.066,0.244,-0.116,
0.039,0.041,0.208,-0.143,
0.054,0.049,0.241,-0.09,
0.095,0.086,0.345,-0.065,
0.096,0.091,0.243,-0.055,
0.083,0.084,0.215,-0.015,
0.092,0.083,0.274,-0.026,
0.045,0.045,0.147,-0.095,
0.096,0.082,0.342,-0.05,
0.076,0.072,0.197,-0.017,
0.101,0.089,0.285,-0.01,
0.09,0.091,0.278,-0.086,
0.101,0.1,0.299,-0.03,
0.076,0.065,0.285,-0.065,
0.076,0.062,0.225,0,
0.06,0.056,0.264,-0.049,
0.076,0.074,0.194,-0.001,
0.066,0.072,0.176,-0.05,
0.106,0.108,0.293,0.002,
0.071,0.083,0.221,-0.055,
0.069,0.068,0.173,-0.04,
0.086,0.089,0.175,-0.027,
0.083,0.084,0.297,-0.101,
0.071,0.067,0.262,-0.015,
0.097,0.086,0.298,-0.128,
0.062,0.067,0.289,-0.108,
0.073,0.074,0.185,-0.053,
0.09,0.091,0.205,-0.076,
0.057,0.055,0.198,-0.064,
0.086,0.084,0.244,-0.009,
0.093,0.087,0.285,-0.122,
0.113,0.102,0.316,0.01,
0.092,0.088,0.244,-0.053,
0.048,0.052,0.171,-0.033,
0.065,0.066,0.177,-0.111,
0.082,0.077,0.217,-0.041,
0.09,0.088,0.235,-0.009,
0.085,0.091,0.188,-0.059,
0.081,0.077,0.317,-0.055,
0.094,0.089,0.319,-0.001,
0.063,0.071,0.216,-0.09,
0.086,0.1,0.178,-0.062,
0.123,0.12,0.341,0.006,
0.06,0.067,0.178,-0.067,
0.135,0.131,0.296,-0.001,
0.116,0.12,0.279,-0.065,
0.052,0.052,0.166,-0.061,
0.064,0.065,0.21,-0.043,
0.129,0.12,0.349,-0.013,
0.103,0.111,0.186,0.003,
0.047,0.049,0.171,-0.071,
0.104,0.103,0.276,-0.057,
0.071,0.07,0.256,-0.072,
0.056,0.053,0.14,-0.033,
0.105,0.113,0.323,-0.009,
0.13,0.13,0.3,-0.106,
0.087,0.085,0.26,-0.061,
0.104,0.104,0.241,-0.032,
0.083,0.085,0.301,-0.094,
0.094,0.09,0.261,-0.007,
0.043,0.036,0.188,-0.073,
0.031,0.035,0.147,-0.068,
0.053,0.051,0.196,-0.052,
0.061,0.07,0.149,-0.106,
0.11,0.114,0.244,-0.028,
0.074,0.091,0.168,-0.084,
0.111,0.113,0.209,-0.089,
0.117,0.114,0.298,-0.045,
0.102,0.103,0.237,-0.051,
0.134,0.137,0.252,-0.012,
0.052,0.043,0.266,-0.064,
0.101,0.11,0.206,-0.083,
0.079,0.081,0.284,-0.071,
0.094,0.081,0.303,-0.018,
0.086,0.089,0.169,-0.116,
0.073,0.061,0.175,-0.01,
0.037,0.043,0.169,-0.092,
0.102,0.089,0.32,-0.081,
0.096,0.089,0.309,-0.013,
0.055,0.058,0.168,-0.044,


0.044,0.042,0.133,-0.048,
0.013,0.017,0.126,-0.186,
0.01,0,0.111,-0.146,
0.011,0.015,0.092,-0.099,
-0.005,-0.005,0.204,-0.192,
0.031,0.03,0.14,-0.071,
0.018,0.011,0.19,-0.129,
-0.006,0,0.099,-0.134,
0.049,0.037,0.171,-0.066,
0.01,0.006,0.093,-0.027,
-0.014,-0.013,0.03,-0.079,
0.032,0.032,0.127,-0.044,
0.017,0.014,0.13,-0.079,
0.007,0.003,0.083,-0.058,
0.003,0.005,0.083,-0.108,
0.024,0.022,0.161,-0.126,
-0.01,-0.007,0,-0.109,
-0.003,-0.013,0.167,-0.079,
0.006,0.006,0.107,-0.07,
-0.039,-0.031,0.063,-0.143,
-0.013,-0.009,0.067,-0.132,
-0.005,-0.003,0.003,-0.052,
0.022,0.014,0.17,-0.028,
0.008,0.009,0.108,-0.104,
0.044,0.037,0.262,-0.143,
-0.004,-0.012,0.13,-0.123,
0.029,0.021,0.186,-0.11,
0.014,0.018,0.087,-0.08,
-0.023,-0.018,0.109,-0.149,
0.025,0.013,0.104,-0.046,
-0.004,-0.003,0.068,-0.07,
-0.013,0,0.091,-0.128,
0.006,0,0.107,-0.062,
0.004,-0.003,0.105,-0.149,
-0.017,-0.015,0.101,-0.114,
0.023,0.022,0.107,-0.12,
-0.008,0,0.085,-0.204,
0.057,0.053,0.166,-0.054,
0.015,0.015,0.137,-0.111,
0.03,0.041,0.174,-0.124,
-0.002,-0.003,0.118,-0.162,
0.001,0,0.057,-0.049,
0.001,-0.005,0.17,-0.129,
0.012,0.015,0.09,-0.053,
0.006,-0.003,0.146,-0.049,
0.025,0.018,0.144,-0.074,
-0.014,-0.015,0.093,-0.125,
0.003,0.003,0.054,-0.066,
0.015,0.009,0.134,-0.065,
0.001,0.003,0.063,-0.139,
0.035,0.033,0.138,-0.045,
0.009,0.009,0.109,-0.093,
0.012,0.012,0.151,-0.17,
-0.003,-0.003,0.071,-0.061,
0.003,0.002,0.133,-0.076,
-0.026,-0.031,0.112,-0.088,
0.001,0.003,0.095,-0.113,
0.006,0.014,0.107,-0.169,
-0.003,0.005,0.092,-0.136,
-0.016,-0.022,0.101,-0.103,
0.015,0.009,0.134,-0.189,
0.012,0.009,0.151,-0.086,
-0,0.002,0.152,-0.185,
-0.006,-0.006,0.136,-0.131,
-0.014,-0.015,0.129,-0.147,
0.023,0.033,0.107,-0.087,
-0.015,-0.01,0,-0.11,
0.009,-0.002,0.101,-0.078,
-0.008,-0.01,0.057,-0.022,
0.005,0.011,0.079,-0.192,
-0.023,-0.022,0.055,-0.092,
0.014,0.013,0.122,-0.127,
0.002,0.002,0.136,-0.181,
-0.016,-0.02,0.085,-0.142,
-0.003,0,0.107,-0.128,
-0.001,-0.003,0.154,-0.18,
0.036,0.035,0.133,-0.061,
0.015,0.005,0.148,-0.103,
0.002,0.007,0.094,-0.159,
0.011,0.003,0.116,-0.074,
0.016,0.015,0.109,-0.09,
0.007,0.002,0.056,-0.042,
0.005,0.003,0.093,-0.01,
-0.032,-0.02,0.032,-0.212,
-0.02,-0.024,0.076,-0.133,
0.001,0.01,0.086,-0.149,
-0.013,-0.011,0.101,-0.163,
-0.024,-0.023,0.128,-0.104,
-0.005,-0.006,0.044,-0.053,
0.03,0.024,0.198,-0.081,
-0.015,-0.013,0.095,-0.102,
0.004,0.011,0.071,-0.107,
0.037,0.041,0.154,-0.108,
0.021,0.018,0.152,-0.083,
-0.018,-0.018,0,-0.037,
-0.012,-0.01,0,-0.086,
0.038,0.029,0.184,-0.067,
0.001,-0.003,0.103,-0.13,
0.009,0.003,0.11,-0.154,
-0.015,-0.01,0.166,-0.173,
0.035,0.036,0.12,-0.081,
0.008,0.002,0.129,-0.205,
0.023,0.024,0.1,-0.074,
0.007,0.009,0.141,-0.129,
0.007,0.005,0.065,-0.046,
-0.007,0.002,0.081,-0.114,
0.011,0.002,0.149,-0.06,
-0.014,-0.019,0.158,-0.123,
-0.007,-0.008,0.143,-0.083,
0.021,0.015,0.109,-0.062,
-0.08,-0.068,0,-0.234,
0.007,0.008,0.125,-0.108,
0.02,0.026,0.127,-0.092,
0.031,0.028,0.195,-0.068,
0.018,0.015,0.148,-0.18,
0.004,0.002,0.152,-0.161,
-0.013,-0.006,0.074,-0.125,
-0.014,-0.005,0.051,-0.172,
0.006,0.018,0.156,-0.171,
-0.026,-0.033,0.101,-0.168,
0.038,0.033,0.114,-0.03,
-0.013,-0.003,0.031,-0.108,
-0.014,-0.006,0.094,-0.155,
-0.014,-0.01,0.054,-0.095,
0.014,0.006,0.09,-0.049,
-0.005,-0.003,0.025,-0.076,
0.009,0.009,0.089,-0.062,
0.005,0.003,0.078,-0.041,
0.012,0.007,0.137,-0.158,
0.012,0.014,0.117,-0.135,
0.033,0.026,0.136,-0.091,
0.001,0.003,0.111,-0.076,
0.018,0.009,0.135,-0.088,
0.009,0.003,0.082,-0.062,
0.033,0.021,0.179,-0.109,
0.046,0.042,0.155,-0.044,
0.002,0.006,0.099,-0.139,
0.023,0.012,0.191,-0.056,
-0.002,-0.003,0,-0.006,
-0.007,-0.002,0.121,-0.105,
0.026,0.025,0.175,-0.106,
-0.008,-0.007,0.136,-0.141,
0.024,0.024,0.178,-0.143,
0.018,0.017,0.181,-0.091,
0.006,0.006,0.135,-0.057,
-0.003,0,0.135,-0.17,
0.02,0.01,0.115,-0.066,
-0.012,-0.018,0.095,-0.089,
0,-0.005,0.087,-0.101,
-0.021,-0.011,0.058,-0.124,
-0.003,-0.009,0.143,-0.112,
0.02,0.022,0.123,-0.12,
-0.004,-0.006,0.05,-0.026,
0.01,0.011,0.089,-0.052,
0.008,0.011,0.106,-0.148,
0.016,0.018,0.22,-0.068,
0.024,0.029,0.097,-0.077,
0.015,0.017,0.11,-0.103,
0.003,0.007,0.082,-0.166,
-0.013,-0.018,0.061,-0.085,
-0.001,0.003,0.098,-0.1,
-0.002,-0.003,0.069,-0.106,
-0.05,-0.049,0.003,-0.166,
-0.005,-0.007,0.131,-0.159,
-0.017,-0.026,0.166,-0.153,
0.007,0.002,0.11,-0.086,
-0.01,-0.01,0.127,-0.109,
-0.003,-0.006,0.216,-0.144,
0.025,0.016,0.101,-0.021,
0.011,0.009,0.102,-0.089,
0.004,0.003,0.081,-0.088,
0.013,0.007,0.153,-0.131,
0.009,0.007,0.148,-0.071,
0.008,0.005,0.107,-0.071,
-0.018,-0.012,0.099,-0.111,
-0.003,0.002,0.068,-0.172,
0.042,0.036,0.164,-0.106,
-0.01,-0.011,0.14,-0.103,
0.019,0.017,0.109,-0.073,
0.008,0.01,0.098,-0.093,
-0.011,-0.016,0.122,-0.106,
0.014,0.007,0.121,-0.087,
0.027,0.015,0.166,-0.046,
0.01,0.006,0.096,-0.065,
0.019,0.021,0.093,-0.091,
0.002,-0.002,0.106,-0.145,
0.016,0.017,0.098,-0.082,
0.009,0.009,0.071,-0.144,
-0.014,-0.013,0,-0.024,
0.029,0.037,0.123,-0.113,
0.004,-0.003,0.152,-0.041,
-0.02,-0.024,0.067,-0.088,
0.016,0.021,0.152,-0.141,
0.001,0.003,0.101,-0.127,
-0.05,-0.053,0.285,-0.242,
-0.003,-0.003,0.037,-0.012,
0.018,0.009,0.15,-0.09,
-0.01,-0.016,0.123,-0.161,
0.043,0.051,0.136,-0.095,
0.002,-0.003,0.158,-0.097,
0.023,0.038,0.146,-0.121,
0.022,0.015,0.21,-0.063,
-0.016,-0.016,0,-0.035,
0.004,0.01,0.096,-0.103,
-0.05,-0.022,0.012,-0.227,
-0.013,-0.009,0.046,-0.098,
0.013,0.017,0.131,-0.144,
0.015,0.012,0.091,-0.068,
0.021,0.028,0.128,-0.208,
0.009,0,0.265,-0.019,
0.023,0.011,0.153,-0.137,
-0.007,-0.005,0.106,-0.101,
0.02,0.021,0.146,-0.047,
-0.023,-0.019,0.045,-0.082,
-0.051,-0.044,0.028,-0.142,
0.035,0.035,0.152,-0.063,
-0.013,-0.015,0.081,-0.082,
0.012,0.003,0.137,-0.098,
-0.014,-0.01,0.071,-0.142,
-0.002,-0.003,0.035,-0.013,
0.01,0.005,0.109,-0.103,
-0.04,-0.032,0.068,-0.149,
-0.014,-0.009,0.132,-0.128,
0.013,0.006,0.117,-0.066,
0.015,0.022,0.123,-0.076,
-0.01,-0.012,0.099,-0.114,
0.034,0.04,0.122,-0.057,
0.006,0.003,0.066,-0.047,
0.036,0.028,0.168,-0.066,
-0.017,-0.018,0.11,-0.121,
0.008,0.011,0.102,-0.13,
0.006,-0.003,0.125,-0.147,
0.021,0.018,0.121,-0.054,
-0.012,-0.003,0.127,-0.192,
-0.003,-0.003,0.082,-0.061,
0.028,0.033,0.125,-0.094,
-0.007,-0.003,0.042,-0.107,
0.061,0.058,0.152,-0.012,
-0.015,-0.009,0.13,-0.104,
0.007,-0.003,0.226,-0.087,
0.021,0.026,0.092,-0.126,
0.003,0,0.11,-0.063,
0.003,-0.003,0.156,-0.126,
0.016,0.025,0.094,-0.155,
0.002,0.003,0.137,-0.175,
0.017,0.005,0.134,-0.111,
-0.015,-0.006,0.081,-0.158,
0.034,0.014,0.179,-0.078,
-0.012,-0.009,0.105,-0.128,
0.023,0.018,0.133,-0.059,
-0.006,0,0.073,-0.117,
-0.009,-0.015,0.144,-0.108,
0.003,0,0.146,-0.072,
0.016,0.01,0.137,-0.071,
0.026,0.018,0.109,-0.066,
0.011,0.009,0.12,-0.086,
0.007,0.005,0.089,-0.08,
0.028,0.028,0.142,-0.164,
-0.01,-0.009,0.091,-0.068,
-0.004,-0.005,0.163,-0.196,
0.04,0.043,0.118,-0.108,
0.009,0.006,0.095,-0.052,
0.015,0.01,0.139,-0.095,
-0,-0.002,0.163,-0.143,
-0.006,-0.005,0.089,-0.135,
-0.005,-0.006,0.123,-0.101,
0.01,0.01,0.083,-0.056,
-0.031,-0.039,0.145,-0.122,
0.009,0.009,0.136,-0.108,
0.018,0.018,0.09,-0.095,
0.007,0.006,0.083,-0.067,
0.004,0.003,0.118,-0.072,
0.001,0,0.092,-0.153,
-0.001,-0.002,0.165,-0.132,
-0,0,0.083,-0.052,
-0.004,0,0.078,-0.093,
0,0,0.1,-0.137,
-0.012,-0.009,0.078,-0.165,
-0.007,-0.006,0.055,-0.137,
0.008,0.003,0.109,-0.084,
0.01,0.01,0.131,-0.127,
0.012,0.021,0.118,-0.116,
0.009,0.005,0.163,-0.186,
0.028,0.022,0.142,-0.101,
-0.004,-0.003,0.049,-0.089,
0.033,0.027,0.195,-0.059,
-0.011,-0.013,0,-0.021,
0.032,0.023,0.237,-0.071,
-0.007,-0.006,0.142,-0.094,
-0.016,-0.01,0.117,-0.142,
0.028,0.032,0.124,-0.09,
0.035,0.036,0.163,-0.119,
0.02,0.019,0.126,-0.069,
-0.013,-0.007,0.084,-0.129,
0.007,0.003,0.203,-0.099,
0.003,0.007,0.103,-0.098,
-0.007,0,0.096,-0.13,
-0.008,-0.007,0.141,-0.15,
0.024,0.019,0.147,-0.106,
-0.01,-0.006,0.065,-0.183,
-0.009,-0.006,0.073,-0.131,
0.008,0.007,0.145,-0.117,
0.004,0.015,0.067,-0.111,
-0.031,-0.024,0.077,-0.26,
0.004,0.002,0.139,-0.179,
-0.001,-0.005,0.1,-0.106,
0.01,0.009,0.087,-0.07,
0.01,0.005,0.132,-0.085,
-0.002,0.006,0.077,-0.136,
-0.001,-0.002,0.079,-0.129,
0.017,0.019,0.103,-0.107,
0.001,0,0.097,-0.106,
-0.002,0,0.003,-0.047,
0.026,0.013,0.147,-0.034,
-0.009,-0.006,0.09,-0.101,
0.026,0.029,0.114,-0.106,
-0.005,-0.011,0.111,-0.093,
0.018,0.008,0.147,-0.006,
0.011,0.006,0.089,-0.09,
0.019,0.015,0.137,-0.16,
-0.002,-0.005,0.127,-0.099,
0.014,0.005,0.155,-0.115,
-0.001,0.003,0.08,-0.085,
0.005,0.006,0.113,-0.124,
-0.004,-0.003,0.069,-0.139,
0.037,0.024,0.194,-0.176,
0.031,0.036,0.108,-0.099,
0.023,0.023,0.089,-0.043,
-0.009,-0.002,0.05,-0.176,
0.037,0.047,0.118,-0.08,
-0.011,-0.006,0.081,-0.101,
0.045,0.044,0.182,-0.058,
0.02,0.018,0.129,-0.07,
0.003,0.007,0.101,-0.136,
0.03,0.028,0.177,-0.105,
0.013,0.007,0.075,-0.047,
-0.019,-0.009,0.075,-0.169,
0.017,0.005,0.208,-0.033,
0.023,0.018,0.117,-0.08,
0.012,0.009,0.103,-0.074,
0.013,0.01,0.074,-0.049,
0.001,0,0.093,-0.043,
0.001,-0.003,0.109,-0.098,
0.034,0.027,0.143,-0.123,
-0.004,0,0,-0.048,
0.051,0.043,0.196,-0.178,
0,-0.003,0.203,-0.092,
-0.005,-0.003,0.089,-0.102,
0.021,0.009,0.145,-0.045,
-0.01,-0.002,0.107,-0.161,
-0.012,-0.007,0,-0.105,
0.002,-0.003,0.171,-0.113,
-0.015,-0.006,0,-0.102,
0.006,0.007,0.129,-0.134,
0.037,0.033,0.225,-0.06,
0.019,0.021,0.087,-0.061,
0.018,0.006,0.165,-0.083,
0.013,0.018,0.125,-0.127,
-0.014,-0.009,0.072,-0.103,
-0.008,-0.006,0.108,-0.157,
-0.001,0,0.099,-0.115,
0.024,0.018,0.203,-0.116,
-0.013,-0.008,0.095,-0.109,
-0.002,0,0.137,-0.094,
-0.008,-0.017,0.166,-0.115,
0.012,0.007,0.112,-0.057,
0.008,0,0.178,-0.085,
0.018,0.018,0.127,-0.092,
-0.057,-0.069,0.085,-0.27,
-0.012,-0.017,0.069,-0.109,
0.026,0.016,0.224,-0.147,
0.001,-0.002,0.128,-0.1,
0.014,0.026,0.092,-0.122,
-0.02,-0.013,0.05,-0.118,
0.027,0.03,0.151,-0.086,
0.01,0.012,0.108,-0.064,
0.018,0.019,0.121,-0.075,
0.033,0.03,0.156,-0.051,
0.018,0.01,0.123,-0.028,
0.018,0.009,0.171,-0.063,
0.023,0.009,0.137,-0.048,
0.04,0.033,0.195,-0.095,
0.016,0.013,0.147,-0.12,
-0.001,0.002,0.083,-0.112,
0.01,0.01,0.115,-0.071,
0.031,0.016,0.191,-0.034,
0.029,0.033,0.166,-0.145,
-0.007,-0.003,0.118,-0.114,
0.021,0.017,0.127,-0.097,
-0.006,-0.006,0,-0.012,
-0.003,0,0.06,-0.048,
0.032,0.022,0.131,-0.097,
-0.025,-0.027,0.147,-0.228,
0.022,0.019,0.11,-0.057,
0.022,0.009,0.132,-0.022,
-0.001,0,0.064,-0.111,
-0.031,-0.02,0.006,-0.204,
0.014,0.006,0.137,-0.11,
0.014,0.009,0.165,-0.084,
-0.014,-0.006,0.068,-0.109,
0.012,0.009,0.146,-0.075,
-0.003,-0.006,0.125,-0.071,
-0.005,-0.003,0.047,-0.04,
0.012,0.012,0.099,-0.049,
-0.003,0.002,0.056,-0.095,
0.004,0.005,0.07,-0.083,
-0.002,0.002,0.09,-0.09,
0.026,0.025,0.157,-0.084,
-0.007,-0.006,0.099,-0.084,
-0.013,-0.015,0.093,-0.126,
-0.037,-0.025,0.05,-0.161,
-0.005,-0.003,0.055,-0.074,
0.04,0.03,0.22,-0.025,
0.001,0,0.053,-0.019,
0.033,0.038,0.146,-0.088,
0.02,0.011,0.175,-0.137,
-0.015,0,0.149,-0.251,
-0.001,-0.003,0.071,-0.025,
-0.005,-0.007,0.099,-0.106,
-0.004,-0.003,0.084,-0.087,
0.002,0.003,0.149,-0.155,
0.019,0.019,0.123,-0.116,
0.015,0.015,0.096,-0.105,
-0,0,0.057,-0.046,
0.018,0.003,0.136,-0.019,
0.01,0.003,0.175,-0.177,
-0.015,-0.006,0.094,-0.119,
0.006,-0.002,0.09,-0.077,
-0.003,-0.003,0.083,-0.071,
0.034,0.03,0.18,0,
-0.038,-0.032,0.022,-0.136,
0.003,0.006,0.129,-0.141,
0.019,0.013,0.183,-0.009,
0.002,-0.005,0.216,-0.199,
0.013,0.011,0.182,-0.07,
0.038,0.037,0.162,-0.117,
0.011,0.013,0.075,-0.052,
0.01,0.009,0.101,-0.083,
-0.008,-0.007,0.108,-0.071,
0.023,0.015,0.211,-0.125,
-0.003,-0.003,0.116,-0.11,
-0,0.005,0.087,-0.103,
0.001,0,0.171,-0.179,
0.019,0.02,0.127,-0.178,
0.007,0.002,0.142,-0.155,
0.027,0.021,0.202,-0.088,
-0.007,-0.006,0.134,-0.11,
-0.013,-0.024,0.208,-0.081,
0.037,0.03,0.142,-0.036,
0.002,0.003,0.115,-0.111,
-0.025,-0.025,0.085,-0.164,
-0.003,0,0.019,-0.047,
-0.003,-0.003,0.137,-0.076,
0.001,0,0.072,-0.08,
0.006,-0.005,0.155,-0.085,
0.001,-0.002,0.078,-0.121,
-0.028,-0.024,0.052,-0.14,
-0.002,-0.006,0.087,-0.055,
-0.011,-0.01,0.124,-0.113,
-0.001,-0.003,0.137,-0.141,
0.046,0.044,0.155,-0.094,
0.021,0.012,0.224,-0.136,
-0.025,-0.024,0.037,-0.131,
0.004,-0.003,0.113,-0.081,
-0.007,-0.006,0.042,-0.071,
0.019,0.012,0.139,-0.062,
0.01,0.012,0.132,-0.158,
0.026,0.018,0.235,-0.101,
0.007,0.003,0.083,-0.019,
-0.041,-0.052,0.097,-0.17,
0.062,0.07,0.167,-0.111,
-0.021,-0.015,0.109,-0.237,
0.051,0.043,0.16,-0.048,
0.003,-0.007,0.081,-0.087,
0.008,0.003,0.146,-0.097,
-0.007,-0.006,0.097,-0.076,
0,0.009,0.121,-0.15,
-0.015,-0.003,0.057,-0.148,
0.013,0.003,0.119,-0.067,
-0.01,-0.006,0.059,-0.11,
0.011,0.007,0.1,-0.13,
0.02,0.026,0.115,-0.107,
-0.001,0.002,0.072,-0.091,
0.03,0.016,0.173,-0.126,
-0.012,-0.01,0.056,-0.126,
0.022,0.021,0.142,-0.1,
0.017,0.01,0.17,-0.05,
0.003,0.005,0.166,-0.137,
-0.013,-0.007,0.077,-0.102,
0.015,0.005,0.107,-0.003,
0.014,0.005,0.093,-0.077,
0.022,0.018,0.169,-0.092,
0.004,0.007,0.119,-0.09,
-0.001,-0.002,0.051,-0.077,
-0.005,-0.011,0.177,-0.087,
0.021,0.017,0.145,-0.055,
0.035,0.036,0.164,-0.068,
0.011,0,0.138,-0.003,
-0.021,-0.018,0.082,-0.175,
0.014,0.009,0.134,-0.112,




Further Data analysis of all test cases 
avg med max min 
AVGs,0.089,0.087,0.148,0.024,
MEDs,0.088,0.087,0.149,0.019,
MAXs,0.247,0.244,0.37,0.123,
MINs,-0.047,-0.043,0.016,-0.222,


AVGs,0.006,0.005,0.062,-0.08,
MEDs,0.005,0.003,0.07,-0.069,
MAXs,0.115,0.113,0.285,0,
MINs,-0.102,-0.101,0,-0.27,



