

Data analysis for each instance 
AVG,MED,MAX,MIN
0.008,-0.013,0.245,-0.184,
-0.061,-0.057,0.072,-0.203,
-0.043,-0.059,0.184,-0.335,
0.047,0.037,0.328,-0.186,
-0.045,-0.052,0.16,-0.236,
-0.016,-0.021,0.232,-0.193,
-0.083,-0.089,0.216,-0.232,
-0.036,-0.037,0.243,-0.162,
-0.092,-0.095,0.051,-0.249,
0.045,0.042,0.264,-0.154,
0.045,0.041,0.265,-0.287,
0.018,0.024,0.215,-0.242,
0.003,0.015,0.198,-0.156,
0.098,0.103,0.359,-0.181,
-0.016,-0.021,0.168,-0.173,
-0.06,-0.073,0.136,-0.189,
0.094,0.108,0.435,-0.234,
0.012,-0.003,0.336,-0.226,
0.065,0.075,0.345,-0.292,
0.097,0.098,0.399,-0.23,
-0.012,0.002,0.212,-0.257,
0.148,0.147,0.418,-0.187,
0.029,0.003,0.303,-0.234,
0.028,0.032,0.254,-0.185,
-0.091,-0.107,0.118,-0.266,
0.006,-0.007,0.154,-0.148,
-0.018,-0.011,0.177,-0.178,
0.025,0.024,0.211,-0.212,
-0.007,0,0.149,-0.181,
0.129,0.13,0.309,-0.07,
0.075,0.117,0.315,-0.222,
-0.094,-0.097,0.087,-0.283,
-0.023,-0.025,0.181,-0.235,
-0.061,-0.062,0.124,-0.206,
0.024,0.004,0.273,-0.167,
-0.018,-0.022,0.17,-0.197,
-0.016,-0.021,0.185,-0.165,
-0.037,-0.042,0.181,-0.211,
-0.024,-0.02,0.309,-0.21,
-0.044,-0.054,0.223,-0.245,
-0.039,-0.042,0.161,-0.227,
0.022,0.004,0.252,-0.269,
0.004,-0.003,0.209,-0.141,
0.061,0.052,0.365,-0.216,
0.092,0.126,0.338,-0.252,
0.018,0.028,0.192,-0.206,
-0.019,-0.043,0.316,-0.235,
0.029,0.042,0.266,-0.211,
-0.027,-0.042,0.157,-0.156,
0.129,0.118,0.349,-0.052,
0.068,0.074,0.225,-0.167,
-0.029,-0.031,0.152,-0.242,
-0.044,-0.042,0.156,-0.233,
0.068,0.07,0.367,-0.19,
-0.061,-0.076,0.152,-0.288,
-0.007,-0.03,0.302,-0.261,
0.108,0.104,0.302,-0.111,
-0.028,-0.035,0.21,-0.221,
-0.032,-0.032,0.15,-0.24,
-0.006,-0.018,0.175,-0.147,
0.005,-0.011,0.203,-0.119,
0.017,0.015,0.206,-0.171,
-0.051,-0.081,0.194,-0.245,
-0.003,0.01,0.266,-0.203,
-0.029,-0.019,0.104,-0.209,
-0.055,-0.052,0.175,-0.238,
0.135,0.149,0.519,-0.172,
-0.046,-0.015,0.151,-0.311,
0.176,0.2,0.423,-0.222,
0.01,0.004,0.338,-0.275,
0.049,0.06,0.254,-0.249,
0.008,0.018,0.28,-0.27,
-0.049,-0.034,0.199,-0.232,
-0.059,-0.061,0.192,-0.239,
-0.003,-0.014,0.274,-0.229,
-0.01,-0.026,0.295,-0.236,
-0.012,-0.016,0.262,-0.279,
-0.001,0.008,0.198,-0.21,
-0.039,-0.052,0.25,-0.27,
-0.027,-0.036,0.213,-0.22,
-0.068,-0.057,0.127,-0.295,
0.119,0.135,0.459,-0.202,
0.095,0.111,0.454,-0.16,
-0.068,-0.08,0.26,-0.274,
0.005,0.005,0.219,-0.178,
0.013,0.002,0.266,-0.165,
0.038,0.04,0.307,-0.205,
-0.033,-0.016,0.187,-0.242,
0.054,0.061,0.348,-0.264,
-0.008,-0.002,0.22,-0.283,
0.052,0.044,0.375,-0.218,
-0.037,-0.03,0.151,-0.194,
-0.002,-0.01,0.228,-0.221,
-0.013,-0.009,0.277,-0.291,
0.205,0.263,0.567,-0.27,
0.156,0.173,0.425,-0.217,
-0.008,-0.009,0.195,-0.132,
-0.034,-0.054,0.305,-0.276,
0.006,0.001,0.255,-0.196,
-0.02,-0.015,0.16,-0.2,
-0.033,-0.043,0.16,-0.194,
0.013,-0.005,0.264,-0.18,
0.071,0.048,0.282,-0.127,
0.02,0.023,0.267,-0.215,
0.005,-0.003,0.263,-0.209,
0.03,0.02,0.327,-0.154,
0.02,0.013,0.231,-0.17,
-0.039,-0.051,0.277,-0.242,
-0.022,-0.046,0.337,-0.271,
-0.029,-0.035,0.159,-0.152,
0.242,0.244,0.485,-0.094,
0.054,0.074,0.279,-0.188,
0.008,0.003,0.173,-0.139,
0.023,0.014,0.361,-0.201,
-0.03,-0.041,0.086,-0.132,
-0.044,-0.047,0.269,-0.21,
-0.023,-0.048,0.234,-0.299,
0.037,0.028,0.318,-0.175,
-0.075,-0.072,0.121,-0.293,
0.038,0.005,0.242,-0.171,
-0.002,-0.019,0.305,-0.174,
0.102,0.085,0.383,-0.087,
-0.012,-0.016,0.228,-0.228,
0.074,0.079,0.322,-0.148,
-0.029,-0.045,0.212,-0.247,
0.021,0.005,0.237,-0.201,
-0.066,-0.066,0.097,-0.178,
-0.017,-0.045,0.234,-0.194,
-0.034,-0.045,0.248,-0.254,
-0.055,-0.067,0.262,-0.232,
-0.043,-0.046,0.182,-0.217,
0.039,0.05,0.254,-0.221,
-0.028,-0.023,0.152,-0.168,
-0.059,-0.055,0.301,-0.321,
-0.013,-0.011,0.147,-0.202,
-0.035,-0.036,0.115,-0.172,
0.009,-0.018,0.287,-0.23,
-0.006,0,0.192,-0.225,
0.039,0.028,0.306,-0.25,
-0,-0.015,0.179,-0.158,
0.074,0.088,0.4,-0.206,
-0.017,-0.015,0.222,-0.2,
-0.007,0,0.215,-0.247,
0.052,0.036,0.311,-0.145,
0.072,0.073,0.336,-0.216,
-0.028,-0.029,0.123,-0.194,
0.005,-0.009,0.185,-0.244,
-0.01,0.003,0.177,-0.19,
-0.031,-0.04,0.253,-0.323,
0.082,0.098,0.358,-0.275,
0.009,0.007,0.237,-0.187,
0.031,0.033,0.262,-0.227,
0.178,0.228,0.41,-0.287,
0.02,0.032,0.166,-0.271,
-0.067,-0.062,0.072,-0.215,
0.042,0.057,0.235,-0.19,
-0.026,-0.032,0.143,-0.208,
0.024,0.025,0.208,-0.164,
-0.025,-0.038,0.138,-0.169,
0.084,0.1,0.354,-0.328,
-0.044,-0.065,0.191,-0.262,
0.077,0.07,0.396,-0.211,
-0.001,-0.002,0.203,-0.17,
-0.026,-0.046,0.208,-0.227,
0.02,0.021,0.239,-0.195,
0.025,-0.011,0.44,-0.299,
-0.035,-0.032,0.111,-0.175,
-0.082,-0.095,0.142,-0.254,
-0.007,-0.025,0.339,-0.199,
0.018,0.002,0.243,-0.181,
-0.011,0.004,0.257,-0.224,
0.005,-0.007,0.262,-0.138,
0.006,0.011,0.232,-0.282,
0.087,0.067,0.446,-0.19,
-0.059,-0.067,0.188,-0.211,
0.009,0.005,0.298,-0.234,
-0.012,0,0.155,-0.208,
-0.025,-0.029,0.137,-0.152,
-0.087,-0.098,0.1,-0.273,
0.013,0.015,0.216,-0.166,
-0.031,-0.011,0.155,-0.274,
-0.009,-0.016,0.245,-0.158,
-0.003,-0.005,0.275,-0.186,
0.019,0.032,0.217,-0.22,
-0.021,-0.025,0.191,-0.169,
-0.009,-0.018,0.263,-0.206,
0.039,0.04,0.287,-0.185,
0.014,-0.022,0.224,-0.265,
0.118,0.125,0.403,-0.23,
-0.039,-0.047,0.192,-0.213,
0.087,0.107,0.407,-0.227,
-0.03,-0.027,0.185,-0.149,
-0.029,-0.029,0.067,-0.169,
-0.031,-0.04,0.185,-0.201,
-0.021,-0.029,0.207,-0.263,
0.078,0.071,0.385,-0.208,
-0.006,-0.011,0.167,-0.187,
-0.045,-0.036,0.117,-0.297,
-0.011,-0.024,0.163,-0.172,
0.115,0.124,0.397,-0.207,
-0.059,-0.06,0.153,-0.229,
-0.034,-0.043,0.174,-0.196,
0.239,0.246,0.482,-0.272,
-0.039,-0.056,0.142,-0.241,
-0.014,-0.017,0.166,-0.227,
0.043,0.024,0.298,-0.179,
-0.01,0.01,0.206,-0.236,
0.078,0.077,0.375,-0.243,
-0.023,-0.01,0.156,-0.285,
-0.088,-0.107,0.149,-0.282,
-0.048,-0.05,0.174,-0.287,
0.019,0.002,0.359,-0.203,
0.025,0.033,0.262,-0.191,
-0.044,-0.063,0.165,-0.19,
-0.003,0.001,0.239,-0.193,
-0.004,-0.019,0.148,-0.151,
-0.043,-0.045,0.16,-0.23,
-0.045,-0.032,0.215,-0.275,
-0.024,-0.037,0.311,-0.196,
0.216,0.227,0.51,-0.189,
0.021,0.038,0.184,-0.163,
-0.045,-0.047,0.187,-0.282,
0.018,0.004,0.388,-0.209,
-0.005,-0.029,0.259,-0.238,
-0.02,-0.024,0.202,-0.204,
0.055,0.052,0.345,-0.211,
-0.027,-0.037,0.174,-0.176,
0.042,0.024,0.369,-0.287,
0.003,-0.005,0.297,-0.17,
-0.001,-0.01,0.247,-0.173,
0.003,0.003,0.33,-0.285,
-0.029,-0.012,0.168,-0.291,
-0.033,-0.039,0.195,-0.235,
0.056,0.036,0.33,-0.205,
0.06,0.055,0.333,-0.177,
0.017,0.005,0.213,-0.151,
0.126,0.133,0.354,-0.132,
-0,0.01,0.254,-0.261,
-0.059,-0.053,0.093,-0.212,
0.036,0.04,0.329,-0.218,
-0.006,-0.011,0.282,-0.214,
0.016,0.018,0.309,-0.211,
0.05,0.055,0.303,-0.259,
-0.038,-0.046,0.221,-0.237,
0.007,-0.011,0.3,-0.255,
-0.035,-0.036,0.219,-0.272,
0.066,0.104,0.315,-0.217,
0.007,0.038,0.23,-0.252,
0.022,0,0.281,-0.17,
0.013,0,0.295,-0.268,
0.064,0.075,0.308,-0.166,
-0.039,-0.036,0.093,-0.233,
-0.075,-0.083,0.23,-0.365,
-0.055,-0.052,0.128,-0.289,
0.083,0.077,0.351,-0.172,
0.098,0.109,0.324,-0.259,
0.036,0.037,0.338,-0.323,
-0.068,-0.095,0.138,-0.239,
0.117,0.129,0.358,-0.182,
-0.044,-0.064,0.238,-0.268,
-0.037,-0.044,0.202,-0.29,
-0.023,-0.008,0.198,-0.211,
-0.006,-0.009,0.245,-0.216,
-0.014,-0.015,0.222,-0.188,
-0.088,-0.088,0.099,-0.217,
0.085,0.076,0.389,-0.172,
-0.004,0.014,0.247,-0.247,
0.01,0.009,0.243,-0.202,
0.086,0.091,0.295,-0.14,
0.065,0.08,0.297,-0.218,
0.046,0.051,0.226,-0.16,
0.14,0.162,0.408,-0.097,
0.141,0.138,0.436,-0.125,
0.073,0.08,0.297,-0.237,
0.168,0.171,0.442,-0.065,
0.075,0.068,0.269,-0.202,
-0.03,-0.041,0.209,-0.254,
0.113,0.118,0.315,-0.146,
0.164,0.188,0.391,-0.128,
0.07,0.081,0.253,-0.121,
0.079,0.1,0.271,-0.212,
0.049,0.04,0.22,-0.131,
0.068,0.085,0.307,-0.182,
0.082,0.083,0.253,-0.227,
0.167,0.188,0.431,-0.113,
0.035,0.072,0.265,-0.238,
0.226,0.242,0.542,-0.098,
0.04,0.043,0.32,-0.203,
0.147,0.141,0.337,-0.185,
0.088,0.111,0.312,-0.143,
0.057,0.059,0.198,-0.215,
0.008,0.009,0.17,-0.177,
0.12,0.121,0.312,-0.109,
0.075,0.08,0.219,-0.131,
0.09,0.13,0.275,-0.161,
0.059,0.068,0.254,-0.219,
0.057,0.066,0.282,-0.17,
0.111,0.107,0.355,-0.117,
0.142,0.171,0.353,-0.138,
0.124,0.137,0.408,-0.119,
0.117,0.13,0.304,-0.115,
0.042,0.043,0.205,-0.111,
0.014,0.024,0.236,-0.228,
0.081,0.068,0.289,-0.141,
0.113,0.096,0.402,-0.221,
0.076,0.077,0.347,-0.232,
0.033,0.015,0.183,-0.178,
0.118,0.106,0.336,-0.108,
0.044,0.042,0.268,-0.162,
0.079,0.11,0.347,-0.166,
0.018,-0.004,0.238,-0.146,
0.086,0.096,0.356,-0.22,
0.092,0.111,0.423,-0.125,
0.164,0.174,0.422,-0.178,
0.125,0.124,0.315,-0.163,
0.035,0.048,0.206,-0.162,
0.145,0.155,0.366,-0.273,
0.121,0.135,0.338,-0.208,
0.062,0.051,0.214,-0.109,
0.142,0.146,0.352,-0.155,
0.089,0.093,0.347,-0.26,
0.033,0.052,0.259,-0.223,
0.127,0.14,0.354,-0.192,
0.061,0.071,0.276,-0.169,
0.167,0.206,0.485,-0.187,
0.156,0.162,0.345,-0.057,
0.093,0.098,0.278,-0.11,
0.125,0.124,0.344,-0.274,
0.117,0.134,0.368,-0.133,
0.049,0.051,0.274,-0.139,
0.222,0.229,0.391,-0.033,
-0,0.007,0.151,-0.152,
0.163,0.187,0.381,-0.213,
0.052,0.053,0.306,-0.207,
0.066,0.057,0.357,-0.186,
0.057,0.052,0.498,-0.267,
0.157,0.168,0.357,-0.139,
0.1,0.096,0.405,-0.179,
0.033,0.026,0.235,-0.166,
0.077,0.085,0.312,-0.146,
0.041,0.028,0.247,-0.211,
0.244,0.259,0.464,-0.022,
0.107,0.118,0.315,-0.119,
0.079,0.085,0.32,-0.213,
0.171,0.193,0.4,-0.152,
0.002,0.002,0.224,-0.198,
0.141,0.147,0.401,-0.156,
0.13,0.127,0.453,-0.092,
0.053,0.043,0.299,-0.185,
0.078,0.084,0.264,-0.141,
0.24,0.229,0.563,-0.046,
0.167,0.164,0.37,-0.048,
0.098,0.126,0.368,-0.208,
0.121,0.152,0.317,-0.186,
0.026,0.016,0.283,-0.198,
0.12,0.118,0.299,-0.071,
0.086,0.09,0.305,-0.209,
0.055,0.059,0.24,-0.197,
0.065,0.085,0.311,-0.205,
0.1,0.109,0.281,-0.139,
0.066,0.07,0.22,-0.162,
0.102,0.111,0.311,-0.152,
0.149,0.171,0.382,-0.195,
0.07,0.068,0.321,-0.164,
0.135,0.144,0.298,-0.109,
0.057,0.052,0.271,-0.226,
0.197,0.216,0.384,-0.073,
0.013,0.005,0.211,-0.173,
-0.002,-0.017,0.241,-0.214,
0.056,0.045,0.303,-0.13,
0.112,0.117,0.353,-0.184,
0.056,0.049,0.202,-0.164,
0.03,0.034,0.273,-0.23,
0.089,0.097,0.313,-0.163,
0.107,0.106,0.294,-0.128,
0.161,0.182,0.36,-0.144,
0.014,0.007,0.248,-0.164,
0.138,0.148,0.387,-0.127,
0.161,0.175,0.481,-0.159,
0.146,0.162,0.398,-0.192,
0.1,0.102,0.328,-0.166,
0.067,0.092,0.304,-0.166,
0.138,0.129,0.364,-0.145,
0.025,0.021,0.326,-0.216,
0.094,0.104,0.293,-0.133,
0.162,0.164,0.378,-0.103,
0.036,0.034,0.18,-0.13,
0.067,0.058,0.307,-0.187,
0.074,0.071,0.301,-0.117,
0.229,0.25,0.428,-0.042,
0.024,0.025,0.303,-0.384,
0.161,0.181,0.486,-0.149,
0.062,0.077,0.222,-0.131,
0.02,0.018,0.245,-0.221,
0.116,0.134,0.294,-0.112,
0.081,0.091,0.33,-0.182,
0.15,0.187,0.403,-0.162,
0.102,0.092,0.317,-0.097,
0.053,0.065,0.281,-0.164,
0.104,0.101,0.401,-0.104,
0.113,0.148,0.319,-0.143,
0.149,0.164,0.394,-0.089,
0.033,0.04,0.309,-0.198,
0.106,0.117,0.291,-0.146,
0.079,0.108,0.298,-0.197,
0.19,0.217,0.368,-0.081,
0.08,0.081,0.338,-0.234,
0.071,0.083,0.231,-0.148,
0.146,0.141,0.381,-0.063,
0.058,0.065,0.304,-0.187,
0.101,0.121,0.347,-0.151,
0.143,0.162,0.312,-0.158,
0.033,0.041,0.244,-0.195,
0.185,0.195,0.422,-0.174,
0.061,0.068,0.232,-0.113,
0.051,0.049,0.293,-0.235,
0.17,0.166,0.363,-0.097,
0.175,0.181,0.367,-0.017,
0.079,0.077,0.282,-0.183,
0.125,0.13,0.29,-0.143,
0.13,0.135,0.276,-0.01,
-0.008,-0.002,0.24,-0.259,
0.038,0.028,0.251,-0.224,
0.178,0.186,0.403,-0.018,
0.121,0.148,0.399,-0.252,
0.111,0.111,0.383,-0.115,
0.123,0.109,0.396,-0.159,
0.039,0.036,0.284,-0.154,
0.214,0.22,0.468,-0.076,
0.104,0.11,0.338,-0.192,
0.13,0.129,0.338,-0.121,
0.12,0.121,0.309,-0.096,
0.103,0.111,0.489,-0.223,
0.104,0.112,0.28,-0.083,
0.088,0.096,0.227,-0.104,
0.1,0.104,0.262,-0.151,
0.058,0.059,0.301,-0.149,
0.071,0.092,0.241,-0.175,
0.092,0.077,0.404,-0.195,
0.092,0.089,0.276,-0.11,
0.074,0.098,0.27,-0.142,
0.041,0.048,0.198,-0.202,
0.123,0.131,0.309,-0.102,
0.082,0.082,0.369,-0.148,
0.137,0.161,0.342,-0.147,
-0,-0.023,0.175,-0.347,
0.091,0.08,0.273,-0.141,
0.096,0.085,0.251,-0.087,
0.087,0.082,0.299,-0.159,
0.063,0.061,0.29,-0.164,
0.088,0.08,0.31,-0.107,
0.193,0.202,0.388,-0.059,
0.122,0.133,0.317,-0.246,
0.034,0.035,0.359,-0.213,
0.029,0.055,0.263,-0.264,
0.082,0.056,0.397,-0.279,
0.125,0.136,0.256,-0.091,
0.032,0.052,0.273,-0.247,
0.087,0.083,0.382,-0.155,
0.209,0.217,0.39,-0.032,
-0.03,-0.044,0.162,-0.212,
-0.02,-0.029,0.17,-0.177,
0.077,0.096,0.317,-0.171,
-0.055,-0.05,0.168,-0.182,
0.015,0.011,0.307,-0.329,
-0.048,-0.057,0.254,-0.274,
0.011,0.025,0.168,-0.163,
-0.043,-0.046,0.096,-0.22,
0.113,0.121,0.427,-0.125,
-0.031,-0.038,0.161,-0.249,
-0.099,-0.087,0.021,-0.308,
-0.003,0,0.222,-0.233,
0.045,0.038,0.354,-0.276,
-0.059,-0.053,0.089,-0.17,
-0.02,-0.015,0.235,-0.209,
-0.04,-0.046,0.251,-0.294,
0.088,0.103,0.323,-0.171,
-0.018,-0.05,0.264,-0.194,
0.134,0.129,0.392,-0.134,
0.107,0.125,0.343,-0.262,
0.031,0.033,0.185,-0.121,
0.09,0.088,0.289,-0.096,
0.047,0.057,0.31,-0.23,
0.113,0.104,0.384,-0.108,
-0.044,-0.049,0.233,-0.232,
-0.021,-0.028,0.259,-0.179,
0.039,0.045,0.278,-0.176,
0.078,0.089,0.328,-0.203,
-0.055,-0.053,0.082,-0.222,
0.029,0.009,0.286,-0.294,
0.066,0.1,0.362,-0.353,
-0.02,-0.02,0.243,-0.216,
0.117,0.13,0.321,-0.112,
0.148,0.148,0.36,-0.206,
0.002,-0,0.237,-0.295,
0.109,0.093,0.344,-0.113,
0.076,0.078,0.271,-0.126,
0.137,0.154,0.347,-0.168,
0.153,0.163,0.451,-0.178,
0.042,0.034,0.219,-0.16,


0.061,0.065,0.222,-0.111,
0.073,0.073,0.171,-0.123,
-0.052,-0.044,0.119,-0.174,
0.15,0.145,0.276,0.042,
-0.024,-0.018,0.066,-0.155,
0.015,0.011,0.121,-0.081,
0.008,0.009,0.117,-0.153,
-0.002,0.003,0.139,-0.179,
0.065,0.066,0.211,-0.074,
-0.046,-0.035,0.055,-0.215,
0.044,0.046,0.142,-0.078,
0.071,0.063,0.268,-0.102,
0.058,0.052,0.195,-0.053,
-0.007,-0.022,0.195,-0.238,
0.047,0.053,0.132,-0.024,
0.012,0.009,0.112,-0.08,
-0.187,-0.221,0.09,-0.325,
0.02,0.024,0.209,-0.203,
-0.066,-0.08,0.143,-0.25,
0.032,0.031,0.221,-0.125,
0.016,0.025,0.121,-0.102,
-0.07,-0.069,0.108,-0.233,
-0.071,-0.068,0.069,-0.203,
0.121,0.119,0.23,-0.035,
0.014,0.01,0.175,-0.127,
0.042,0.034,0.126,-0.075,
0.039,0.038,0.145,-0.069,
0.153,0.157,0.236,0.013,
-0.031,-0.026,0.061,-0.126,
0.077,0.087,0.189,-0.068,
-0.168,-0.175,0.043,-0.352,
-0.024,-0.01,0.112,-0.162,
0.052,0.039,0.205,-0.115,
0.09,0.089,0.171,-0.006,
0.032,0.042,0.122,-0.097,
0.02,0.002,0.181,-0.092,
0.009,0.01,0.121,-0.123,
0.116,0.12,0.205,0.002,
0.047,0.029,0.166,-0.081,
0,0.003,0.118,-0.13,
-0.004,-0.004,0.068,-0.094,
-0.042,-0.04,0.118,-0.202,
0.098,0.105,0.203,-0.01,
-0.034,-0.041,0.172,-0.157,
-0.159,-0.175,0.005,-0.324,
0.091,0.087,0.228,-0.049,
-0.036,-0.041,0.11,-0.154,
-0.055,-0.052,0.096,-0.242,
0.049,0.052,0.168,-0.069,
-0.079,-0.077,0.098,-0.247,
0.146,0.149,0.277,0.035,
-0.032,-0.034,0.13,-0.15,
0.034,0.043,0.126,-0.068,
-0.096,-0.092,0.051,-0.297,
-0.078,-0.087,0.023,-0.153,
0.019,0.019,0.158,-0.15,
-0.043,-0.043,0.153,-0.201,
-0.004,0,0.085,-0.072,
-0.036,-0.034,0.187,-0.207,
0.07,0.072,0.147,-0.053,
0.068,0.071,0.2,-0.06,
0.059,0.052,0.229,-0.071,
0.081,0.085,0.275,-0.105,
-0.055,-0.059,0.141,-0.238,
0.055,0.058,0.136,-0.097,
-0.001,0,0.088,-0.082,
-0.16,-0.176,0.159,-0.347,
-0.013,-0.013,0.08,-0.107,
-0.027,-0.026,0.182,-0.193,
0.026,0.037,0.259,-0.156,
-0.019,0.005,0.153,-0.224,
0.028,0.03,0.178,-0.215,
0.02,0.017,0.2,-0.165,
0.053,0.062,0.107,-0.055,
-0.055,-0.046,0.109,-0.202,
0.002,-0.001,0.171,-0.134,
0.012,0.021,0.109,-0.102,
0.103,0.108,0.205,0,
0.043,0.053,0.179,-0.094,
-0.016,-0.017,0.142,-0.12,
0.067,0.062,0.155,-0.014,
-0.019,-0.011,0.187,-0.294,
-0.128,-0.132,-0.005,-0.272,
0.059,0.054,0.212,-0.139,
0.107,0.125,0.176,-0.093,
-0.018,-0.017,0.099,-0.153,
-0.097,-0.116,0.128,-0.244,
-0.002,0,0.145,-0.16,
-0.097,-0.091,0.186,-0.321,
-0.002,-0.005,0.187,-0.153,
-0.029,-0.036,0.143,-0.231,
0.058,0.054,0.183,-0.033,
0.013,0.013,0.191,-0.15,
0.079,0.085,0.209,-0.118,
-0.3,-0.306,0,-0.464,
-0.118,-0.135,0.277,-0.368,
0.066,0.069,0.154,-0.017,
0.06,0.065,0.191,-0.172,
-0.007,-0.006,0.102,-0.11,
0.103,0.114,0.233,-0.162,
-0.01,-0.003,0.112,-0.151,
0.045,0.04,0.139,-0.074,
0.027,0.017,0.218,-0.12,
0.127,0.15,0.261,-0.044,
0.002,0.013,0.201,-0.109,
0.008,0.014,0.11,-0.163,
-0.015,-0.017,0.132,-0.169,
0.015,0.024,0.181,-0.179,
-0.053,-0.076,0.298,-0.261,
-0.009,-0.011,0.099,-0.116,
-0.282,-0.3,0,-0.413,
0.022,0.029,0.132,-0.14,
0.018,0.022,0.155,-0.078,
-0.006,0.018,0.21,-0.255,
-0.006,-0.005,0.094,-0.109,
0.047,0.064,0.146,-0.172,
0.071,0.074,0.194,-0.107,
0.12,0.129,0.222,0.015,
0.125,0.125,0.338,-0.017,
0.086,0.086,0.166,-0.002,
0.136,0.143,0.219,0.008,
-0.098,-0.105,0.135,-0.273,
-0.05,-0.037,0.09,-0.283,
-0.066,-0.077,0.11,-0.215,
-0.01,-0.009,0.099,-0.167,
-0.117,-0.1,0.041,-0.351,
0.031,0.026,0.157,-0.083,
0.08,0.08,0.176,-0.009,
0.026,0.017,0.155,-0.085,
-0.092,-0.095,0.043,-0.221,
-0.023,-0.025,0.104,-0.124,
0.049,0.045,0.166,-0.061,
-0.059,-0.059,0.01,-0.158,
0.02,0.006,0.199,-0.082,
0.054,0.052,0.103,-0.03,
0.011,0.012,0.083,-0.078,
0.011,0.011,0.213,-0.142,
-0.025,-0.015,0.118,-0.178,
0.006,-0.015,0.247,-0.17,
0.017,0.025,0.117,-0.115,
0.041,0.032,0.28,-0.25,
0.027,0.033,0.111,-0.072,
0.033,0.038,0.204,-0.102,
0.102,0.113,0.186,-0.012,
0.017,0.014,0.186,-0.126,
0.009,0.008,0.083,-0.068,
0.022,0.032,0.151,-0.095,
0.036,0.037,0.171,-0.069,
0.024,0.035,0.119,-0.229,
-0.043,-0.044,0.062,-0.159,
0.046,0.048,0.232,-0.107,
-0.045,-0.05,0.075,-0.191,
-0.195,-0.209,0,-0.392,
0.007,-0.002,0.108,-0.07,
-0.004,-0.004,0.078,-0.131,
-0.02,-0.015,0.081,-0.191,
-0.058,-0.058,0.064,-0.14,
0.061,0.079,0.155,-0.089,
-0.02,-0.023,0.079,-0.105,
-0.209,-0.216,0.094,-0.368,
-0.017,-0.016,0.124,-0.168,
-0.143,-0.171,0.106,-0.33,
0.056,0.062,0.144,-0.078,
0.023,0.029,0.132,-0.098,
0.01,0.018,0.129,-0.179,
-0.077,-0.102,0.111,-0.263,
0.141,0.151,0.267,-0.02,
0.003,-0.004,0.11,-0.108,
-0.061,-0.042,0.067,-0.275,
-0.023,-0.027,0.118,-0.131,
0.05,0.06,0.18,-0.091,
-0,0.004,0.078,-0.082,
0.044,0.036,0.218,-0.089,
-0.09,-0.085,0.101,-0.211,
0.049,0.053,0.155,-0.085,
-0.029,-0.032,0.15,-0.207,
-0.038,-0.018,0.11,-0.21,
0.046,0.038,0.137,-0.039,
0.031,0.029,0.146,-0.108,
0.081,0.081,0.148,0.02,
-0.069,-0.07,0.133,-0.185,
0.036,0.048,0.166,-0.196,
-0.025,-0.023,0.131,-0.172,
-0.024,-0.026,0.087,-0.114,
-0.002,0.001,0.124,-0.16,
0.065,0.062,0.165,-0.057,
0.108,0.103,0.224,-0.032,
0.007,0.009,0.144,-0.158,
-0.176,-0.182,0.066,-0.362,
0.03,0.021,0.168,-0.031,
-0.184,-0.203,0.023,-0.321,
0.058,0.054,0.164,-0.062,
0.019,0.013,0.08,-0.032,
0.14,0.152,0.26,-0.011,
0.029,0.054,0.133,-0.191,
-0.077,-0.062,0.101,-0.348,
0.032,0.025,0.234,-0.071,
0.098,0.098,0.211,-0.03,
0.015,0.021,0.097,-0.096,
-0.148,-0.157,0.028,-0.273,
0.091,0.081,0.239,-0.019,
-0.026,-0.026,0.065,-0.145,
-0.431,-0.464,0.01,-0.523,
0.065,0.072,0.165,-0.051,
0.114,0.124,0.207,-0.104,
0.003,0,0.131,-0.108,
0.012,0.002,0.149,-0.122,
0.066,0.053,0.286,-0.087,
0.017,0.009,0.135,-0.058,
0.037,0.033,0.158,-0.103,
0.043,0.049,0.191,-0.18,
0.07,0.073,0.149,-0.009,
0.079,0.08,0.154,-0.033,
0.158,0.16,0.273,0.038,
0.081,0.071,0.209,-0.045,
0.047,0.046,0.114,-0.064,
-0.048,-0.051,0.082,-0.186,
-0.049,-0.042,0.063,-0.175,
-0.086,-0.077,0.095,-0.256,
-0.227,-0.235,0,-0.395,
0.008,0.018,0.132,-0.143,
-0.022,-0.014,0.12,-0.196,
0.054,0.049,0.244,-0.139,
0.135,0.142,0.259,0.003,
0.011,0.014,0.132,-0.12,
-0.032,-0.046,0.179,-0.209,
0.004,0.003,0.075,-0.089,
-0.085,-0.075,0.131,-0.255,
0.058,0.058,0.168,-0.076,
0.013,0.014,0.144,-0.101,
0.037,0.043,0.139,-0.066,
-0.003,-0.009,0.221,-0.18,
0.088,0.081,0.209,-0.045,
-0.048,-0.042,0.071,-0.21,
0.002,-0.012,0.272,-0.201,
0.123,0.128,0.245,-0.017,
-0.012,-0.021,0.24,-0.19,
-0.018,-0.022,0.189,-0.195,
0.022,0.018,0.102,-0.069,
-0.064,-0.054,0.232,-0.273,
0.123,0.124,0.218,0.008,
-0.087,-0.084,0.119,-0.251,
-0.082,-0.072,0.145,-0.319,
0.032,0.025,0.103,-0.051,
0.171,0.167,0.323,-0.013,
-0.028,-0.026,0.135,-0.17,
-0.186,-0.188,0.01,-0.337,
0.06,0.069,0.169,-0.109,
-0.081,-0.079,0.079,-0.207,
0.003,0.014,0.139,-0.148,
-0.015,-0.021,0.141,-0.139,
-0.011,-0.017,0.089,-0.093,
-0.052,-0.025,0.129,-0.292,
-0.016,-0.011,0.086,-0.138,
0.002,0,0.145,-0.142,
0.017,0.022,0.239,-0.145,
0.029,0.035,0.147,-0.081,
0.006,-0.005,0.143,-0.12,
0.065,0.063,0.183,-0.096,
0.001,0.002,0.083,-0.098,
0.106,0.112,0.227,-0.066,
0.063,0.067,0.24,-0.072,
0.083,0.091,0.212,-0.061,
0.047,0.038,0.237,-0.094,
0.033,0.041,0.137,-0.066,
-0.036,-0.019,0.186,-0.279,
0.078,0.081,0.193,-0.086,
0.05,0.065,0.16,-0.145,
0.002,-0.011,0.172,-0.103,
-0.125,-0.14,0.075,-0.275,
0.004,0.002,0.169,-0.145,
-0.088,-0.101,0.091,-0.272,
-0.142,-0.147,0.054,-0.27,
-0.094,-0.105,0.099,-0.242,
-0.095,-0.101,0.146,-0.228,
-0.069,-0.072,0.079,-0.227,
-0.041,-0.047,0.086,-0.155,
-0.136,-0.142,0.029,-0.252,
-0.133,-0.136,0.07,-0.243,
-0.079,-0.076,0.015,-0.199,
-0.053,-0.056,0.122,-0.209,
-0.08,-0.08,0.09,-0.198,
-0.146,-0.145,0.08,-0.337,
-0.029,-0.025,0.161,-0.246,
-0.174,-0.177,0.085,-0.342,
-0.124,-0.125,0.056,-0.323,
-0.305,-0.338,0,-0.399,
-0.114,-0.11,0.018,-0.28,
-0.143,-0.149,0.041,-0.274,
-0.027,-0.034,0.08,-0.137,
-0.086,-0.089,0.081,-0.205,
-0.064,-0.069,0.026,-0.157,
-0.105,-0.111,0.102,-0.201,
-0.069,-0.066,0.098,-0.185,
-0.131,-0.138,0.098,-0.243,
-0.024,-0.023,0.076,-0.165,
0.06,0.053,0.266,-0.095,
-0.14,-0.157,0.07,-0.307,
-0.018,-0.017,0.173,-0.272,
-0.016,-0.022,0.2,-0.194,
-0.133,-0.13,0.028,-0.305,
-0.029,-0.029,0.121,-0.131,
-0.081,-0.082,-0.002,-0.221,
0.012,0.002,0.18,-0.105,
-0.057,-0.054,0.111,-0.186,
-0.142,-0.147,0.049,-0.309,
-0.022,-0.021,0.087,-0.131,
-0.068,-0.068,0.148,-0.254,
-0.107,-0.106,0.02,-0.27,
-0.156,-0.175,0.06,-0.356,
-0.08,-0.086,0.094,-0.196,
-0.108,-0.112,0.064,-0.235,
-0.158,-0.143,0.007,-0.337,
-0.022,-0.032,0.181,-0.254,
-0.096,-0.091,0.019,-0.283,
-0.055,-0.068,0.066,-0.151,
-0.1,-0.114,0.135,-0.259,
-0.117,-0.116,0.077,-0.263,
-0.157,-0.173,0.041,-0.283,
-0.038,-0.037,0.165,-0.185,
-0.102,-0.091,0.089,-0.253,
-0.091,-0.102,0.116,-0.207,
-0.066,-0.077,0.125,-0.186,
-0.126,-0.132,0.037,-0.262,
-0.158,-0.179,0.099,-0.34,
-0.108,-0.106,0.06,-0.284,
-0.037,-0.041,0.165,-0.188,
-0.095,-0.103,0.071,-0.252,
-0.114,-0.111,0.02,-0.284,
0.014,0.013,0.128,-0.088,
-0.184,-0.196,0.03,-0.316,
-0.079,-0.08,0.108,-0.208,
-0.107,-0.127,0.148,-0.241,
-0.049,-0.056,0.119,-0.176,
-0.035,-0.02,0.108,-0.235,
-0.047,-0.043,0.175,-0.298,
0.046,0.058,0.198,-0.161,
-0.141,-0.165,0.063,-0.29,
-0.062,-0.067,0.062,-0.186,
-0.125,-0.126,0.046,-0.262,
0.004,-0.003,0.148,-0.144,
-0.213,-0.229,0.125,-0.407,
-0.036,-0.043,0.083,-0.148,
-0.067,-0.077,0.173,-0.24,
-0.149,-0.151,0.101,-0.313,
-0.038,-0.044,0.145,-0.217,
-0.039,-0.043,0.215,-0.339,
-0.02,-0.022,0.18,-0.152,
-0.112,-0.118,0.047,-0.273,
-0.089,-0.089,0.069,-0.232,
-0.158,-0.165,0.089,-0.382,
-0.131,-0.137,0.08,-0.226,
-0.165,-0.165,0.056,-0.351,
-0.057,-0.056,0.235,-0.245,
-0.152,-0.155,-0.002,-0.262,
-0.111,-0.116,0.034,-0.213,
-0.092,-0.097,0.071,-0.227,
-0.045,-0.049,0.076,-0.182,
-0.073,-0.079,0.154,-0.297,
-0.076,-0.083,0.051,-0.196,
-0.11,-0.105,0.047,-0.241,
-0.059,-0.056,0.141,-0.195,
-0.063,-0.057,0.13,-0.286,
-0.159,-0.169,0.029,-0.353,
-0.006,-0.013,0.125,-0.125,
-0.069,-0.081,0.083,-0.19,
-0.107,-0.127,0.16,-0.315,
0.05,0.052,0.186,-0.115,
-0.025,-0.017,0.129,-0.277,
-0.08,-0.078,0.119,-0.239,
-0.018,-0.029,0.218,-0.226,
-0.006,-0.004,0.156,-0.182,
-0.042,-0.047,0.082,-0.166,
-0.081,-0.079,0.107,-0.318,
-0.148,-0.149,-0.016,-0.28,
-0.115,-0.111,0.019,-0.218,
-0.094,-0.115,0.14,-0.284,
-0.138,-0.133,0.034,-0.287,
-0.033,-0.057,0.163,-0.172,
-0.127,-0.127,0.052,-0.299,
-0.056,-0.058,0.111,-0.245,
-0.072,-0.07,0.074,-0.33,
-0.114,-0.121,0.139,-0.285,
-0.023,-0.02,0.096,-0.192,
-0.105,-0.112,0.044,-0.208,
-0.141,-0.145,0.09,-0.323,
0.032,0.035,0.227,-0.165,
-0.164,-0.167,0.105,-0.299,
-0.123,-0.132,0.087,-0.273,
-0.272,-0.272,0,-0.365,
0.104,0.108,0.382,-0.21,
-0.113,-0.098,0.094,-0.25,
-0.023,-0.017,0.085,-0.133,
0.019,0.022,0.215,-0.123,
-0.131,-0.133,0.063,-0.264,
0.052,0.051,0.196,-0.094,
0.01,0.016,0.233,-0.203,
-0.086,-0.088,0.05,-0.213,
-0.086,-0.096,0.072,-0.227,
-0.06,-0.055,0.15,-0.232,
-0.118,-0.13,0.059,-0.229,
-0.142,-0.151,0.064,-0.285,
0.058,0.063,0.315,-0.136,
-0.017,-0.022,0.143,-0.166,
-0.077,-0.085,0.124,-0.196,
-0.219,-0.228,0.021,-0.325,
-0.095,-0.108,0.044,-0.196,
-0.094,-0.093,0.032,-0.209,
-0.111,-0.118,0.126,-0.255,
-0.047,-0.04,0.092,-0.217,
-0.134,-0.143,0.055,-0.281,
-0.124,-0.127,0.11,-0.312,
-0.052,-0.066,0.141,-0.166,
-0.214,-0.223,0.061,-0.427,
-0.061,-0.057,0.096,-0.159,
-0.143,-0.152,0.053,-0.326,
-0.093,-0.091,0.127,-0.235,
-0.152,-0.149,0.042,-0.298,
-0.038,-0.029,0.123,-0.222,
-0.092,-0.092,0.042,-0.185,
-0.118,-0.126,0.087,-0.235,
-0.087,-0.096,0.061,-0.225,
-0.111,-0.123,0.113,-0.251,
-0.169,-0.181,0.042,-0.276,
-0.152,-0.15,0.045,-0.305,
-0.105,-0.126,0.152,-0.254,
0.005,0.013,0.247,-0.204,
-0.055,-0.053,0.052,-0.202,
-0.173,-0.196,0.07,-0.331,
-0.18,-0.191,-0.036,-0.298,
-0.027,-0.032,0.091,-0.141,
-0.096,-0.104,0.123,-0.294,
-0.156,-0.19,0.18,-0.343,
-0.031,-0.034,0.136,-0.233,
-0.082,-0.08,0.06,-0.222,
-0.017,-0.008,0.183,-0.182,
-0.036,-0.054,0.111,-0.174,
0.024,0.03,0.194,-0.197,
-0.169,-0.195,0.024,-0.316,
-0.054,-0.059,0.106,-0.238,
-0.049,-0.072,0.13,-0.173,
-0.066,-0.064,0.043,-0.151,
0.079,0.075,0.209,-0.06,
-0.131,-0.135,0.055,-0.232,
-0.189,-0.207,0.063,-0.384,
-0.049,-0.05,0.061,-0.213,
-0.079,-0.07,0.062,-0.212,
-0.099,-0.113,0.102,-0.219,
-0.078,-0.076,0.06,-0.217,
-0.072,-0.088,0.097,-0.236,
0.001,-0.014,0.137,-0.134,
-0.194,-0.208,0.1,-0.34,
-0.084,-0.085,0.084,-0.214,
-0.068,-0.061,0.135,-0.228,
0.004,0.013,0.14,-0.103,
-0.041,-0.032,0.207,-0.336,
0.029,0.026,0.148,-0.079,
-0.081,-0.093,0.139,-0.289,
-0.002,-0.006,0.166,-0.167,
-0.245,-0.24,0,-0.353,
0.018,0.02,0.131,-0.059,
-0.019,-0.026,0.153,-0.148,
0.06,0.082,0.197,-0.133,
0.006,0.01,0.058,-0.076,
-0.063,-0.069,0.123,-0.196,
-0.074,-0.082,0.094,-0.21,
0.036,0.035,0.15,-0.09,
0.027,0.025,0.097,-0.044,
-0.141,-0.151,0.045,-0.288,
0.127,0.14,0.227,-0.073,
0.09,0.101,0.264,-0.038,
-0.027,-0.019,0.119,-0.244,
0.03,0.033,0.165,-0.083,
0.03,0.029,0.134,-0.048,
-0.04,-0.041,0.05,-0.168,
0.037,0.039,0.312,-0.182,
-0.177,-0.181,0.111,-0.328,
0.01,0.011,0.136,-0.092,
0.023,0.023,0.209,-0.12,
0.023,0.02,0.166,-0.104,
-0.049,-0.057,0.088,-0.205,
-0.029,-0.017,0.091,-0.167,
-0.025,-0.032,0.098,-0.134,
-0.051,-0.057,0.071,-0.191,
0.099,0.101,0.186,-0.05,
0.021,0.027,0.129,-0.11,
0.024,0.021,0.128,-0.053,
-0.012,-0.02,0.185,-0.135,
-0.022,-0.021,0.112,-0.14,
-0.059,-0.061,0.165,-0.229,
-0.09,-0.095,0.134,-0.294,
0.071,0.076,0.17,-0.052,
0.049,0.067,0.194,-0.119,
-0.091,-0.108,0.171,-0.234,
-0.06,-0.061,0.078,-0.207,
-0.128,-0.142,0.111,-0.323,
-0.016,-0.011,0.12,-0.167,
-0.128,-0.136,0.102,-0.274,
-0.194,-0.203,0,-0.331,
-0.058,-0.05,0.048,-0.208,




Further Data analysis of all test cases 
avg med max min 
AVGs,0.043,0.036,0.244,-0.099,
MEDs,0.045,0.037,0.263,-0.107,
MAXs,0.276,0.274,0.567,0.021,
MINs,-0.193,-0.194,-0.01,-0.384,


AVGs,-0.031,-0.024,0.171,-0.431,
MEDs,-0.032,-0.022,0.167,-0.464,
MAXs,0.129,0.126,0.382,-0.036,
MINs,-0.178,-0.175,0.042,-0.523,



