

Data analysis for each instance 
AVG,MED,MAX,MIN
-0.007,-0.007,0,-0.018,
-0.005,-0.005,0,-0.014,
-0.018,-0.018,0,-0.022,
-0.001,-0.001,0,-0.007,
-0.02,-0.017,0,-0.034,
0.006,0.013,0.023,-0.014,
-0.007,-0.007,0,-0.008,
-0.008,-0.008,0,-0.01,
-0.01,-0.01,0,-0.043,
-0.021,-0.021,0,-0.056,
-0.019,-0.01,0,-0.036,
-0.027,-0.03,0,-0.033,
-0.005,-0.005,0,-0.006,
-0.001,-0.002,0.077,-0.049,
-0.005,-0.005,0,-0.006,
-0.005,-0.005,0,-0.006,
-0.052,-0.054,0.024,-0.06,
-0.035,-0.036,0,-0.04,
-0.04,-0.033,0,-0.054,
-0.009,-0.009,0,-0.04,
-0.036,-0.037,0,-0.038,
-0.029,-0.03,0.05,-0.041,
-0.019,-0.017,0,-0.03,
-0.101,-0.106,-0.001,-0.107,
-0.008,-0.008,0,-0.01,
-0.006,-0.006,0,-0.007,
-0.004,-0.005,0.001,-0.011,
-0.006,-0.006,0,-0.019,
-0.006,-0.006,0,-0.012,
-0.061,-0.058,0.018,-0.079,
-0.058,-0.063,0.02,-0.115,
-0.008,-0.008,0,-0.009,
-0.019,-0.019,0,-0.021,
-0.005,-0.005,0,-0.006,
-0.006,-0.006,0,-0.013,
-0.006,-0.006,0,-0.007,
-0.006,-0.006,0,-0.007,
-0.005,-0.005,0,-0.006,
-0.01,-0.013,0,-0.015,
-0.002,-0.006,0.041,-0.051,
-0.007,-0.007,0,-0.008,
-0.01,-0.01,0,-0.013,
-0.003,-0.004,0.031,-0.007,
-0.021,-0.022,0,-0.025,
-0.031,-0.033,0,-0.036,
0.003,0,0.013,-0.006,
-0.008,-0.008,0,-0.01,
-0.062,-0.063,0,-0.068,
-0.004,-0.004,0,-0.005,
-0.05,-0.028,0,-0.084,
-0.008,-0.005,0.042,-0.013,
-0.008,-0.008,0,-0.019,
-0.004,-0.005,0,-0.006,
-0.091,-0.096,0,-0.101,
-0.008,-0.008,0,-0.01,
-0.01,-0.011,0,-0.014,
0.012,0.018,0.082,-0.083,
-0.006,-0.006,0,-0.009,
-0.006,-0.006,0,-0.009,
-0.005,-0.005,0,-0.007,
-0.005,-0.005,0,-0.006,
-0.009,-0.009,0.004,-0.017,
-0.006,-0.006,0,-0.008,
-0.006,-0.007,0,-0.015,
-0.001,-0.004,0.014,-0.02,
-0.005,-0.005,0,-0.009,
-0.004,-0.021,0.151,-0.077,
-0.008,-0.008,0,-0.01,
-0.11,-0.091,0.053,-0.204,
-0.038,-0.03,-0.011,-0.059,
-0.012,-0.013,0,-0.023,
-0.001,-0.003,0.007,-0.013,
-0.009,-0.009,0,-0.019,
-0.004,-0.005,0.01,-0.007,
-0.008,-0.008,0,-0.01,
-0.015,-0.013,0,-0.022,
-0.007,-0.007,0,-0.009,
-0.006,-0.006,0,-0.007,
-0.005,-0.005,0,-0.008,
-0.019,-0.019,0,-0.024,
-0.005,-0.005,0,-0.006,
-0.033,-0.032,0,-0.036,
-0.112,-0.107,0,-0.128,
-0.008,-0.008,0,-0.01,
-0.004,-0.004,0,-0.007,
-0.008,-0.008,0,-0.01,
-0.049,-0.025,0.011,-0.109,
-0.01,-0.01,0,-0.014,
-0.065,-0.066,0,-0.088,
-0.015,-0.009,0,-0.023,
-0.049,-0.05,0,-0.054,
-0.005,-0.005,0,-0.006,
-0.005,-0.005,0,-0.01,
-0.009,-0.009,0,-0.014,
-0.06,-0.066,0.245,-0.21,
-0.034,-0.031,0.003,-0.067,
0.002,-0.004,0.037,-0.007,
-0.007,-0.007,0,-0.008,
-0.006,-0.006,0,-0.008,
-0.007,-0.007,0,-0.01,
-0.006,-0.006,0,-0.008,
-0.005,-0.005,0,-0.007,
-0.01,-0.015,0.042,-0.062,
-0.006,-0.006,0,-0.012,
-0.025,-0.025,0,-0.035,
-0.023,-0.022,0,-0.028,
-0.009,-0.009,0,-0.011,
-0.01,-0.01,0,-0.013,
-0.086,-0.086,0,-0.098,
-0.006,-0.005,0,-0.017,
-0.006,-0.029,0.351,-0.135,
-0.014,-0.014,0,-0.016,
-0.006,-0.005,0,-0.011,
-0.035,-0.035,0,-0.041,
-0.004,-0.005,0.001,-0.008,
-0.006,-0.006,0,-0.008,
-0.008,-0.008,0,-0.015,
-0.006,-0.006,0,-0.02,
-0.013,-0.012,0.07,-0.057,
0,-0.005,0.034,-0.007,
-0.005,-0.005,0,-0.006,
-0.017,-0.017,0,-0.031,
-0.024,-0.025,0,-0.028,
-0.006,-0.005,0.022,-0.022,
-0.009,-0.009,0,-0.01,
-0.033,-0.034,0,-0.082,
-0.016,-0.016,0,-0.018,
-0.005,-0.005,0,-0.006,
-0.005,-0.005,0,-0.006,
-0.011,-0.012,0.009,-0.03,
-0.009,-0.009,0,-0.011,
-0.023,-0.026,0,-0.053,
-0.007,-0.007,0,-0.009,
-0.007,-0.007,0,-0.008,
-0.004,-0.005,0.001,-0.01,
-0.005,-0.005,0,-0.005,
-0.016,-0.018,0,-0.019,
0.007,-0.006,0.03,-0.011,
-0.062,-0.063,0.033,-0.069,
-0.007,-0.007,0,-0.01,
-0.036,-0.036,0,-0.04,
-0.004,-0.004,0,-0.008,
-0.007,-0.007,0,-0.016,
-0.025,-0.022,0.067,-0.078,
-0.131,-0.134,0.001,-0.141,
-0.006,-0.006,0.007,-0.007,
-0.008,-0.008,0,-0.027,
-0.006,-0.007,0,-0.01,
-0.009,-0.009,0,-0.011,
-0.039,-0.039,0,-0.045,
-0.008,-0.007,0,-0.033,
-0.007,-0.007,0,-0.008,
-0.075,-0.082,0,-0.138,
-0.007,-0.007,0,-0.015,
-0.004,-0.004,0,-0.005,
-0.009,-0.009,0,-0.027,
-0.005,-0.005,0,-0.007,
-0.007,-0.007,0.023,-0.008,
-0.013,-0.006,0,-0.041,
-0.08,-0.103,0,-0.151,
-0.005,-0.005,0,-0.007,
-0.021,-0.022,0,-0.055,
-0.008,-0.008,0,-0.009,
-0.013,-0.013,0,-0.031,
-0.009,-0.009,0,-0.012,
-0.019,-0.019,0,-0.062,
0.024,0.025,0.026,-0.041,
-0.006,-0.006,0,-0.012,
-0.047,-0.039,0,-0.061,
-0.005,-0.005,0,-0.007,
-0.006,-0.006,0,-0.008,
-0.005,-0.005,0,-0.006,
-0.01,-0.01,0,-0.013,
-0.049,-0.051,0,-0.059,
0.007,0.017,0.019,-0.009,
-0.016,-0.01,0,-0.025,
-0.009,-0.009,0,-0.017,
-0.005,-0.005,0,-0.006,
-0.008,-0.007,0,-0.011,
-0.006,-0.006,0,-0.012,
-0.009,-0.009,0,-0.037,
-0.005,-0.005,0,-0.008,
-0.013,-0.01,0,-0.021,
-0.007,-0.007,0,-0.014,
-0.018,-0.018,0,-0.029,
-0.004,-0.005,0,-0.006,
-0.005,-0.005,0,-0.006,
-0.026,-0.027,0,-0.028,
-0.032,-0.076,0.056,-0.139,
-0.005,-0.005,0,-0.01,
-0.087,-0.096,0,-0.159,
-0.005,-0.005,0,-0.005,
-0.006,-0.006,0,-0.007,
-0.005,-0.005,0,-0.009,
-0.008,-0.008,0,-0.016,
-0.036,-0.022,0.014,-0.068,
-0.005,-0.005,0,-0.015,
-0.005,-0.005,0,-0.007,
-0.005,-0.005,0,-0.006,
-0.008,-0.042,0.148,-0.153,
-0.006,-0.006,0,-0.019,
-0.007,-0.007,0,-0.009,
0.324,0.343,0.393,0,
-0.005,-0.005,0,-0.015,
-0.005,-0.005,0.004,-0.007,
-0.009,-0.009,0,-0.014,
-0.009,-0.009,0,-0.016,
-0.008,-0.008,0,-0.016,
-0.006,-0.006,0,-0.008,
-0.009,-0.009,0,-0.01,
-0.007,-0.008,0,-0.009,
-0.006,-0.006,0,-0.013,
-0.009,-0.01,0,-0.025,
-0.006,-0.006,0,-0.008,
-0.005,-0.005,0,-0.006,
-0.004,-0.005,0.015,-0.011,
-0.009,-0.009,0,-0.011,
-0.065,-0.067,0,-0.077,
-0.044,-0.027,0,-0.08,
-0.063,-0.056,0.109,-0.108,
-0.01,-0.011,0,-0.012,
-0.013,-0.013,0,-0.017,
-0.008,-0.008,0,-0.01,
-0.007,-0.007,0,-0.02,
-0.006,-0.006,0,-0.009,
-0.008,-0.008,0,-0.013,
-0.005,-0.005,0,-0.007,
-0.008,-0.017,0.077,-0.116,
-0.013,-0.013,0,-0.015,
-0.007,-0.007,0,-0.018,
-0.006,-0.006,0,-0.007,
-0.01,-0.01,0,-0.027,
-0.006,-0.006,0,-0.014,
-0.052,-0.012,0,-0.1,
-0.032,-0.032,0,-0.072,
-0.007,-0.007,0,-0.007,
-0.007,-0.007,-0.001,-0.035,
-0.018,-0.018,0,-0.018,
-0.004,-0.005,0,-0.005,
-0.059,-0.056,0,-0.066,
-0.007,-0.008,-0,-0.01,
-0.067,-0.067,0,-0.074,
-0.027,-0.028,0,-0.037,
-0.006,-0.005,0,-0.046,
-0.002,-0.004,0.009,-0.012,
-0.008,-0.008,0,-0.052,
-0.028,-0.049,0.134,-0.109,
-0.007,-0.007,0,-0.009,
-0.014,-0.014,0,-0.016,
-0.006,-0.006,0,-0.009,
-0.004,-0.009,0.011,-0.018,
-0.008,-0.008,0,-0.011,
-0.057,-0.053,0,-0.07,
-0.005,-0.005,0,-0.008,
-0.013,-0.013,0,-0.02,
-0.008,-0.008,0,-0.03,
-0.021,-0.021,0,-0.027,
-0.007,-0.007,0,-0.01,
-0.014,-0.014,0,-0.02,
-0.005,-0.005,0,-0.022,
-0.001,-0.003,0.08,-0.077,
-0.008,-0.008,0,-0.012,
-0.014,-0.015,0,-0.015,
-0.008,-0.008,0,-0.024,
-0.01,-0.01,0.035,-0.066,
-0.017,-0.013,0,-0.037,
-0.013,-0.013,0,-0.015,
-0.008,-0.008,0,-0.021,
-0.072,-0.075,0,-0.077,
-0.05,-0.054,0.016,-0.086,
-0.077,-0.078,0,-0.082,
-0.005,-0.005,0.031,-0.077,
-0.086,-0.087,0,-0.11,
-0.083,-0.082,0,-0.108,
-0.008,-0.004,0.09,-0.084,
-0.098,-0.098,0,-0.118,
-0.111,-0.11,0,-0.137,
-0.097,-0.107,0,-0.119,
-0.028,-0.026,0.014,-0.107,
-0.088,-0.091,0,-0.096,
-0.088,-0.091,0,-0.096,
-0.062,-0.074,0,-0.092,
-0.087,-0.09,0,-0.119,
-0.084,-0.086,0,-0.088,
0.061,0.061,0.096,-0.034,
-0.081,-0.088,0,-0.119,
-0.016,-0.024,0.12,-0.1,
-0.1,-0.103,0,-0.116,
-0.098,-0.102,0,-0.11,
-0.188,-0.193,0,-0.203,
-0.085,-0.086,0,-0.089,
-0.083,-0.085,0,-0.089,
-0.094,-0.097,0,-0.126,
-0.086,-0.087,0,-0.091,
-0.092,-0.091,0,-0.101,
-0.087,-0.088,0,-0.093,
-0.119,-0.123,0,-0.129,
-0.011,-0,0.078,-0.109,
-0.093,-0.096,0,-0.099,
-0.1,-0.102,0,-0.123,
-0.094,-0.094,0,-0.107,
-0.072,-0.072,0,-0.129,
-0.086,-0.087,0,-0.096,
-0.09,-0.092,0,-0.1,
-0.102,-0.103,0,-0.109,
-0.073,-0.073,0,-0.091,
-0.093,-0.095,0,-0.101,
-0.087,-0.088,0,-0.101,
-0.089,-0.091,0,-0.095,
-0.076,-0.075,0,-0.104,
-0.084,-0.086,0,-0.09,
-0.089,-0.092,0,-0.1,
0.072,0.062,0.178,-0.047,
-0.036,-0.045,0.069,-0.104,
-0.094,-0.095,0,-0.118,
-0.091,-0.093,0,-0.099,
-0.009,0.004,0.063,-0.12,
-0.075,-0.073,0,-0.103,
-0.084,-0.083,0,-0.096,
-0.08,-0.079,0,-0.115,
-0.094,-0.096,0,-0.115,
-0.088,-0.093,0,-0.119,
-0.087,-0.09,0,-0.096,
-0.1,-0.097,0,-0.109,
0.014,0.011,0.086,-0.045,
-0.099,-0.104,0,-0.118,
-0.081,-0.086,0,-0.142,
-0.097,-0.1,0,-0.109,
-0.077,-0.085,0,-0.126,
-0.079,-0.075,0,-0.118,
-0.031,-0.031,0.07,-0.086,
-0.086,-0.086,0,-0.103,
-0.029,-0.029,0,-0.074,
-0.084,-0.084,0,-0.116,
-0.104,-0.109,0,-0.11,
-0.095,-0.109,0,-0.167,
-0.169,-0.173,0,-0.18,
-0.087,-0.086,0,-0.141,
-0.071,-0.075,0,-0.087,
-0.096,-0.097,0,-0.111,
-0.093,-0.093,0,-0.112,
0.138,0.119,0.181,0,
-0.079,-0.081,0,-0.082,
-0.116,-0.128,0,-0.141,
0.19,0.232,0.265,-0.042,
-0.095,-0.097,0,-0.112,
-0.057,-0.065,0.027,-0.088,
-0.085,-0.084,0,-0.103,
-0.08,-0.082,0,-0.088,
-0.092,-0.095,0,-0.11,
0.088,0.085,0.125,-0.095,
-0.042,-0.035,0,-0.088,
-0.068,-0.071,0,-0.105,
-0.051,-0.082,0.06,-0.115,
-0.104,-0.107,0,-0.114,
-0.09,-0.093,0,-0.093,
-0.081,-0.093,0.009,-0.127,
-0.085,-0.085,0,-0.142,
-0.071,-0.073,0,-0.087,
-0.087,-0.09,0,-0.097,
-0.081,-0.084,0,-0.085,
-0.086,-0.091,0,-0.094,
-0.077,-0.08,0.044,-0.092,
-0.106,-0.104,0,-0.182,
-0.098,-0.102,0,-0.103,
-0.091,-0.091,0,-0.099,
-0.073,-0.074,0.021,-0.103,
-0.093,-0.083,0,-0.139,
-0.106,-0.108,0,-0.133,
-0.083,-0.085,0,-0.102,
-0.099,-0.102,0,-0.108,
-0.08,-0.084,0,-0.086,
-0.099,-0.099,0,-0.103,
-0.083,-0.086,0,-0.087,
-0.089,-0.091,0,-0.094,
-0.067,-0.07,0,-0.093,
-0.081,-0.083,0,-0.086,
-0.097,-0.103,0,-0.115,
-0.023,-0.019,0.033,-0.103,
-0.075,-0.075,0,-0.112,
-0.102,-0.102,0,-0.11,
-0.093,-0.089,0.05,-0.198,
-0.065,-0.057,0.002,-0.145,
-0.094,-0.098,0,-0.104,
-0.083,-0.086,0,-0.092,
-0.081,-0.081,0,-0.105,
-0.087,-0.084,0,-0.127,
-0.074,-0.075,0,-0.119,
-0.093,-0.095,0,-0.107,
-0.017,-0.017,0.017,-0.049,
-0.02,-0.019,0.136,-0.12,
0.001,0.019,0.068,-0.113,
-0.078,-0.08,0,-0.086,
-0.094,-0.096,0,-0.101,
-0.082,-0.084,0,-0.114,
-0.092,-0.089,0,-0.118,
-0.01,-0.018,0.057,-0.062,
-0.095,-0.097,0,-0.098,
-0.085,-0.086,0,-0.109,
-0.092,-0.094,0,-0.098,


0.097,0.098,0.102,0.029,
0.01,0.01,0.019,-0.002,
-0.011,-0.011,-0.007,-0.014,
0.005,0.005,0.033,-0,
-0.075,-0.075,-0.072,-0.078,
-0,-0.007,0.02,-0.008,
-0.068,-0.068,-0.067,-0.07,
-0.02,-0.02,-0.017,-0.021,
0.05,0.05,0.061,0.049,
0.078,0.078,0.109,0.043,
0.15,0.15,0.175,0.146,
0.116,0.116,0.13,0.096,
0.056,0.056,0.06,0.055,
0.003,0.005,0.051,-0.07,
0.048,0.047,0.06,0.046,
-0.081,-0.081,-0.08,-0.104,
-0.001,0,0.031,-0.02,
0.056,0.055,0.142,0.053,
-0.026,-0.026,-0.024,-0.029,
0.137,0.138,0.169,0.1,
0.029,0.029,0.032,0,
0.125,0.126,0.153,0.045,
-0.016,-0.015,-0.011,-0.028,
0.197,0.199,0.2,0.09,
-0.029,-0.029,-0.027,-0.031,
0.078,0.078,0.079,0.077,
0.061,0.061,0.089,0.056,
0.148,0.147,0.192,0.122,
0.021,0.021,0.024,0.008,
0.095,0.097,0.098,0.006,
-0.002,-0.001,0.005,-0.03,
-0.133,-0.133,-0.131,-0.165,
0.013,0.013,0.043,0.01,
0.043,0.043,0.066,0.042,
0.02,0.021,0.027,-0.008,
0.018,0.018,0.034,0.016,
0.041,0.041,0.046,0.039,
0.021,0.02,0.095,0.019,
0.088,0.09,0.134,0.08,
0.003,-0.014,0.03,-0.021,
0.003,0.003,0.018,0.001,
-0.017,-0.017,-0.013,-0.117,
0.02,0.02,0.044,-0.009,
0.001,0.001,0.004,-0.006,
0.13,0.133,0.136,0,
0.049,0.051,0.056,0.039,
0.056,0.056,0.058,0.046,
0.057,0.058,0.06,0.013,
-0.053,-0.054,-0.04,-0.073,
-0.001,0,0.002,-0.01,
0.123,0.124,0.125,-0.035,
-0.036,-0.024,0.01,-0.054,
-0.058,-0.058,-0.057,-0.06,
0,0,0.003,-0.003,
-0.103,-0.103,-0.101,-0.115,
0.098,0.098,0.101,0.094,
0.02,0.011,0.111,-0.053,
-0.033,-0.033,-0.03,-0.047,
-0.034,-0.034,-0.03,-0.067,
-0.041,-0.041,-0.028,-0.055,
0.055,0.055,0.073,0.054,
0.092,0.092,0.112,0.085,
-0.024,-0.024,-0.006,-0.026,
-0.085,-0.085,-0.07,-0.086,
0.034,0.028,0.046,0.028,
-0.007,-0.007,-0.004,-0.01,
-0.061,-0.045,0.002,-0.204,
0.03,0.03,0.032,0.029,
0.197,0.203,0.206,-0.088,
0.203,0.203,0.228,0.202,
0.047,0.047,0.062,0.033,
0.122,0.122,0.145,0.116,
-0.082,-0.086,-0.036,-0.114,
0.043,0.044,0.064,0.029,
0.022,0.022,0.024,-0,
0.036,0.036,0.038,0.025,
0.041,0.04,0.064,0.039,
0.094,0.093,0.116,0.084,
0.061,0.061,0.064,0.058,
0,0.001,0.004,-0.004,
0.025,0.025,0.026,0.024,
0.118,0.118,0.123,0.087,
-0.004,-0.003,0,-0.076,
0.064,0.064,0.108,0.061,
0.143,0.143,0.151,0.107,
-0.079,-0.079,-0.053,-0.097,
-0.032,-0.033,0.003,-0.035,
0.057,0.057,0.061,0.053,
-0,0,0.002,-0.021,
0.015,0.016,0.018,-0.003,
0.177,0.177,0.201,0.115,
0.045,0.045,0.047,0.04,
0.007,0.007,0.053,0.006,
0.106,0.105,0.142,0.102,
-0.098,-0.06,0.01,-0.337,
0.003,-0.001,0.168,-0.016,
0.077,0.082,0.085,0.043,
0.092,0.091,0.137,0.09,
-0.013,-0.012,-0.011,-0.04,
0.17,0.17,0.187,0.169,
-0.064,-0.064,-0.062,-0.065,
0.009,0.009,0.027,0.007,
0.117,0.128,0.141,0.096,
0.11,0.11,0.143,0.102,
0.001,0,0.073,-0.002,
-0,0,0.001,-0.011,
0.046,0.046,0.057,0.044,
0.01,0.01,0.012,0.009,
-0.204,-0.207,0.03,-0.21,
0.001,0,0.035,-0.001,
-0.109,-0.094,0.013,-0.431,
0.136,0.136,0.139,0.102,
0.007,0.007,0.012,-0.043,
-0.027,-0.028,0.028,-0.032,
-0.013,-0.012,-0.009,-0.018,
0.039,0.039,0.042,0.037,
0.119,0.118,0.179,0.115,
0.075,0.075,0.095,0.06,
-0.081,-0.083,-0.042,-0.125,
0.113,0.109,0.144,0.085,
0.043,0.043,0.047,0.032,
-0.064,-0.064,0,-0.107,
-0.054,-0.054,-0.05,-0.076,
0.005,0.008,0.049,-0.017,
0.01,0.01,0.016,0.009,
-0.041,-0.042,-0.004,-0.048,
-0.001,-0.002,0.016,-0.004,
0.08,0.08,0.111,0.079,
0.048,0.048,0.064,0.046,
-0.168,-0.162,-0.129,-0.184,
0.005,0.005,0.007,-0.002,
0.172,0.172,0.176,0.125,
-0.074,-0.074,-0.065,-0.079,
0.015,0.015,0.017,0.014,
0.031,0.029,0.035,0.013,
-0.007,-0.007,0.045,-0.008,
0.098,0.102,0.104,-0.009,
-0.015,-0.002,0.007,-0.039,
0.13,0.131,0.133,0.069,
0.001,0,0.041,-0.003,
0.095,0.094,0.148,0.092,
0.015,0.014,0.03,0.013,
0.043,0.044,0.048,-0.044,
0.072,0.084,0.084,0.01,
0.212,0.214,0.215,0.131,
-0.013,-0.013,-0.011,-0.045,
0.044,0.044,0.065,0.034,
0.062,0.062,0.107,0.059,
0.061,0.061,0.079,0.059,
0.057,0.058,0.058,0.027,
0.093,0.093,0.12,0.09,
-0.061,-0.06,-0.058,-0.101,
-0.006,-0.001,0.006,-0.047,
0.05,0.049,0.071,0.046,
-0.091,-0.091,-0.091,-0.116,
-0,-0.001,0.054,-0.005,
-0.075,-0.074,-0.073,-0.091,
0.1,0.1,0.113,0.096,
-0.004,-0.01,0.025,-0.012,
-0.029,-0.005,0.005,-0.09,
-0.027,-0.027,0.027,-0.029,
0.001,-0.001,0.046,-0.008,
0.066,0.066,0.075,0.046,
0.001,0,0.067,-0.003,
0.084,0.084,0.126,0.081,
0.002,0.001,0.08,-0.008,
0.047,0.046,0.103,0.045,
0.003,0.003,0.009,0.002,
0.053,0.053,0.056,0,
-0.018,-0.018,-0.016,-0.037,
0.103,0.103,0.106,0.101,
-0.012,-0.012,-0.011,-0.028,
0,0,0.003,-0.009,
0.03,0.03,0.03,0.006,
-0.054,-0.064,-0.039,-0.065,
0.002,0.002,0.009,0.002,
-0.071,-0.071,-0.069,-0.075,
0.043,0.044,0.045,0.008,
-0.03,-0.031,-0.027,-0.036,
0.008,0.008,0.009,-0.016,
-0.07,-0.07,-0.051,-0.076,
0.037,0.037,0.054,0.036,
0.021,0.021,0.023,0.018,
-0.007,-0.007,-0.005,-0.02,
-0.041,-0.041,-0.037,-0.061,
0.079,0.079,0.084,0.078,
0.059,0.059,0.068,0.057,
0.049,0.048,0.076,0.045,
-0.046,0.001,0.01,-0.13,
0.014,0.014,0.019,0.013,
0.035,0.035,0.037,0,
0.099,0.1,0.101,0.055,
0.017,0.017,0.018,0.015,
0.283,0.284,0.291,0.192,
0.022,0.022,0.024,0.019,
-0.047,-0.047,-0.029,-0.066,
-0.004,-0.004,0.006,-0.023,
0.087,0.087,0.095,0.085,
0.007,0.007,0.046,0.006,
-0.107,-0.072,0.006,-0.221,
-0.054,-0.055,-0.024,-0.055,
-0.058,-0.058,-0.019,-0.06,
-0.459,-0.469,0,-0.469,
-0.043,-0.044,0.037,-0.045,
0.12,0.121,0.14,0.113,
-0.026,-0.026,-0.023,-0.03,
-0.041,-0.04,-0.039,-0.08,
0.183,0.183,0.189,0.156,
-0.075,-0.075,-0.059,-0.077,
0.064,0.064,0.096,0.063,
0.031,0.03,0.073,0.029,
-0.009,-0.009,-0.002,-0.012,
0.154,0.154,0.177,0.121,
0.148,0.148,0.187,0.145,
0.113,0.112,0.143,0.111,
0.035,0.036,0.038,0.016,
-0.026,-0.026,-0.021,-0.028,
0.044,0.046,0.051,0.027,
0.004,0.004,0.01,-0.001,
-0.012,-0.006,0.003,-0.121,
0.068,0.069,0.083,0.043,
-0.01,-0.011,0.051,-0.013,
0.018,0.018,0.019,0.007,
0.215,0.216,0.217,0.149,
0.037,0.037,0.04,0.028,
0.062,0.062,0.062,0.038,
-0.003,-0.003,-0.002,-0.006,
-0.017,-0.039,0.052,-0.079,
0.129,0.129,0.145,0.11,
0.021,0.021,0.025,0.006,
0.101,0.101,0.106,0.1,
-0.043,-0.043,-0.014,-0.046,
-0.03,-0.031,0.036,-0.032,
-0,0,0.002,-0.041,
0.078,0.078,0.08,0.041,
0.221,0.222,0.226,0.147,
0.173,0.175,0.176,0.054,
-0.01,-0.01,-0.01,-0.018,
-0.004,-0.004,-0.004,-0.004,
0.006,0.006,0.008,0,
0.119,0.118,0.147,0.117,
0,0,0.004,-0.004,
0.055,0.056,0.06,0.04,
0.018,0.018,0.022,0.017,
0.107,0.11,0.118,0.059,
-0.041,-0.042,0.026,-0.046,
-0.051,-0.037,0.031,-0.197,
0.115,0.115,0.132,0.113,
-0.105,-0.104,-0.023,-0.115,
0.017,0.017,0.021,0.014,
-0.02,-0.02,-0.019,-0.032,
-0.036,-0.036,-0.033,-0.069,
0,0,0.026,-0.007,
-0.049,-0.049,-0.047,-0.05,
0.094,0.094,0.097,0.092,
0.15,0.15,0.178,0.092,
0.162,0.162,0.164,0.16,
0.012,0.012,0.014,0.011,
0.008,0.006,0.112,0.005,
-0.004,-0.005,0.038,-0.006,
0.11,0.112,0.168,0.049,
0.091,0.091,0.125,0.088,
0.093,0.093,0.1,0.074,
0.072,0.071,0.095,0.064,
-0.034,-0.034,0.023,-0.039,
-0.024,-0.029,0.022,-0.055,
0.098,0.098,0.102,0.085,
0.192,0.192,0.215,0.166,
0.097,0.099,0.1,0.088,
-0.035,-0.032,0.085,-0.101,
0.091,0.091,0.106,0.086,
-0.053,-0.052,0.014,-0.086,
0.016,0.018,0.034,-0.002,
-0.003,-0.006,0.043,-0.024,
0.037,0.038,0.173,-0.078,
-0.124,-0.126,-0.077,-0.153,
0.018,0.017,0.044,-0.013,
-0.012,-0.003,0.01,-0.091,
-0.044,-0.047,0.077,-0.101,
0.024,0.026,0.05,0.013,
0.101,0.102,0.124,0.09,
-0.008,0.005,0.023,-0.043,
-0.075,-0.073,-0.046,-0.117,
0.038,0.038,0.096,0.024,
-0.05,-0.053,0.071,-0.097,
-0.147,-0.14,-0.107,-0.195,
-0.072,-0.067,0.012,-0.198,
-0.104,-0.101,-0.094,-0.137,
-0.029,-0.026,-0.015,-0.055,
0.095,0.097,0.101,0.009,
0.004,0.005,0.007,0.002,
-0.013,-0.014,-0.009,-0.017,
-0.004,-0.003,0.044,-0.043,
0.047,0.046,0.074,0.042,
-0.048,-0.048,-0.029,-0.064,
-0.005,-0.005,-0,-0.033,
0.128,0.129,0.193,0.093,
-0.019,-0.03,0.06,-0.112,
0.14,0.14,0.177,0.121,
0.118,0.118,0.151,0.093,
-0.004,-0.005,0.026,-0.025,
0.019,0.018,0.077,0.01,
-0.028,-0.028,-0.02,-0.048,
0.097,0.098,0.104,0.079,
0.06,0.061,0.095,0.041,
-0.138,-0.139,-0.091,-0.154,
-0.009,-0.008,-0.004,-0.015,
0.089,0.092,0.105,0.007,
-0.003,-0.001,0.016,-0.074,
-0.011,-0.014,0.037,-0.02,
-0.052,-0.052,-0.048,-0.06,
-0.026,-0.025,-0.016,-0.041,
-0.125,-0.115,0.004,-0.251,
0.032,0.04,0.149,-0.075,
-0.015,-0.015,0.027,-0.061,
-0.033,-0.032,-0.026,-0.038,
0.054,0.042,0.156,-0.019,
0.045,0.043,0.074,-0.012,
-0.141,-0.144,-0.131,-0.176,
0.097,0.095,0.116,0.085,
0.03,0.031,0.065,0.005,
-0.044,-0.041,-0.01,-0.075,
0.068,0.07,0.083,0.049,
0.001,0.002,0.026,-0.011,
-0.073,-0.07,0.009,-0.133,
-0.053,-0.051,0.07,-0.085,
0.048,0.044,0.084,0,
-0.019,-0.021,0.018,-0.035,
-0.057,-0.057,-0.014,-0.078,
0.062,0.063,0.072,0.057,
-0.061,-0.064,0.029,-0.157,
-0.104,-0.106,-0.091,-0.119,
-0.023,-0.023,0.022,-0.037,
-0.027,-0.032,-0.011,-0.059,
0.04,0.043,0.073,0.028,
0.064,0.077,0.138,-0.004,
0.275,0.277,0.315,0.207,
0.029,0.027,0.085,-0.01,
-0.034,-0.031,-0.019,-0.061,
-0.049,-0.049,-0.003,-0.065,
0.101,0.104,0.131,0.086,
-0.185,-0.204,0.105,-0.271,
0.027,0.028,0.032,0.022,
0.024,0.037,0.074,-0.048,
-0.088,-0.115,0.173,-0.187,
-0.057,-0.057,-0.041,-0.081,
0.132,0.138,0.178,0.057,
0.027,0.026,0.109,0.01,
0.021,0.021,0.027,0.009,
-0.066,-0.064,-0.049,-0.089,
-0.166,-0.171,0.008,-0.192,
0.01,0.002,0.057,-0.024,
0.072,0.074,0.109,-0.003,
0.129,0.157,0.187,0.022,
-0.099,-0.095,-0.069,-0.13,
0.037,0.039,0.046,0.013,
-0.085,-0.076,-0.03,-0.169,
-0.002,0.011,0.039,-0.058,
-0.047,-0.046,-0.034,-0.052,
0.045,0.046,0.052,0.03,
-0.019,-0.017,-0.005,-0.025,
0.083,0.086,0.107,0.059,
0.089,0.09,0.103,0.008,
-0.083,-0.085,0.035,-0.133,
0.149,0.151,0.155,0.143,
0.014,0.013,0.021,-0.008,
0.075,0.083,0.095,-0.104,
0.089,0.079,0.135,0.039,
0.06,0.06,0.086,0.04,
0.017,0.017,0.03,-0,
0.007,0.011,0.012,-0.008,
0.07,0.072,0.111,0.058,
-0.141,-0.141,-0.131,-0.157,
-0.037,-0.035,-0.018,-0.059,
-0.077,-0.101,-0.012,-0.125,
0.014,0.017,0.037,-0.024,
-0.152,-0.151,-0.15,-0.195,
0.056,0.061,0.088,0.026,
-0.043,-0.048,0.022,-0.096,
-0.031,-0.035,0.009,-0.052,
0.059,0.058,0.105,0.04,
-0.029,-0.009,0.026,-0.101,
-0.018,-0.029,0.064,-0.072,
0.042,0.045,0.061,0.012,
0.003,0.005,0.011,-0.01,
0.038,0.037,0.063,0.006,
0.005,0.01,0.025,-0.027,
-0.057,-0.057,-0.011,-0.137,
0.004,0.005,0.018,-0.046,
-0.069,-0.066,0,-0.178,
0.061,0.067,0.189,-0.058,
-0.02,-0.039,0.078,-0.081,
0.049,0.049,0.075,0.042,
0.012,0.013,0.018,0.005,
-0.101,-0.102,-0.066,-0.122,
0.061,0.063,0.091,0.027,
-0.007,-0.001,0.076,-0.075,
0.042,0.043,0.044,-0.014,
0.031,0.03,0.053,0.012,
0.002,0.003,0.006,-0.008,




Further Data analysis of all test cases 
avg med max min 
AVGs,-0.034,-0.013,0.324,-0.188,
MEDs,-0.034,-0.013,0.343,-0.193,
MAXs,0.012,0,0.393,-0.011,
MINs,-0.055,-0.036,0,-0.21,


AVGs,0.019,0.011,0.283,-0.459,
MEDs,0.019,0.011,0.284,-0.469,
MAXs,0.048,0.038,0.315,-0.15,
MINs,-0.01,-0.004,0.207,-0.469,



