

Data analysis for each instance 
AVG,MED,MAX,MIN
22544.5,22296,33498,21688,
20456.82,20229,30027,20229,
19292.02,19084,29158,19010,
27656.7,27357,40663,27334,
18693.56,18582,28098,18350,
20445.32,20238,28811,20238,
19388.28,19181.5,28276,19010,
20270.84,20032,30281,20029,
19778.18,19540,29791,19534,
24440.7,24624,37937,23097,
23205.9,23023,34780,22839,
22097.4,21921,32701,21775,
24216.28,23943,35557,23943,
26340.3,26379,40929,22193,
21853.74,21643,31922,21579,
19943.54,19716,29236,19715,
25605.64,25531,39655,22034,
23308.36,23050,35788,22825,
23999.3,24104,37355,22512,
28964,28694,43134,28570,
23373.14,23130,34862,23070,
31589.56,32021.5,48100,28765,
21514.04,21249,33436,20618,
26981.34,26680,39685,26680,
18739.16,18540,27831,18489,
23313.34,23079,34230,23024,
23691.5,23481,34867,23355,
26016.48,25756,38029,25690,
20364.1,20128,30265,20128,
28854.86,28634,44027,24539,
25119.38,24795,39432,23086,
18709.22,18470,27875,18470,
23950.82,23673,35693,23665,
19939.5,19725,29102,19712,
26941.72,26655,39575,26599,
19389.86,19203,28480,19142,
21329.14,21088,31422,21088,
22621.04,22374,33015,22369,
23044.54,22823,34209,22729,
21053.96,21347,30326,20286,
20113.28,19880,29932,19880,
22855.44,22575,34517,22575,
21980.36,21781,31969,21080,
25380.52,25139,38678,24386,
25239.44,24930,38733,24846,
23552.62,23295,34341,23276,
24369.44,24155,36362,24011,
21838.42,21641,33159,20221,
20850.02,20620,30489,20620,
26216.36,25898,39771,25541,
30377.24,30041,44682,30041,
21365.3,21111,32958,21076,
20406.82,20173,29977,20173,
25326.48,24991,38403,24112,
19251.84,19021,28746,19021,
21416.4,21241,32420,20439,
25269.46,24832,40710,23363,
20740.28,20499,30911,20487,
22656.32,22395,33538,22395,
22466.5,22231,32909,22202,
21259.14,21022,31096,21008,
23761.6,23498,34831,23498,
22771.52,22514,33629,22513,
21833.68,21645,32283,21519,
20775.12,20723,29880,20376,
19170.4,18990,28212,18907,
28816.38,28718,47013,23958,
19142.48,18934,28742,18835,
32623.94,32479,50617,27947,
23140.5,22686.5,36426,21426,
23651.46,23404,35737,21777,
22480.7,22212,33489,22212,
22680.44,22426,33450,22418,
22106.3,21857,32416,21856,
23611.32,23468,35074,23204,
19471.36,19255,29568,18887,
22637.9,22408,33567,22336,
24422.18,24169,35961,24161,
18990.58,18770,28089,18770,
18235.72,18008,27454,17579,
20721.26,20578,30594,20389,
28417.46,28090.5,43011,27253,
29209.96,29021,46490,25322,
21203.46,21010,31637,20899,
23817.02,23578.5,34676,23535,
23960.6,23676,35747,23676,
23976.54,23770,36974,20734,
18995.62,18765,28766,18762,
25422.5,25110,39193,25004,
21915.18,21661,32859,21630,
26191.24,25875.5,39657,25471,
20958.94,20726,30755,20726,
20742.32,20505,30680,20503,
20322.14,20139,30831,20000,
28291.44,27941.5,45829,27768,
28938.5,28522,46779,24449,
20958.52,20736,30668,20713,
23765.26,23490,35220,23490,
21864.84,21680,32431,21540,
21916.54,21679,32400,21647,
17812.74,17627.5,26147,17588,
21591.14,21348,31640,21347,
24193.6,23918,36161,23918,
21908.86,21663,32295,21663,
23018.78,22722.5,35159,22610,
24153.84,23867,36359,23867,
24898.8,24608,37078,24608,
23300.06,23014,35196,23014,
18440.22,18398,29355,16561,
20938.14,20824,30622,20592,
40578.38,40686,65809,27137,
22840.04,22637,33757,22522,
20756.74,20550.5,30289,20382,
25318.94,25017,38238,24929,
19499.44,19283,28478,19283,
18770.74,18568,27546,18542,
21449.4,21201,32026,21201,
25651.98,25386,37724,25347,
19979.98,19766,29993,19716,
25382.52,25108,36985,25106,
26501.78,26164,39932,26153,
26070.34,25860,39319,24037,
19977.22,19734,30169,19734,
25456.26,25354.5,38844,22659,
21504.4,21248,32262,21248,
24429.98,24086,37789,23792,
19686.38,19530,29318,19378,
22210.02,21981,32444,21946,
20890.06,20719,30792,20582,
19348.1,19165,29042,19074,
19550.12,19370,29064,19274,
22838.66,22613,34199,20802,
20856.7,20631,30910,20596,
20664.14,20419,30754,20419,
21462.1,21247,31099,21216,
19882.42,19674,29177,19648,
25860.1,25585,38276,25544,
20806.52,20561,31120,20561,
24673.4,24629,39493,21288,
21297.36,21051,31707,21050,
21870.62,21895,33893,20731,
22066.34,21847,32115,21805,
22890.14,22625,34066,22625,
26227.88,25941,38284,25941,
30150,29809,44589,29809,
20880.1,20644,30664,20644,
25051.6,24760,37403,24578,
21398.32,21188,31748,21119,
23795.44,23578,35518,23448,
26544.26,27278.5,41250,25094,
25384.68,25107,36745,25107,
25288.02,25003,37347,24898,
24609.3,24292,38437,24292,
23611.16,23335,35274,23335,
20255.24,20034,29520,20011,
25305.08,25009,37963,25009,
21496.88,21262,31492,21247,
23434.36,23178,34389,23166,
17929,18026,25986,17426,
27492.9,26904,47911,22568,
21421.86,21174,31527,21174,
26688.42,26991.5,41597,25408,
23870.84,23605,35025,23605,
19782.8,19554,29665,19543,
24703.74,24407,37179,24407,
27851.98,28247.5,43785,24318,
23489.4,23230,34379,23228,
18861.34,18645,27759,18644,
22131.3,21926,33324,20791,
23106.66,22884,33897,22805,
22749.12,22499,33556,22475,
21882.48,21635,32130,21635,
20905.2,20682,31506,20627,
25695.24,25472,40063,24354,
19798.14,19561,29128,19558,
20887.38,20736,31643,20521,
20717.08,20469,31203,20469,
21531.62,21290,31621,21290,
19061.26,18856.5,28131,18824,
24575.56,24298,36253,24298,
21630.02,21368,32647,21303,
21131.1,20895,31022,20894,
22037.92,21821,32991,21728,
24366.98,24121,36926,23856,
19397.68,19186,29385,19132,
21035.18,20800,30716,20800,
23590.76,23343,34548,23313,
25949,25718,40745,25222,
28181.82,28114.5,45309,24320,
20392.34,20161,29815,20161,
26843.78,25786,43997,25385,
22951.52,22715,33566,22685,
19958.14,19732,29469,19730,
24950.46,24678,36426,24677,
21024.42,20779,31411,20779,
27644.06,26877,44003,22760,
19639.4,19420,28777,19417,
20618.52,20390,30158,20390,
21651.22,21765,31207,21087,
30136.06,30255.5,48302,26675,
22136.04,21912,32488,21865,
22546.46,22281,33582,22281,
26020.54,26521,46433,16904,
21336.84,21099,31387,21098,
20224.54,19999,29680,19999,
21617.24,21391,32519,20471,
24235.44,23965,36248,23938,
27264.06,27224,40582,25949,
23657,23387,34910,23373,
20020.24,19780,30139,19780,
20221.48,20033,30044,19934,
23876.26,23602,35351,23585,
22823.28,22635,33802,22451,
21838.68,21592,32083,21591,
22526.78,22273,33142,22273,
19389.52,19173,28414,19173,
22186.44,21949.5,33294,21308,
18903.28,18595.5,30610,17622,
23784.02,23585,36449,23132,
25311.94,25785.5,40609,20076,
22389.22,22134,33177,22134,
22072.5,21831,33000,21068,
24133.28,23849,36005,23847,
25264.12,24987,37261,24937,
22493.1,22286,33261,22182,
25259.54,25099,37670,24823,
19994.3,19765,29395,19765,
21176.44,20524.5,34505,18151,
23873.8,23608,35086,23607,
20791.56,20583,30865,20510,
22004.02,21758,32363,21753,
20199,19962,30393,19947,
21614.84,21373,31825,21370,
23394.24,23139,35274,23065,
24726.92,24576,37188,23589,
23617.28,23354,34857,23354,
27260.82,26948,40392,26948,
21133.06,21011.5,31545,20751,
17672.96,17475,25777,17475,
25228.62,24977,38978,24049,
25349.18,25070,37199,25063,
22163.52,22476,35459,19695,
21951.7,21862,33524,20899,
23197.82,22937,33966,22934,
24686.84,24417,36332,24406,
20774.24,20530,31061,20460,
22193.36,22151,37688,18783,
19626.4,19403,29174,19401,
24929.74,24639,37071,24638,
21548.32,21307,32083,21094,
28632.74,28307,42335,28307,
18870.12,18674,28113,18629,
19722.9,19569,30879,17730,
20447.34,20272,30005,20164,
25734.08,25437,38116,25437,
28987.14,28663,42654,28663,
25088.72,24846,37516,24227,
19501.28,19269,28968,19269,
28973.96,28650,42671,28650,
24372.3,24096,35846,24096,
21587.14,21379.5,32563,21283,
20899.06,20768,31052,20544,
23627.82,23363,35343,23340,
22754.44,22517.5,33663,22360,
18821.32,18597,28245,18597,
21145.02,20824,31603,20452,
22285.38,22045,33150,22006,
25089.32,24804,37143,24804,
15412.18,15363.5,25138,13656,
13847.52,13824.5,23717,11100,
14319.34,14102.5,23803,12911,
15670.18,15568,26399,13496,
15554.74,15521,26408,13846,
14524.66,14569,24792,12495,
17839.94,17747,30859,14968,
14797.46,14815.5,24897,12836,
12437.7,12377,21793,10962,
15444.12,15268.5,25674,13669,
18196.98,18452,30812,15546,
14294.82,14112,23837,13133,
15716.06,15449,26735,13800,
13996.64,13892.5,23648,12044,
14433.4,14250.5,24700,12560,
15345.32,15150.5,26131,13635,
19751.16,19345,34270,15951,
14273.98,14066,23975,12205,
18436.04,18504,33931,13761,
14438.02,14377,24410,13194,
15949.72,15869,25915,14528,
16379.42,16142,26848,15213,
14130.54,14019,23266,12575,
11416.54,11331,18984,10398,
15367.82,15264.5,26031,13652,
13964.22,13918.5,23134,12538,
15325.08,15220.5,26331,12877,
13860.02,13482,24185,12189,
14265.3,14152,24215,12586,
15900.08,15777.5,27244,13627,
15915.22,15788,26171,14666,
16305.7,16300.5,26913,15067,
14107.04,13844,23985,13278,
14303.28,14077.5,23022,12805,
11608.14,11434.5,19890,10344,
13029.64,12993,21049,11571,
17068.86,17227.5,29147,14502,
15820.42,15670.5,27114,13898,
11582.94,11424.5,19559,10431,
15127.82,14923.5,26241,12641,
13763.94,13562.5,23387,12569,
14289.04,14192,24685,11805,
12740.24,12611,21125,11403,
15369.4,15147,25954,12824,
14608.3,14401,26370,12050,
17388.52,17734.5,28953,13732,
14500.68,14300.5,24725,12507,
12922.72,12738.5,21246,12096,
13007.74,13153,21944,10100,
15594.66,15434.5,26610,13841,
14137.66,13948,22416,13948,
15365.94,15044,26042,13990,
13209.2,13071.5,23154,10346,
13505.26,13500,23038,11060,
14759.42,14710.5,24826,13491,
14425.26,14283.5,24279,12969,
16698.1,16630.5,28786,13097,
16102.96,16001,26152,14796,
15043.96,14923.5,24175,13410,
16134.68,15989,27113,13849,
15986.24,15746,26453,14106,
14876.14,14697,24872,13237,
19399.98,19559,31723,16767,
12262.96,12099.5,20387,10951,
16748.94,16565.5,27156,15285,
14502.98,14446.5,23761,13453,
14849.9,14805,24117,13489,
15118.28,15424,25950,13504,
16032.7,15998.5,26905,12575,
16056.3,16070,27896,14309,
12851.26,12684.5,21301,11753,
12463.6,12419.5,21209,11620,
12653.64,12446,21727,11716,
19381.84,18401,34697,16303,
14641.52,14453,23196,14431,
15179.14,15074,25679,13170,
18762.74,18795.5,32929,14827,
13144.28,12996,21515,12012,
14470.64,14639,24597,12246,
15516.68,15371,25895,13995,
14513.16,14397.5,23972,12929,
14093,13954,23223,12703,
17354.8,17370,29919,15212,
17874.7,17702,28693,15624,
15207.22,15243,26886,12324,
15317.32,15261,25623,12762,
13564.24,13698.5,22799,11242,
16184.16,16063.5,27086,14356,
15388.74,15444,26586,12977,
12778.4,12646.5,20603,11423,
15333.3,15068,26064,13649,
15451.4,15315,25739,13864,
14123.4,14031,23499,12359,
15078.6,14963.5,24926,12905,
17710.86,17549.5,30289,14884,
13720.8,13611,22713,12409,
15787.68,15650.5,26121,13248,
14015.8,13929,23339,12772,
18600,18345,29940,18345,
14060.62,13909.5,23361,12783,
13204,13144.5,22518,10280,
14040.7,13917,23423,12626,
16217.02,16097,26161,13126,
13583.72,13442.5,22371,11656,
12537.6,12415,20892,11556,
14891.1,14762,24730,13486,
14801.32,14672,23672,13649,
16610.94,16664,27174,14920,
12448.46,12291.5,20289,11526,
17741.7,17737,28887,14591,
17777.26,17514.5,30303,15813,
15004.08,14880,24399,12690,
16203.46,16158.5,27607,13867,
13139.6,12961.5,22646,11695,
17326.76,17294,29767,14631,
13864.2,13935.5,23156,11480,
14646.16,14532.5,23888,13265,
16103.4,15881,25781,15881,
12949.64,12799.5,21802,11912,
15006.92,14809,25344,14028,
15199.48,14988.5,25858,13679,
18446,18341,31078,15958,
13887.66,13638,27831,11667,
16494.24,16340,28928,14139,
13357.48,13307,21991,11466,
12792.9,12732,20766,11619,
15255.22,15153,24866,13398,
17460.8,17243.5,30339,15038,
16624.38,16503.5,29520,14329,
15093.48,14926,25727,13485,
15315.74,15057,25546,14287,
15479.62,15348.5,25566,13936,
14317.38,14244.5,23707,12411,
15573.86,15780,27157,13128,
13869,13765.5,22891,12415,
15710.86,15737,25301,13947,
15995.64,15912.5,27360,12732,
17312.5,17125,27962,16066,
14226.26,14292,23130,12766,
13380.28,13262.5,22652,11944,
17869.1,17738,30664,15118,
14219.14,14200,23572,12428,
13520.34,13591.5,22411,11923,
16866.16,16722,28820,13101,
13927.56,13846.5,23400,11709,
14438.9,14300,25156,13021,
12761.66,12617,21284,11453,
15701.76,15764.5,26795,12825,
18220.06,18251,30328,15490,
18166.18,17763,32153,16032,
14147.6,14039.5,23428,12337,
14386.16,14315.5,23922,12366,
15939.98,15715,27115,14276,
11923.3,11764,20885,9639,
14450.46,14239,24388,12660,
16330.7,16280,26600,14616,
16926.7,17178,27974,13152,
16404.84,16184,27847,14256,
17223.38,17100.5,29026,14948,
13277.94,13244.5,21957,12148,
21639.26,21443,35338,18172,
14478.88,14393,25207,11767,
16726,16706.5,27646,14851,
14874.16,14673.5,25137,13720,
18811.94,18987.5,32002,16261,
15237.12,14944,25925,13793,
15426.1,15125.5,25675,14242,
16454.82,16191.5,28191,14580,
14160.1,14028.5,23782,12622,
14425.2,14325.5,24063,13135,
15504.98,15278.5,26153,12240,
13007.3,12903,21072,12137,
14139,13958.5,24041,12878,
13217.74,13050,22038,12277,
15727.46,15539.5,25908,14371,
14859.9,14637,24776,13932,
18138.26,17719,31343,15530,
12354.58,12252,20982,9963,
14938.16,14787.5,25215,13394,
14782.02,14682,24687,13452,
15038.76,14854.5,24524,14047,
13986.42,13909,23355,12872,
15419.38,15250.5,25701,13756,
18604.72,18645.5,31687,15624,
16187,16363,26878,13685,
12751.82,12771,20997,10534,
14114.46,14026,23855,12358,
17103.14,16911.5,29524,15054,
16248.26,16093,27122,14483,
15164.06,14950.5,25754,13332,
14519.46,14551,24413,11820,
19332.48,19180,30925,17846,
20739.64,20506,30556,20494,
21897.94,21664,32755,21616,
24150.12,23888,36212,22928,
18950.2,18733,27871,18731,
20197.38,19952,30728,19927,
20970.74,20724,31115,20724,
21438.28,21219,31533,21161,
20194.4,19970,29524,19969,
23209.64,22932,35271,22902,
20203.4,19975,29621,19952,
20643.68,20563,30026,20261,
20348.9,20107,30384,20107,
23216.66,22946,34488,22829,
18654.6,18443,27156,18373,
23484.7,23265,34812,23164,
23080.68,22847,35464,21888,
13791.16,13733,24094,10990,
20955.86,20716,30798,20716,
18950.78,19064,32078,15915,
14897.7,14916,24130,12445,
13113.26,13036.5,21468,11976,
14411.98,14259,22891,13692,
15198.06,14948.5,25993,13409,
13983.26,13816.5,23917,11688,
24595.86,24320,36089,24320,
24571.38,24454,36183,24136,
19793.04,19615,29628,19485,
25994.8,25696,38525,25696,
20200.82,19974,29612,19973,
26646.82,26326,40253,26326,
19146.74,18417.5,33301,16139,
23956.48,23783,35813,23534,
16238.28,16246.5,27197,13246,
15928.04,15994,26201,13518,
11662.12,11613,19688,10031,
13557.04,13485,22548,12192,
14643.44,14460,24422,13064,
15881.16,15737.5,27013,12034,
17290.9,17150,30208,13572,
14492.7,14447.5,24375,12525,


22702.26,22767.5,31889,19355,
21902.44,21638.5,31020,18849,
20114.04,19864.5,30903,17199,
27459.96,27011.5,42344,24962,
19441.64,19319.5,29179,17754,
20568.38,20339,28402,18881,
20345.32,20131.5,29153,17876,
20687.66,20613.5,30251,18666,
20547.14,20197,29484,17888,
23246.02,22967.5,39387,19638,
22818.92,22308.5,36845,18202,
20746.18,20591.5,33062,18635,
24371.92,24425.5,35942,21143,
22109.26,21740.5,40048,18336,
22055.04,21856.5,32547,19696,
21015.14,20676,28959,18843,
21648.9,21437,37463,17333,
23028.88,22865,35212,19554,
21626.6,21424,41282,18167,
25888.62,25378.5,45223,22076,
23404.68,23183,33089,19717,
26880.58,26526.5,48289,20832,
20507.84,19943.5,33488,16908,
26384.54,26195,39884,22295,
19892.2,19588.5,28398,17936,
23495.8,23413.5,34463,21382,
23805.82,23583.5,34438,21363,
25189.92,24957.5,36933,22588,
20646.64,20477.5,30322,18255,
25553.32,25431,42963,21273,
21884.92,21438,39979,17842,
20287.54,20177,28835,18849,
23918.72,23658,36010,20701,
20440.38,20260.5,28364,19079,
26209.66,25949.5,40689,23571,
19743.1,19554.5,27209,17533,
21434.66,21518,30766,18234,
23504.18,23403,33055,21277,
23249.6,23105.5,35592,21146,
21521.96,21286.5,31623,19807,
20503.7,20413.5,28652,19160,
21728.02,21386.5,34344,18888,
21968.06,21799,31442,20337,
23620.42,23409.5,38774,20348,
21357.46,20632.5,39437,18578,
23142.94,23170,30759,20715,
23854.76,23641.5,36097,21289,
20234.1,20140.5,33026,17600,
21236.2,20987,29866,19264,
22176.4,21881,39172,18816,
27873.66,27948,42804,25126,
22223.46,21930,30932,19395,
21096.62,20874.5,30541,19477,
23782.56,23639.5,39455,20129,
20615.88,20297.5,28929,18122,
20679.68,20132.5,31278,18127,
21399.66,20882.5,41784,17524,
21464.8,21187.5,31110,19292,
23014.16,22838.5,34641,20410,
22977.98,22817,33432,21316,
21667.16,21639.5,31281,18770,
23450.56,23386,32523,21148,
23338.48,23114,34933,21172,
22023.84,21866.5,31334,20194,
20993.24,20833,28979,18972,
19891.12,19795,28138,17495,
24812.04,24518.5,47590,19383,
20115.88,19754.5,30319,18241,
28516.48,28649,56533,21773,
21929.18,21383.5,38230,18999,
22323.58,22105.5,33549,19565,
22026.02,21868,33170,19366,
23305.92,22994.5,35248,20247,
22784.48,22566.5,33092,20961,
22678.6,22274.5,36105,19447,
19157,19279,28433,16066,
22921.56,22824,32177,19514,
24479.94,24102.5,38288,22035,
19425.32,19253.5,27368,17796,
18920,18586.5,27850,16226,
21728.18,21574,30706,19088,
25544.38,25139.5,38332,21085,
26204.52,26004,44453,20493,
21921.38,21541,31390,18580,
24147.3,23881.5,36033,22354,
23278.16,23265.5,36841,20565,
23267.52,23277,37931,19078,
19715.66,19429.5,28293,17213,
23147.48,22324.5,39715,15072,
21574.2,21360.5,33197,18376,
24047.28,24243.5,39766,17215,
21522.68,21275.5,31657,19630,
21067.16,20868.5,28856,19029,
21155.64,20931,30975,18524,
18784.72,18064,46448,14078,
25004.7,24265.5,47670,20834,
21367.56,21218.5,31598,19335,
24025.48,23887,34033,18939,
21528.34,21434,31127,18947,
22115.7,22072,29636,19564,
18375.64,18061.5,26980,16412,
21967.66,21810,31644,20269,
22760.48,22448.5,37500,18765,
22053.86,21846.5,32904,19110,
22466.9,22483.5,35901,18279,
23527.2,23150,37613,21588,
23998.5,23825.5,35932,19982,
23253.84,23020.5,34272,19740,
18183.36,18164.5,28213,14650,
21618.46,21472.5,31035,20034,
28462.62,27486,67582,23411,
21702.88,21685,33060,18734,
20904.34,20716.5,29386,18448,
25479.96,24937,40956,21755,
19826.08,19619,28417,18310,
19396.76,19244.5,26800,18049,
22367.6,22098.5,31445,19406,
24807.72,24410.5,37294,22347,
21706.62,21562,33058,17618,
24478.96,24436,34082,21889,
26533.66,26329,39715,23765,
23411.7,23212,39436,20361,
19753.74,19623.5,29469,17003,
22347.94,22155.5,38405,18421,
21499.78,21215.5,33282,18200,
22741.24,22487.5,38104,19620,
20554.22,20359,30295,18900,
22570.54,22615.5,32248,20517,
21229.02,20875.5,28866,18983,
20507.6,20101.5,29995,18165,
20154.18,19884.5,29718,18359,
21375.5,21107.5,35098,18365,
21636.78,21638,30447,19887,
21339.6,21126,28999,19333,
21606.38,21575,30362,20006,
20595.84,20365.5,30683,18929,
25079.96,24500,36931,22042,
21188.84,21087,30555,19611,
22748.16,22453.5,41201,17441,
21396.12,20993,32077,19240,
20812.42,20673,32040,17619,
22573.72,22399.5,31868,20924,
23357.84,23220.5,35598,20156,
26063.1,25848.5,39754,22695,
27091.26,26628,46442,23905,
21334.86,21237,30811,19708,
24457.48,24301,36374,21228,
22053.04,21740,32437,20164,
23563.38,23222,37494,20325,
24206.84,23981.5,39321,20179,
24869.76,24537.5,38929,21832,
24607.4,24181.5,35662,20193,
18918.18,18333,36029,15028,
22857.98,22576,36225,20537,
21492.94,21222,31317,19869,
23357.22,23196,36248,21263,
22086.42,21833.5,31631,20410,
23324.8,22976,33574,20542,
18726.96,18708,26236,17062,
23044.78,22339.5,50686,18207,
21977.46,21867.5,33137,19505,
23717.74,23377,45098,18844,
24464.98,24117,35992,22990,
19971.06,19902,29395,16777,
24379.72,24330.5,40623,21143,
25892.46,25290,41992,21476,
24401.38,24203.5,34554,21572,
19775.94,19524,27802,18085,
21977.52,21522,34420,19683,
22624.42,22501,32214,19706,
22812.94,22697,32792,19869,
22300.12,22112.5,31032,20645,
21137.92,21473.5,29836,18201,
23031.5,22922,36817,20007,
20935.4,20700.5,30011,19183,
20692.46,20350,31119,17377,
21090.3,20860.5,30234,18017,
22153.54,22025,32845,20735,
20891.94,20688,31169,17996,
24187.9,23957,37026,20968,
21941.86,21737,33251,18103,
21780.54,21680.5,30656,19716,
22171.04,21969.5,33221,19138,
24106.9,24056.5,36812,20440,
19219.68,19164,28300,17332,
21280.6,21181.5,31395,19058,
23710.26,23516,34664,20942,
24950.92,24439,39743,21563,
22269,21040,42235,17361,
21272.62,21053,31090,19373,
24406.9,24113.5,40556,21024,
23539.02,23332,33680,21471,
20450.12,20286.5,28817,18669,
25004.42,24618.5,34472,21850,
21852.74,21588.5,33342,19781,
23438.52,23062.5,42169,18115,
19757.84,19432,27689,17712,
20948.16,20786.5,31285,19212,
22467.74,22260,33475,20693,
26595.4,26471.5,47303,22669,
22998.8,22857,34711,20702,
23168.14,22915.5,33066,20891,
17127.06,16706.5,43532,13528,
22171.48,21968,31881,19333,
20610.1,20435.5,28503,19213,
20967.82,20735,33060,18693,
24433.6,24179,37073,22172,
25954.12,25595,41516,22910,
23635.68,23498.5,35372,21239,
21507.9,21460.5,31317,17904,
21107.3,20853,30636,19237,
24190.24,24020.5,35866,22253,
22902.02,22623.5,33724,21441,
22605.18,22476,32467,20154,
22177.28,21893.5,33030,19973,
19695.08,19555.5,28233,18564,
22651.3,22629.5,32544,19375,
18697.92,18386,30142,15935,
22705.52,22073.5,35701,19640,
18879.46,17984.5,40663,15847,
22239.7,22054,32582,19287,
22471.16,22266.5,32953,18759,
23860.3,23708,35653,21284,
25356.12,25229,39014,22860,
22482.32,22527.5,32873,20218,
23429.1,23108.5,37496,19146,
20446.3,20223,28782,19130,
18842.06,18385,32466,16597,
23499.6,23320,34964,21110,
20897.34,20542,29427,19262,
22671.94,22199,31918,20256,
20477.82,20300,29222,18419,
22320.84,22223.5,31518,20209,
21668.12,21279,34827,17944,
22334.14,22373,35580,17050,
24074.02,23825,34423,20200,
23965.9,23476,39428,19243,
21247.44,21048,31019,18912,
18324.86,18241.5,26077,16841,
23421.02,23745,39060,18386,
25323.06,25155.5,38429,21936,
21411.28,21139,32958,18035,
20588.88,20208.5,33704,17809,
23351.22,23039.5,33426,20276,
23793.14,23511,34516,20889,
22090.84,22077,32949,18864,
19401.36,19281.5,36120,15739,
19817.66,19671.5,28977,17863,
24527.18,23903,40514,22105,
21607.02,21371.5,32287,19618,
27157.16,26773.5,46955,22256,
19703,19452.5,28738,18253,
19379,18953.5,29558,15512,
21337.56,21133,30094,19528,
23845.92,23458.5,37374,19643,
26323.72,26112,43554,22081,
23519.28,23764.5,36985,19169,
20942.14,20718.5,30837,18525,
25795.5,25007,40496,22571,
24364.18,23866,37488,21610,
22324.14,22194,33713,19560,
21825.24,21591.5,33802,19110,
23642.28,23295.5,34064,20663,
23042.52,22800,33376,20753,
20387.48,20317,29364,18221,
20111.86,19871,32760,15375,
21771.64,21711,33616,18410,
23666.58,23383,36195,20213,
13752.58,13428.5,25811,11950,
12507.08,12261,23254,10935,
12772.84,12383.5,22782,11428,
12913.14,12545.5,27408,11145,
13224.62,12902,24632,10739,
12737.18,12464.5,26115,10320,
14131.72,13758,31156,12217,
13215.94,12969,25242,11436,
12275.72,12001,21837,10417,
12863.48,12511.5,26044,11611,
15534.92,15057.5,33205,12674,
12978.14,12604.5,24482,11385,
13648.78,13509.5,24825,12032,
13214.5,12886.5,23616,11727,
12921.98,12598,23265,11129,
13336.86,12750,25782,11400,
15535.1,15098,32589,13630,
13103.86,12850,22878,11212,
13620.64,13062.5,31733,10553,
13405.04,13115,24155,11605,
13353.94,12890,25176,11070,
14402.28,14039.5,27507,11721,
13253.96,12949.5,24316,11705,
11249.06,11136,19272,9231,
13356.38,13078.5,27025,11481,
12650.1,12428.5,23692,11435,
13788.64,13320.5,26245,11981,
13083.02,12764,24139,11211,
12768.5,12410,24601,11096,
12991.04,12835.5,23222,10815,
13855.92,13362.5,27485,11970,
13500.1,13220.5,27218,11209,
11986.32,11765.5,23711,10713,
13262.18,13024.5,21882,11568,
11266.38,11130.5,19815,9867,
11261.5,10946.5,20945,9507,
14857.56,14538,28284,12281,
13885.46,13681,27199,11142,
11132.84,11032,19297,9904,
13453.26,13201.5,27776,11096,
12461.28,12192,24453,10911,
12422.76,11946,25646,10034,
11874.58,11693,20942,10059,
12828.58,12524.5,25252,11430,
11686.64,11223,24133,9930,
14781.06,14453,30948,12511,
12503.4,12194.5,24005,10428,
12095.76,11750.5,21453,10846,
10920.92,10714,21133,9483,
12840.24,12495.5,25149,10653,
12871.18,12487,23366,11353,
13260.2,13029.5,24797,11344,
11773.16,11535.5,22470,10129,
12140.58,11950.5,22857,10272,
12868.6,12298.5,25479,11584,
13072.54,12962.5,23494,10822,
13786.9,13468,27328,11231,
13887.8,13394,26682,11429,
13266.68,12979.5,23488,11927,
13794.04,13500.5,27242,12060,
14059.12,13654,27059,12232,
13833.98,13466.5,24844,12270,
14419.64,13973,32146,12314,
11638.4,11403,20628,10473,
13375.3,12909,27981,11543,
13125.28,12867,24653,10947,
13129.16,12887.5,23829,10708,
13153.24,12989,26595,10226,
13171.22,12815.5,27147,11692,
13429.48,13132.5,28448,11261,
12145.58,12020,20006,10633,
11445.84,11209.5,21160,10043,
11714.76,11386,20292,10380,
14578.2,14093.5,35463,12569,
12796.7,12510.5,22337,10917,
13556.22,13389,26831,11628,
14777.92,14323.5,35274,12196,
12357.56,12038.5,22388,10960,
12176.2,11853.5,23386,9746,
13514.34,13260,24814,11830,
13158.62,12825.5,23740,11130,
12518.5,12403,23058,10628,
13754.54,13190,30890,11348,
14433.28,14282,30071,12534,
12433.22,12015,27161,10729,
12945.96,12702,25852,11149,
12478.76,12269,24140,10483,
14116.2,13750,27167,12441,
13402.94,13058,28164,10571,
11481.22,11160,21969,9755,
13341.72,13125.5,26731,11037,
13610.14,13433,25876,11907,
13000.76,12712,24719,11380,
13652.16,13380,26018,11850,
15320.38,14970,30763,12714,
11787.06,11527.5,22182,9107,
13693.44,13652,26481,11616,
12549.36,12133,23753,11113,
14660.72,14269,31350,12474,
13079.06,12783,25971,11359,
12330.14,12117.5,21534,10607,
12573.16,12418,22327,11275,
14188.46,13941.5,25716,11558,
12610.42,12332.5,23448,11048,
11384.56,11217,21745,9701,
12920.44,12589,25311,11542,
13091.22,12796,23379,11522,
13627.34,13349.5,27448,12025,
11852.04,11634,19964,10312,
15048.36,14652.5,27924,12591,
15063,14585.5,31783,13067,
12529.56,12278.5,23734,10207,
13795.24,13450,26444,11236,
11831.06,11530.5,21229,9682,
14595.58,14097,31207,12158,
12934.3,12728,24628,11608,
12881.9,12518.5,24653,11284,
12691.36,12412,25332,10679,
12118.92,11829.5,21828,10736,
13204.6,13017.5,26982,10650,
13357.12,13194,25803,10975,
13670.62,13175,31155,10437,
13050.8,12378,27661,9826,
13967.32,13521,29606,11119,
12093.42,11841,21384,10510,
12009.26,11777.5,21163,10637,
12892.36,12676.5,24844,11169,
15177.38,14789,29930,12827,
13772.52,13339.5,28407,11972,
13528.64,13376,26375,11573,
13687.12,13540,25212,11422,
13577.92,13418,27016,11355,
12860.42,12680.5,24536,10830,
12942.14,12642,26576,10880,
12858.5,12362.5,24863,9820,
13433.06,13158.5,23577,11609,
14001.44,13610,25405,12810,
13792.28,13413.5,28124,11959,
12681.92,12461,22931,11021,
12040.24,11774.5,22257,10737,
14498.6,14164.5,31022,12546,
12495.7,12215.5,22994,10899,
11718.24,11458,22782,9856,
13800.56,13417.5,28647,12148,
12835.8,12464,22428,10844,
11401.74,11112,26693,9530,
11837.6,11564.5,21318,10238,
14156.28,13936.5,26818,11327,
14646.88,14195.5,30347,12188,
15183.36,14732,32607,13179,
12845.6,12397,22722,11093,
12564.9,12334.5,24878,11151,
14090.14,13787.5,26985,12616,
11727.14,11605,20825,10239,
13248.2,13029,24121,11043,
12965.6,12601,27258,11210,
13655.74,13318,28472,11066,
14294.66,13983.5,29527,12131,
14516.8,14153,28324,12132,
12383.84,12075.5,21828,10791,
15881.54,15703.5,33089,12687,
12883.84,12672.5,24103,11017,
14016.82,13632,27305,12457,
12892.16,12636.5,24575,10804,
15689.9,15546,30498,12830,
13361.78,13045.5,24819,11489,
13772.78,13508,25566,11679,
14400.06,14158.5,25184,12197,
12757.74,12503.5,23777,11095,
13323.74,13193,24173,11299,
13489.62,13209,24892,11029,
11428.18,11266,21640,9941,
12567.48,12175.5,24434,10300,
12476.52,12201.5,22162,10917,
13808.68,13525.5,26807,12071,
12997.02,12572.5,25153,11348,
14928.66,14527,30924,12384,
11870.2,11632.5,21208,10372,
13183.88,13057,24304,11471,
13477.66,13285,25643,11646,
13361.08,13061,25370,11393,
12343.56,11970.5,23296,11003,
13040.38,12496.5,24816,11925,
14825.74,14312.5,31541,12510,
13555.02,13369.5,25491,11691,
11780.16,11553,21573,9691,
12976.74,12772.5,22801,11263,
14663.36,14386.5,30932,11969,
13899.1,13566.5,26373,12242,
13309.86,12868,25895,10886,
12685.4,12625,24290,10967,
15011.64,14544.5,29712,13082,
21928.1,21616,32487,19502,
22300.84,22126.5,32472,19878,
23328.78,22838.5,36227,20526,
19782.54,19647.5,29236,17875,
19443.86,19062,29581,16766,
21293.1,20985.5,30610,18787,
21566.8,21421.5,31325,20101,
20636.46,20518,30167,19204,
19228.1,19168.5,32006,16282,
20606.76,20509.5,30066,18946,
22122.82,21855,30613,19983,
20407.06,20284.5,29419,18022,
23029.9,22951,33988,19330,
19410.24,19339.5,27072,18234,
23646.22,23464.5,33553,20640,
22717.4,22374.5,42151,17433,
11705.68,11386,24163,9771,
21411.8,21328,32325,19077,
15623.58,15296,31216,12631,
13205.86,12894.5,24248,11203,
12379.92,12226,21065,11090,
13095.44,12697,24016,11830,
13617.02,13191,26885,11799,
12325.5,12087,22486,10932,
24649.26,24381,37187,21815,
24188.5,24045.5,35352,21556,
20101.22,20030.5,27865,17652,
24296.46,23950,36010,21343,
20996.32,20779,30177,19593,
25192.04,24599,37456,20716,
18470.74,18341.5,30420,13494,
24129.06,23946,38448,20793,
14229.76,13878.5,25978,12007,
12974.9,12547,27878,11414,
11110.52,11000,19143,9439,
11999.76,11729.5,23372,10485,
13497.56,13326.5,23583,11597,
13609.24,13355.5,28223,11223,
14474.56,14058.5,27999,12415,
13440.04,13213,24332,11735,


20161.06,19907.5,28539,18511,
21463.88,21350.5,30424,19398,
20794.54,20539.5,31772,18157,
23660.52,23248,35051,21301,
20875,20820,31206,18409,
20163.54,20121.5,27453,18620,
20815.62,20604,30454,19119,
21057.14,20939.5,32602,19180,
19704.96,19470,28447,17841,
24671.32,24251,37353,22571,
20606.74,20254,31779,18130,
20028.36,19658,30163,18051,
23042.26,22809.5,33452,21315,
22830.16,22644.5,31781,19853,
21364.2,21115,30038,20111,
22010.84,21897.5,29792,19998,
26679.32,26788.5,37463,22422,
22573.34,22569,33898,19483,
22702.38,22652,38338,19502,
25022.8,24825,39032,21176,
22831.54,22546.5,31268,20005,
28079.94,27576,44110,24673,
22373.36,22214,33639,19063,
22111.5,21877.5,32270,19498,
19847.96,19818,27985,17441,
22340.04,22144,33563,19791,
22452.84,22244,33584,20069,
21207.72,21021,29540,19231,
20163.84,19862,28530,18697,
22346.34,21829,36174,20165,
26893.44,26674,40176,22022,
21504.24,21282.5,30882,19216,
23436.6,23278.5,34691,20806,
19236.86,19023.5,26822,18224,
25273.38,25051,37263,22897,
19766.96,19576,27758,18760,
20937.42,20814.5,29259,18389,
20838.94,20697.5,29112,19213,
21795.46,21532.5,31811,19065,
22104.44,21920.5,32701,20294,
20640.76,20523,30152,18705,
23527.48,23434,32690,20026,
19202.64,18946.5,27649,17516,
24874.88,24788.5,38774,20492,
25608.48,25274,39437,21542,
20199.24,20091,27594,18451,
24915.38,24655.5,37688,21964,
22502.42,22114.5,31769,20499,
20104.52,19980,28112,18742,
25323.62,25282,38285,20889,
26622.24,26439.5,36451,23114,
22900.72,22618,33306,20875,
20429.16,20106.5,29179,19296,
25049.64,24877.5,38476,21740,
22173.98,21846,32709,20282,
20108.5,20072,29144,18035,
24047.38,24025.5,36840,20255,
21358.12,21060.5,30130,19138,
23808.72,23741.5,34800,19273,
21430.8,21278,33363,19645,
20008.3,19717.5,28383,18443,
22632.22,22515.5,30858,20755,
21681.26,21602.5,31501,19517,
23310.94,23029.5,35414,19999,
20454.98,20422,27523,18554,
19869.44,19810.5,27382,17868,
31545.62,31284,49569,26176,
20790.72,20595,31851,18773,
29360.22,28782.5,49631,24909,
20370.46,20266.5,30480,17736,
22321.94,22023,34524,19549,
20845.5,20475,30484,18535,
23164.18,22977,35248,20504,
21741.64,21608,30802,20098,
23558.5,23424.5,36105,20965,
19585.98,19266,26187,17025,
22345.78,22094.5,31746,19335,
21820.96,21580.5,32609,19391,
18747.98,18451,25340,17065,
19240.76,19220.5,27485,17094,
20068.48,20003,26872,18040,
24968.88,24935,35419,21988,
28804.66,27466.5,45553,23226,
20460.86,20319.5,28280,18835,
20978.86,20754.5,30448,19679,
25280.34,25082,38188,21778,
25382.88,25234,37931,21729,
18940.92,18531,27078,16109,
26310.92,26415.5,39715,20356,
21054.64,20877.5,30182,19314,
23861.62,23857.5,34602,20209,
20713.94,20485.5,29767,19538,
20215.3,19955.5,27224,18684,
19121.2,18911,26914,17501,
29791.42,29672,46448,24403,
26100.34,25993,39325,23091,
19948.8,19786,29393,18227,
22244.98,21993,30995,19611,
22427.42,22155,32394,20376,
19550.98,19191.5,26696,18075,
18645.12,18418,26408,17372,
21381.36,21239,30936,19515,
21408.32,21239.5,31927,19799,
18627.36,18458.5,26184,17352,
24223.9,24127,33783,21444,
23640.22,23449,35708,20918,
24290.58,24141,35421,21273,
22767.48,22459.5,31834,20162,
19980.5,19278,26622,15821,
21867.32,21582.5,31556,20391,
43224.94,42359.5,67582,38272,
20121.28,20024.5,30315,18314,
20647.1,20515,29525,19276,
26466.5,26329,39408,22372,
19843.68,19627,28976,18531,
18498.96,18323.5,25020,17213,
19916.08,19779.5,27975,17394,
22387.16,22204.5,32166,19641,
20397,20387.5,30828,18155,
22201.32,21986,30442,20125,
23507.86,23237,33408,21382,
25352.78,25035,36949,22981,
20782.96,20783,30641,17911,
24944.68,24731,37840,21995,
21748.48,21643.5,30009,18920,
26018.48,25368.5,37246,22628,
20393.76,20171,30276,18112,
20517.72,20566.5,28635,18944,
20548.22,20420.5,28056,18391,
22493.72,22179.5,33585,20276,
20425.2,20177,31039,18643,
20774.12,20610.5,30071,18858,
22643.18,22549.5,32648,20094,
21395.92,21242.5,28782,19305,
20608.62,20621.5,29362,18999,
20572.08,20377.5,30486,19131,
25701.06,25644,36888,22985,
21317.54,21162.5,30019,18786,
23503.92,23206.5,37499,21078,
21823.7,21632,32664,19696,
18506.12,18375,27065,16546,
21698.56,21589,30631,19922,
21799.1,21601,32505,19047,
24282.76,24062.5,35863,21831,
26688.06,26419,40572,23134,
21229.8,21171.5,30066,19525,
23641.28,23375.5,34460,20585,
20746.64,20585.5,29636,19385,
22563.52,22362,33356,19098,
25415.9,25167,38905,21213,
23498.98,23264,35755,20409,
26334.72,26349,37329,22900,
25388.14,24834.5,36029,20842,
22921.46,22744.5,33978,20647,
22519.22,22267.5,31953,20781,
23776.38,23674.5,35370,21558,
23772,23570.5,34700,22433,
21231.12,20886,31935,19437,
18779.4,18563,26729,17130,
32009.18,31488,50686,26135,
22340.94,22224.5,31694,19637,
28429.02,28160.5,45098,23693,
22601.26,22288.5,33480,21178,
19679.84,19433.5,27357,17316,
23921.14,23615.5,37236,20984,
28815.92,28382.5,40208,24001,
19970.82,19758,28407,18408,
20426.84,20261,29067,18861,
23169.18,23026.5,34420,20508,
23499.2,23292.5,33308,20090,
21762.04,21706,31312,18898,
21731.22,21572.5,29948,20436,
19723.02,19614.5,28318,17796,
23988.04,24050,34888,19940,
20291.16,20041,30383,18563,
21779.42,21652.5,31762,19276,
22133.2,22001.5,33417,19667,
21903.02,21711,31763,19870,
19881.22,19721,27418,18454,
22254.3,21819,34072,19645,
23623.98,23326,34914,20798,
21126,21049.5,30016,19509,
22593.66,22411.5,33080,19878,
25143.6,24913,37304,21976,
20210.32,19935,29066,18393,
20540.52,20353,29772,18695,
21430.9,21412.5,31098,18602,
24543.78,24454.5,34774,22141,
29589.46,29877.5,42235,25217,
20972.62,20782.5,29627,19131,
29150.12,28429,40346,26092,
21796.64,21780.5,29918,19867,
20071.7,19870.5,28018,18804,
20765.04,20795,28020,18814,
20771.2,20698.5,30276,18774,
26763.84,25987,42169,21711,
20005.28,19908,27590,17909,
19145.4,18837.5,27811,17795,
21882.04,21529.5,32533,19983,
30725.8,30789.5,46286,27333,
22040.32,21850,33659,19923,
23443.2,23237,32963,20684,
28534.76,28893.5,43532,22215,
20528.28,20302.5,29458,19040,
18164.76,17956.5,24186,16530,
22752.54,22404.5,33162,20270,
25482.68,25389.5,36649,22823,
23475.52,23263.5,33314,20589,
23757.8,23758,31924,21209,
20353.56,20186.5,29319,17935,
20963.5,20771,29141,19420,
22890.94,22934.5,31978,20072,
20438.58,20255.5,29282,18868,
19026.2,18750,27454,17808,
19949.2,19697.5,28480,17765,
18523.38,18363.5,26073,17498,
23993.62,23954,34007,21841,
20273.5,20118,30020,17102,
25151,25062,35701,21379,
26870.32,27044,40663,23273,
21365.38,21201,30636,19044,
22656.5,22203.5,32098,20127,
21592.7,21592.5,29510,19176,
21554.88,21396.5,31629,19887,
22703.5,22514,32970,21123,
24779.18,24573,37287,21841,
21516.86,21260,30384,19988,
21276.48,21176.5,31482,18806,
22059.54,21769,30625,20117,
20540.44,20357,28806,18948,
20602.64,20402,28890,18112,
21623.66,21373,31320,18250,
20820.28,20694,29382,19123,
24671.12,24637.5,34949,22043,
22725.46,22449,32426,19665,
20207.44,19984.5,29133,18651,
23654.6,23206.5,33738,20480,
22213.66,22075,31771,19972,
18548.86,18321.5,26563,16844,
25944.82,25780,39564,20753,
22837.82,22586.5,33108,20680,
23066.78,22721,32958,20690,
23259.74,23190.5,35748,19175,
23043.2,22855.5,33131,20216,
20162.36,19939.5,28553,18657,
22977.22,22617.5,35657,20488,
23616.26,23303.5,36120,20225,
18084.72,17886.5,26314,16620,
27537.74,27208,41982,24705,
20879.28,20683.5,30993,18864,
28408.74,28179,45262,24911,
20505,20306.5,29517,18918,
21315.08,21242,29528,18439,
21638.48,21436,29561,20000,
23316.44,23147.5,34736,20420,
25607.26,25318.5,37873,23480,
22162.26,21866,31318,19809,
20705.28,20567.5,31817,18516,
24772.54,24750.5,37021,21924,
24699.94,24686.5,36040,22102,
20566.8,20468.5,29024,18671,
20786.1,20612.5,31419,17744,
21447.72,21136,30897,19244,
21993.52,21758,30824,19806,
19029.12,18872.5,26268,17642,
20684.58,20432.5,29966,18453,
19696.74,19339.5,28754,18178,
21849.64,21763,29430,19540,
13998.28,13747,22828,12656,
14848.52,14844.5,23510,12720,
13278.78,13091.5,21248,12010,
15011.1,14888,22903,12954,
15977.9,15805,24929,13577,
14772.86,14508.5,24412,12845,
15377.32,15139,26516,12260,
15479.88,15417,24724,12606,
13322.76,13164,21764,11959,
15035.16,14785.5,24804,13705,
17392.1,17292.5,29665,14978,
13929.38,13716.5,23286,12398,
14338.84,14299,23532,12011,
14502.54,14355.5,23298,12930,
15767.62,15798,24318,13238,
14196.66,13972.5,23627,12617,
19206.3,19152,31044,16677,
16582.9,16613,26578,13542,
20563.5,20458.5,31733,16729,
15452.02,15276,25338,13570,
15653.14,15601.5,25829,13353,
15521.22,15293,26627,13752,
14534.92,14206,24510,12819,
11905.48,11885.5,19838,10370,
14784.26,14614.5,25151,13015,
13657.96,13458.5,22438,12114,
16169.44,16142.5,26025,13228,
13971.16,13765.5,23201,12211,
12838.06,12640,21515,11521,
16167.58,16013,25452,14253,
13876.8,13620.5,23573,11655,
14187.68,13952,22912,12799,
14345.46,14162,23811,12362,
13846.8,13664.5,21613,12530,
12431.56,12222,20710,11223,
11830.64,11617,18725,10833,
15445.3,15306,25606,12777,
17227.5,17151.5,28522,14603,
11217.64,11088.5,18507,10176,
14465.66,14389.5,24490,12209,
14132.14,13993,23884,12258,
15520.54,15617,26226,12329,
13860.2,13671,21486,12518,
15474.04,15215,25575,13908,
14901.88,14775,23497,13027,
14276,14173.5,24805,12654,
14463.14,14566,23867,12354,
13097.44,12932,21611,11605,
10917.84,10747.5,19326,9584,
15268,15144,24800,13315,
16078.88,15905.5,25604,14283,
14389.54,14246.5,23513,11817,
13448.48,13334.5,21855,11535,
13815.9,13569,23816,12515,
14228.08,14016,23942,12688,
14693.32,14429,23529,13263,
15804.38,15602,24424,12681,
15592.98,15376.5,25414,13480,
13898.66,13756,22686,12075,
15999.5,15853,26178,14375,
16368.2,16072,26638,14969,
13749.78,13616,22574,12545,
19251.24,19104.5,31598,16881,
13605.38,13479.5,22412,11834,
15042.7,14810,26539,12728,
14477.92,14424,23556,12811,
13656.22,13495.5,21759,11924,
14385.16,14114,26375,11302,
12760.38,12493,21102,11280,
16435.98,16361,28336,13609,
13152.74,13044.5,20375,12016,
13185.44,13034,21199,11923,
11820.44,11666.5,18595,10649,
19063.4,19143,31016,15793,
13684.26,13655.5,21619,11722,
14648.86,14521.5,24611,12257,
17097.24,16937,29831,14966,
13735.72,13651.5,24160,11742,
13007.88,12952.5,20678,11278,
13658.44,13436,21814,11133,
15605.46,15449.5,24103,14095,
14160.92,14045,22978,12119,
14824.56,14504.5,29531,12424,
16556.58,16366,28431,14920,
15733.66,15610.5,24945,13404,
13090.28,13030.5,20820,11217,
15957.24,15791.5,27464,13790,
16156.68,15898.5,27593,13343,
16867.34,16948.5,28944,13421,
12374.16,12201,20088,10943,
16074.8,15751.5,27030,13823,
14546.1,14505.5,24195,12768,
15247.76,14951,25224,13882,
14339.36,14220.5,23966,12298,
15815.4,15568.5,26419,13877,
15490.82,15335,26244,13459,
13450.04,13215.5,22464,12151,
13863.92,13670,23121,12220,
16902.38,16616.5,28524,14804,
13034.74,12855,21315,11266,
13473.32,13381,22776,11116,
13990.6,13979.5,21342,12443,
14765.58,14541.5,23324,12628,
13115.08,12863,22138,11877,
13210.58,12974,21220,11002,
14993.9,14702.5,23140,13340,
15707.32,15556,25815,14127,
15717.34,15448,25936,13571,
14225.82,14087,22108,12931,
17062.6,16920.5,25934,14744,
15944.4,15833.5,27274,14043,
13708.68,13460.5,23319,11507,
15248.58,15068,24587,13194,
12987.8,12866,21764,11258,
17418.64,17402.5,28925,14926,
13392.7,13196.5,21799,11540,
14547.72,14277.5,24329,13174,
15613.06,15276.5,26205,13821,
12292.74,12081.5,20199,11271,
16408.62,16153.5,28145,13730,
15604.08,15470.5,25178,13664,
19108.48,19078.5,31155,16065,
12332.16,12172,24346,10333,
15861.76,15760,27301,12833,
12888.6,12703,20804,11710,
12073.46,11803,20370,11280,
15556.38,15240.5,27468,13283,
15261.36,15064,26669,12709,
13648.56,13572,22517,10930,
15037.18,14860.5,23671,12979,
15955.42,15865,24254,13935,
15054.6,14687.5,24728,13215,
14559.48,14325,24694,12671,
15563.2,15505,25122,13100,
13361.98,13175.5,21923,11920,
13733.78,13500.5,21592,12194,
15791.66,15673.5,25857,13953,
16370.2,16234.5,26099,14422,
15152.48,15020,25566,13254,
13902.6,13709,21367,12411,
16974.74,16780.5,28089,15048,
13600.92,13497,21793,12467,
13440.34,13263,21994,11806,
15849.96,15750.5,27228,13161,
13813.68,13636.5,22293,12463,
13542.96,13157,26693,12121,
13256.92,13115,22304,11848,
16086.14,15930,26818,13686,
15647.78,15477,26357,13355,
17589.68,17497,28490,15290,
13317.36,13277,21608,10946,
14029.36,13911,24162,12337,
16243.08,16095.5,25888,14637,
12840.14,12626.5,21267,11253,
14635.32,14440.5,23161,12974,
15618.74,15521,26722,13234,
17219.52,16652,27578,14796,
16245.4,16076.5,27583,14184,
14634.9,14475,24869,13021,
13313.7,13038.5,21935,12241,
20535.72,20470,32517,16138,
15348.58,15320,24354,12964,
14973.86,14951,23875,12267,
14221.44,14120,23352,11952,
18002.82,17941.5,28417,15099,
13313.02,13073.5,20971,11557,
15103.6,14881.5,25291,13528,
15005.82,14778,24118,12542,
13641.72,13356,22296,11907,
12942.64,12765.5,20521,11592,
16183.34,15994.5,26497,13249,
12497.54,12304.5,20251,11071,
13584.32,13329,22324,12083,
14480.76,14259,23701,13391,
14165.06,14032.5,24305,12393,
15894.02,15658,25066,14274,
17826.66,17515,30142,14337,
12929.62,12882.5,21567,11305,
14646.3,14454.5,24905,12612,
15179.24,15182.5,24116,13170,
15151.52,14962.5,24422,13534,
14574.64,14509.5,23143,12698,
13704.48,13463.5,22373,12685,
17871.46,17522,31269,15417,
15428.52,15223.5,24301,13685,
12953.96,12944.5,21820,11002,
13598.1,13284,21903,11785,
15394.62,15297.5,25814,13099,
14094.12,13968.5,21781,13122,
16683.04,16597.5,27373,14103,
13418.02,13322,21430,11234,
17653.26,17495.5,29712,15257,
21960.46,21734.5,32413,19821,
22654.02,22384,31834,20890,
23298.08,22927.5,34016,20292,
19574.44,19365,29403,17812,
21069.68,20860,30702,17924,
24432.56,23899.5,33860,21593,
20692.42,20364.5,31182,19075,
20486.64,20338,29578,19114,
23525.16,23253,32635,21486,
17858.48,17609.5,25639,16781,
20560.36,20384,30054,19123,
21502.68,21161.5,31669,19571,
22001.88,21919.5,30940,19739,
19477.9,19298.5,28177,18288,
24096.08,23945.5,33553,21866,
23189.76,22780,38394,20048,
14993.08,14876.5,24026,13806,
21343.1,21123,31301,18929,
16159.86,15747,26159,13138,
14678.4,14508.5,23208,12991,
13421.76,13292.5,21551,11504,
13650.56,13473,23004,11502,
14080.8,13890,23909,12456,
12813.68,12686.5,20448,11453,
22112,21809,32556,19326,
24463.54,24213.5,35682,21452,
19244.94,19148.5,26865,17387,
24011.56,23961.5,33858,21028,
22555.12,22183.5,31901,20051,
27398.28,27229,37456,22613,
18990.72,18555,29585,16080,
22732.26,22630,34372,19368,
13040.54,12835.5,19922,11448,
16047.8,15767,28728,13427,
12695.56,12456.5,19912,11211,
13935.94,13900.5,21740,12491,
14042.26,13914.5,22738,12719,
16153.74,15973,25834,13021,
18212.88,18199.5,27999,15677,
14580.12,14346,23449,13005,




Further Data analysis of all test cases 
avg med max min 
AVGs,19656.138,19967.68,40578.38,11416.54,
MEDs,19484.173,19733,40686,11331,
MAXs,30640.036,30289,65809,18984,
MINs,18422.206,19603,30041,9639,


AVGs,18545.542,20366.4,28516.48,10920.92,
MEDs,18281.203,20132,28649,10714,
MAXs,30655.556,30433.5,67582,19143,
MINs,16066.544,17825.5,25126,9107,


AVGs,19274.498,20106.51,43224.94,10917.84,
MEDs,19087.199,19921.5,42359.5,10747.5,
MAXs,29222.348,29000,67582,18507,
MINs,17006.676,18121,38272,9584,



