

Data analysis for each instance 
AVG,MED,MAX,MIN
0.377,0.358,0.975,0.343,
0.385,0.367,1,0.341,
0.383,0.368,1,0.34,
0.373,0.357,0.97,0.332,
0.383,0.367,1,0.336,
0.387,0.368,1,0.346,
0.386,0.368,1,0.345,
0.384,0.372,1,0.323,
0.376,0.358,0.983,0.319,
0.356,0.34,0.947,0.298,
0.383,0.369,1,0.328,
0.383,0.369,1,0.325,
0.38,0.361,0.985,0.333,
0.379,0.361,1,0.324,
0.386,0.371,1,0.345,
0.386,0.37,1,0.337,
0.356,0.344,0.933,0.293,
0.379,0.359,0.991,0.326,
0.381,0.36,0.998,0.336,
0.373,0.354,0.972,0.33,
0.379,0.361,0.978,0.324,
0.361,0.348,0.944,0.31,
0.362,0.349,0.945,0.321,
0.385,0.37,1,0.334,
0.385,0.369,1,0.328,
0.385,0.37,1,0.338,
0.386,0.369,1,0.338,
0.385,0.369,1,0.327,
0.384,0.368,1,0.333,
0.363,0.348,0.962,0.318,
0.381,0.366,1,0.324,
0.381,0.366,0.992,0.324,
0.371,0.354,0.967,0.327,
0.386,0.372,1,0.339,
0.386,0.369,1,0.338,
0.382,0.365,0.988,0.34,
0.385,0.369,1,0.335,
0.382,0.367,0.984,0.338,
0.383,0.369,1,0.333,
0.386,0.371,1,0.337,
0.384,0.368,1,0.336,
0.37,0.357,0.972,0.308,
0.388,0.37,0.999,0.348,
0.367,0.351,0.963,0.318,
0.357,0.34,0.935,0.305,
0.386,0.37,1,0.343,
0.383,0.368,1,0.333,
0.359,0.343,0.936,0.311,
0.377,0.36,0.975,0.332,
0.38,0.362,1,0.33,
0.381,0.364,0.993,0.337,
0.376,0.361,0.981,0.329,
0.385,0.367,1,0.341,
0.36,0.344,0.939,0.307,
0.372,0.358,0.97,0.323,
0.381,0.369,1,0.327,
0.38,0.364,1,0.336,
0.385,0.366,1,0.34,
0.382,0.365,1,0.332,
0.375,0.357,0.972,0.324,
0.387,0.371,1,0.346,
0.386,0.368,0.999,0.33,
0.385,0.369,1,0.343,
0.385,0.367,1,0.32,
0.378,0.361,0.978,0.325,
0.383,0.366,0.996,0.342,
0.354,0.337,0.939,0.298,
0.383,0.37,1,0.334,
0.366,0.352,1,0.314,
0.354,0.338,0.926,0.312,
0.377,0.359,0.983,0.327,
0.385,0.365,0.999,0.345,
0.384,0.371,1,0.324,
0.385,0.368,1,0.347,
0.382,0.367,1,0.322,
0.374,0.36,0.987,0.313,
0.374,0.36,0.978,0.332,
0.385,0.367,1,0.332,
0.373,0.356,0.964,0.328,
0.384,0.363,1,0.34,
0.385,0.368,1,0.341,
0.357,0.343,0.933,0.31,
0.383,0.368,1,0.315,
0.384,0.369,1,0.33,
0.384,0.369,0.99,0.346,
0.383,0.369,1,0.336,
0.364,0.347,0.965,0.316,
0.382,0.367,1,0.332,
0.354,0.338,0.927,0.303,
0.386,0.367,1,0.343,
0.381,0.365,1,0.326,
0.385,0.366,1,0.34,
0.386,0.37,1,0.341,
0.381,0.369,0.997,0.334,
0.377,0.363,1,0.318,
0.356,0.34,0.936,0.303,
0.384,0.368,0.999,0.339,
0.377,0.363,0.975,0.324,
0.379,0.362,0.986,0.329,
0.376,0.361,0.981,0.327,
0.38,0.361,0.986,0.325,
0.376,0.358,0.976,0.33,
0.384,0.365,1,0.34,
0.382,0.365,0.995,0.343,
0.385,0.365,1,0.332,
0.384,0.366,1,0.333,
0.383,0.369,1,0.339,
0.365,0.348,0.955,0.328,
0.352,0.34,0.935,0.292,
0.385,0.367,1,0.347,
0.345,0.328,0.91,0.298,
0.382,0.361,0.993,0.334,
0.386,0.371,1,0.338,
0.383,0.366,1,0.327,
0.387,0.372,1,0.332,
0.376,0.36,0.973,0.331,
0.377,0.36,0.981,0.334,
0.381,0.36,0.996,0.331,
0.383,0.367,1,0.323,
0.384,0.366,0.996,0.337,
0.385,0.368,1,0.345,
0.353,0.335,0.929,0.302,
0.385,0.368,1,0.337,
0.355,0.336,0.929,0.297,
0.382,0.364,1,0.332,
0.371,0.353,0.967,0.325,
0.385,0.368,1,0.335,
0.385,0.367,1,0.336,
0.386,0.37,1,0.33,
0.377,0.362,0.976,0.337,
0.385,0.37,1,0.331,
0.382,0.366,1,0.328,
0.379,0.367,0.988,0.332,
0.384,0.365,1,0.334,
0.385,0.372,1,0.33,
0.387,0.371,1,0.342,
0.384,0.366,1,0.336,
0.384,0.365,1,0.338,
0.359,0.342,0.944,0.305,
0.379,0.364,0.985,0.332,
0.363,0.348,0.953,0.308,
0.385,0.368,1,0.343,
0.385,0.37,1,0.342,
0.378,0.363,0.98,0.331,
0.384,0.364,1,0.335,
0.384,0.371,0.999,0.344,
0.378,0.359,0.986,0.328,
0.384,0.364,1,0.34,
0.385,0.365,1,0.333,
0.353,0.338,0.92,0.309,
0.385,0.367,1,0.341,
0.373,0.356,0.973,0.323,
0.35,0.335,0.919,0.301,
0.384,0.368,1,0.339,
0.387,0.371,1,0.346,
0.382,0.361,1,0.335,
0.375,0.361,0.975,0.338,
0.379,0.364,0.983,0.326,
0.382,0.365,0.993,0.339,
0.375,0.36,1,0.309,
0.382,0.363,1,0.34,
0.361,0.344,0.944,0.305,
0.381,0.367,0.99,0.332,
0.384,0.367,1,0.33,
0.381,0.368,0.993,0.327,
0.355,0.341,0.935,0.315,
0.38,0.366,0.992,0.338,
0.385,0.371,1,0.338,
0.355,0.337,0.924,0.312,
0.371,0.354,0.965,0.324,
0.383,0.366,1,0.323,
0.387,0.369,1,0.339,
0.382,0.367,1,0.33,
0.355,0.343,0.932,0.301,
0.385,0.367,1,0.345,
0.383,0.366,1,0.319,
0.38,0.363,1,0.327,
0.386,0.368,1,0.338,
0.368,0.353,0.954,0.327,
0.386,0.371,1,0.335,
0.35,0.337,0.919,0.308,
0.385,0.369,1,0.34,
0.368,0.351,0.96,0.328,
0.385,0.371,1,0.339,
0.376,0.364,0.985,0.319,
0.382,0.365,0.986,0.337,
0.373,0.361,0.967,0.332,
0.366,0.349,0.956,0.315,
0.365,0.35,0.959,0.313,
0.369,0.354,0.954,0.322,
0.361,0.345,0.95,0.298,
0.379,0.363,0.985,0.339,
0.384,0.367,0.999,0.344,
0.386,0.37,1,0.34,
0.385,0.368,1,0.336,
0.379,0.362,1,0.32,
0.386,0.367,1,0.339,
0.384,0.369,1,0.339,
0.383,0.366,0.994,0.33,
0.381,0.368,1,0.334,
0.386,0.372,1,0.339,
0.38,0.36,0.992,0.332,
0.371,0.354,1,0.313,
0.386,0.367,1,0.341,
0.387,0.373,1,0.334,
0.381,0.364,1,0.328,
0.385,0.365,1,0.329,
0.374,0.357,0.972,0.323,
0.381,0.365,1,0.33,
0.366,0.351,0.955,0.309,
0.384,0.369,1,0.327,
0.378,0.362,0.984,0.329,
0.385,0.369,1,0.334,
0.383,0.368,0.994,0.336,
0.383,0.366,1,0.337,
0.382,0.367,0.992,0.336,
0.378,0.363,0.985,0.333,
0.38,0.366,1,0.316,
0.364,0.351,0.956,0.299,
0.347,0.33,0.915,0.284,
0.383,0.37,1,0.32,
0.375,0.359,0.977,0.317,
0.383,0.366,1,0.333,
0.386,0.368,1,0.339,
0.384,0.367,1,0.336,
0.383,0.364,1,0.33,
0.386,0.368,1,0.334,
0.363,0.351,0.959,0.305,
0.375,0.358,0.974,0.337,
0.385,0.37,1,0.333,
0.379,0.363,0.985,0.33,
0.382,0.363,1,0.329,
0.383,0.366,0.991,0.325,
0.384,0.37,1,0.323,
0.37,0.359,0.968,0.318,
0.386,0.371,1,0.333,
0.377,0.361,0.994,0.313,
0.378,0.361,0.983,0.315,
0.387,0.372,1,0.34,
0.357,0.34,0.936,0.308,
0.385,0.368,1,0.342,
0.343,0.33,0.899,0.286,
0.377,0.366,0.99,0.311,
0.386,0.371,1,0.336,
0.385,0.368,1,0.342,
0.382,0.364,0.996,0.331,
0.378,0.361,1,0.316,
0.373,0.36,0.971,0.32,
0.384,0.368,1,0.34,
0.384,0.369,1,0.337,
0.379,0.359,1,0.324,
0.384,0.37,1,0.339,
0.366,0.349,0.957,0.321,
0.376,0.359,0.978,0.331,
0.384,0.368,1,0.326,
0.381,0.365,1,0.324,
0.377,0.36,0.981,0.32,
0.375,0.359,0.973,0.321,
0.386,0.37,1,0.34,
0.384,0.368,1,0.318,
0.384,0.367,1,0.344,
0.376,0.361,0.981,0.324,
0.379,0.364,0.988,0.326,
0.383,0.369,0.992,0.341,
0.374,0.355,0.978,0.328,
0.373,0.36,0.979,0.324,
0.384,0.367,1,0.328,
0.386,0.368,1,0.337,
0.364,0.346,0.977,0.323,
0.356,0.339,0.962,0.321,
0.372,0.352,1,0.334,
0.355,0.334,0.964,0.31,
0.364,0.347,0.989,0.32,
0.364,0.345,0.994,0.317,
0.346,0.33,0.942,0.311,
0.369,0.353,1,0.316,
0.363,0.344,0.993,0.312,
0.366,0.351,0.991,0.321,
0.367,0.346,0.996,0.319,
0.372,0.355,1,0.333,
0.366,0.347,0.985,0.329,
0.371,0.353,1,0.331,
0.364,0.347,0.985,0.326,
0.363,0.344,0.98,0.321,
0.337,0.318,0.919,0.301,
0.368,0.351,1,0.329,
0.361,0.337,1,0.309,
0.369,0.35,0.997,0.32,
0.368,0.349,1,0.32,
0.372,0.356,1,0.335,
0.371,0.352,1,0.332,
0.37,0.353,1,0.325,
0.368,0.351,1,0.328,
0.371,0.353,1,0.327,
0.367,0.345,0.995,0.322,
0.366,0.348,0.987,0.33,
0.37,0.35,1,0.328,
0.344,0.327,0.936,0.296,
0.367,0.348,0.989,0.313,
0.367,0.349,0.994,0.322,
0.37,0.35,1,0.326,
0.371,0.351,0.995,0.34,
0.37,0.353,1,0.332,
0.361,0.344,0.979,0.321,
0.37,0.353,1,0.325,
0.367,0.351,0.997,0.316,
0.368,0.35,0.993,0.331,
0.34,0.323,0.927,0.29,
0.37,0.351,1,0.33,
0.342,0.326,0.933,0.302,
0.362,0.346,0.976,0.315,
0.358,0.341,0.967,0.315,
0.348,0.331,0.961,0.303,
0.368,0.349,1,0.323,
0.358,0.341,0.968,0.312,
0.371,0.355,1,0.327,
0.334,0.321,0.911,0.291,
0.357,0.337,0.971,0.317,
0.366,0.349,0.983,0.327,
0.369,0.35,0.998,0.333,
0.369,0.351,1,0.328,
0.368,0.351,1,0.323,
0.369,0.35,0.994,0.331,
0.37,0.353,1,0.312,
0.366,0.349,1,0.32,
0.365,0.344,0.987,0.32,
0.366,0.349,0.985,0.33,
0.366,0.348,0.99,0.323,
0.37,0.351,1,0.332,
0.369,0.35,0.995,0.33,
0.368,0.351,1,0.318,
0.371,0.353,1,0.328,
0.361,0.344,0.979,0.321,
0.37,0.351,0.996,0.328,
0.369,0.351,1,0.326,
0.351,0.336,0.958,0.308,
0.369,0.351,0.995,0.328,
0.368,0.346,1,0.324,
0.372,0.354,0.998,0.336,
0.357,0.34,0.965,0.317,
0.372,0.354,1,0.335,
0.328,0.311,0.901,0.288,
0.371,0.353,1,0.331,
0.369,0.35,1,0.326,
0.329,0.31,0.9,0.283,
0.364,0.343,0.986,0.324,
0.365,0.345,1,0.315,
0.357,0.34,0.965,0.321,
0.369,0.351,0.989,0.33,
0.369,0.35,0.996,0.325,
0.337,0.322,0.926,0.288,
0.37,0.351,1,0.324,
0.357,0.342,0.971,0.306,
0.366,0.352,0.991,0.321,
0.365,0.347,0.988,0.32,
0.364,0.347,0.981,0.328,
0.368,0.35,1,0.324,
0.372,0.354,1,0.333,
0.358,0.342,0.975,0.314,
0.357,0.337,0.963,0.318,
0.371,0.35,1,0.33,
0.361,0.344,0.974,0.322,
0.367,0.348,1,0.319,
0.364,0.346,0.992,0.317,
0.37,0.352,0.998,0.332,
0.37,0.353,1,0.329,
0.368,0.351,1,0.322,
0.373,0.354,1,0.331,
0.369,0.353,1,0.33,
0.371,0.351,1,0.332,
0.368,0.349,0.998,0.323,
0.372,0.353,1,0.327,
0.371,0.351,1,0.33,
0.371,0.355,1,0.319,
0.369,0.352,0.994,0.335,
0.343,0.324,0.933,0.304,
0.371,0.354,1,0.335,
0.364,0.345,0.988,0.323,
0.359,0.34,0.973,0.32,
0.368,0.353,1,0.321,
0.369,0.349,1,0.324,
0.37,0.35,1,0.331,
0.369,0.352,1,0.315,
0.367,0.349,0.99,0.313,
0.371,0.352,1,0.334,
0.368,0.348,1,0.327,
0.372,0.354,1,0.33,
0.341,0.323,0.928,0.296,
0.369,0.349,1,0.323,
0.367,0.346,1,0.318,
0.304,0.284,0.898,0.281,
0.342,0.324,0.932,0.29,
0.371,0.358,1,0.334,
0.371,0.351,1,0.335,
0.368,0.349,1,0.323,
0.357,0.341,0.965,0.318,
0.368,0.349,1,0.315,
0.351,0.334,0.946,0.312,
0.369,0.349,1,0.326,
0.37,0.351,0.997,0.325,
0.366,0.346,0.989,0.311,
0.352,0.33,1,0.309,
0.37,0.351,1,0.325,
0.37,0.352,1,0.33,
0.365,0.346,0.988,0.329,
0.338,0.322,0.918,0.295,
0.371,0.351,1,0.338,
0.371,0.354,1,0.334,
0.347,0.33,0.947,0.307,
0.369,0.353,1,0.325,
0.367,0.35,1,0.315,
0.367,0.348,1,0.32,
0.371,0.353,1,0.329,
0.365,0.345,1,0.318,
0.367,0.351,0.991,0.322,
0.369,0.352,1,0.315,
0.346,0.328,0.942,0.305,
0.365,0.35,1,0.316,
0.371,0.355,1,0.331,
0.369,0.349,1,0.332,
0.37,0.348,0.995,0.326,
0.348,0.333,0.959,0.298,
0.37,0.351,1,0.332,
0.369,0.349,1,0.321,
0.369,0.351,1,0.322,
0.369,0.35,1,0.325,
0.361,0.34,0.976,0.313,
0.371,0.353,1,0.323,
0.362,0.341,1,0.32,
0.34,0.324,0.925,0.298,
0.354,0.339,0.955,0.317,
0.37,0.352,1,0.323,
0.343,0.325,0.931,0.299,
0.371,0.348,1,0.331,
0.37,0.348,1,0.323,
0.369,0.349,0.995,0.327,
0.37,0.355,1,0.326,
0.372,0.354,1,0.334,
0.369,0.351,1,0.322,
0.371,0.354,1,0.325,
0.368,0.352,1,0.327,
0.371,0.352,1,0.324,
0.371,0.352,1,0.326,
0.369,0.353,1,0.331,
0.341,0.324,0.936,0.291,
0.37,0.352,0.995,0.328,
0.37,0.351,1,0.327,
0.372,0.353,1,0.331,
0.37,0.351,1,0.329,
0.37,0.353,1,0.329,
0.368,0.349,0.992,0.326,
0.366,0.348,1,0.314,
0.369,0.349,1,0.326,
0.372,0.353,1,0.331,
0.369,0.351,0.999,0.318,
0.367,0.347,1,0.317,
0.367,0.35,0.989,0.329,
0.348,0.331,0.951,0.303,
0.372,0.352,1,0.328,
0.368,0.349,0.999,0.323,
0.386,0.373,1,0.333,
0.374,0.357,0.976,0.318,
0.385,0.369,1,0.33,
0.385,0.37,1,0.341,
0.381,0.366,0.993,0.328,
0.386,0.368,1,0.325,
0.385,0.369,1,0.342,
0.385,0.364,0.996,0.339,
0.364,0.346,0.961,0.302,
0.387,0.37,1,0.341,
0.385,0.372,1,0.338,
0.38,0.359,0.987,0.328,
0.369,0.355,0.959,0.323,
0.385,0.37,0.995,0.341,
0.383,0.367,1,0.334,
0.357,0.344,0.931,0.303,
0.34,0.323,0.926,0.293,
0.373,0.36,0.971,0.329,
0.34,0.324,0.925,0.292,
0.36,0.343,0.97,0.321,
0.368,0.35,0.993,0.323,
0.365,0.349,0.983,0.323,
0.368,0.351,0.988,0.333,
0.368,0.349,1,0.329,
0.383,0.369,1,0.334,
0.386,0.372,1,0.34,
0.384,0.368,1,0.339,
0.386,0.366,1,0.34,
0.385,0.368,1,0.333,
0.363,0.347,0.945,0.305,
0.326,0.308,0.901,0.285,
0.384,0.371,1,0.315,
0.364,0.346,0.984,0.32,
0.369,0.347,1,0.328,
0.37,0.352,1,0.329,
0.351,0.335,0.954,0.306,
0.362,0.346,0.974,0.32,
0.367,0.346,1,0.31,
0.345,0.327,0.941,0.3,
0.371,0.355,1,0.326,


0.351,0.335,1,0.29,
0.366,0.352,0.998,0.326,
0.348,0.332,0.99,0.304,
0.348,0.333,1,0.302,
0.362,0.349,0.978,0.317,
0.371,0.348,1,0.319,
0.368,0.352,0.989,0.311,
0.362,0.347,0.968,0.317,
0.361,0.344,1,0.311,
0.33,0.315,1,0.283,
0.331,0.317,0.956,0.294,
0.358,0.344,0.986,0.306,
0.361,0.346,1,0.312,
0.335,0.324,0.947,0.27,
0.364,0.348,0.996,0.314,
0.372,0.356,0.999,0.323,
0.311,0.295,1,0.263,
0.347,0.329,1,0.307,
0.341,0.328,1,0.268,
0.33,0.315,1,0.295,
0.351,0.336,1,0.308,
0.319,0.304,1,0.277,
0.337,0.322,1,0.264,
0.35,0.337,0.987,0.307,
0.363,0.35,0.975,0.316,
0.357,0.339,0.958,0.306,
0.365,0.348,0.994,0.31,
0.351,0.335,0.964,0.304,
0.365,0.349,0.972,0.307,
0.337,0.32,1,0.297,
0.327,0.316,0.907,0.281,
0.355,0.342,1,0.291,
0.332,0.318,1,0.293,
0.364,0.347,0.999,0.317,
0.357,0.343,0.994,0.305,
0.367,0.352,1,0.321,
0.367,0.352,0.97,0.317,
0.36,0.343,1,0.314,
0.367,0.354,0.964,0.326,
0.368,0.354,0.983,0.31,
0.362,0.349,0.975,0.313,
0.332,0.316,1,0.291,
0.358,0.344,1,0.312,
0.336,0.322,1,0.282,
0.313,0.297,1,0.261,
0.368,0.348,0.995,0.323,
0.354,0.343,0.926,0.305,
0.321,0.306,1,0.275,
0.359,0.338,1,0.316,
0.33,0.314,0.97,0.288,
0.348,0.336,1,0.296,
0.357,0.339,1,0.301,
0.365,0.349,0.987,0.325,
0.321,0.304,1,0.274,
0.35,0.335,1,0.297,
0.343,0.331,0.946,0.301,
0.337,0.327,0.897,0.267,
0.356,0.34,0.992,0.31,
0.361,0.348,0.973,0.313,
0.35,0.332,1,0.303,
0.356,0.342,0.991,0.301,
0.362,0.346,1,0.315,
0.354,0.342,0.985,0.297,
0.35,0.335,0.992,0.309,
0.359,0.346,1,0.306,
0.37,0.354,1,0.318,
0.314,0.301,1,0.268,
0.367,0.35,0.983,0.322,
0.333,0.32,0.929,0.265,
0.326,0.309,1,0.281,
0.334,0.32,1,0.294,
0.346,0.333,1,0.3,
0.36,0.343,0.952,0.302,
0.361,0.348,0.942,0.3,
0.337,0.324,0.977,0.3,
0.358,0.343,1,0.29,
0.358,0.343,1,0.307,
0.365,0.349,0.977,0.312,
0.346,0.33,1,0.306,
0.353,0.336,0.963,0.312,
0.363,0.349,0.985,0.316,
0.321,0.306,1,0.281,
0.333,0.319,0.933,0.284,
0.349,0.328,0.965,0.291,
0.358,0.343,1,0.305,
0.36,0.347,0.967,0.317,
0.331,0.318,1,0.285,
0.351,0.335,0.982,0.3,
0.315,0.302,1,0.266,
0.353,0.334,0.994,0.306,
0.335,0.323,0.952,0.279,
0.364,0.349,0.997,0.319,
0.368,0.354,0.989,0.311,
0.358,0.342,1,0.306,
0.32,0.311,0.922,0.261,
0.311,0.294,1,0.263,
0.369,0.352,1,0.325,
0.343,0.328,1,0.298,
0.355,0.341,1,0.308,
0.347,0.333,1,0.303,
0.367,0.355,1,0.32,
0.348,0.333,1,0.311,
0.348,0.334,0.967,0.304,
0.352,0.337,1,0.308,
0.34,0.326,0.966,0.302,
0.354,0.34,0.941,0.31,
0.353,0.338,0.983,0.303,
0.342,0.327,1,0.298,
0.324,0.311,1,0.273,
0.369,0.352,0.977,0.325,
0.3,0.288,1,0.246,
0.358,0.342,1,0.309,
0.369,0.351,0.973,0.318,
0.347,0.334,0.973,0.296,
0.374,0.359,0.968,0.319,
0.35,0.334,1,0.309,
0.353,0.341,1,0.309,
0.35,0.333,1,0.305,
0.359,0.347,0.988,0.307,
0.36,0.345,1,0.304,
0.347,0.336,0.988,0.308,
0.322,0.305,1,0.266,
0.347,0.335,0.943,0.299,
0.316,0.298,1,0.267,
0.351,0.337,0.997,0.301,
0.319,0.303,1,0.277,
0.366,0.346,0.986,0.319,
0.36,0.341,0.983,0.317,
0.368,0.349,0.983,0.321,
0.355,0.343,1,0.304,
0.357,0.34,0.975,0.313,
0.351,0.337,0.955,0.306,
0.36,0.346,1,0.304,
0.35,0.338,0.976,0.302,
0.366,0.351,0.971,0.308,
0.371,0.353,0.992,0.329,
0.362,0.351,0.994,0.298,
0.362,0.349,0.991,0.309,
0.316,0.3,1,0.275,
0.361,0.345,1,0.32,
0.334,0.321,1,0.29,
0.367,0.353,0.984,0.318,
0.363,0.349,0.976,0.317,
0.353,0.338,1,0.305,
0.343,0.328,0.974,0.289,
0.359,0.342,1,0.314,
0.35,0.33,1,0.294,
0.345,0.332,0.986,0.313,
0.351,0.332,0.995,0.306,
0.318,0.302,1,0.268,
0.355,0.341,0.971,0.306,
0.349,0.334,1,0.302,
0.313,0.297,1,0.261,
0.355,0.34,0.987,0.306,
0.371,0.355,0.954,0.316,
0.351,0.341,1,0.306,
0.362,0.345,1,0.318,
0.353,0.335,1,0.311,
0.371,0.351,1,0.321,
0.329,0.317,0.951,0.255,
0.352,0.341,0.991,0.305,
0.318,0.302,1,0.275,
0.347,0.33,1,0.307,
0.354,0.339,0.994,0.305,
0.353,0.342,1,0.304,
0.323,0.309,1,0.281,
0.355,0.342,1,0.303,
0.369,0.354,0.993,0.324,
0.322,0.303,1,0.276,
0.342,0.33,1,0.293,
0.352,0.339,0.974,0.311,
0.37,0.355,0.99,0.319,
0.356,0.34,0.996,0.311,
0.322,0.306,1,0.258,
0.365,0.349,0.973,0.316,
0.344,0.329,0.991,0.302,
0.358,0.344,0.949,0.32,
0.366,0.352,0.99,0.312,
0.349,0.332,1,0.305,
0.362,0.349,0.968,0.31,
0.328,0.312,1,0.274,
0.365,0.353,0.952,0.314,
0.343,0.322,1,0.3,
0.359,0.346,0.961,0.302,
0.35,0.336,1,0.302,
0.361,0.349,1,0.309,
0.356,0.341,1,0.312,
0.336,0.319,1,0.294,
0.321,0.304,1,0.283,
0.352,0.336,1,0.303,
0.321,0.304,1,0.279,
0.354,0.342,1,0.301,
0.365,0.353,1,0.301,
0.352,0.338,0.982,0.299,
0.363,0.346,0.997,0.312,
0.329,0.315,0.972,0.29,
0.368,0.352,0.992,0.316,
0.368,0.355,0.973,0.328,
0.363,0.347,1,0.318,
0.339,0.328,0.938,0.276,
0.362,0.348,0.97,0.313,
0.352,0.339,1,0.308,
0.317,0.308,0.946,0.231,
0.367,0.348,0.974,0.322,
0.355,0.338,0.995,0.307,
0.354,0.341,0.959,0.31,
0.357,0.344,0.935,0.307,
0.339,0.324,1,0.286,
0.36,0.348,0.956,0.316,
0.333,0.317,1,0.285,
0.352,0.336,0.982,0.313,
0.352,0.338,1,0.302,
0.36,0.345,0.956,0.314,
0.346,0.334,1,0.299,
0.35,0.336,0.99,0.31,
0.37,0.351,1,0.318,
0.355,0.343,1,0.306,
0.346,0.33,0.998,0.291,
0.331,0.312,1,0.287,
0.304,0.29,1,0.259,
0.362,0.348,0.986,0.32,
0.355,0.337,1,0.299,
0.352,0.336,0.994,0.303,
0.362,0.348,0.998,0.321,
0.365,0.353,0.946,0.321,
0.347,0.333,0.989,0.296,
0.371,0.359,0.961,0.326,
0.332,0.315,1,0.279,
0.342,0.327,1,0.306,
0.35,0.338,0.957,0.307,
0.351,0.341,1,0.301,
0.36,0.349,0.933,0.304,
0.36,0.344,1,0.322,
0.345,0.334,0.929,0.306,
0.329,0.311,1,0.282,
0.364,0.353,0.952,0.306,
0.353,0.336,1,0.298,
0.359,0.345,1,0.29,
0.37,0.354,0.953,0.33,
0.32,0.304,1,0.285,
0.36,0.344,0.981,0.323,
0.315,0.301,1,0.261,
0.342,0.327,1,0.281,
0.359,0.344,0.97,0.314,
0.359,0.348,0.997,0.318,
0.362,0.343,1,0.315,
0.329,0.316,0.97,0.291,
0.354,0.336,1,0.304,
0.357,0.343,0.968,0.317,
0.353,0.339,0.933,0.304,
0.347,0.332,0.978,0.302,
0.367,0.354,0.991,0.31,
0.329,0.311,1,0.276,
0.359,0.345,1,0.3,
0.352,0.34,0.962,0.308,
0.348,0.332,0.973,0.309,
0.339,0.323,1,0.297,
0.353,0.34,1,0.312,
0.344,0.331,0.977,0.292,
0.355,0.34,0.99,0.308,
0.354,0.342,0.986,0.312,
0.346,0.334,1,0.302,
0.354,0.338,1,0.31,
0.355,0.342,1,0.307,
0.353,0.338,1,0.304,
0.356,0.342,1,0.303,
0.355,0.34,0.97,0.313,
0.351,0.34,0.973,0.308,
0.351,0.334,1,0.3,
0.341,0.326,1,0.283,
0.353,0.338,0.998,0.312,
0.322,0.307,1,0.281,
0.339,0.325,1,0.297,
0.341,0.327,1,0.301,
0.32,0.305,1,0.286,
0.35,0.337,0.965,0.299,
0.349,0.336,1,0.303,
0.34,0.323,1,0.303,
0.339,0.326,1,0.288,
0.351,0.338,0.99,0.3,
0.347,0.332,1,0.304,
0.361,0.347,0.972,0.32,
0.343,0.328,1,0.298,
0.337,0.32,1,0.291,
0.31,0.292,1,0.269,
0.356,0.34,0.998,0.303,
0.322,0.309,0.91,0.274,
0.351,0.334,1,0.298,
0.345,0.331,0.99,0.297,
0.35,0.335,0.963,0.305,
0.361,0.345,0.986,0.309,
0.364,0.347,0.997,0.309,
0.346,0.33,0.936,0.302,
0.351,0.336,0.98,0.306,
0.345,0.329,1,0.3,
0.354,0.342,1,0.301,
0.347,0.327,0.974,0.307,
0.318,0.303,1,0.275,
0.345,0.333,1,0.298,
0.343,0.326,1,0.308,
0.344,0.329,0.957,0.296,
0.359,0.345,1,0.313,
0.36,0.345,0.973,0.316,
0.342,0.325,1,0.294,
0.347,0.331,0.985,0.299,
0.346,0.33,1,0.288,
0.36,0.346,1,0.311,
0.32,0.302,1,0.284,
0.355,0.339,0.975,0.312,
0.316,0.301,1,0.266,
0.351,0.338,1,0.308,
0.333,0.317,1,0.284,
0.317,0.302,1,0.285,
0.34,0.327,0.969,0.298,
0.341,0.325,1,0.293,
0.36,0.345,0.959,0.305,
0.317,0.302,1,0.271,
0.334,0.319,1,0.289,
0.355,0.339,1,0.308,
0.345,0.332,1,0.296,
0.349,0.331,1,0.301,
0.35,0.334,0.959,0.298,
0.347,0.331,1,0.296,
0.35,0.335,0.988,0.304,
0.329,0.315,0.941,0.254,
0.345,0.327,1,0.295,
0.348,0.332,1,0.299,
0.345,0.331,1,0.286,
0.347,0.333,0.965,0.308,
0.358,0.341,1,0.315,
0.331,0.319,0.963,0.278,
0.36,0.345,0.988,0.307,
0.333,0.323,1,0.279,
0.352,0.337,1,0.304,
0.352,0.337,0.997,0.3,
0.33,0.315,1,0.29,
0.337,0.322,1,0.301,
0.339,0.327,0.975,0.287,
0.358,0.339,1,0.321,
0.337,0.322,1,0.291,
0.348,0.33,0.995,0.303,
0.302,0.29,1,0.244,
0.357,0.342,0.977,0.31,
0.351,0.337,0.971,0.298,
0.298,0.281,1,0.244,
0.357,0.343,1,0.299,
0.339,0.325,0.998,0.284,
0.341,0.324,1,0.294,
0.349,0.335,1,0.31,
0.35,0.333,1,0.307,
0.305,0.29,1,0.256,
0.343,0.327,0.959,0.302,
0.327,0.309,1,0.282,
0.347,0.334,1,0.309,
0.352,0.333,1,0.289,
0.345,0.329,1,0.302,
0.346,0.327,0.998,0.301,
0.353,0.338,0.979,0.298,
0.336,0.32,1,0.276,
0.344,0.326,1,0.295,
0.357,0.338,0.997,0.314,
0.344,0.329,1,0.305,
0.345,0.332,0.991,0.296,
0.338,0.327,1,0.287,
0.353,0.337,1,0.305,
0.349,0.333,0.97,0.305,
0.339,0.325,0.961,0.3,
0.356,0.341,0.976,0.318,
0.351,0.333,0.991,0.3,
0.353,0.338,0.994,0.3,
0.345,0.326,1,0.307,
0.356,0.341,0.991,0.32,
0.352,0.337,0.955,0.306,
0.349,0.335,0.998,0.294,
0.358,0.344,1,0.308,
0.325,0.31,1,0.279,
0.359,0.342,0.986,0.323,
0.346,0.332,1,0.299,
0.33,0.315,1,0.29,
0.337,0.32,0.981,0.28,
0.339,0.325,0.999,0.291,
0.351,0.335,0.979,0.31,
0.339,0.326,0.948,0.292,
0.357,0.342,1,0.307,
0.353,0.34,0.978,0.298,
0.338,0.324,0.952,0.299,
0.356,0.341,0.954,0.314,
0.319,0.303,1,0.259,
0.348,0.332,0.984,0.303,
0.324,0.309,0.939,0.274,
0.302,0.289,1,0.243,
0.323,0.308,1,0.279,
0.356,0.339,0.961,0.317,
0.362,0.348,0.993,0.316,
0.353,0.336,0.997,0.307,
0.34,0.324,1,0.301,
0.335,0.32,0.999,0.283,
0.336,0.32,1,0.295,
0.349,0.333,0.996,0.294,
0.351,0.334,1,0.308,
0.349,0.333,1,0.299,
0.327,0.314,0.942,0.283,
0.351,0.339,0.99,0.309,
0.356,0.339,0.994,0.308,
0.343,0.329,1,0.288,
0.315,0.299,1,0.262,
0.356,0.342,0.996,0.317,
0.35,0.334,0.982,0.309,
0.328,0.308,1,0.28,
0.355,0.343,0.992,0.3,
0.344,0.33,0.978,0.292,
0.327,0.314,0.979,0.286,
0.356,0.34,0.994,0.307,
0.323,0.311,0.958,0.275,
0.353,0.34,1,0.31,
0.341,0.331,1,0.272,
0.326,0.31,1,0.278,
0.329,0.314,0.929,0.281,
0.359,0.344,0.978,0.311,
0.345,0.332,0.955,0.303,
0.347,0.332,1,0.305,
0.344,0.331,1,0.286,
0.35,0.334,0.964,0.31,
0.34,0.325,0.97,0.293,
0.34,0.323,0.996,0.291,
0.345,0.33,0.945,0.307,
0.339,0.324,1,0.297,
0.361,0.344,0.99,0.307,
0.328,0.312,0.917,0.29,
0.326,0.311,1,0.276,
0.328,0.314,1,0.291,
0.345,0.328,0.994,0.285,
0.315,0.301,1,0.264,
0.35,0.335,0.999,0.304,
0.347,0.332,0.937,0.298,
0.353,0.338,1,0.309,
0.356,0.338,1,0.314,
0.351,0.334,0.991,0.317,
0.334,0.318,0.986,0.295,
0.348,0.332,0.967,0.306,
0.347,0.331,0.993,0.306,
0.347,0.331,1,0.313,
0.351,0.334,0.957,0.302,
0.345,0.332,0.911,0.3,
0.318,0.302,1,0.275,
0.354,0.339,1,0.309,
0.352,0.338,0.972,0.316,
0.351,0.336,0.969,0.306,
0.355,0.339,1,0.311,
0.353,0.335,0.983,0.301,
0.343,0.33,1,0.304,
0.329,0.321,0.946,0.258,
0.347,0.332,0.997,0.295,
0.356,0.341,0.993,0.314,
0.349,0.334,1,0.307,
0.339,0.324,0.919,0.303,
0.339,0.325,1,0.308,
0.329,0.313,1,0.277,
0.35,0.334,0.987,0.311,
0.334,0.32,1,0.291,
0.362,0.347,0.978,0.313,
0.35,0.337,1,0.3,
0.355,0.337,0.964,0.302,
0.363,0.348,0.981,0.308,
0.343,0.331,1,0.275,
0.358,0.345,0.987,0.304,
0.369,0.356,1,0.329,
0.364,0.351,1,0.315,
0.327,0.311,1,0.284,
0.356,0.343,0.983,0.313,
0.369,0.35,0.981,0.319,
0.355,0.343,1,0.304,
0.346,0.334,1,0.293,
0.364,0.35,1,0.306,
0.349,0.335,0.986,0.311,
0.317,0.305,1,0.266,
0.322,0.308,1,0.282,
0.35,0.338,1,0.303,
0.321,0.307,1,0.257,
0.333,0.317,1,0.296,
0.356,0.341,1,0.306,
0.353,0.338,1,0.313,
0.351,0.335,1,0.311,
0.348,0.331,0.991,0.301,
0.347,0.334,0.981,0.306,
0.36,0.344,0.971,0.301,
0.346,0.329,0.996,0.299,
0.357,0.345,0.996,0.315,
0.363,0.348,0.988,0.313,
0.324,0.307,1,0.29,
0.317,0.304,1,0.244,
0.356,0.343,0.949,0.308,
0.345,0.331,1,0.29,
0.341,0.327,0.968,0.304,
0.349,0.333,0.999,0.301,
0.327,0.312,1,0.286,
0.351,0.336,1,0.304,
0.345,0.331,0.993,0.289,
0.319,0.303,1,0.272,
0.354,0.337,0.961,0.309,


0.371,0.357,1,0.313,
0.367,0.353,0.998,0.322,
0.348,0.335,0.99,0.294,
0.353,0.339,1,0.305,
0.359,0.347,0.978,0.306,
0.377,0.358,1,0.332,
0.369,0.35,0.989,0.318,
0.379,0.361,0.968,0.324,
0.353,0.337,1,0.307,
0.338,0.324,1,0.286,
0.336,0.324,0.956,0.305,
0.366,0.348,0.986,0.317,
0.37,0.353,1,0.314,
0.35,0.337,0.947,0.281,
0.374,0.358,0.996,0.322,
0.374,0.362,0.999,0.323,
0.337,0.321,1,0.287,
0.353,0.339,1,0.299,
0.34,0.331,1,0.277,
0.346,0.333,1,0.291,
0.368,0.354,1,0.315,
0.336,0.321,1,0.286,
0.355,0.34,1,0.282,
0.365,0.348,0.987,0.314,
0.373,0.358,0.975,0.313,
0.368,0.352,0.958,0.314,
0.372,0.357,0.994,0.315,
0.353,0.336,0.964,0.301,
0.365,0.351,0.972,0.317,
0.334,0.316,1,0.278,
0.342,0.327,0.907,0.291,
0.364,0.347,1,0.31,
0.338,0.32,1,0.3,
0.366,0.352,0.999,0.324,
0.37,0.359,0.994,0.297,
0.371,0.359,1,0.315,
0.374,0.356,0.97,0.324,
0.361,0.344,1,0.317,
0.375,0.36,0.964,0.319,
0.38,0.365,0.983,0.319,
0.366,0.353,0.975,0.315,
0.33,0.316,1,0.292,
0.372,0.358,1,0.323,
0.346,0.329,1,0.289,
0.314,0.296,1,0.257,
0.379,0.363,0.995,0.324,
0.362,0.349,0.926,0.306,
0.334,0.318,1,0.284,
0.369,0.35,1,0.32,
0.331,0.315,0.97,0.288,
0.346,0.335,1,0.294,
0.357,0.339,1,0.305,
0.38,0.366,0.987,0.334,
0.338,0.327,1,0.293,
0.363,0.35,1,0.288,
0.346,0.331,0.946,0.313,
0.343,0.333,0.897,0.282,
0.361,0.345,0.992,0.313,
0.364,0.351,0.973,0.315,
0.358,0.343,1,0.322,
0.374,0.357,0.991,0.327,
0.372,0.361,1,0.319,
0.369,0.351,0.985,0.311,
0.352,0.337,0.992,0.309,
0.359,0.341,1,0.313,
0.378,0.363,1,0.327,
0.324,0.308,1,0.273,
0.369,0.351,0.983,0.32,
0.341,0.325,0.929,0.278,
0.344,0.326,1,0.286,
0.352,0.337,1,0.304,
0.342,0.326,1,0.295,
0.35,0.332,0.952,0.309,
0.365,0.351,0.942,0.327,
0.351,0.335,0.977,0.306,
0.359,0.344,1,0.295,
0.372,0.353,1,0.316,
0.363,0.347,0.977,0.304,
0.361,0.345,1,0.302,
0.354,0.337,0.963,0.313,
0.356,0.344,0.985,0.302,
0.336,0.321,1,0.295,
0.331,0.319,0.933,0.287,
0.356,0.344,0.965,0.313,
0.361,0.345,1,0.318,
0.371,0.357,0.967,0.31,
0.339,0.32,1,0.288,
0.35,0.338,0.982,0.311,
0.314,0.298,1,0.267,
0.351,0.337,0.994,0.294,
0.338,0.327,0.952,0.279,
0.359,0.341,0.997,0.316,
0.362,0.347,0.989,0.317,
0.367,0.352,1,0.304,
0.325,0.316,0.922,0.266,
0.337,0.324,1,0.276,
0.374,0.355,1,0.314,
0.348,0.333,1,0.292,
0.35,0.333,1,0.304,
0.36,0.344,1,0.302,
0.359,0.344,1,0.312,
0.364,0.347,1,0.32,
0.355,0.34,0.967,0.31,
0.355,0.333,1,0.312,
0.357,0.341,0.966,0.304,
0.355,0.338,0.941,0.31,
0.352,0.334,0.983,0.304,
0.357,0.342,1,0.298,
0.349,0.336,1,0.293,
0.361,0.347,0.977,0.314,
0.328,0.313,1,0.258,
0.353,0.337,1,0.298,
0.374,0.362,0.973,0.32,
0.349,0.333,0.973,0.296,
0.384,0.37,0.968,0.329,
0.363,0.346,1,0.318,
0.369,0.356,1,0.314,
0.35,0.338,1,0.307,
0.37,0.352,0.988,0.321,
0.375,0.359,1,0.328,
0.37,0.352,0.988,0.309,
0.334,0.316,1,0.267,
0.358,0.346,0.943,0.306,
0.33,0.316,1,0.282,
0.37,0.354,0.997,0.315,
0.339,0.323,1,0.28,
0.365,0.347,0.986,0.3,
0.362,0.345,0.983,0.311,
0.377,0.364,0.983,0.323,
0.356,0.338,1,0.31,
0.356,0.34,0.975,0.316,
0.353,0.343,0.955,0.304,
0.368,0.351,1,0.323,
0.349,0.334,0.976,0.302,
0.361,0.346,0.971,0.306,
0.364,0.345,0.992,0.321,
0.375,0.359,0.994,0.308,
0.356,0.34,0.991,0.305,
0.316,0.3,1,0.277,
0.369,0.356,1,0.321,
0.339,0.324,1,0.298,
0.369,0.354,0.984,0.319,
0.379,0.363,0.976,0.33,
0.354,0.337,1,0.309,
0.343,0.329,0.974,0.302,
0.365,0.347,1,0.32,
0.342,0.329,1,0.295,
0.353,0.339,0.986,0.313,
0.355,0.339,0.995,0.305,
0.338,0.323,1,0.285,
0.351,0.336,0.971,0.295,
0.346,0.332,1,0.288,
0.32,0.305,1,0.266,
0.356,0.342,0.987,0.303,
0.377,0.363,0.954,0.328,
0.356,0.337,1,0.308,
0.359,0.346,1,0.314,
0.374,0.358,1,0.313,
0.378,0.362,1,0.327,
0.334,0.321,0.951,0.262,
0.353,0.338,0.991,0.281,
0.345,0.328,1,0.298,
0.367,0.348,1,0.318,
0.379,0.365,0.994,0.332,
0.364,0.346,1,0.319,
0.335,0.319,1,0.269,
0.375,0.357,1,0.321,
0.373,0.358,0.993,0.33,
0.33,0.315,1,0.273,
0.341,0.326,1,0.287,
0.359,0.347,0.974,0.305,
0.365,0.353,0.99,0.321,
0.355,0.342,0.996,0.301,
0.322,0.307,1,0.262,
0.38,0.364,0.973,0.332,
0.351,0.338,0.991,0.308,
0.358,0.344,0.949,0.317,
0.371,0.357,0.99,0.325,
0.36,0.347,1,0.313,
0.368,0.354,0.968,0.308,
0.322,0.307,1,0.274,
0.365,0.35,0.952,0.322,
0.343,0.326,1,0.29,
0.356,0.343,0.961,0.311,
0.35,0.332,1,0.306,
0.369,0.356,1,0.317,
0.369,0.351,1,0.313,
0.338,0.324,1,0.288,
0.34,0.324,1,0.299,
0.364,0.348,1,0.319,
0.338,0.324,1,0.292,
0.369,0.354,1,0.324,
0.363,0.351,1,0.318,
0.372,0.356,0.982,0.311,
0.363,0.345,0.997,0.303,
0.359,0.344,0.972,0.317,
0.367,0.352,0.992,0.324,
0.378,0.363,0.973,0.326,
0.355,0.34,1,0.315,
0.341,0.331,0.938,0.283,
0.372,0.354,0.97,0.309,
0.358,0.341,1,0.321,
0.322,0.315,0.946,0.23,
0.379,0.363,0.974,0.323,
0.378,0.367,0.995,0.325,
0.354,0.342,0.959,0.309,
0.358,0.344,0.935,0.321,
0.356,0.343,1,0.294,
0.361,0.345,0.956,0.314,
0.358,0.345,1,0.295,
0.359,0.344,0.982,0.32,
0.36,0.347,1,0.314,
0.362,0.351,0.956,0.306,
0.363,0.348,1,0.306,
0.383,0.37,0.99,0.331,
0.359,0.344,1,0.321,
0.358,0.344,1,0.299,
0.358,0.339,0.998,0.304,
0.351,0.332,1,0.298,
0.319,0.306,1,0.262,
0.362,0.347,0.986,0.318,
0.367,0.351,1,0.316,
0.353,0.34,0.994,0.306,
0.369,0.357,0.998,0.32,
0.37,0.355,0.946,0.322,
0.353,0.333,0.989,0.303,
0.371,0.356,0.961,0.327,
0.332,0.316,1,0.284,
0.364,0.348,1,0.323,
0.364,0.351,0.957,0.313,
0.357,0.343,1,0.317,
0.361,0.346,0.933,0.31,
0.364,0.345,1,0.309,
0.341,0.328,0.929,0.302,
0.357,0.339,1,0.301,
0.381,0.366,0.952,0.331,
0.351,0.335,1,0.299,
0.37,0.357,1,0.316,
0.378,0.366,0.953,0.334,
0.336,0.32,1,0.287,
0.36,0.342,0.981,0.312,
0.323,0.306,1,0.271,
0.342,0.328,1,0.275,
0.36,0.345,0.97,0.306,
0.376,0.361,0.997,0.327,
0.359,0.343,1,0.313,
0.335,0.324,0.97,0.29,
0.352,0.338,1,0.304,
0.358,0.345,0.968,0.314,
0.356,0.342,0.933,0.312,
0.349,0.335,0.978,0.306,
0.362,0.344,0.991,0.3,
0.345,0.331,1,0.285,
0.361,0.344,1,0.304,
0.36,0.348,0.962,0.311,
0.342,0.33,0.973,0.299,
0.336,0.321,1,0.295,
0.35,0.336,1,0.302,
0.34,0.328,0.977,0.299,
0.359,0.346,0.99,0.306,
0.366,0.353,0.986,0.314,
0.361,0.348,1,0.311,
0.375,0.355,1,0.317,
0.367,0.349,1,0.306,
0.346,0.331,1,0.294,
0.371,0.358,1,0.295,
0.367,0.354,0.97,0.32,
0.371,0.355,0.973,0.307,
0.35,0.338,1,0.304,
0.344,0.329,1,0.296,
0.365,0.346,0.998,0.322,
0.323,0.306,1,0.277,
0.347,0.33,1,0.291,
0.343,0.324,1,0.299,
0.338,0.32,1,0.294,
0.351,0.334,0.965,0.304,
0.355,0.338,1,0.306,
0.345,0.33,1,0.307,
0.349,0.338,1,0.295,
0.351,0.336,0.99,0.299,
0.352,0.336,1,0.304,
0.361,0.342,0.972,0.323,
0.353,0.336,1,0.301,
0.342,0.326,1,0.293,
0.317,0.301,1,0.268,
0.347,0.328,0.998,0.296,
0.333,0.314,0.91,0.282,
0.346,0.332,1,0.302,
0.34,0.326,0.99,0.303,
0.359,0.34,0.963,0.313,
0.354,0.336,0.986,0.304,
0.372,0.355,0.997,0.321,
0.343,0.329,0.936,0.305,
0.356,0.339,0.98,0.309,
0.347,0.331,1,0.297,
0.363,0.346,1,0.315,
0.351,0.332,0.974,0.306,
0.336,0.319,1,0.277,
0.36,0.344,1,0.31,
0.351,0.335,1,0.31,
0.343,0.329,0.957,0.303,
0.361,0.344,1,0.312,
0.357,0.343,0.973,0.31,
0.358,0.344,1,0.3,
0.35,0.336,0.985,0.296,
0.351,0.335,1,0.301,
0.363,0.348,1,0.312,
0.318,0.302,1,0.272,
0.367,0.35,0.975,0.311,
0.337,0.321,1,0.284,
0.35,0.334,1,0.31,
0.334,0.319,1,0.294,
0.317,0.302,1,0.283,
0.343,0.326,0.969,0.307,
0.348,0.33,1,0.292,
0.358,0.344,0.959,0.315,
0.328,0.309,1,0.282,
0.324,0.308,1,0.289,
0.353,0.337,1,0.301,
0.354,0.338,1,0.299,
0.368,0.35,1,0.306,
0.338,0.323,0.959,0.299,
0.352,0.333,1,0.305,
0.349,0.333,0.988,0.297,
0.342,0.327,0.941,0.267,
0.347,0.331,1,0.302,
0.352,0.335,1,0.308,
0.355,0.335,1,0.295,
0.346,0.333,0.965,0.308,
0.353,0.339,1,0.313,
0.335,0.321,0.963,0.287,
0.366,0.353,0.988,0.297,
0.355,0.34,1,0.299,
0.356,0.338,1,0.311,
0.339,0.324,0.997,0.288,
0.344,0.329,1,0.284,
0.351,0.333,1,0.316,
0.349,0.329,0.975,0.286,
0.358,0.342,1,0.316,
0.337,0.322,1,0.291,
0.355,0.337,0.995,0.313,
0.305,0.29,1,0.247,
0.36,0.344,0.977,0.312,
0.346,0.33,0.971,0.298,
0.299,0.283,1,0.25,
0.351,0.339,1,0.299,
0.346,0.335,0.998,0.301,
0.355,0.34,1,0.307,
0.346,0.329,1,0.308,
0.37,0.349,1,0.314,
0.307,0.293,1,0.256,
0.343,0.329,0.959,0.3,
0.339,0.323,1,0.278,
0.356,0.342,1,0.31,
0.342,0.326,1,0.282,
0.351,0.334,1,0.307,
0.342,0.327,0.998,0.303,
0.345,0.328,0.979,0.291,
0.34,0.328,1,0.262,
0.351,0.331,1,0.304,
0.362,0.345,0.997,0.308,
0.35,0.336,1,0.299,
0.352,0.335,0.991,0.31,
0.339,0.323,1,0.291,
0.351,0.334,1,0.299,
0.356,0.34,0.97,0.3,
0.337,0.318,0.961,0.303,
0.359,0.34,0.976,0.31,
0.364,0.348,0.991,0.314,
0.367,0.35,0.994,0.323,
0.358,0.341,1,0.305,
0.364,0.345,0.991,0.321,
0.354,0.338,0.955,0.313,
0.362,0.345,0.998,0.308,
0.348,0.334,1,0.311,
0.335,0.317,1,0.275,
0.369,0.349,0.986,0.317,
0.359,0.341,1,0.293,
0.335,0.318,1,0.292,
0.338,0.324,0.981,0.284,
0.341,0.331,0.999,0.288,
0.35,0.332,0.979,0.307,
0.344,0.329,0.948,0.294,
0.354,0.337,1,0.296,
0.355,0.34,0.978,0.311,
0.339,0.324,0.952,0.298,
0.355,0.342,0.954,0.311,
0.331,0.308,1,0.276,
0.348,0.333,0.984,0.308,
0.326,0.312,0.939,0.276,
0.316,0.303,1,0.253,
0.319,0.304,1,0.275,
0.359,0.345,0.961,0.32,
0.351,0.337,0.993,0.31,
0.345,0.333,0.997,0.291,
0.342,0.328,1,0.302,
0.347,0.334,0.999,0.297,
0.34,0.323,1,0.294,
0.346,0.332,0.996,0.296,
0.358,0.344,1,0.316,
0.351,0.335,1,0.299,
0.331,0.32,0.942,0.286,
0.356,0.338,0.99,0.306,
0.36,0.344,0.994,0.309,
0.352,0.334,1,0.308,
0.324,0.305,1,0.271,
0.362,0.345,0.996,0.312,
0.362,0.343,0.982,0.31,
0.332,0.317,1,0.278,
0.367,0.355,0.992,0.308,
0.354,0.34,0.978,0.303,
0.343,0.324,0.979,0.289,
0.348,0.331,0.994,0.308,
0.324,0.312,0.958,0.276,
0.354,0.337,1,0.304,
0.339,0.327,1,0.289,
0.341,0.326,1,0.285,
0.329,0.313,0.929,0.279,
0.362,0.345,0.978,0.31,
0.347,0.332,0.955,0.3,
0.351,0.338,1,0.309,
0.354,0.338,1,0.289,
0.348,0.332,0.964,0.304,
0.337,0.323,0.97,0.292,
0.345,0.327,0.996,0.296,
0.345,0.331,0.945,0.301,
0.342,0.321,1,0.303,
0.365,0.346,0.99,0.304,
0.332,0.314,0.917,0.293,
0.33,0.312,1,0.275,
0.34,0.324,1,0.296,
0.356,0.336,0.994,0.3,
0.312,0.296,1,0.264,
0.36,0.342,0.999,0.306,
0.349,0.333,0.937,0.305,
0.351,0.337,1,0.311,
0.364,0.346,1,0.317,
0.355,0.338,0.991,0.312,
0.333,0.32,0.986,0.295,
0.346,0.332,0.967,0.307,
0.349,0.334,0.993,0.306,
0.352,0.333,1,0.312,
0.357,0.342,0.957,0.311,
0.345,0.331,0.911,0.304,
0.319,0.303,1,0.272,
0.349,0.335,1,0.303,
0.355,0.335,0.972,0.314,
0.361,0.348,0.969,0.302,
0.351,0.335,1,0.311,
0.351,0.339,0.983,0.295,
0.357,0.339,1,0.303,
0.338,0.328,0.946,0.268,
0.355,0.339,0.997,0.299,
0.359,0.345,0.993,0.322,
0.348,0.332,1,0.311,
0.352,0.34,0.919,0.301,
0.347,0.328,1,0.313,
0.326,0.31,1,0.277,
0.355,0.336,0.987,0.315,
0.34,0.327,1,0.292,
0.362,0.344,0.978,0.312,
0.356,0.343,1,0.307,
0.349,0.334,0.964,0.31,
0.367,0.352,0.981,0.312,
0.347,0.332,1,0.293,
0.349,0.334,0.987,0.293,
0.371,0.357,1,0.326,
0.363,0.344,1,0.322,
0.347,0.331,1,0.292,
0.383,0.362,0.983,0.336,
0.37,0.355,0.981,0.315,
0.36,0.344,1,0.308,
0.356,0.342,1,0.297,
0.372,0.36,1,0.314,
0.355,0.336,0.986,0.312,
0.329,0.313,1,0.27,
0.321,0.302,1,0.273,
0.352,0.335,1,0.309,
0.332,0.318,1,0.268,
0.337,0.322,1,0.289,
0.357,0.344,1,0.312,
0.358,0.342,1,0.319,
0.352,0.334,1,0.311,
0.342,0.326,0.991,0.301,
0.363,0.345,0.981,0.325,
0.366,0.35,0.971,0.311,
0.348,0.337,0.996,0.307,
0.375,0.361,0.996,0.326,
0.366,0.348,0.988,0.317,
0.32,0.303,1,0.275,
0.332,0.314,1,0.267,
0.349,0.335,0.949,0.295,
0.355,0.339,1,0.296,
0.343,0.329,0.968,0.307,
0.366,0.347,0.999,0.313,
0.34,0.321,1,0.282,
0.353,0.337,1,0.308,
0.34,0.325,0.993,0.301,
0.317,0.303,1,0.27,
0.362,0.346,0.961,0.315,




Further Data analysis of all test cases 
avg med max min 
AVGs,0.372,0.372,0.388,0.304,
MEDs,0.355,0.354,0.373,0.284,
MAXs,0.985,1,1,0.898,
MINs,0.325,0.327,0.348,0.281,


AVGs,0.347,0.35,0.374,0.298,
MEDs,0.332,0.335,0.359,0.281,
MAXs,0.987,0.999,1,0.897,
MINs,0.299,0.303,0.33,0.231,


AVGs,0.353,0.354,0.384,0.299,
MEDs,0.337,0.338,0.37,0.283,
MAXs,0.987,0.999,1,0.897,
MINs,0.303,0.306,0.336,0.23,



