

Data analysis for each instance 
AVG,MED,MAX,MIN
0.884,0.97,1,0.722,
0.835,0.82,1,0.688,
0.891,0.974,1,0.712,
0.847,0.881,1,0.748,
0.876,0.962,1,0.731,
0.83,0.803,1,0.737,
0.887,0.974,1,0.737,
0.891,0.969,1,0.726,
0.831,0.837,1,0.706,
0.893,0.978,1,0.754,
0.837,0.853,1,0.713,
0.883,0.97,1,0.721,
0.839,0.805,1,0.758,
0.846,0.855,1,0.719,
0.883,0.97,1,0.716,
0.838,0.864,1,0.713,
0.843,0.851,1,0.732,
0.891,0.971,1,0.76,
0.826,0.853,1,0.705,
0.886,0.969,1,0.712,
0.837,0.838,1,0.744,
0.814,0.796,1,0.689,
0.844,0.867,1,0.728,
0.838,0.863,1,0.735,
0.838,0.829,1,0.712,
0.882,0.968,1,0.72,
0.829,0.847,1,0.685,
0.833,0.839,1,0.696,
0.886,0.967,1,0.718,
0.828,0.824,1,0.722,
0.887,0.97,1,0.71,
0.851,0.85,1,0.764,
0.89,0.976,1,0.71,
0.842,0.863,1,0.711,
0.887,0.963,1,0.709,
0.818,0.825,1,0.697,
0.895,0.97,1,0.727,
0.837,0.853,1,0.716,
0.879,0.966,1,0.712,
0.841,0.823,1,0.716,
0.885,0.968,1,0.72,
0.842,0.844,1,0.758,
0.888,0.97,1,0.709,
0.845,0.855,1,0.72,
0.881,0.969,1,0.715,
0.844,0.853,1,0.709,
0.842,0.853,1,0.724,
0.783,0.756,1,0.644,
0.778,0.745,1,0.683,
0.833,0.825,1,0.733,
0.776,0.744,1,0.685,
0.789,0.772,1,0.712,
0.891,0.969,1,0.736,
0.777,0.76,1,0.657,
0.766,0.75,1,0.669,
0.867,0.966,1,0.709,
0.797,0.78,1,0.716,
0.899,0.978,1,0.732,
0.81,0.845,1,0.68,
0.769,0.76,1,0.646,
0.86,0.96,1,0.688,
0.889,0.973,1,0.726,
0.771,0.751,1,0.674,
0.828,0.879,1,0.7,
0.836,0.841,1,0.742,
0.771,0.767,1,0.617,
0.895,0.972,1,0.69,
0.883,0.966,1,0.704,
0.795,0.788,1,0.703,
0.835,0.839,1,0.737,
0.879,0.964,1,0.705,
0.787,0.774,1,0.703,
0.84,0.851,1,0.75,
0.878,0.97,1,0.653,
0.86,0.964,1,0.695,
0.787,0.772,1,0.687,
0.886,0.961,1,0.694,
0.861,0.96,1,0.672,
0.785,0.768,1,0.682,
0.822,0.865,1,0.692,
0.768,0.752,1,0.673,
0.857,0.952,1,0.679,
0.775,0.764,1,0.673,
0.832,0.855,1,0.696,
0.767,0.754,1,0.643,
0.873,0.958,1,0.626,
0.777,0.756,1,0.684,
0.887,0.972,1,0.693,
0.84,0.851,1,0.719,
0.89,0.974,1,0.684,
0.781,0.764,1,0.701,
0.841,0.841,1,0.712,
0.869,0.96,1,0.655,
0.84,0.831,1,0.728,
0.862,0.962,1,0.678,
0.788,0.766,1,0.697,
0.813,0.847,1,0.677,
0.891,0.969,1,0.7,
0.857,0.957,1,0.604,
0.768,0.738,1,0.668,
0.847,0.849,1,0.743,
0.824,0.858,1,0.697,
0.781,0.753,1,0.704,
0.813,0.843,1,0.646,
0.778,0.767,1,0.667,
0.789,0.772,1,0.701,
0.846,0.851,1,0.738,
0.763,0.756,1,0.645,
0.779,0.746,1,0.708,
0.895,0.976,1,0.698,
0.87,0.958,1,0.688,
0.828,0.821,1,0.713,
0.815,0.839,1,0.676,
0.782,0.754,1,0.686,
0.763,0.742,1,0.65,
0.863,0.958,1,0.659,
0.783,0.767,1,0.694,
0.898,0.979,1,0.713,
0.812,0.853,1,0.674,
0.841,0.843,1,0.71,
0.772,0.766,1,0.652,
0.814,0.841,1,0.692,
0.853,0.861,1,0.745,
0.817,0.836,1,0.695,
0.781,0.76,1,0.673,
0.816,0.858,1,0.679,
0.856,0.945,1,0.671,
0.896,0.978,1,0.675,
0.773,0.766,1,0.666,
0.87,0.955,1,0.689,
0.776,0.764,1,0.65,
0.815,0.835,1,0.693,
0.819,0.843,1,0.697,
0.884,0.958,1,0.704,
0.771,0.758,1,0.651,
0.876,0.963,1,0.653,
0.763,0.74,1,0.655,
0.826,0.818,1,0.713,
0.899,0.978,1,0.707,
0.826,0.835,1,0.705,
0.786,0.772,1,0.697,
0.893,0.976,1,0.622,
0.838,0.83,1,0.732,
0.775,0.757,1,0.69,
0.895,0.975,1,0.689,
0.894,0.974,1,0.692,
0.896,0.98,1,0.703,
0.842,0.867,1,0.721,
0.778,0.755,1,0.673,
0.863,0.966,1,0.64,
0.788,0.77,1,0.71,
0.896,0.972,1,0.7,
0.823,0.819,1,0.695,
0.869,0.962,1,0.655,
0.768,0.742,1,0.679,
0.819,0.853,1,0.679,
0.763,0.736,1,0.665,
0.87,0.967,1,0.683,
0.891,0.977,1,0.713,
0.809,0.833,1,0.663,
0.769,0.753,1,0.637,
0.891,0.973,1,0.674,
0.831,0.834,1,0.721,
0.891,0.98,1,0.68,
0.779,0.764,1,0.689,
0.813,0.824,1,0.666,
0.907,0.985,1,0.69,
0.855,0.865,1,0.779,
0.864,0.966,1,0.652,
0.783,0.762,1,0.685,
0.897,0.982,1,0.623,
0.818,0.847,1,0.69,
0.831,0.831,1,0.689,
0.871,0.965,1,0.665,
0.77,0.758,1,0.674,
0.779,0.766,1,0.692,
0.813,0.816,1,0.685,
0.791,0.772,1,0.69,
0.864,0.962,1,0.642,
0.769,0.752,1,0.67,
0.771,0.744,1,0.667,
0.722,0.706,1,0.625,
0.78,0.772,1,0.695,
0.898,0.978,1,0.642,
0.78,0.76,1,0.701,
0.713,0.688,1,0.601,
0.838,0.842,1,0.718,
0.768,0.738,1,0.698,
0.824,0.861,1,0.673,
0.903,0.982,1,0.65,
0.743,0.726,1,0.606,
0.864,0.968,1,0.657,
0.845,0.849,1,0.703,
0.781,0.766,1,0.694,
0.793,0.793,1,0.641,
0.749,0.746,1,0.621,
0.778,0.764,1,0.684,
0.826,0.861,1,0.68,
0.884,0.958,1,0.678,
0.862,0.96,1,0.64,
0.769,0.759,1,0.651,
0.725,0.718,1,0.551,
0.839,0.843,1,0.749,
0.824,0.839,1,0.68,
0.714,0.68,1,0.607,
0.714,0.691,1,0.593,
0.835,0.843,1,0.717,
0.728,0.714,1,0.617,
0.775,0.754,1,0.669,
0.737,0.738,1,0.614,
0.733,0.726,1,0.615,
0.865,0.958,1,0.593,
0.781,0.756,1,0.695,
0.806,0.809,1,0.701,
0.737,0.732,1,0.616,
0.869,0.966,1,0.672,
0.776,0.751,1,0.637,
0.709,0.675,1,0.599,
0.819,0.849,1,0.669,
0.901,0.983,1,0.668,
0.774,0.756,1,0.653,
0.707,0.687,1,0.591,
0.825,0.855,1,0.647,
0.877,0.97,1,0.647,
0.847,0.867,1,0.728,
0.822,0.837,1,0.684,
0.744,0.751,1,0.591,
0.786,0.77,1,0.678,
0.888,0.972,1,0.723,
0.737,0.74,1,0.588,
0.834,0.827,1,0.757,
0.736,0.74,1,0.616,
0.78,0.766,1,0.67,
0.84,0.853,1,0.72,
0.726,0.691,1,0.588,
0.738,0.73,1,0.581,
0.716,0.688,1,0.584,
0.78,0.769,1,0.674,
0.721,0.679,1,0.642,
0.734,0.738,1,0.598,
0.87,0.969,1,0.66,
0.727,0.697,1,0.626,
0.869,0.964,1,0.626,
0.778,0.762,1,0.676,
0.733,0.748,1,0.602,
0.802,0.822,1,0.601,
0.732,0.733,1,0.569,
0.784,0.772,1,0.701,
0.732,0.727,1,0.59,
0.871,0.972,1,0.549,
0.776,0.756,1,0.688,
0.821,0.847,1,0.614,
0.748,0.753,1,0.584,
0.774,0.761,1,0.69,
0.898,0.973,1,0.687,
0.706,0.688,1,0.589,
0.776,0.752,1,0.679,
0.719,0.7,1,0.595,
0.905,0.98,1,0.662,
0.737,0.734,1,0.616,
0.845,0.843,1,0.771,
0.784,0.762,1,0.705,
0.743,0.746,1,0.599,
0.885,0.952,1,0.684,
0.749,0.738,1,0.635,
0.845,0.867,1,0.685,
0.781,0.764,1,0.666,
0.725,0.71,1,0.603,
0.886,0.964,1,0.723,
0.871,0.961,1,0.66,
0.776,0.753,1,0.677,
0.839,0.845,1,0.681,
0.723,0.698,1,0.618,
0.815,0.853,1,0.601,
0.783,0.762,1,0.676,
0.788,0.77,1,0.709,
0.717,0.694,1,0.608,
0.857,0.963,1,0.617,
0.781,0.766,1,0.7,
0.811,0.812,1,0.656,
0.744,0.732,1,0.607,
0.815,0.834,1,0.642,
0.783,0.76,1,0.662,
0.731,0.718,1,0.595,
0.769,0.747,1,0.676,
0.739,0.73,1,0.596,
0.689,0.669,1,0.551,
0.822,0.847,1,0.625,
0.692,0.686,1,0.561,
0.748,0.734,1,0.629,
0.825,0.847,1,0.654,
0.724,0.734,1,0.589,
0.74,0.724,1,0.613,
0.714,0.69,1,0.612,
0.887,0.964,1,0.641,
0.707,0.723,1,0.534,
0.748,0.722,1,0.592,
0.779,0.766,1,0.697,
0.842,0.839,1,0.734,
0.722,0.708,1,0.605,
0.718,0.744,1,0.542,
0.72,0.738,1,0.579,
0.719,0.732,1,0.551,
0.7,0.688,1,0.577,
0.711,0.701,1,0.59,
0.736,0.73,1,0.624,
0.878,0.981,1,0.62,
0.789,0.768,1,0.717,
0.9,0.978,1,0.732,
0.698,0.693,1,0.566,
0.85,0.861,1,0.756,
0.738,0.74,1,0.59,
0.696,0.672,1,0.564,
0.744,0.732,1,0.625,
0.86,0.96,1,0.67,
0.779,0.766,1,0.682,
0.744,0.726,1,0.619,
0.727,0.714,1,0.613,
0.911,0.985,1,0.701,
0.819,0.837,1,0.692,
0.77,0.754,1,0.683,
0.732,0.742,1,0.571,
0.74,0.756,1,0.622,
0.857,0.879,1,0.721,
0.876,0.968,1,0.572,
0.772,0.755,1,0.625,
0.743,0.748,1,0.592,
0.704,0.7,1,0.559,
0.715,0.709,1,0.576,
0.809,0.807,1,0.677,
0.719,0.695,1,0.606,
0.781,0.758,1,0.701,
0.698,0.671,1,0.55,
0.708,0.722,1,0.536,
0.834,0.841,1,0.716,
0.724,0.721,1,0.592,
0.81,1,1,0.491,
0.707,0.702,1,0.558,
0.722,0.735,1,0.6,
0.713,0.718,1,0.563,
0.678,0.667,1,0.489,
0.719,0.745,1,0.531,
0.727,0.733,1,0.56,
0.735,0.713,1,0.613,
0.677,0.679,1,0.532,
0.787,0.778,1,0.691,
0.717,0.708,1,0.533,
0.708,0.711,1,0.549,
0.674,0.653,1,0.507,
0.739,0.73,1,0.607,
0.717,0.744,1,0.54,
0.713,0.73,1,0.542,
0.83,0.934,1,0.552,
0.767,0.749,1,0.669,
0.69,0.695,1,0.519,
0.693,0.682,1,0.552,
0.734,0.71,1,0.622,
0.712,0.725,1,0.553,
0.834,0.857,1,0.684,
0.677,0.683,1,0.537,
0.723,0.704,1,0.604,
0.787,0.766,1,0.701,
0.712,0.727,1,0.541,
0.861,0.964,1,0.608,
0.779,0.752,1,0.7,
0.894,0.976,1,0.653,
0.726,0.742,1,0.53,
0.68,0.681,1,0.469,
0.82,0.845,1,0.642,
0.73,0.704,1,0.611,
0.717,0.726,1,0.555,
0.853,0.859,1,0.714,
0.678,0.67,1,0.547,
0.778,0.758,1,0.696,
0.766,0.755,1,0.653,
0.715,0.708,1,0.545,
0.731,0.716,1,0.584,
0.71,0.73,1,0.542,
0.719,0.683,1,0.64,
0.83,0.859,1,0.632,
0.903,0.986,1,0.715,
0.694,0.694,1,0.582,
0.714,0.724,1,0.568,
0.743,0.768,1,0.561,
0.775,0.756,1,0.611,
0.854,0.87,1,0.738,
0.694,0.673,1,0.579,
0.712,0.734,1,0.515,
0.744,0.744,1,0.606,
0.707,0.732,1,0.503,
0.777,0.766,1,0.685,
0.697,0.681,1,0.589,
0.692,0.683,1,0.521,
0.892,0.976,1,0.687,
0.684,0.676,1,0.547,
0.748,0.756,1,0.593,
0.722,0.717,1,0.586,
0.705,0.679,1,0.61,
0.776,0.757,1,0.691,
0.845,0.849,1,0.729,
0.695,0.684,1,0.529,
0.723,0.724,1,0.573,
0.725,0.702,1,0.605,
0.713,0.726,1,0.534,
0.719,0.73,1,0.557,
0.866,0.973,1,0.646,
0.764,0.744,1,0.652,
0.78,0.77,1,0.668,
0.7,0.718,1,0.556,
0.722,0.699,1,0.583,
0.679,0.661,1,0.51,
0.701,0.688,1,0.598,
0.85,0.863,1,0.682,
0.711,0.745,1,0.517,
0.768,0.738,1,0.689,
0.748,0.749,1,0.602,
0.846,0.955,1,0.547,
0.688,0.684,1,0.531,
0.742,0.74,1,0.598,
0.781,0.766,1,0.646,
0.716,0.735,1,0.535,
0.694,0.693,1,0.578,
0.682,0.679,1,0.535,
0.816,0.844,1,0.629,
0.713,0.697,1,0.567,
0.69,0.659,1,0.556,
0.679,0.665,1,0.52,
0.743,0.728,1,0.553,
0.785,0.772,1,0.663,
0.722,0.732,1,0.562,
0.689,0.665,1,0.561,
0.864,0.97,1,0.613,
0.72,0.724,1,0.566,
0.782,0.769,1,0.703,
0.744,0.728,1,0.551,
0.691,0.679,1,0.483,
0.698,0.714,1,0.52,
0.742,0.746,1,0.64,
0.819,0.829,1,0.705,
0.729,0.768,1,0.574,
0.778,0.77,1,0.632,
0.724,0.726,1,0.541,
0.705,0.716,1,0.524,
0.775,0.773,1,0.652,
0.716,0.712,1,0.537,
0.681,0.669,1,0.537,
0.724,0.697,1,0.597,
0.739,0.734,1,0.509,
0.707,0.718,1,0.547,
0.692,0.675,1,0.534,
0.677,0.653,1,0.536,
0.68,0.649,1,0.53,
0.707,0.685,1,0.621,
0.69,0.67,1,0.557,
0.782,0.77,1,0.646,
0.687,0.672,1,0.557,
0.897,0.974,1,0.714,
0.72,0.724,1,0.585,
0.72,0.731,1,0.556,
0.853,0.862,1,0.667,
0.709,0.694,1,0.531,
0.723,0.72,1,0.566,
0.756,0.762,1,0.6,
0.781,0.756,1,0.691,
0.843,0.943,1,0.571,
0.703,0.704,1,0.533,
0.881,0.964,1,0.615,
0.728,0.724,1,0.575,
0.744,0.716,1,0.633,
0.711,0.725,1,0.533,
0.681,0.645,1,0.531,
0.832,0.819,1,0.751,
0.719,0.736,1,0.558,
0.875,0.982,1,0.662,
0.782,0.756,1,0.72,
0.686,0.667,1,0.555,
0.751,0.757,1,0.593,
0.686,0.671,1,0.566,
0.805,1,1,0.494,
0.692,0.736,1,0.475,
0.699,0.681,1,0.587,
0.897,0.978,1,0.709,
0.858,0.972,1,0.615,
0.679,0.671,1,0.488,
0.68,0.701,1,0.466,
0.657,0.651,1,0.477,
0.698,0.69,1,0.566,
0.886,0.984,1,0.527,
0.693,0.686,1,0.577,
0.774,0.748,1,0.66,
0.722,0.7,1,0.577,
0.667,0.667,1,0.484,
0.713,0.714,1,0.572,
0.845,0.857,1,0.682,
0.836,0.877,1,0.658,
0.716,0.707,1,0.547,
0.658,0.635,1,0.478,
0.714,0.734,1,0.561,
0.73,0.704,1,0.62,
0.769,0.75,1,0.674,
0.719,0.7,1,0.617,
0.717,0.732,1,0.578,
0.704,0.695,1,0.51,
0.688,0.704,1,0.499,
0.756,0.754,1,0.637,
0.83,0.855,1,0.692,
0.721,0.735,1,0.529,
0.684,0.715,1,0.472,
0.689,0.671,1,0.568,
0.777,0.753,1,0.712,
0.686,0.73,1,0.477,
0.705,0.694,1,0.589,
0.724,0.704,1,0.579,
0.697,0.686,1,0.538,
0.687,0.693,1,0.498,
0.749,0.757,1,0.428,
0.653,0.625,1,0.471,
0.868,0.972,1,0.664,
0.692,0.686,1,0.541,
0.672,0.671,1,0.524,
0.752,0.742,1,0.588,
0.69,0.721,1,0.5,
0.671,0.675,1,0.512,
0.716,0.756,1,0.535,
0.714,0.7,1,0.589,
0.691,0.716,1,0.51,
0.89,0.966,1,0.695,
0.713,0.737,1,0.539,
0.722,0.73,1,0.593,
0.739,0.72,1,0.581,
0.691,0.706,1,0.546,
0.694,0.706,1,0.513,
0.733,0.748,1,0.567,
0.844,0.84,1,0.737,
0.694,0.726,1,0.477,
0.715,0.694,1,0.605,
0.784,0.76,1,0.715,
0.657,0.653,1,0.505,
0.7,0.698,1,0.549,
0.707,0.72,1,0.502,
0.661,0.647,1,0.488,
0.889,0.963,1,0.753,
0.692,0.684,1,0.568,
0.721,0.702,1,0.628,
0.699,0.698,1,0.54,
0.695,0.712,1,0.51,
0.89,0.981,1,0.654,
0.712,0.742,1,0.509,
0.775,0.758,1,0.688,
0.747,0.738,1,0.589,
0.851,0.842,1,0.764,
0.678,0.7,1,0.491,
0.698,0.685,1,0.56,
0.823,0.852,1,0.612,
0.702,0.744,1,0.518,
0.7,0.702,1,0.537,
0.75,0.748,1,0.562,
0.723,0.731,1,0.565,
0.686,0.702,1,0.504,
0.884,0.955,1,0.639,
0.872,0.974,1,0.587,
0.781,0.764,1,0.692,
0.704,0.703,1,0.514,
0.726,0.748,1,0.525,
0.692,0.694,1,0.519,
0.818,0.827,1,0.681,
0.746,0.736,1,0.601,
0.857,0.864,1,0.768,
0.694,0.722,1,0.504,
0.679,0.649,1,0.505,
0.776,0.766,1,0.659,
0.726,0.722,1,0.564,
0.678,0.689,1,0.493,
0.724,0.702,1,0.604,
0.69,0.664,1,0.523,
0.717,0.7,1,0.526,
0.692,0.661,1,0.558,
0.828,0.864,1,0.66,
0.685,0.708,1,0.494,
0.716,0.73,1,0.476,
0.866,0.883,1,0.776,
0.784,0.762,1,0.704,
0.66,0.644,1,0.49,
0.733,0.714,1,0.576,
0.698,0.677,1,0.587,
0.701,0.702,1,0.547,
0.67,0.677,1,0.489,
0.694,0.69,1,0.511,
0.719,0.7,1,0.599,
0.714,0.704,1,0.549,
0.693,0.689,1,0.477,
0.695,0.674,1,0.527,
0.732,0.739,1,0.575,
0.775,0.752,1,0.637,
0.695,0.695,1,0.55,
0.702,0.714,1,0.49,
0.753,0.741,1,0.611,
0.721,0.713,1,0.542,
0.689,0.714,1,0.441,
0.698,0.69,1,0.555,
0.698,0.685,1,0.552,
0.673,0.663,1,0.522,
0.752,0.756,1,0.579,
0.724,0.742,1,0.55,
0.695,0.657,1,0.59,
0.843,0.834,1,0.765,
0.674,0.665,1,0.524,
0.77,0.756,1,0.667,
0.723,0.751,1,0.482,
0.696,0.692,1,0.557,
0.706,0.694,1,0.563,
0.682,0.713,1,0.474,
0.751,0.76,1,0.635,
0.71,0.709,1,0.445,
0.689,0.708,1,0.484,
0.696,0.702,1,0.534,
0.875,0.984,1,0.578,
0.686,0.712,1,0.462,
0.779,0.76,1,0.676,
0.721,0.748,1,0.531,
0.715,0.699,1,0.58,
0.838,0.932,1,0.622,
0.687,0.704,1,0.514,
0.805,0.814,1,0.637,
0.67,0.67,1,0.5,
0.86,0.962,1,0.61,
0.692,0.677,1,0.509,
0.672,0.688,1,0.511,
0.721,0.696,1,0.614,
0.727,0.718,1,0.551,
0.84,0.851,1,0.706,
0.835,0.865,1,0.674,
0.666,0.653,1,0.504,
0.692,0.696,1,0.539,
0.719,0.728,1,0.487,
0.769,0.761,1,0.643,
0.68,0.692,1,0.517,
0.718,0.704,1,0.575,
0.694,0.681,1,0.557,
0.878,0.96,1,0.673,
0.688,0.725,1,0.477,
0.726,0.741,1,0.498,
0.711,0.714,1,0.525,
0.688,0.722,1,0.498,
0.737,0.736,1,0.512,
0.842,0.831,1,0.767,
0.706,0.688,1,0.547,
0.714,0.726,1,0.505,
0.673,0.677,1,0.487,
0.727,0.716,1,0.611,
0.678,0.693,1,0.505,
0.746,0.73,1,0.579,
0.713,0.72,1,0.521,
0.907,0.982,1,0.696,
0.724,0.73,1,0.547,
0.706,0.717,1,0.55,
0.697,0.716,1,0.487,
0.742,0.734,1,0.588,
0.851,0.858,1,0.745,
0.701,0.742,1,0.516,
0.723,0.732,1,0.533,
0.713,0.688,1,0.558,
0.769,0.76,1,0.655,
0.686,0.665,1,0.479,
0.687,0.706,1,0.505,
0.736,0.746,1,0.514,
0.721,0.696,1,0.606,
0.725,0.745,1,0.488,
0.668,0.677,1,0.513,
0.707,0.696,1,0.553,
0.725,0.731,1,0.577,
0.669,0.685,1,0.487,
0.847,0.951,1,0.65,
0.708,0.694,1,0.515,
0.765,0.762,1,0.623,
0.823,0.912,1,0.505,
0.729,0.722,1,0.602,
0.692,0.724,1,0.493,
0.718,0.738,1,0.526,
0.787,0.781,1,0.591,
0.707,0.7,1,0.522,
0.692,0.692,1,0.485,
0.748,0.749,1,0.557,
0.721,0.738,1,0.515,
0.698,0.683,1,0.509,
0.691,0.705,1,0.517,
0.83,0.902,1,0.502,
0.705,0.696,1,0.578,
0.78,0.766,1,0.653,
0.844,0.843,1,0.708,
0.686,0.669,1,0.551,
0.698,0.73,1,0.482,
0.669,0.685,1,0.472,
0.83,0.85,1,0.641,
0.734,0.722,1,0.57,
0.725,0.728,1,0.481,
0.706,0.711,1,0.476,
0.688,0.689,1,0.524,
0.677,0.682,1,0.507,
0.875,0.985,1,0.658,
0.767,0.756,1,0.662,
0.676,0.671,1,0.509,
0.73,0.736,1,0.528,
0.717,0.736,1,0.548,
0.757,0.755,1,0.566,
0.901,0.976,1,0.706,
0.69,0.708,1,0.508,
0.697,0.702,1,0.522,
0.833,0.874,1,0.622,
0.824,0.857,1,0.597,
0.715,0.7,1,0.564,
0.736,0.765,1,0.543,
0.685,0.696,1,0.435,
0.786,0.772,1,0.703,
0.753,0.739,1,0.608,
0.688,0.703,1,0.508,
0.723,0.708,1,0.609,
0.713,0.71,1,0.504,
0.701,0.712,1,0.486,
0.688,0.672,1,0.533,
0.686,0.72,1,0.464,
0.669,0.664,1,0.529,
0.7,0.696,1,0.544,
0.718,0.696,1,0.57,
0.698,0.68,1,0.541,
0.882,0.963,1,0.678,
0.677,0.686,1,0.487,
0.774,0.754,1,0.663,
0.69,0.69,1,0.501,
0.682,0.697,1,0.481,
0.728,0.71,1,0.592,
0.857,0.864,1,0.722,
0.716,0.724,1,0.486,
0.701,0.738,1,0.481,
0.732,0.726,1,0.583,
0.696,0.718,1,0.501,
0.718,0.732,1,0.514,
0.738,0.728,1,0.576,
0.701,0.71,1,0.492,
0.881,0.959,1,0.684,
0.73,0.716,1,0.572,
0.769,0.744,1,0.655,
0.713,0.736,1,0.524,
0.677,0.681,1,0.524,
0.839,0.839,1,0.729,
0.746,0.734,1,0.538,
0.735,0.754,1,0.555,
0.731,0.752,1,0.544,
0.673,0.673,1,0.512,
0.767,0.766,1,0.636,
0.676,0.691,1,0.45,
0.862,0.962,1,0.608,
0.697,0.685,1,0.548,
0.785,0.761,1,0.725,
0.695,0.696,1,0.563,
0.904,0.982,1,0.624,
0.707,0.745,1,0.492,
0.789,0.79,1,0.595,
0.691,0.676,1,0.537,
0.716,0.705,1,0.549,
0.726,0.708,1,0.622,
0.688,0.702,1,0.418,
0.835,0.827,1,0.749,
0.713,0.744,1,0.48,
0.736,0.741,1,0.535,
0.691,0.726,1,0.469,
0.875,0.974,1,0.597,
0.778,0.756,1,0.696,
0.68,0.675,1,0.504,
0.726,0.71,1,0.59,
0.715,0.73,1,0.511,
0.823,0.852,1,0.653,
0.73,0.712,1,0.559,
0.678,0.665,1,0.524,
0.771,0.752,1,0.629,
0.722,0.746,1,0.502,
0.707,0.724,1,0.507,
0.737,0.719,1,0.577,
0.729,0.746,1,0.52,
0.685,0.682,1,0.49,
0.722,0.724,1,0.545,
0.689,0.671,1,0.568,
0.74,0.746,1,0.595,
0.712,0.747,1,0.488,
0.731,0.732,1,0.514,
0.681,0.706,1,0.483,
0.704,0.689,1,0.58,
0.763,0.741,1,0.603,
0.658,0.665,1,0.429,
0.705,0.716,1,0.49,
0.711,0.702,1,0.586,
0.704,0.732,1,0.481,
0.694,0.687,1,0.53,
0.676,0.665,1,0.518,
0.747,0.734,1,0.636,
0.705,0.683,1,0.539,
0.698,0.7,1,0.438,
0.686,0.724,1,0.445,
0.707,0.74,1,0.54,
0.741,0.722,1,0.607,
0.723,0.74,1,0.527,
0.72,0.724,1,0.565,
0.689,0.725,1,0.403,
0.887,0.955,1,0.583,
0.726,0.754,1,0.522,
0.698,0.742,1,0.501,
0.727,0.712,1,0.558,
0.844,0.852,1,0.691,
0.73,0.748,1,0.524,
0.684,0.696,1,0.475,
0.688,0.692,1,0.554,
0.78,0.762,1,0.696,
0.674,0.659,1,0.531,
0.726,0.691,1,0.631,
0.702,0.683,1,0.533,
0.688,0.69,1,0.495,
0.698,0.73,1,0.47,
0.677,0.657,1,0.545,
0.912,0.993,1,0.705,
0.695,0.677,1,0.578,
0.711,0.706,1,0.549,
0.698,0.718,1,0.52,
0.739,0.728,1,0.564,
0.827,0.915,1,0.459,
0.764,0.749,1,0.539,
0.72,0.726,1,0.527,
0.857,0.875,1,0.669,
0.715,0.751,1,0.49,
0.821,0.835,1,0.661,
0.669,0.682,1,0.427,
0.723,0.728,1,0.516,
0.745,0.755,1,0.575,
0.678,0.667,1,0.513,
0.778,0.764,1,0.669,
0.739,0.731,1,0.599,
0.688,0.693,1,0.517,
0.729,0.73,1,0.552,
0.822,0.915,1,0.516,
0.854,0.956,1,0.562,
0.701,0.698,1,0.547,
0.795,0.774,1,0.71,
0.68,0.677,1,0.48,
0.729,0.736,1,0.533,
0.665,0.641,1,0.433,
0.747,0.724,1,0.65,
0.73,0.696,1,0.603,
0.785,0.802,1,0.583,
0.705,0.683,1,0.568,
0.849,0.854,1,0.748,
0.701,0.742,1,0.333,
0.705,0.696,1,0.514,
0.784,0.77,1,0.689,
0.726,0.744,1,0.517,
0.71,0.73,1,0.492,
0.751,0.741,1,0.608,
0.701,0.694,1,0.566,
0.728,0.706,1,0.541,
0.7,0.702,1,0.445,
0.727,0.75,1,0.532,
0.887,0.954,1,0.641,
0.738,0.75,1,0.564,
0.838,0.95,1,0.462,
0.709,0.695,1,0.554,
0.834,0.856,1,0.628,
0.691,0.687,1,0.493,
0.681,0.677,1,0.508,
0.731,0.714,1,0.635,
0.767,0.751,1,0.647,
0.711,0.734,1,0.4,
0.844,0.853,1,0.736,
0.716,0.714,1,0.514,
0.672,0.683,1,0.438,
0.712,0.737,1,0.344,
0.722,0.766,1,0.502,
0.697,0.695,1,0.452,
0.725,0.704,1,0.549,
0.726,0.709,1,0.602,
0.716,0.706,1,0.567,
0.701,0.722,1,0.505,
0.695,0.731,1,0.383,
0.701,0.696,1,0.492,
0.69,0.718,1,0.348,
0.75,0.76,1,0.588,
0.819,0.846,1,0.593,
0.765,0.776,1,0.62,
0.704,0.714,1,0.48,
0.783,0.768,1,0.655,
0.697,0.683,1,0.567,
0.733,0.744,1,0.515,
0.676,0.681,1,0.381,
0.72,0.714,1,0.444,
0.696,0.686,1,0.47,
0.736,0.752,1,0.591,
0.744,0.766,1,0.591,
0.881,0.956,1,0.64,
0.73,0.742,1,0.547,
0.903,0.993,1,0.708,
0.705,0.694,1,0.557,
0.774,0.768,1,0.59,
0.751,0.728,1,0.662,
0.699,0.68,1,0.502,
0.698,0.712,1,0.403,
0.732,0.756,1,0.549,
0.699,0.732,1,0.473,
0.703,0.704,1,0.55,
0.715,0.718,1,0.548,
0.713,0.677,1,0.63,
0.816,0.892,1,0.325,
0.718,0.758,1,0.491,
0.778,0.758,1,0.645,
0.747,0.752,1,0.58,
0.698,0.694,1,0.516,
0.884,0.943,1,0.642,
0.828,0.843,1,0.688,
0.697,0.7,1,0.538,
0.693,0.684,1,0.564,
0.726,0.71,1,0.578,
0.703,0.703,1,0.55,
0.7,0.695,1,0.541,
0.772,0.752,1,0.651,
0.742,0.774,1,0.464,
0.862,0.863,1,0.798,
0.686,0.69,1,0.528,
0.853,0.969,1,0.564,
0.781,0.764,1,0.691,
0.714,0.746,1,0.495,
0.867,0.859,1,0.804,
0.726,0.708,1,0.61,
0.724,0.716,1,0.551,
0.819,0.819,1,0.69,
0.715,0.742,1,0.519,
0.856,0.982,1,0.33,
0.736,0.748,1,0.507,
0.858,0.863,1,0.763,
0.719,0.734,1,0.537,
0.778,0.774,1,0.651,
0.733,0.728,1,0.6,
0.726,0.706,1,0.608,
0.755,0.741,1,0.626,
0.721,0.745,1,0.509,
0.735,0.77,1,0.536,
0.681,0.689,1,0.405,
0.724,0.74,1,0.56,
0.715,0.698,1,0.612,
0.68,0.683,1,0.426,
0.861,0.938,1,0.588,
0.726,0.734,1,0.487,
0.732,0.714,1,0.591,
0.673,0.662,1,0.449,
0.715,0.691,1,0.591,
0.734,0.738,1,0.543,
0.841,0.826,1,0.764,
0.714,0.7,1,0.599,
0.705,0.72,1,0.5,
0.752,0.738,1,0.63,
0.842,0.847,1,0.695,
0.75,0.763,1,0.538,
0.718,0.736,1,0.496,
0.707,0.682,1,0.611,
0.76,0.739,1,0.657,
0.698,0.712,1,0.468,
0.738,0.738,1,0.548,
0.721,0.726,1,0.528,
0.721,0.745,1,0.456,
0.696,0.683,1,0.542,
0.742,0.759,1,0.518,
0.735,0.743,1,0.577,
0.724,0.708,1,0.618,
0.712,0.711,1,0.578,
0.718,0.72,1,0.511,
0.806,0.867,1,0.522,
0.699,0.684,1,0.548,
0.796,0.787,1,0.695,
0.747,0.765,1,0.609,
0.739,0.72,1,0.625,
0.816,0.851,1,0.641,
0.712,0.756,1,0.448,
0.715,0.7,1,0.541,
0.703,0.688,1,0.52,
0.755,0.778,1,0.62,
0.853,0.853,1,0.765,
0.722,0.748,1,0.537,
0.705,0.688,1,0.561,
0.698,0.714,1,0.462,
0.859,0.96,1,0.572,
0.694,0.689,1,0.489,
0.71,0.689,1,0.478,
0.761,0.74,1,0.635,
0.794,0.783,1,0.717,
0.698,0.697,1,0.541,
0.824,0.823,1,0.708,
0.761,0.774,1,0.601,
0.697,0.697,1,0.54,
0.686,0.686,1,0.313,
0.746,0.735,1,0.62,
0.741,0.764,1,0.565,
0.794,0.77,1,0.719,
0.864,0.939,1,0.606,
0.733,0.732,1,0.552,
0.767,0.756,1,0.618,


0.809,0.85,1,0.666,
0.733,0.68,1,0.571,
0.818,0.799,1,0.771,
0.747,0.751,1,0.489,
0.66,0.758,1,0.375,
0.77,0.76,1,0.679,
0.822,0.813,1,0.705,
0.863,0.867,1,0.772,
0.778,0.76,1,0.709,
0.847,0.825,1,0.783,
0.761,0.754,1,0.642,
0.833,0.868,1,0.647,
0.799,0.774,1,0.749,
0.749,0.758,1,0.571,
0.874,0.926,1,0.763,
0.779,0.806,1,0.586,
0.778,0.768,1,0.675,
0.833,0.845,1,0.719,
0.762,0.772,1,0.633,
0.835,0.815,1,0.766,
0.81,0.808,1,0.707,
0.758,0.744,1,0.477,
0.799,0.796,1,0.702,
0.783,0.744,1,0.704,
0.809,0.787,1,0.759,
0.826,0.808,1,0.719,
0.719,0.753,1,0.562,
0.805,0.784,1,0.719,
0.838,0.865,1,0.726,
0.84,0.845,1,0.761,
0.858,0.946,1,0.646,
0.857,0.868,1,0.792,
0.869,0.882,1,0.785,
0.82,0.846,1,0.67,
0.879,0.945,1,0.706,
0.784,0.767,1,0.685,
0.895,0.95,1,0.736,
0.79,0.771,1,0.713,
0.83,0.865,1,0.674,
0.834,0.812,1,0.75,
0.827,0.848,1,0.701,
0.817,0.808,1,0.725,
0.871,0.956,1,0.677,
0.811,0.8,1,0.727,
0.872,0.906,1,0.75,
0.821,0.798,1,0.755,
0.806,0.797,1,0.72,
0.739,0.714,1,0.529,
0.713,0.7,1,0.492,
0.806,0.806,1,0.684,
0.7,0.649,1,0.613,
0.698,0.695,1,0.444,
0.863,0.927,1,0.669,
0.712,0.673,1,0.598,
0.722,0.71,1,0.513,
0.766,0.838,1,0.592,
0.67,0.611,1,0.565,
0.903,0.969,1,0.751,
0.699,0.688,1,0.582,
0.704,0.685,1,0.541,
0.769,0.774,1,0.649,
0.865,0.897,1,0.721,
0.718,0.695,1,0.564,
0.736,0.721,1,0.669,
0.804,0.784,1,0.717,
0.661,0.695,1,0.333,
0.883,0.893,1,0.792,
0.872,0.946,1,0.669,
0.709,0.663,1,0.62,
0.847,0.873,1,0.727,
0.843,0.874,1,0.678,
0.676,0.636,1,0.495,
0.805,0.79,1,0.718,
0.856,0.879,1,0.677,
0.793,0.808,1,0.693,
0.686,0.686,1,0.446,
0.85,0.935,1,0.632,
0.789,0.839,1,0.613,
0.666,0.671,1,0.46,
0.785,0.776,1,0.661,
0.713,0.698,1,0.575,
0.763,0.772,1,0.616,
0.695,0.712,1,0.502,
0.744,0.739,1,0.665,
0.725,0.686,1,0.621,
0.863,0.957,1,0.627,
0.75,0.726,1,0.662,
0.887,0.972,1,0.696,
0.831,0.829,1,0.722,
0.869,0.971,1,0.633,
0.712,0.694,1,0.597,
0.836,0.838,1,0.721,
0.85,0.873,1,0.735,
0.822,0.797,1,0.756,
0.828,0.884,1,0.631,
0.728,0.695,1,0.669,
0.731,0.719,1,0.599,
0.887,0.971,1,0.662,
0.744,0.717,1,0.685,
0.711,0.716,1,0.444,
0.844,0.849,1,0.744,
0.765,0.749,1,0.663,
0.764,0.737,1,0.66,
0.727,0.702,1,0.668,
0.726,0.706,1,0.628,
0.747,0.705,1,0.672,
0.846,0.856,1,0.724,
0.716,0.694,1,0.587,
0.767,0.75,1,0.685,
0.887,0.976,1,0.692,
0.796,0.882,1,0.579,
0.851,0.844,1,0.793,
0.76,0.762,1,0.636,
0.758,0.764,1,0.599,
0.77,0.725,1,0.662,
0.798,0.821,1,0.657,
0.763,0.737,1,0.674,
0.887,0.976,1,0.691,
0.743,0.719,1,0.665,
0.828,0.81,1,0.776,
0.752,0.718,1,0.66,
0.791,0.812,1,0.658,
0.844,0.839,1,0.758,
0.758,0.772,1,0.651,
0.769,0.739,1,0.691,
0.701,0.655,1,0.62,
0.807,0.799,1,0.691,
0.899,0.965,1,0.716,
0.761,0.726,1,0.69,
0.848,0.922,1,0.647,
0.729,0.712,1,0.617,
0.767,0.771,1,0.684,
0.742,0.73,1,0.65,
0.852,0.883,1,0.664,
0.779,0.75,1,0.678,
0.829,0.887,1,0.649,
0.751,0.715,1,0.662,
0.83,0.817,1,0.757,
0.893,0.951,1,0.714,
0.75,0.738,1,0.637,
0.75,0.72,1,0.644,
0.888,0.95,1,0.693,
0.83,0.813,1,0.735,
0.759,0.756,1,0.654,
0.87,0.971,1,0.62,
0.871,0.929,1,0.653,
0.893,0.982,1,0.663,
0.828,0.829,1,0.704,
0.743,0.714,1,0.65,
0.845,0.898,1,0.638,
0.765,0.747,1,0.684,
0.902,0.963,1,0.712,
0.777,0.801,1,0.652,
0.846,0.909,1,0.621,
0.75,0.712,1,0.617,
0.79,0.805,1,0.692,
0.774,0.756,1,0.665,
0.834,0.956,1,0.572,
0.896,0.98,1,0.704,
0.761,0.736,1,0.699,
0.77,0.751,1,0.665,
0.878,0.972,1,0.654,
0.838,0.833,1,0.754,
0.873,0.915,1,0.691,
0.769,0.749,1,0.682,
0.781,0.79,1,0.627,
0.887,0.98,1,0.638,
0.833,0.836,1,0.702,
0.862,0.959,1,0.622,
0.756,0.732,1,0.681,
0.89,0.966,1,0.643,
0.757,0.739,1,0.688,
0.817,0.823,1,0.659,
0.829,0.871,1,0.662,
0.76,0.724,1,0.669,
0.781,0.766,1,0.676,
0.769,0.768,1,0.61,
0.743,0.716,1,0.654,
0.844,0.928,1,0.641,
0.779,0.756,1,0.672,
0.738,0.716,1,0.621,
0.629,0.579,1,0.487,
0.759,0.728,1,0.686,
0.881,0.975,1,0.611,
0.766,0.74,1,0.69,
0.656,0.618,1,0.541,
0.835,0.833,1,0.766,
0.772,0.776,1,0.652,
0.805,0.813,1,0.692,
0.871,0.968,1,0.585,
0.63,0.623,1,0.507,
0.859,0.94,1,0.643,
0.831,0.843,1,0.693,
0.762,0.74,1,0.675,
0.741,0.755,1,0.578,
0.665,0.642,1,0.576,
0.775,0.775,1,0.681,
0.799,0.818,1,0.678,
0.858,0.936,1,0.677,
0.846,0.93,1,0.594,
0.791,0.767,1,0.699,
0.611,0.536,1,0.525,
0.833,0.842,1,0.684,
0.744,0.754,1,0.547,
0.635,0.593,1,0.459,
0.67,0.659,1,0.459,
0.838,0.821,1,0.767,
0.686,0.675,1,0.577,
0.782,0.762,1,0.687,
0.722,0.723,1,0.59,
0.695,0.704,1,0.589,
0.838,0.928,1,0.575,
0.783,0.756,1,0.672,
0.781,0.796,1,0.626,
0.672,0.648,1,0.571,
0.868,0.969,1,0.646,
0.769,0.76,1,0.671,
0.625,0.562,1,0.539,
0.772,0.79,1,0.555,
0.878,0.978,1,0.575,
0.763,0.725,1,0.68,
0.641,0.609,1,0.501,
0.79,0.798,1,0.629,
0.865,0.963,1,0.607,
0.834,0.827,1,0.711,
0.809,0.853,1,0.648,
0.713,0.685,1,0.573,
0.766,0.746,1,0.637,
0.886,0.958,1,0.696,
0.699,0.679,1,0.564,
0.835,0.84,1,0.722,
0.653,0.607,1,0.585,
0.766,0.75,1,0.653,
0.82,0.8,1,0.738,
0.716,0.724,1,0.56,
0.68,0.645,1,0.615,
0.622,0.636,1,0.427,
0.779,0.78,1,0.588,
0.648,0.639,1,0.475,
0.681,0.668,1,0.575,
0.843,0.887,1,0.65,
0.651,0.599,1,0.504,
0.855,0.952,1,0.649,
0.758,0.736,1,0.653,
0.645,0.599,1,0.555,
0.756,0.781,1,0.582,
0.657,0.603,1,0.551,
0.792,0.793,1,0.69,
0.66,0.635,1,0.539,
0.855,0.97,1,0.559,
0.764,0.738,1,0.625,
0.774,0.768,1,0.638,
0.67,0.641,1,0.566,
0.752,0.736,1,0.667,
0.862,0.899,1,0.662,
0.68,0.655,1,0.538,
0.747,0.722,1,0.638,
0.631,0.582,1,0.527,
0.884,0.936,1,0.73,
0.698,0.678,1,0.605,
0.851,0.868,1,0.713,
0.749,0.734,1,0.626,
0.703,0.694,1,0.57,
0.881,0.95,1,0.629,
0.707,0.674,1,0.606,
0.833,0.839,1,0.632,
0.776,0.776,1,0.629,
0.703,0.692,1,0.565,
0.851,0.94,1,0.678,
0.832,0.871,1,0.616,
0.788,0.768,1,0.688,
0.818,0.833,1,0.686,
0.687,0.638,1,0.532,
0.773,0.806,1,0.628,
0.764,0.748,1,0.607,
0.781,0.766,1,0.67,
0.647,0.631,1,0.47,
0.84,0.89,1,0.622,
0.771,0.764,1,0.664,
0.765,0.787,1,0.645,
0.686,0.648,1,0.572,
0.769,0.766,1,0.607,
0.784,0.798,1,0.563,
0.573,0.595,1,0.321,
0.752,0.731,1,0.676,
0.694,0.678,1,0.583,
0.573,0.546,1,0.455,
0.77,0.807,1,0.535,
0.59,0.522,1,0.452,
0.704,0.694,1,0.558,
0.77,0.761,1,0.628,
0.636,0.607,1,0.514,
0.646,0.61,1,0.553,
0.67,0.633,1,0.572,
0.873,0.945,1,0.601,
0.599,0.59,1,0.444,
0.704,0.73,1,0.539,
0.748,0.754,1,0.533,
0.84,0.855,1,0.718,
0.712,0.687,1,0.593,
0.623,0.576,1,0.471,
0.64,0.641,1,0.476,
0.638,0.585,1,0.499,
0.536,0.5,1,0.394,
0.665,0.619,1,0.565,
0.701,0.684,1,0.589,
0.877,0.982,1,0.573,
0.772,0.756,1,0.599,
0.842,0.932,1,0.615,
0.557,0.522,1,0.385,
0.834,0.849,1,0.747,
0.669,0.625,1,0.586,
0.623,0.579,1,0.529,
0.715,0.704,1,0.549,
0.855,0.938,1,0.662,
0.778,0.774,1,0.655,
0.697,0.682,1,0.535,
0.68,0.629,1,0.524,
0.901,0.984,1,0.71,
0.788,0.849,1,0.605,
0.771,0.754,1,0.647,
0.69,0.693,1,0.519,
0.701,0.677,1,0.589,
0.839,0.872,1,0.727,
0.859,0.967,1,0.544,
0.76,0.76,1,0.585,
0.67,0.637,1,0.51,
0.646,0.627,1,0.47,
0.643,0.645,1,0.424,
0.803,0.832,1,0.624,
0.641,0.601,1,0.546,
0.776,0.763,1,0.586,
0.601,0.55,1,0.49,
0.681,0.677,1,0.5,
0.845,0.829,1,0.763,
0.687,0.669,1,0.54,
0.776,1,1,0.47,
0.648,0.598,1,0.557,
0.639,0.635,1,0.481,
0.625,0.609,1,0.441,
0.591,0.529,1,0.417,
0.672,0.652,1,0.452,
0.698,0.673,1,0.529,
0.649,0.609,1,0.568,
0.608,0.581,1,0.467,
0.767,0.756,1,0.626,
0.681,0.653,1,0.472,
0.585,0.579,1,0.444,
0.546,0.468,1,0.4,
0.673,0.642,1,0.562,
0.668,0.643,1,0.467,
0.654,0.667,1,0.528,
0.81,0.924,1,0.491,
0.767,0.787,1,0.58,
0.597,0.549,1,0.413,
0.628,0.595,1,0.483,
0.659,0.621,1,0.519,
0.595,0.579,1,0.452,
0.779,0.779,1,0.654,
0.584,0.53,1,0.496,
0.688,0.658,1,0.591,
0.761,0.742,1,0.62,
0.582,0.538,1,0.431,
0.818,0.946,1,0.556,
0.791,0.8,1,0.621,
0.861,0.954,1,0.559,
0.676,0.685,1,0.509,
0.587,0.532,1,0.414,
0.781,0.813,1,0.638,
0.667,0.635,1,0.568,
0.697,0.666,1,0.572,
0.828,0.827,1,0.721,
0.585,0.552,1,0.441,
0.778,0.762,1,0.624,
0.782,0.77,1,0.665,
0.691,0.711,1,0.485,
0.731,0.768,1,0.567,
0.655,0.685,1,0.47,
0.683,0.657,1,0.495,
0.782,0.786,1,0.571,
0.887,0.95,1,0.691,
0.631,0.609,1,0.504,
0.597,0.563,1,0.445,
0.69,0.656,1,0.569,
0.777,0.768,1,0.667,
0.812,0.833,1,0.681,
0.629,0.589,1,0.518,
0.598,0.573,1,0.419,
0.71,0.688,1,0.58,
0.647,0.669,1,0.441,
0.773,0.754,1,0.6,
0.618,0.583,1,0.53,
0.626,0.605,1,0.434,
0.861,0.956,1,0.674,
0.614,0.599,1,0.445,
0.701,0.698,1,0.506,
0.706,0.655,1,0.54,
0.669,0.641,1,0.492,
0.74,0.71,1,0.65,
0.832,0.837,1,0.751,
0.611,0.584,1,0.473,
0.655,0.605,1,0.461,
0.689,0.667,1,0.545,
0.621,0.599,1,0.44,
0.751,0.806,1,0.541,
0.843,0.95,1,0.542,
0.781,0.784,1,0.618,
0.78,0.766,1,0.662,
0.627,0.615,1,0.455,
0.698,0.663,1,0.602,
0.647,0.586,1,0.483,
0.626,0.609,1,0.495,
0.823,0.815,1,0.685,
0.631,0.603,1,0.451,
0.765,0.762,1,0.581,
0.69,0.672,1,0.537,
0.808,0.952,1,0.473,
0.626,0.597,1,0.469,
0.704,0.707,1,0.533,
0.772,0.774,1,0.64,
0.673,0.638,1,0.513,
0.639,0.629,1,0.466,
0.621,0.621,1,0.422,
0.759,0.817,1,0.555,
0.698,0.734,1,0.451,
0.614,0.566,1,0.5,
0.605,0.578,1,0.405,
0.667,0.644,1,0.549,
0.766,0.751,1,0.65,
0.708,0.746,1,0.491,
0.652,0.647,1,0.457,
0.829,0.954,1,0.56,
0.705,0.736,1,0.46,
0.775,0.788,1,0.668,
0.662,0.643,1,0.485,
0.633,0.616,1,0.471,
0.622,0.579,1,0.5,
0.69,0.689,1,0.537,
0.774,0.82,1,0.639,
0.704,0.724,1,0.471,
0.773,0.754,1,0.686,
0.703,0.72,1,0.504,
0.587,0.54,1,0.459,
0.767,0.75,1,0.668,
0.672,0.716,1,0.399,
0.632,0.621,1,0.449,
0.657,0.61,1,0.564,
0.706,0.71,1,0.481,
0.611,0.628,1,0.41,
0.616,0.573,1,0.477,
0.631,0.608,1,0.504,
0.63,0.613,1,0.412,
0.703,0.684,1,0.552,
0.611,0.576,1,0.482,
0.766,0.754,1,0.648,
0.636,0.638,1,0.395,
0.824,0.954,1,0.585,
0.689,0.698,1,0.484,
0.639,0.605,1,0.5,
0.839,0.849,1,0.712,
0.661,0.654,1,0.473,
0.707,0.717,1,0.488,
0.714,0.73,1,0.501,
0.783,0.811,1,0.596,
0.806,0.933,1,0.488,
0.65,0.668,1,0.469,
0.882,0.964,1,0.633,
0.722,0.762,1,0.477,
0.668,0.681,1,0.463,
0.622,0.613,1,0.394,
0.661,0.66,1,0.477,
0.817,0.822,1,0.69,
0.703,0.752,1,0.404,
0.854,0.964,1,0.503,
0.777,0.766,1,0.672,
0.609,0.567,1,0.41,
0.678,0.678,1,0.484,
0.666,0.633,1,0.475,
0.778,1,1,0.458,
0.544,0.486,1,0.403,
0.677,0.665,1,0.48,
0.877,0.958,1,0.693,
0.821,0.926,1,0.477,
0.65,0.654,1,0.392,
0.592,0.572,1,0.462,
0.538,0.448,1,0.433,
0.63,0.586,1,0.496,
0.863,0.983,1,0.48,
0.635,0.617,1,0.448,
0.776,0.776,1,0.634,
0.671,0.661,1,0.492,
0.565,0.482,1,0.458,
0.593,0.551,1,0.435,
0.832,0.839,1,0.701,
0.801,0.831,1,0.633,
0.716,0.754,1,0.549,
0.575,0.516,1,0.383,
0.628,0.618,1,0.392,
0.696,0.663,1,0.588,
0.778,0.764,1,0.693,
0.699,0.661,1,0.598,
0.702,0.697,1,0.503,
0.66,0.664,1,0.5,
0.594,0.536,1,0.483,
0.685,0.69,1,0.486,
0.772,0.824,1,0.588,
0.713,0.746,1,0.517,
0.585,0.577,1,0.398,
0.649,0.64,1,0.444,
0.76,0.747,1,0.635,
0.584,0.546,1,0.422,
0.622,0.581,1,0.474,
0.674,0.655,1,0.511,
0.66,0.633,1,0.506,
0.665,0.671,1,0.432,
0.684,0.685,1,0.488,
0.561,0.505,1,0.448,
0.869,0.946,1,0.627,
0.623,0.573,1,0.542,
0.564,0.552,1,0.395,
0.656,0.646,1,0.445,
0.583,0.56,1,0.432,
0.559,0.518,1,0.395,
0.652,0.658,1,0.448,
0.702,0.694,1,0.576,
0.587,0.61,1,0.354,
0.823,0.931,1,0.536,
0.653,0.675,1,0.404,
0.698,0.728,1,0.469,
0.67,0.656,1,0.478,
0.577,0.569,1,0.367,
0.627,0.693,1,0.391,
0.698,0.674,1,0.498,
0.816,0.841,1,0.65,
0.587,0.565,1,0.388,
0.694,0.685,1,0.549,
0.762,0.795,1,0.578,
0.583,0.556,1,0.375,
0.649,0.655,1,0.419,
0.728,0.76,1,0.52,
0.57,0.544,1,0.39,
0.833,0.906,1,0.604,
0.684,0.668,1,0.555,
0.688,0.653,1,0.545,
0.641,0.615,1,0.505,
0.604,0.607,1,0.384,
0.864,0.965,1,0.538,
0.65,0.661,1,0.451,
0.743,0.73,1,0.639,
0.725,0.738,1,0.511,
0.815,0.834,1,0.679,
0.629,0.643,1,0.437,
0.632,0.604,1,0.497,
0.805,0.831,1,0.598,
0.561,0.496,1,0.437,
0.644,0.627,1,0.404,
0.73,0.769,1,0.519,
0.712,0.75,1,0.496,
0.627,0.641,1,0.385,
0.873,0.927,1,0.558,
0.829,0.931,1,0.609,
0.786,0.797,1,0.671,
0.654,0.687,1,0.416,
0.725,0.75,1,0.494,
0.662,0.619,1,0.565,
0.772,0.803,1,0.605,
0.726,0.793,1,0.559,
0.807,0.839,1,0.588,
0.598,0.605,1,0.353,
0.671,0.691,1,0.51,
0.759,0.738,1,0.632,
0.686,0.659,1,0.465,
0.61,0.616,1,0.414,
0.694,0.669,1,0.583,
0.663,0.681,1,0.45,
0.689,0.679,1,0.438,
0.609,0.605,1,0.399,
0.782,0.784,1,0.591,
0.599,0.569,1,0.397,
0.669,0.683,1,0.46,
0.835,0.833,1,0.749,
0.773,0.776,1,0.657,
0.543,0.482,1,0.403,
0.698,0.696,1,0.542,
0.622,0.614,1,0.446,
0.661,0.692,1,0.412,
0.605,0.57,1,0.435,
0.621,0.597,1,0.461,
0.681,0.659,1,0.504,
0.669,0.701,1,0.457,
0.612,0.615,1,0.369,
0.627,0.614,1,0.421,
0.695,0.709,1,0.557,
0.758,0.74,1,0.616,
0.664,0.647,1,0.488,
0.617,0.645,1,0.41,
0.719,0.712,1,0.563,
0.739,0.792,1,0.553,
0.608,0.576,1,0.396,
0.648,0.618,1,0.48,
0.606,0.55,1,0.458,
0.568,0.526,1,0.37,
0.7,0.696,1,0.497,
0.718,0.726,1,0.48,
0.665,0.69,1,0.426,
0.83,0.831,1,0.692,
0.567,0.533,1,0.352,
0.749,0.748,1,0.581,
0.74,0.811,1,0.515,
0.634,0.601,1,0.468,
0.658,0.668,1,0.447,
0.587,0.556,1,0.392,
0.675,0.669,1,0.522,
0.661,0.661,1,0.406,
0.648,0.667,1,0.379,
0.66,0.634,1,0.461,
0.862,0.945,1,0.622,
0.601,0.559,1,0.406,
0.778,0.756,1,0.678,
0.692,0.681,1,0.487,
0.7,0.685,1,0.542,
0.794,0.919,1,0.444,
0.633,0.65,1,0.416,
0.75,0.827,1,0.508,
0.617,0.615,1,0.441,
0.818,0.926,1,0.539,
0.676,0.673,1,0.542,
0.576,0.567,1,0.373,
0.69,0.694,1,0.548,
0.691,0.708,1,0.431,
0.844,0.846,1,0.741,
0.771,0.807,1,0.614,
0.592,0.588,1,0.399,
0.67,0.643,1,0.553,
0.7,0.734,1,0.412,
0.751,0.732,1,0.67,
0.623,0.608,1,0.41,
0.712,0.675,1,0.623,
0.689,0.673,1,0.495,
0.823,0.931,1,0.416,
0.635,0.659,1,0.405,
0.667,0.712,1,0.398,
0.698,0.772,1,0.455,
0.642,0.661,1,0.437,
0.659,0.66,1,0.415,
0.787,0.819,1,0.625,
0.623,0.587,1,0.467,
0.682,0.686,1,0.491,
0.582,0.556,1,0.394,
0.691,0.675,1,0.495,
0.609,0.597,1,0.394,
0.733,0.772,1,0.546,
0.673,0.713,1,0.419,
0.879,0.938,1,0.705,
0.708,0.73,1,0.454,
0.676,0.694,1,0.493,
0.619,0.607,1,0.393,
0.711,0.738,1,0.47,
0.781,0.829,1,0.595,
0.644,0.651,1,0.382,
0.703,0.722,1,0.473,
0.693,0.663,1,0.599,
0.769,0.798,1,0.503,
0.682,0.667,1,0.554,
0.661,0.734,1,0.406,
0.732,0.76,1,0.549,
0.705,0.681,1,0.577,
0.699,0.72,1,0.493,
0.579,0.56,1,0.418,
0.705,0.79,1,0.497,
0.697,0.724,1,0.44,
0.622,0.62,1,0.447,
0.765,0.915,1,0.411,
0.662,0.637,1,0.493,
0.772,0.758,1,0.67,
0.766,0.897,1,0.362,
0.686,0.686,1,0.477,
0.669,0.704,1,0.375,
0.698,0.724,1,0.484,
0.731,0.779,1,0.485,
0.651,0.639,1,0.48,
0.653,0.681,1,0.351,
0.711,0.716,1,0.567,
0.658,0.655,1,0.442,
0.661,0.671,1,0.393,
0.648,0.669,1,0.369,
0.794,0.891,1,0.405,
0.629,0.623,1,0.48,
0.767,0.758,1,0.637,
0.781,0.827,1,0.59,
0.657,0.653,1,0.447,
0.641,0.625,1,0.427,
0.625,0.635,1,0.392,
0.782,0.801,1,0.591,
0.691,0.678,1,0.487,
0.695,0.726,1,0.451,
0.685,0.72,1,0.411,
0.663,0.659,1,0.377,
0.573,0.53,1,0.386,
0.856,0.951,1,0.628,
0.738,0.73,1,0.573,
0.589,0.559,1,0.391,
0.714,0.734,1,0.447,
0.696,0.707,1,0.475,
0.718,0.749,1,0.519,
0.882,0.975,1,0.682,
0.621,0.621,1,0.39,
0.624,0.615,1,0.4,
0.803,0.823,1,0.668,
0.796,0.802,1,0.706,
0.687,0.706,1,0.423,
0.734,0.742,1,0.529,
0.66,0.696,1,0.42,
0.789,0.788,1,0.664,
0.722,0.714,1,0.589,
0.661,0.716,1,0.37,
0.689,0.684,1,0.57,
0.67,0.682,1,0.434,
0.648,0.648,1,0.368,
0.647,0.701,1,0.469,
0.644,0.633,1,0.373,
0.587,0.538,1,0.397,
0.675,0.693,1,0.442,
0.685,0.675,1,0.553,
0.661,0.647,1,0.504,
0.789,0.92,1,0.435,
0.631,0.617,1,0.428,
0.765,0.742,1,0.692,
0.663,0.653,1,0.484,
0.65,0.737,1,0.394,
0.702,0.686,1,0.598,
0.826,0.835,1,0.682,
0.685,0.726,1,0.436,
0.709,0.812,1,0.415,
0.702,0.712,1,0.458,
0.692,0.774,1,0.412,
0.675,0.66,1,0.48,
0.696,0.669,1,0.51,
0.672,0.71,1,0.372,
0.85,0.917,1,0.616,
0.698,0.716,1,0.416,
0.724,0.744,1,0.492,
0.672,0.679,1,0.426,
0.658,0.679,1,0.46,
0.773,0.827,1,0.548,
0.686,0.709,1,0.508,
0.704,0.728,1,0.4,
0.722,0.82,1,0.479,
0.634,0.627,1,0.401,
0.705,0.723,1,0.532,
0.641,0.655,1,0.398,
0.821,0.934,1,0.478,
0.675,0.686,1,0.533,
0.757,0.774,1,0.42,
0.657,0.631,1,0.542,
0.883,0.981,1,0.56,
0.642,0.665,1,0.375,
0.749,0.798,1,0.426,
0.673,0.69,1,0.4,
0.647,0.623,1,0.465,
0.679,0.678,1,0.518,
0.646,0.692,1,0.362,
0.779,0.804,1,0.602,
0.697,0.734,1,0.407,
0.717,0.722,1,0.444,
0.667,0.699,1,0.39,
0.787,0.945,1,0.383,
0.72,0.71,1,0.572,
0.606,0.585,1,0.372,
0.707,0.705,1,0.574,
0.656,0.688,1,0.469,
0.744,0.819,1,0.472,
0.716,0.72,1,0.537,
0.614,0.603,1,0.422,
0.724,0.768,1,0.494,
0.681,0.677,1,0.474,
0.677,0.715,1,0.4,
0.667,0.692,1,0.361,
0.738,0.804,1,0.517,
0.663,0.71,1,0.363,
0.706,0.821,1,0.349,
0.672,0.7,1,0.385,
0.699,0.733,1,0.393,
0.693,0.768,1,0.428,
0.729,0.829,1,0.414,
0.654,0.685,1,0.357,
0.664,0.677,1,0.465,
0.746,0.75,1,0.551,
0.605,0.614,1,0.412,
0.66,0.659,1,0.399,
0.661,0.667,1,0.456,
0.691,0.756,1,0.345,
0.675,0.669,1,0.407,
0.649,0.671,1,0.412,
0.696,0.673,1,0.544,
0.621,0.569,1,0.459,
0.651,0.659,1,0.418,
0.671,0.754,1,0.361,
0.649,0.661,1,0.434,
0.706,0.728,1,0.488,
0.735,0.762,1,0.572,
0.671,0.681,1,0.439,
0.684,0.787,1,0.353,
0.827,0.908,1,0.529,
0.686,0.696,1,0.454,
0.669,0.713,1,0.367,
0.693,0.675,1,0.515,
0.79,0.802,1,0.587,
0.72,0.74,1,0.475,
0.615,0.595,1,0.402,
0.659,0.643,1,0.471,
0.77,0.768,1,0.659,
0.626,0.629,1,0.414,
0.663,0.648,1,0.488,
0.635,0.609,1,0.421,
0.659,0.651,1,0.43,
0.663,0.676,1,0.466,
0.632,0.678,1,0.357,
0.882,0.993,1,0.695,
0.648,0.629,1,0.377,
0.66,0.643,1,0.417,
0.685,0.746,1,0.399,
0.68,0.74,1,0.454,
0.798,0.896,1,0.432,
0.773,0.776,1,0.595,
0.677,0.686,1,0.427,
0.807,0.827,1,0.651,
0.667,0.698,1,0.412,
0.757,0.856,1,0.492,
0.68,0.744,1,0.385,
0.693,0.718,1,0.451,
0.69,0.707,1,0.452,
0.642,0.661,1,0.432,
0.782,0.783,1,0.652,
0.72,0.778,1,0.484,
0.617,0.585,1,0.418,
0.693,0.716,1,0.471,
0.757,0.885,1,0.415,
0.795,0.911,1,0.43,
0.655,0.641,1,0.479,
0.761,0.766,1,0.622,
0.636,0.615,1,0.43,
0.674,0.706,1,0.474,
0.61,0.618,1,0.4,
0.723,0.801,1,0.376,
0.704,0.764,1,0.445,
0.745,0.798,1,0.351,
0.655,0.649,1,0.46,
0.823,0.852,1,0.685,
0.693,0.75,1,0.391,
0.691,0.72,1,0.361,
0.718,0.726,1,0.428,
0.739,0.769,1,0.493,
0.693,0.763,1,0.467,
0.699,0.685,1,0.583,
0.676,0.697,1,0.411,
0.657,0.674,1,0.438,
0.64,0.697,1,0.339,
0.674,0.701,1,0.343,
0.852,0.954,1,0.594,
0.733,0.752,1,0.564,
0.791,0.926,1,0.355,
0.662,0.645,1,0.539,
0.805,0.802,1,0.695,
0.666,0.752,1,0.348,
0.658,0.677,1,0.389,
0.652,0.693,1,0.445,
0.762,0.739,1,0.679,
0.682,0.683,1,0.438,
0.774,0.818,1,0.441,
0.664,0.645,1,0.414,
0.619,0.617,1,0.339,
0.71,0.768,1,0.345,
0.64,0.662,1,0.361,
0.698,0.764,1,0.348,
0.678,0.754,1,0.339,
0.645,0.649,1,0.388,
0.658,0.681,1,0.493,
0.683,0.735,1,0.411,
0.679,0.764,1,0.35,
0.647,0.605,1,0.459,
0.689,0.755,1,0.45,
0.719,0.79,1,0.343,
0.749,0.833,1,0.398,
0.744,0.781,1,0.599,
0.653,0.66,1,0.383,
0.724,0.702,1,0.56,
0.654,0.655,1,0.439,
0.709,0.762,1,0.341,
0.652,0.627,1,0.427,
0.683,0.704,1,0.388,
0.637,0.641,1,0.392,
0.699,0.748,1,0.479,
0.699,0.827,1,0.327,
0.85,0.929,1,0.59,
0.71,0.751,1,0.428,
0.881,0.98,1,0.585,
0.617,0.613,1,0.44,
0.75,0.735,1,0.639,
0.719,0.746,1,0.398,
0.657,0.632,1,0.328,
0.674,0.718,1,0.426,
0.694,0.773,1,0.41,
0.682,0.757,1,0.332,
0.651,0.646,1,0.469,
0.656,0.673,1,0.399,
0.685,0.68,1,0.472,
0.755,0.884,1,0.326,
0.664,0.676,1,0.388,
0.809,0.804,1,0.658,
0.709,0.77,1,0.392,
0.664,0.655,1,0.469,
0.853,0.937,1,0.565,
0.744,0.807,1,0.486,
0.664,0.712,1,0.34,
0.638,0.673,1,0.339,
0.687,0.715,1,0.375,
0.621,0.607,1,0.369,
0.651,0.643,1,0.471,
0.726,0.71,1,0.579,
0.726,0.762,1,0.446,
0.78,0.815,1,0.553,
0.634,0.639,1,0.465,
0.78,0.968,1,0.329,
0.74,0.765,1,0.47,
0.657,0.68,1,0.349,
0.804,0.808,1,0.668,
0.681,0.706,1,0.323,
0.71,0.757,1,0.459,
0.735,0.813,1,0.509,
0.663,0.718,1,0.37,
0.861,0.982,1,0.338,
0.68,0.744,1,0.44,
0.739,0.828,1,0.401,
0.7,0.784,1,0.349,
0.716,0.758,1,0.415,
0.69,0.729,1,0.341,
0.644,0.635,1,0.499,
0.717,0.763,1,0.492,
0.677,0.708,1,0.395,
0.708,0.747,1,0.501,
0.645,0.673,1,0.437,
0.703,0.784,1,0.324,
0.646,0.672,1,0.321,
0.648,0.665,1,0.402,
0.853,0.944,1,0.506,
0.686,0.708,1,0.415,
0.675,0.708,1,0.317,
0.594,0.569,1,0.331,
0.65,0.678,1,0.414,
0.696,0.735,1,0.419,
0.768,0.816,1,0.487,
0.669,0.679,1,0.445,
0.693,0.744,1,0.315,
0.683,0.778,1,0.385,
0.768,0.831,1,0.533,
0.691,0.744,1,0.375,
0.674,0.742,1,0.415,
0.654,0.621,1,0.417,
0.733,0.72,1,0.567,
0.659,0.706,1,0.316,
0.741,0.784,1,0.424,
0.672,0.711,1,0.331,
0.694,0.742,1,0.402,
0.638,0.675,1,0.395,
0.722,0.779,1,0.462,
0.691,0.742,1,0.403,
0.691,0.699,1,0.383,
0.683,0.716,1,0.471,
0.692,0.723,1,0.313,
0.724,0.845,1,0.308,
0.654,0.716,1,0.334,
0.717,0.694,1,0.533,
0.699,0.772,1,0.434,
0.664,0.627,1,0.407,
0.739,0.798,1,0.444,
0.694,0.736,1,0.311,
0.67,0.683,1,0.385,
0.659,0.653,1,0.345,
0.704,0.759,1,0.461,
0.771,0.796,1,0.541,
0.692,0.766,1,0.419,
0.661,0.651,1,0.487,
0.661,0.69,1,0.311,
0.761,0.924,1,0.31,
0.632,0.593,1,0.505,
0.677,0.663,1,0.446,
0.71,0.748,1,0.513,
0.742,0.78,1,0.457,
0.654,0.674,1,0.461,
0.71,0.812,1,0.409,
0.733,0.784,1,0.501,
0.667,0.707,1,0.424,
0.642,0.659,1,0.313,
0.69,0.742,1,0.467,
0.694,0.734,1,0.38,
0.756,0.784,1,0.486,
0.802,0.882,1,0.516,
0.685,0.692,1,0.46,
0.721,0.727,1,0.549,


0.837,0.885,1,0.7,
0.724,0.681,1,0.571,
0.818,0.862,1,0.666,
0.746,0.751,1,0.489,
0.75,0.693,1,0.636,
0.804,0.806,1,0.673,
0.856,0.881,1,0.71,
0.863,0.964,1,0.677,
0.758,0.738,1,0.636,
0.856,0.907,1,0.652,
0.761,0.754,1,0.642,
0.885,0.944,1,0.739,
0.799,0.774,1,0.749,
0.797,0.782,1,0.675,
0.882,0.97,1,0.68,
0.81,0.795,1,0.664,
0.801,0.784,1,0.693,
0.866,0.899,1,0.709,
0.794,0.782,1,0.715,
0.852,0.833,1,0.777,
0.814,0.819,1,0.699,
0.756,0.735,1,0.628,
0.808,0.808,1,0.693,
0.763,0.729,1,0.664,
0.809,0.787,1,0.759,
0.81,0.786,1,0.678,
0.72,0.753,1,0.562,
0.818,0.805,1,0.715,
0.846,0.817,1,0.745,
0.841,0.845,1,0.756,
0.872,0.944,1,0.684,
0.809,0.827,1,0.71,
0.887,0.966,1,0.706,
0.83,0.849,1,0.693,
0.877,0.964,1,0.651,
0.796,0.788,1,0.708,
0.873,0.967,1,0.649,
0.795,0.77,1,0.728,
0.873,0.967,1,0.698,
0.818,0.801,1,0.707,
0.869,0.935,1,0.703,
0.8,0.806,1,0.678,
0.894,0.974,1,0.721,
0.819,0.811,1,0.711,
0.88,0.973,1,0.657,
0.823,0.815,1,0.769,
0.807,0.79,1,0.68,
0.701,0.694,1,0.353,
0.709,0.677,1,0.556,
0.804,0.778,1,0.745,
0.702,0.649,1,0.613,
0.689,0.647,1,0.588,
0.866,0.927,1,0.674,
0.715,0.695,1,0.454,
0.678,0.688,1,0.331,
0.808,0.876,1,0.618,
0.711,0.708,1,0.562,
0.89,0.976,1,0.719,
0.699,0.688,1,0.582,
0.705,0.685,1,0.541,
0.769,0.774,1,0.649,
0.871,0.964,1,0.631,
0.71,0.701,1,0.583,
0.704,0.645,1,0.612,
0.804,0.784,1,0.728,
0.721,0.689,1,0.587,
0.879,0.97,1,0.636,
0.875,0.964,1,0.675,
0.699,0.679,1,0.573,
0.829,0.831,1,0.674,
0.887,0.958,1,0.676,
0.677,0.637,1,0.495,
0.84,0.841,1,0.728,
0.891,0.974,1,0.702,
0.815,0.907,1,0.584,
0.684,0.686,1,0.446,
0.882,0.964,1,0.705,
0.822,0.918,1,0.63,
0.713,0.698,1,0.489,
0.791,0.801,1,0.677,
0.702,0.663,1,0.583,
0.804,0.842,1,0.574,
0.671,0.679,1,0.411,
0.722,0.725,1,0.62,
0.722,0.686,1,0.566,
0.867,0.956,1,0.647,
0.745,0.709,1,0.614,
0.887,0.958,1,0.688,
0.824,0.813,1,0.697,
0.875,0.971,1,0.633,
0.725,0.691,1,0.586,
0.831,0.85,1,0.679,
0.868,0.921,1,0.716,
0.824,0.814,1,0.733,
0.849,0.957,1,0.597,
0.717,0.687,1,0.584,
0.728,0.694,1,0.603,
0.897,0.974,1,0.713,
0.813,0.872,1,0.633,
0.711,0.716,1,0.444,
0.844,0.849,1,0.744,
0.765,0.749,1,0.663,
0.754,0.75,1,0.636,
0.75,0.75,1,0.621,
0.738,0.734,1,0.577,
0.753,0.723,1,0.679,
0.84,0.859,1,0.697,
0.716,0.699,1,0.587,
0.751,0.725,1,0.664,
0.892,0.975,1,0.709,
0.832,0.946,1,0.578,
0.832,0.823,1,0.705,
0.711,0.657,1,0.613,
0.763,0.748,1,0.609,
0.752,0.728,1,0.63,
0.857,0.96,1,0.657,
0.717,0.686,1,0.607,
0.888,0.977,1,0.699,
0.751,0.721,1,0.669,
0.834,0.823,1,0.66,
0.74,0.691,1,0.621,
0.78,0.82,1,0.639,
0.836,0.841,1,0.734,
0.761,0.743,1,0.659,
0.728,0.685,1,0.622,
0.754,0.746,1,0.662,
0.836,0.94,1,0.584,
0.897,0.976,1,0.662,
0.729,0.69,1,0.623,
0.837,0.948,1,0.541,
0.739,0.71,1,0.574,
0.766,0.752,1,0.672,
0.763,0.769,1,0.639,
0.854,0.89,1,0.666,
0.749,0.731,1,0.638,
0.852,0.96,1,0.601,
0.753,0.734,1,0.628,
0.83,0.817,1,0.757,
0.893,0.951,1,0.714,
0.764,0.762,1,0.616,
0.75,0.72,1,0.647,
0.905,0.98,1,0.737,
0.831,0.843,1,0.714,
0.726,0.69,1,0.61,
0.883,0.974,1,0.653,
0.887,0.974,1,0.643,
0.893,0.982,1,0.663,
0.842,0.851,1,0.73,
0.743,0.712,1,0.648,
0.863,0.964,1,0.607,
0.771,0.746,1,0.686,
0.898,0.966,1,0.677,
0.766,0.784,1,0.564,
0.85,0.958,1,0.598,
0.76,0.744,1,0.648,
0.79,0.802,1,0.692,
0.765,0.724,1,0.626,
0.852,0.958,1,0.611,
0.887,0.976,1,0.678,
0.77,0.736,1,0.699,
0.741,0.722,1,0.627,
0.864,0.967,1,0.639,
0.833,0.835,1,0.709,
0.873,0.915,1,0.691,
0.758,0.752,1,0.65,
0.776,0.796,1,0.627,
0.896,0.982,1,0.66,
0.833,0.836,1,0.702,
0.86,0.965,1,0.56,
0.764,0.737,1,0.665,
0.89,0.966,1,0.65,
0.729,0.7,1,0.666,
0.818,0.823,1,0.659,
0.865,0.966,1,0.668,
0.757,0.734,1,0.656,
0.785,0.748,1,0.698,
0.769,0.784,1,0.618,
0.746,0.73,1,0.587,
0.846,0.954,1,0.557,
0.773,0.753,1,0.672,
0.751,0.72,1,0.674,
0.629,0.579,1,0.487,
0.76,0.748,1,0.644,
0.891,0.978,1,0.633,
0.742,0.718,1,0.618,
0.659,0.619,1,0.489,
0.835,0.833,1,0.766,
0.771,0.764,1,0.692,
0.81,0.833,1,0.686,
0.88,0.978,1,0.571,
0.607,0.569,1,0.501,
0.857,0.968,1,0.6,
0.845,0.858,1,0.724,
0.764,0.744,1,0.674,
0.742,0.756,1,0.574,
0.633,0.567,1,0.56,
0.764,0.733,1,0.689,
0.808,0.828,1,0.668,
0.874,0.956,1,0.694,
0.846,0.93,1,0.594,
0.763,0.76,1,0.673,
0.612,0.533,1,0.523,
0.85,0.858,1,0.737,
0.763,0.816,1,0.525,
0.665,0.623,1,0.484,
0.658,0.62,1,0.515,
0.838,0.824,1,0.771,
0.669,0.636,1,0.516,
0.773,0.748,1,0.639,
0.676,0.641,1,0.549,
0.661,0.597,1,0.552,
0.849,0.956,1,0.556,
0.75,0.731,1,0.654,
0.79,0.774,1,0.66,
0.653,0.615,1,0.555,
0.867,0.969,1,0.646,
0.774,0.757,1,0.647,
0.638,0.585,1,0.516,
0.798,0.833,1,0.593,
0.884,0.98,1,0.566,
0.74,0.706,1,0.621,
0.639,0.59,1,0.522,
0.778,0.802,1,0.599,
0.859,0.97,1,0.549,
0.846,0.863,1,0.72,
0.812,0.819,1,0.698,
0.731,0.7,1,0.609,
0.773,0.744,1,0.696,
0.886,0.958,1,0.696,
0.699,0.683,1,0.569,
0.844,0.863,1,0.733,
0.698,0.656,1,0.59,
0.753,0.738,1,0.659,
0.85,0.839,1,0.773,
0.714,0.695,1,0.57,
0.665,0.619,1,0.569,
0.639,0.631,1,0.427,
0.783,0.792,1,0.641,
0.684,0.66,1,0.542,
0.638,0.591,1,0.508,
0.865,0.965,1,0.596,
0.651,0.633,1,0.491,
0.855,0.952,1,0.649,
0.766,0.74,1,0.686,
0.667,0.622,1,0.566,
0.784,0.776,1,0.676,
0.67,0.615,1,0.562,
0.756,0.724,1,0.671,
0.689,0.635,1,0.591,
0.864,0.97,1,0.576,
0.761,0.737,1,0.691,
0.797,0.804,1,0.676,
0.658,0.625,1,0.566,
0.751,0.725,1,0.664,
0.888,0.972,1,0.714,
0.678,0.651,1,0.566,
0.746,0.728,1,0.648,
0.669,0.637,1,0.56,
0.897,0.967,1,0.692,
0.698,0.678,1,0.605,
0.843,0.859,1,0.682,
0.766,0.757,1,0.655,
0.688,0.649,1,0.589,
0.863,0.949,1,0.603,
0.689,0.655,1,0.591,
0.828,0.839,1,0.597,
0.78,0.775,1,0.672,
0.681,0.66,1,0.535,
0.875,0.963,1,0.695,
0.861,0.959,1,0.586,
0.789,0.768,1,0.688,
0.835,0.856,1,0.681,
0.693,0.646,1,0.524,
0.772,0.8,1,0.628,
0.764,0.748,1,0.607,
0.78,0.762,1,0.669,
0.665,0.654,1,0.494,
0.849,0.921,1,0.607,
0.769,0.755,1,0.637,
0.767,0.788,1,0.646,
0.698,0.669,1,0.595,
0.788,0.77,1,0.565,
0.742,0.74,1,0.542,
0.579,0.599,1,0.321,
0.746,0.733,1,0.622,
0.685,0.679,1,0.534,
0.576,0.524,1,0.451,
0.801,0.817,1,0.593,
0.628,0.599,1,0.459,
0.696,0.675,1,0.583,
0.756,0.758,1,0.577,
0.628,0.576,1,0.459,
0.691,0.655,1,0.566,
0.649,0.601,1,0.551,
0.882,0.966,1,0.564,
0.626,0.589,1,0.469,
0.677,0.65,1,0.564,
0.759,0.77,1,0.589,
0.827,0.846,1,0.677,
0.702,0.656,1,0.624,
0.643,0.631,1,0.48,
0.641,0.649,1,0.454,
0.64,0.593,1,0.499,
0.613,0.568,1,0.44,
0.64,0.621,1,0.526,
0.704,0.693,1,0.563,
0.876,0.982,1,0.574,
0.749,0.721,1,0.603,
0.873,0.974,1,0.491,
0.577,0.53,1,0.394,
0.835,0.863,1,0.711,
0.67,0.631,1,0.584,
0.594,0.522,1,0.491,
0.699,0.656,1,0.552,
0.853,0.936,1,0.623,
0.769,0.749,1,0.643,
0.655,0.616,1,0.567,
0.684,0.688,1,0.505,
0.9,0.984,1,0.71,
0.787,0.849,1,0.604,
0.764,0.755,1,0.601,
0.694,0.693,1,0.52,
0.702,0.69,1,0.588,
0.861,0.874,1,0.766,
0.869,0.968,1,0.584,
0.774,0.76,1,0.652,
0.698,0.671,1,0.557,
0.629,0.605,1,0.477,
0.65,0.661,1,0.429,
0.78,0.797,1,0.648,
0.646,0.595,1,0.535,
0.769,0.75,1,0.6,
0.601,0.55,1,0.49,
0.671,0.657,1,0.493,
0.845,0.829,1,0.763,
0.668,0.641,1,0.548,
0.801,1,1,0.498,
0.621,0.581,1,0.495,
0.656,0.609,1,0.477,
0.608,0.561,1,0.434,
0.6,0.558,1,0.456,
0.663,0.648,1,0.449,
0.682,0.649,1,0.52,
0.675,0.639,1,0.597,
0.616,0.573,1,0.457,
0.736,0.716,1,0.589,
0.686,0.655,1,0.472,
0.604,0.579,1,0.446,
0.584,0.543,1,0.438,
0.702,0.693,1,0.557,
0.664,0.673,1,0.446,
0.63,0.59,1,0.476,
0.81,0.924,1,0.491,
0.768,0.786,1,0.586,
0.601,0.54,1,0.445,
0.626,0.568,1,0.522,
0.67,0.632,1,0.541,
0.599,0.581,1,0.452,
0.802,0.814,1,0.618,
0.613,0.566,1,0.504,
0.684,0.665,1,0.55,
0.763,0.742,1,0.619,
0.626,0.579,1,0.454,
0.823,0.946,1,0.577,
0.788,0.785,1,0.65,
0.868,0.97,1,0.553,
0.679,0.679,1,0.481,
0.592,0.54,1,0.37,
0.792,0.827,1,0.61,
0.693,0.667,1,0.596,
0.696,0.671,1,0.551,
0.827,0.824,1,0.72,
0.615,0.578,1,0.449,
0.779,0.762,1,0.624,
0.768,0.746,1,0.687,
0.666,0.652,1,0.478,
0.725,0.73,1,0.533,
0.59,0.542,1,0.461,
0.687,0.665,1,0.491,
0.782,0.786,1,0.571,
0.894,0.986,1,0.654,
0.639,0.619,1,0.498,
0.615,0.567,1,0.466,
0.708,0.702,1,0.558,
0.757,0.743,1,0.637,
0.852,0.853,1,0.758,
0.625,0.585,1,0.489,
0.629,0.623,1,0.428,
0.691,0.673,1,0.591,
0.619,0.59,1,0.433,
0.776,0.765,1,0.574,
0.595,0.569,1,0.494,
0.653,0.666,1,0.431,
0.893,0.977,1,0.698,
0.609,0.584,1,0.442,
0.738,0.738,1,0.515,
0.706,0.655,1,0.54,
0.653,0.611,1,0.529,
0.755,0.732,1,0.678,
0.84,0.847,1,0.736,
0.616,0.615,1,0.47,
0.679,0.686,1,0.461,
0.69,0.662,1,0.551,
0.652,0.623,1,0.437,
0.752,0.806,1,0.541,
0.846,0.954,1,0.568,
0.766,0.744,1,0.702,
0.773,0.755,1,0.664,
0.631,0.621,1,0.443,
0.7,0.685,1,0.564,
0.632,0.589,1,0.483,
0.639,0.589,1,0.514,
0.843,0.853,1,0.768,
0.635,0.591,1,0.417,
0.766,0.762,1,0.581,
0.663,0.635,1,0.522,
0.809,0.952,1,0.473,
0.647,0.614,1,0.478,
0.691,0.651,1,0.536,
0.782,0.776,1,0.67,
0.663,0.627,1,0.514,
0.637,0.602,1,0.451,
0.621,0.597,1,0.417,
0.762,0.823,1,0.555,
0.685,0.716,1,0.446,
0.643,0.597,1,0.545,
0.66,0.637,1,0.494,
0.694,0.655,1,0.569,
0.755,0.752,1,0.648,
0.702,0.706,1,0.511,
0.632,0.61,1,0.451,
0.85,0.968,1,0.619,
0.696,0.722,1,0.514,
0.779,0.776,1,0.648,
0.71,0.694,1,0.497,
0.621,0.572,1,0.467,
0.636,0.599,1,0.501,
0.669,0.63,1,0.485,
0.797,0.81,1,0.679,
0.715,0.75,1,0.508,
0.774,0.755,1,0.699,
0.683,0.659,1,0.469,
0.601,0.552,1,0.467,
0.767,0.747,1,0.667,
0.675,0.707,1,0.411,
0.636,0.619,1,0.459,
0.661,0.62,1,0.569,
0.707,0.707,1,0.487,
0.631,0.613,1,0.435,
0.619,0.573,1,0.478,
0.632,0.608,1,0.504,
0.661,0.653,1,0.423,
0.712,0.706,1,0.568,
0.631,0.585,1,0.522,
0.776,0.764,1,0.661,
0.645,0.635,1,0.426,
0.824,0.954,1,0.585,
0.699,0.726,1,0.489,
0.618,0.568,1,0.519,
0.848,0.843,1,0.712,
0.626,0.589,1,0.454,
0.668,0.651,1,0.478,
0.716,0.707,1,0.548,
0.779,0.786,1,0.66,
0.806,0.933,1,0.488,
0.655,0.639,1,0.46,
0.882,0.964,1,0.62,
0.711,0.736,1,0.518,
0.684,0.695,1,0.497,
0.657,0.655,1,0.45,
0.661,0.651,1,0.485,
0.836,0.851,1,0.725,
0.711,0.702,1,0.4,
0.853,0.964,1,0.503,
0.749,0.72,1,0.644,
0.619,0.585,1,0.482,
0.691,0.684,1,0.509,
0.664,0.632,1,0.533,
0.778,1,1,0.458,
0.544,0.486,1,0.403,
0.645,0.607,1,0.476,
0.877,0.958,1,0.693,
0.856,0.971,1,0.515,
0.668,0.667,1,0.424,
0.593,0.572,1,0.462,
0.587,0.53,1,0.434,
0.651,0.627,1,0.51,
0.865,0.983,1,0.553,
0.641,0.633,1,0.499,
0.771,0.774,1,0.636,
0.685,0.669,1,0.517,
0.581,0.52,1,0.439,
0.624,0.591,1,0.425,
0.831,0.841,1,0.702,
0.801,0.831,1,0.672,
0.726,0.752,1,0.509,
0.599,0.523,1,0.465,
0.638,0.621,1,0.401,
0.732,0.714,1,0.596,
0.777,0.764,1,0.671,
0.693,0.716,1,0.448,
0.703,0.705,1,0.518,
0.66,0.664,1,0.5,
0.581,0.525,1,0.471,
0.695,0.683,1,0.522,
0.788,0.815,1,0.649,
0.7,0.722,1,0.527,
0.624,0.631,1,0.466,
0.656,0.657,1,0.473,
0.746,0.731,1,0.637,
0.574,0.539,1,0.431,
0.632,0.597,1,0.51,
0.664,0.633,1,0.499,
0.644,0.61,1,0.487,
0.661,0.659,1,0.396,
0.707,0.69,1,0.497,
0.576,0.518,1,0.452,
0.878,0.977,1,0.625,
0.614,0.578,1,0.48,
0.575,0.551,1,0.396,
0.655,0.631,1,0.439,
0.581,0.512,1,0.438,
0.566,0.506,1,0.415,
0.656,0.633,1,0.479,
0.669,0.647,1,0.493,
0.631,0.627,1,0.435,
0.826,0.931,1,0.52,
0.67,0.681,1,0.445,
0.712,0.695,1,0.517,
0.659,0.633,1,0.488,
0.608,0.601,1,0.373,
0.638,0.687,1,0.426,
0.692,0.659,1,0.458,
0.83,0.839,1,0.654,
0.588,0.548,1,0.388,
0.697,0.666,1,0.61,
0.736,0.713,1,0.546,
0.568,0.521,1,0.372,
0.659,0.65,1,0.471,
0.728,0.76,1,0.52,
0.575,0.519,1,0.415,
0.87,0.942,1,0.64,
0.673,0.643,1,0.547,
0.698,0.673,1,0.557,
0.658,0.625,1,0.526,
0.616,0.609,1,0.418,
0.876,0.979,1,0.585,
0.638,0.625,1,0.441,
0.747,0.732,1,0.653,
0.724,0.732,1,0.518,
0.814,0.82,1,0.679,
0.627,0.605,1,0.421,
0.628,0.599,1,0.47,
0.833,0.844,1,0.663,
0.58,0.528,1,0.433,
0.652,0.605,1,0.432,
0.732,0.769,1,0.519,
0.713,0.737,1,0.471,
0.636,0.635,1,0.453,
0.871,0.962,1,0.471,
0.848,0.965,1,0.612,
0.768,0.774,1,0.622,
0.688,0.744,1,0.418,
0.716,0.702,1,0.523,
0.659,0.615,1,0.544,
0.806,0.814,1,0.708,
0.726,0.747,1,0.552,
0.824,0.836,1,0.697,
0.596,0.607,1,0.37,
0.671,0.691,1,0.51,
0.758,0.738,1,0.626,
0.685,0.649,1,0.478,
0.61,0.581,1,0.412,
0.725,0.704,1,0.629,
0.659,0.671,1,0.442,
0.691,0.679,1,0.438,
0.64,0.623,1,0.403,
0.785,0.802,1,0.571,
0.604,0.561,1,0.386,
0.669,0.683,1,0.464,
0.84,0.842,1,0.696,
0.77,0.751,1,0.639,
0.574,0.515,1,0.405,
0.692,0.68,1,0.563,
0.64,0.638,1,0.404,
0.649,0.673,1,0.408,
0.605,0.567,1,0.435,
0.65,0.633,1,0.49,
0.689,0.683,1,0.539,
0.689,0.673,1,0.501,
0.62,0.607,1,0.36,
0.603,0.558,1,0.465,
0.687,0.657,1,0.538,
0.758,0.74,1,0.616,
0.672,0.651,1,0.468,
0.614,0.591,1,0.433,
0.71,0.683,1,0.541,
0.691,0.691,1,0.523,
0.608,0.587,1,0.396,
0.649,0.619,1,0.477,
0.654,0.631,1,0.487,
0.574,0.537,1,0.369,
0.726,0.728,1,0.513,
0.718,0.723,1,0.483,
0.66,0.689,1,0.426,
0.815,0.829,1,0.709,
0.583,0.581,1,0.355,
0.743,0.735,1,0.617,
0.74,0.811,1,0.518,
0.628,0.573,1,0.481,
0.651,0.614,1,0.444,
0.594,0.562,1,0.394,
0.706,0.689,1,0.496,
0.663,0.672,1,0.416,
0.653,0.671,1,0.413,
0.652,0.607,1,0.527,
0.88,0.984,1,0.654,
0.585,0.531,1,0.42,
0.76,0.742,1,0.661,
0.689,0.681,1,0.481,
0.705,0.706,1,0.511,
0.827,0.931,1,0.58,
0.625,0.641,1,0.394,
0.754,0.827,1,0.508,
0.625,0.607,1,0.474,
0.818,0.926,1,0.539,
0.674,0.659,1,0.53,
0.59,0.585,1,0.358,
0.682,0.675,1,0.547,
0.68,0.692,1,0.453,
0.844,0.849,1,0.682,
0.799,0.814,1,0.66,
0.594,0.596,1,0.408,
0.666,0.637,1,0.535,
0.702,0.718,1,0.428,
0.768,0.757,1,0.658,
0.612,0.583,1,0.383,
0.719,0.692,1,0.623,
0.689,0.673,1,0.481,
0.848,0.957,1,0.591,
0.631,0.635,1,0.369,
0.674,0.704,1,0.407,
0.695,0.771,1,0.44,
0.664,0.657,1,0.388,
0.634,0.599,1,0.393,
0.817,0.831,1,0.638,
0.654,0.621,1,0.473,
0.696,0.685,1,0.488,
0.628,0.588,1,0.394,
0.71,0.692,1,0.571,
0.611,0.587,1,0.418,
0.704,0.677,1,0.555,
0.667,0.681,1,0.441,
0.878,0.944,1,0.713,
0.711,0.71,1,0.481,
0.677,0.689,1,0.47,
0.602,0.573,1,0.387,
0.705,0.683,1,0.536,
0.804,0.835,1,0.625,
0.646,0.655,1,0.364,
0.704,0.697,1,0.518,
0.712,0.698,1,0.566,
0.769,0.798,1,0.503,
0.684,0.676,1,0.524,
0.658,0.719,1,0.4,
0.732,0.76,1,0.549,
0.717,0.702,1,0.569,
0.699,0.72,1,0.493,
0.608,0.577,1,0.417,
0.684,0.734,1,0.488,
0.694,0.683,1,0.417,
0.631,0.62,1,0.447,
0.781,0.915,1,0.411,
0.666,0.633,1,0.502,
0.775,0.753,1,0.669,
0.782,0.903,1,0.423,
0.694,0.698,1,0.516,
0.642,0.633,1,0.377,
0.676,0.669,1,0.457,
0.727,0.78,1,0.498,
0.659,0.629,1,0.524,
0.645,0.66,1,0.359,
0.726,0.727,1,0.525,
0.659,0.655,1,0.402,
0.665,0.655,1,0.484,
0.632,0.623,1,0.395,
0.808,0.919,1,0.508,
0.636,0.6,1,0.454,
0.78,0.769,1,0.679,
0.781,0.827,1,0.59,
0.678,0.664,1,0.465,
0.665,0.647,1,0.452,
0.641,0.621,1,0.433,
0.781,0.8,1,0.622,
0.702,0.677,1,0.547,
0.686,0.692,1,0.447,
0.686,0.678,1,0.452,
0.67,0.663,1,0.378,
0.607,0.583,1,0.39,
0.871,0.984,1,0.614,
0.749,0.737,1,0.633,
0.59,0.54,1,0.384,
0.716,0.722,1,0.486,
0.687,0.681,1,0.482,
0.7,0.696,1,0.564,
0.872,0.974,1,0.539,
0.617,0.578,1,0.388,
0.636,0.613,1,0.4,
0.829,0.845,1,0.648,
0.811,0.806,1,0.688,
0.698,0.722,1,0.422,
0.731,0.726,1,0.575,
0.682,0.681,1,0.453,
0.79,0.788,1,0.665,
0.737,0.712,1,0.619,
0.654,0.667,1,0.418,
0.696,0.664,1,0.566,
0.692,0.707,1,0.426,
0.663,0.675,1,0.399,
0.645,0.635,1,0.406,
0.651,0.633,1,0.418,
0.597,0.54,1,0.448,
0.667,0.631,1,0.518,
0.681,0.667,1,0.531,
0.667,0.64,1,0.556,
0.831,0.961,1,0.541,
0.646,0.61,1,0.478,
0.742,0.729,1,0.607,
0.67,0.634,1,0.469,
0.652,0.692,1,0.425,
0.692,0.658,1,0.581,
0.826,0.834,1,0.682,
0.696,0.689,1,0.51,
0.705,0.785,1,0.454,
0.697,0.716,1,0.464,
0.665,0.71,1,0.455,
0.683,0.684,1,0.477,
0.694,0.671,1,0.42,
0.675,0.69,1,0.431,
0.858,0.949,1,0.587,
0.695,0.661,1,0.451,
0.721,0.704,1,0.592,
0.684,0.665,1,0.463,
0.657,0.68,1,0.46,
0.774,0.827,1,0.556,
0.699,0.735,1,0.474,
0.705,0.72,1,0.441,
0.68,0.701,1,0.355,
0.633,0.631,1,0.396,
0.684,0.683,1,0.533,
0.648,0.657,1,0.397,
0.839,0.954,1,0.392,
0.663,0.635,1,0.522,
0.757,0.774,1,0.42,
0.668,0.631,1,0.531,
0.893,0.98,1,0.611,
0.651,0.65,1,0.395,
0.76,0.786,1,0.513,
0.656,0.644,1,0.387,
0.639,0.615,1,0.47,
0.677,0.679,1,0.488,
0.645,0.63,1,0.408,
0.791,0.809,1,0.648,
0.706,0.735,1,0.516,
0.701,0.704,1,0.466,
0.674,0.715,1,0.395,
0.82,0.972,1,0.496,
0.727,0.709,1,0.606,
0.622,0.606,1,0.416,
0.69,0.671,1,0.569,
0.669,0.67,1,0.416,
0.793,0.845,1,0.605,
0.697,0.708,1,0.484,
0.637,0.628,1,0.453,
0.748,0.738,1,0.555,
0.682,0.673,1,0.474,
0.68,0.715,1,0.417,
0.678,0.682,1,0.449,
0.737,0.804,1,0.5,
0.641,0.66,1,0.375,
0.69,0.693,1,0.441,
0.652,0.665,1,0.426,
0.704,0.734,1,0.514,
0.691,0.769,1,0.43,
0.699,0.736,1,0.438,
0.651,0.66,1,0.411,
0.66,0.674,1,0.464,
0.746,0.75,1,0.551,
0.62,0.608,1,0.399,
0.663,0.637,1,0.402,
0.662,0.667,1,0.456,
0.684,0.74,1,0.407,
0.677,0.652,1,0.496,
0.633,0.625,1,0.344,
0.715,0.678,1,0.588,
0.664,0.641,1,0.463,
0.675,0.679,1,0.485,
0.68,0.732,1,0.354,
0.651,0.631,1,0.452,
0.717,0.736,1,0.54,
0.715,0.727,1,0.551,
0.676,0.658,1,0.418,
0.671,0.736,1,0.425,
0.826,0.908,1,0.529,
0.691,0.686,1,0.449,
0.674,0.714,1,0.457,
0.711,0.69,1,0.57,
0.813,0.832,1,0.577,
0.719,0.677,1,0.571,
0.619,0.564,1,0.452,
0.648,0.603,1,0.465,
0.759,0.742,1,0.636,
0.641,0.632,1,0.433,
0.708,0.689,1,0.588,
0.679,0.649,1,0.522,
0.665,0.659,1,0.43,
0.685,0.689,1,0.515,
0.631,0.676,1,0.399,
0.9,0.993,1,0.733,
0.647,0.627,1,0.352,
0.641,0.619,1,0.441,
0.657,0.655,1,0.423,
0.705,0.728,1,0.543,
0.799,0.896,1,0.482,
0.711,0.698,1,0.404,
0.695,0.685,1,0.543,
0.814,0.8,1,0.735,
0.663,0.663,1,0.415,
0.757,0.826,1,0.502,
0.658,0.681,1,0.425,
0.694,0.714,1,0.447,
0.678,0.676,1,0.349,
0.627,0.584,1,0.451,
0.784,0.772,1,0.679,
0.706,0.743,1,0.437,
0.66,0.629,1,0.453,
0.694,0.679,1,0.547,
0.795,0.925,1,0.521,
0.795,0.911,1,0.43,
0.634,0.589,1,0.457,
0.748,0.731,1,0.595,
0.652,0.653,1,0.411,
0.68,0.679,1,0.483,
0.622,0.629,1,0.426,
0.723,0.801,1,0.376,
0.696,0.679,1,0.485,
0.731,0.796,1,0.351,
0.66,0.639,1,0.498,
0.852,0.855,1,0.745,
0.676,0.718,1,0.359,
0.688,0.725,1,0.36,
0.699,0.679,1,0.49,
0.681,0.677,1,0.462,
0.682,0.728,1,0.38,
0.691,0.651,1,0.562,
0.659,0.647,1,0.34,
0.667,0.675,1,0.438,
0.655,0.716,1,0.383,
0.71,0.724,1,0.51,
0.877,0.954,1,0.702,
0.717,0.734,1,0.541,
0.794,0.926,1,0.349,
0.67,0.65,1,0.481,
0.808,0.813,1,0.663,
0.674,0.756,1,0.361,
0.615,0.629,1,0.37,
0.655,0.669,1,0.433,
0.762,0.738,1,0.681,
0.709,0.71,1,0.543,
0.83,0.839,1,0.606,
0.659,0.626,1,0.427,
0.652,0.653,1,0.486,
0.709,0.77,1,0.434,
0.68,0.697,1,0.492,
0.664,0.665,1,0.365,
0.682,0.754,1,0.404,
0.656,0.645,1,0.433,
0.641,0.627,1,0.478,
0.651,0.652,1,0.41,
0.693,0.764,1,0.337,
0.674,0.65,1,0.438,
0.691,0.756,1,0.422,
0.717,0.763,1,0.472,
0.783,0.8,1,0.573,
0.746,0.781,1,0.599,
0.678,0.663,1,0.487,
0.727,0.71,1,0.601,
0.656,0.641,1,0.453,
0.709,0.762,1,0.341,
0.655,0.634,1,0.486,
0.668,0.716,1,0.41,
0.623,0.631,1,0.381,
0.674,0.692,1,0.372,
0.709,0.804,1,0.365,
0.862,0.956,1,0.549,
0.703,0.751,1,0.362,
0.885,0.992,1,0.588,
0.625,0.603,1,0.422,
0.753,0.726,1,0.522,
0.736,0.718,1,0.575,
0.665,0.627,1,0.478,
0.662,0.661,1,0.378,
0.671,0.667,1,0.451,
0.68,0.757,1,0.38,
0.636,0.595,1,0.462,
0.681,0.684,1,0.438,
0.698,0.684,1,0.496,
0.779,0.899,1,0.355,
0.668,0.669,1,0.433,
0.809,0.804,1,0.658,
0.698,0.714,1,0.462,
0.656,0.623,1,0.433,
0.86,0.95,1,0.456,
0.758,0.798,1,0.553,
0.634,0.623,1,0.346,
0.614,0.596,1,0.432,
0.686,0.714,1,0.375,
0.634,0.635,1,0.414,
0.669,0.653,1,0.561,
0.744,0.736,1,0.596,
0.729,0.748,1,0.485,
0.802,0.818,1,0.642,
0.626,0.597,1,0.474,
0.786,0.935,1,0.325,
0.737,0.766,1,0.412,
0.673,0.673,1,0.363,
0.841,0.856,1,0.731,
0.681,0.706,1,0.323,
0.71,0.757,1,0.459,
0.736,0.813,1,0.509,
0.663,0.72,1,0.366,
0.858,0.982,1,0.419,
0.674,0.675,1,0.423,
0.734,0.816,1,0.372,
0.701,0.722,1,0.459,
0.72,0.742,1,0.409,
0.71,0.707,1,0.357,
0.642,0.606,1,0.508,
0.689,0.7,1,0.488,
0.673,0.639,1,0.519,
0.695,0.696,1,0.426,
0.628,0.623,1,0.326,
0.707,0.784,1,0.446,
0.648,0.656,1,0.361,
0.657,0.68,1,0.362,
0.851,0.94,1,0.459,
0.686,0.683,1,0.444,
0.676,0.69,1,0.462,
0.64,0.657,1,0.331,
0.659,0.623,1,0.491,
0.708,0.726,1,0.515,
0.768,0.816,1,0.486,
0.66,0.637,1,0.491,
0.683,0.704,1,0.389,
0.69,0.753,1,0.412,
0.768,0.831,1,0.533,
0.708,0.726,1,0.412,
0.675,0.743,1,0.42,
0.665,0.679,1,0.316,
0.678,0.659,1,0.446,
0.662,0.706,1,0.362,
0.708,0.678,1,0.523,
0.672,0.653,1,0.4,
0.68,0.723,1,0.39,
0.62,0.665,1,0.309,
0.722,0.779,1,0.462,
0.671,0.663,1,0.436,
0.691,0.699,1,0.383,
0.651,0.63,1,0.488,
0.688,0.691,1,0.463,
0.75,0.908,1,0.389,
0.653,0.716,1,0.332,
0.715,0.672,1,0.564,
0.681,0.718,1,0.441,
0.672,0.641,1,0.408,
0.734,0.798,1,0.478,
0.667,0.662,1,0.387,
0.67,0.685,1,0.372,
0.657,0.653,1,0.409,
0.696,0.683,1,0.469,
0.784,0.804,1,0.533,
0.657,0.653,1,0.461,
0.658,0.627,1,0.502,
0.673,0.714,1,0.311,
0.788,0.948,1,0.42,
0.637,0.603,1,0.468,
0.673,0.663,1,0.475,
0.69,0.676,1,0.548,
0.742,0.78,1,0.457,
0.639,0.623,1,0.451,
0.713,0.815,1,0.43,
0.715,0.717,1,0.54,
0.666,0.707,1,0.424,
0.656,0.659,1,0.313,
0.711,0.712,1,0.465,
0.692,0.734,1,0.38,
0.748,0.746,1,0.512,
0.836,0.932,1,0.496,
0.686,0.681,1,0.464,
0.718,0.723,1,0.472,


0.8,0.932,1,0.572,
0.684,0.623,1,0.53,
0.782,0.876,1,0.57,
0.665,0.62,1,0.491,
0.803,0.851,1,0.616,
0.689,0.633,1,0.46,
0.824,0.936,1,0.603,
0.829,0.945,1,0.618,
0.671,0.633,1,0.45,
0.825,0.946,1,0.585,
0.68,0.637,1,0.571,
0.812,0.885,1,0.614,
0.714,0.673,1,0.567,
0.705,0.682,1,0.599,
0.812,0.943,1,0.572,
0.647,0.599,1,0.504,
0.715,0.702,1,0.577,
0.809,0.94,1,0.562,
0.667,0.63,1,0.505,
0.821,0.933,1,0.586,
0.721,0.675,1,0.577,
0.7,0.663,1,0.596,
0.699,0.674,1,0.541,
0.707,0.66,1,0.62,
0.717,0.679,1,0.587,
0.819,0.901,1,0.603,
0.668,0.641,1,0.501,
0.697,0.667,1,0.546,
0.819,0.942,1,0.593,
0.741,0.698,1,0.578,
0.824,0.947,1,0.581,
0.758,0.758,1,0.618,
0.84,0.952,1,0.591,
0.734,0.72,1,0.594,
0.846,0.949,1,0.59,
0.674,0.637,1,0.565,
0.845,0.954,1,0.601,
0.729,0.685,1,0.592,
0.813,0.945,1,0.579,
0.761,0.726,1,0.625,
0.817,0.945,1,0.581,
0.748,0.754,1,0.608,
0.839,0.954,1,0.599,
0.713,0.694,1,0.607,
0.833,0.949,1,0.592,
0.748,0.731,1,0.64,
0.712,0.678,1,0.609,
0.6,0.542,1,0.437,
0.592,0.516,1,0.466,
0.718,0.675,1,0.584,
0.629,0.585,1,0.487,
0.604,0.544,1,0.481,
0.821,0.944,1,0.549,
0.599,0.542,1,0.457,
0.616,0.556,1,0.492,
0.755,0.918,1,0.491,
0.623,0.569,1,0.502,
0.849,0.954,1,0.571,
0.652,0.622,1,0.509,
0.611,0.573,1,0.509,
0.774,0.92,1,0.532,
0.826,0.952,1,0.561,
0.591,0.525,1,0.475,
0.681,0.718,1,0.511,
0.747,0.712,1,0.614,
0.627,0.577,1,0.455,
0.85,0.96,1,0.561,
0.843,0.953,1,0.594,
0.619,0.548,1,0.482,
0.732,0.735,1,0.573,
0.816,0.942,1,0.549,
0.592,0.526,1,0.465,
0.743,0.758,1,0.607,
0.828,0.949,1,0.541,
0.766,0.923,1,0.482,
0.599,0.556,1,0.465,
0.835,0.946,1,0.528,
0.772,0.926,1,0.484,
0.582,0.559,1,0.381,
0.721,0.746,1,0.55,
0.629,0.562,1,0.506,
0.756,0.899,1,0.468,
0.595,0.522,1,0.459,
0.696,0.72,1,0.52,
0.604,0.571,1,0.414,
0.803,0.938,1,0.516,
0.599,0.532,1,0.48,
0.827,0.954,1,0.55,
0.78,0.78,1,0.618,
0.837,0.958,1,0.555,
0.639,0.607,1,0.523,
0.756,0.763,1,0.58,
0.821,0.946,1,0.567,
0.728,0.696,1,0.61,
0.788,0.931,1,0.496,
0.647,0.585,1,0.521,
0.645,0.593,1,0.532,
0.845,0.959,1,0.562,
0.782,0.927,1,0.502,
0.602,0.55,1,0.468,
0.734,0.722,1,0.594,
0.702,0.744,1,0.517,
0.6,0.548,1,0.458,
0.669,0.624,1,0.516,
0.634,0.599,1,0.481,
0.651,0.607,1,0.529,
0.791,0.788,1,0.612,
0.611,0.577,1,0.446,
0.655,0.611,1,0.529,
0.846,0.962,1,0.582,
0.768,0.925,1,0.468,
0.77,0.744,1,0.649,
0.68,0.724,1,0.495,
0.627,0.58,1,0.491,
0.586,0.546,1,0.431,
0.781,0.933,1,0.503,
0.639,0.595,1,0.526,
0.847,0.963,1,0.561,
0.692,0.68,1,0.511,
0.768,0.759,1,0.57,
0.625,0.579,1,0.523,
0.71,0.665,1,0.559,
0.786,0.794,1,0.653,
0.7,0.73,1,0.536,
0.623,0.581,1,0.507,
0.713,0.756,1,0.551,
0.768,0.917,1,0.458,
0.846,0.962,1,0.552,
0.644,0.599,1,0.526,
0.793,0.926,1,0.449,
0.651,0.609,1,0.549,
0.713,0.734,1,0.542,
0.715,0.735,1,0.531,
0.815,0.941,1,0.526,
0.617,0.571,1,0.482,
0.788,0.94,1,0.485,
0.587,0.554,1,0.45,
0.733,0.734,1,0.584,
0.845,0.963,1,0.589,
0.702,0.738,1,0.544,
0.638,0.597,1,0.525,
0.84,0.962,1,0.542,
0.751,0.738,1,0.604,
0.648,0.607,1,0.54,
0.843,0.963,1,0.521,
0.835,0.961,1,0.502,
0.85,0.968,1,0.57,
0.795,0.802,1,0.669,
0.654,0.605,1,0.525,
0.803,0.943,1,0.505,
0.675,0.636,1,0.559,
0.826,0.953,1,0.573,
0.673,0.718,1,0.484,
0.794,0.94,1,0.499,
0.626,0.589,1,0.501,
0.731,0.752,1,0.596,
0.622,0.567,1,0.509,
0.797,0.944,1,0.478,
0.846,0.967,1,0.614,
0.681,0.724,1,0.496,
0.626,0.597,1,0.486,
0.835,0.956,1,0.551,
0.75,0.754,1,0.607,
0.834,0.96,1,0.548,
0.67,0.637,1,0.537,
0.721,0.73,1,0.52,
0.855,0.97,1,0.527,
0.769,0.776,1,0.556,
0.793,0.944,1,0.444,
0.663,0.627,1,0.535,
0.841,0.965,1,0.508,
0.694,0.726,1,0.53,
0.763,0.76,1,0.594,
0.784,0.937,1,0.486,
0.631,0.584,1,0.502,
0.654,0.611,1,0.535,
0.676,0.702,1,0.5,
0.608,0.565,1,0.501,
0.794,0.937,1,0.476,
0.617,0.582,1,0.509,
0.659,0.624,1,0.543,
0.527,0.456,1,0.41,
0.657,0.621,1,0.552,
0.851,0.967,1,0.499,
0.647,0.608,1,0.558,
0.513,0.446,1,0.374,
0.734,0.732,1,0.57,
0.661,0.601,1,0.556,
0.741,0.766,1,0.592,
0.852,0.968,1,0.514,
0.53,0.486,1,0.403,
0.795,0.948,1,0.439,
0.746,0.748,1,0.56,
0.653,0.619,1,0.518,
0.705,0.736,1,0.525,
0.538,0.521,1,0.401,
0.638,0.593,1,0.47,
0.727,0.758,1,0.564,
0.801,0.94,1,0.516,
0.785,0.938,1,0.432,
0.635,0.597,1,0.528,
0.526,0.457,1,0.422,
0.778,0.78,1,0.631,
0.679,0.718,1,0.488,
0.529,0.472,1,0.413,
0.525,0.475,1,0.413,
0.737,0.748,1,0.57,
0.537,0.488,1,0.413,
0.621,0.571,1,0.51,
0.52,0.461,1,0.404,
0.538,0.489,1,0.401,
0.776,0.935,1,0.449,
0.642,0.595,1,0.531,
0.719,0.731,1,0.564,
0.549,0.488,1,0.395,
0.791,0.945,1,0.431,
0.66,0.623,1,0.51,
0.529,0.467,1,0.423,
0.759,0.782,1,0.595,
0.856,0.969,1,0.516,
0.628,0.587,1,0.489,
0.519,0.44,1,0.392,
0.722,0.758,1,0.513,
0.802,0.953,1,0.433,
0.794,0.822,1,0.566,
0.738,0.772,1,0.571,
0.564,0.508,1,0.469,
0.636,0.592,1,0.519,
0.838,0.958,1,0.52,
0.589,0.562,1,0.412,
0.772,0.77,1,0.656,
0.607,0.599,1,0.429,
0.658,0.628,1,0.509,
0.774,0.789,1,0.602,
0.583,0.542,1,0.423,
0.541,0.501,1,0.418,
0.519,0.47,1,0.409,
0.657,0.641,1,0.519,
0.525,0.466,1,0.414,
0.549,0.494,1,0.405,
0.797,0.951,1,0.48,
0.528,0.462,1,0.427,
0.802,0.946,1,0.433,
0.653,0.619,1,0.535,
0.595,0.593,1,0.417,
0.709,0.734,1,0.504,
0.53,0.466,1,0.414,
0.647,0.613,1,0.53,
0.574,0.544,1,0.404,
0.798,0.95,1,0.421,
0.624,0.608,1,0.468,
0.717,0.756,1,0.505,
0.574,0.556,1,0.43,
0.647,0.607,1,0.548,
0.828,0.962,1,0.511,
0.543,0.49,1,0.423,
0.657,0.615,1,0.538,
0.516,0.453,1,0.411,
0.813,0.962,1,0.468,
0.584,0.542,1,0.416,
0.771,0.771,1,0.568,
0.67,0.644,1,0.556,
0.583,0.562,1,0.41,
0.809,0.929,1,0.476,
0.577,0.516,1,0.439,
0.764,0.769,1,0.576,
0.655,0.601,1,0.545,
0.592,0.582,1,0.426,
0.805,0.94,1,0.505,
0.79,0.94,1,0.433,
0.635,0.606,1,0.495,
0.777,0.792,1,0.604,
0.522,0.46,1,0.408,
0.718,0.748,1,0.491,
0.62,0.587,1,0.508,
0.637,0.623,1,0.493,
0.558,0.493,1,0.433,
0.775,0.944,1,0.41,
0.673,0.631,1,0.535,
0.65,0.703,1,0.435,
0.599,0.587,1,0.426,
0.684,0.694,1,0.516,
0.614,0.625,1,0.446,
0.512,0.464,1,0.375,
0.641,0.592,1,0.506,
0.595,0.573,1,0.426,
0.491,0.439,1,0.369,
0.744,0.796,1,0.496,
0.48,0.416,1,0.378,
0.602,0.615,1,0.439,
0.717,0.74,1,0.464,
0.501,0.43,1,0.388,
0.603,0.597,1,0.447,
0.549,0.501,1,0.411,
0.834,0.952,1,0.453,
0.512,0.464,1,0.373,
0.584,0.588,1,0.419,
0.664,0.631,1,0.534,
0.76,0.774,1,0.533,
0.538,0.471,1,0.435,
0.538,0.518,1,0.369,
0.516,0.473,1,0.365,
0.538,0.555,1,0.369,
0.489,0.436,1,0.368,
0.556,0.489,1,0.433,
0.624,0.627,1,0.453,
0.817,0.966,1,0.422,
0.618,0.621,1,0.445,
0.819,0.96,1,0.473,
0.485,0.417,1,0.369,
0.786,0.806,1,0.604,
0.585,0.591,1,0.418,
0.488,0.416,1,0.371,
0.616,0.598,1,0.447,
0.786,0.942,1,0.403,
0.629,0.597,1,0.47,
0.553,0.516,1,0.419,
0.519,0.48,1,0.366,
0.833,0.972,1,0.517,
0.696,0.757,1,0.484,
0.62,0.633,1,0.456,
0.539,0.462,1,0.414,
0.641,0.657,1,0.465,
0.812,0.847,1,0.601,
0.801,0.95,1,0.429,
0.671,0.635,1,0.531,
0.571,0.542,1,0.424,
0.515,0.472,1,0.37,
0.516,0.457,1,0.374,
0.665,0.72,1,0.432,
0.573,0.53,1,0.413,
0.639,0.621,1,0.494,
0.488,0.407,1,0.383,
0.511,0.447,1,0.38,
0.761,0.766,1,0.553,
0.557,0.489,1,0.444,
0.724,1,1,0.363,
0.513,0.461,1,0.373,
0.551,0.549,1,0.361,
0.519,0.459,1,0.361,
0.527,0.431,1,0.388,
0.52,0.483,1,0.372,
0.521,0.452,1,0.376,
0.56,0.516,1,0.441,
0.479,0.413,1,0.361,
0.61,0.621,1,0.414,
0.512,0.446,1,0.377,
0.484,0.437,1,0.364,
0.519,0.491,1,0.361,
0.617,0.621,1,0.443,
0.534,0.492,1,0.372,
0.494,0.451,1,0.364,
0.713,0.913,1,0.395,
0.625,0.623,1,0.441,
0.506,0.446,1,0.377,
0.494,0.407,1,0.392,
0.605,0.573,1,0.437,
0.493,0.461,1,0.362,
0.695,0.75,1,0.433,
0.511,0.435,1,0.376,
0.551,0.502,1,0.402,
0.622,0.597,1,0.474,
0.488,0.445,1,0.368,
0.77,0.944,1,0.431,
0.647,0.617,1,0.506,
0.807,0.96,1,0.459,
0.524,0.48,1,0.369,
0.496,0.429,1,0.359,
0.691,0.744,1,0.419,
0.574,0.552,1,0.439,
0.522,0.466,1,0.393,
0.778,0.8,1,0.528,
0.505,0.433,1,0.36,
0.628,0.614,1,0.484,
0.617,0.576,1,0.481,
0.516,0.475,1,0.376,
0.577,0.586,1,0.408,
0.506,0.45,1,0.367,
0.543,0.481,1,0.424,
0.728,0.771,1,0.43,
0.821,0.972,1,0.454,
0.561,0.537,1,0.388,
0.491,0.409,1,0.375,
0.633,0.631,1,0.433,
0.635,0.607,1,0.51,
0.797,0.828,1,0.583,
0.56,0.526,1,0.426,
0.531,0.514,1,0.357,
0.631,0.649,1,0.456,
0.512,0.459,1,0.358,
0.669,0.639,1,0.564,
0.5,0.42,1,0.374,
0.488,0.401,1,0.369,
0.807,0.966,1,0.454,
0.5,0.44,1,0.369,
0.635,0.634,1,0.443,
0.535,0.455,1,0.382,
0.553,0.5,1,0.425,
0.648,0.623,1,0.506,
0.752,0.758,1,0.536,
0.5,0.414,1,0.384,
0.545,0.525,1,0.365,
0.565,0.508,1,0.446,
0.551,0.546,1,0.362,
0.518,0.49,1,0.371,
0.783,0.955,1,0.417,
0.631,0.612,1,0.476,
0.657,0.601,1,0.51,
0.568,0.562,1,0.365,
0.565,0.527,1,0.431,
0.496,0.408,1,0.366,
0.531,0.504,1,0.395,
0.781,0.808,1,0.561,
0.545,0.526,1,0.363,
0.623,0.625,1,0.473,
0.573,0.538,1,0.441,
0.752,0.939,1,0.422,
0.527,0.473,1,0.413,
0.593,0.581,1,0.436,
0.626,0.621,1,0.439,
0.531,0.483,1,0.383,
0.493,0.425,1,0.361,
0.489,0.434,1,0.359,
0.687,0.74,1,0.444,
0.55,0.54,1,0.378,
0.51,0.445,1,0.388,
0.498,0.435,1,0.358,
0.614,0.623,1,0.433,
0.661,0.638,1,0.503,
0.563,0.575,1,0.358,
0.51,0.435,1,0.375,
0.773,0.948,1,0.381,
0.537,0.506,1,0.372,
0.611,0.605,1,0.448,
0.591,0.585,1,0.42,
0.479,0.414,1,0.367,
0.511,0.47,1,0.368,
0.587,0.56,1,0.425,
0.7,0.754,1,0.44,
0.556,0.554,1,0.363,
0.632,0.595,1,0.467,
0.549,0.533,1,0.368,
0.517,0.476,1,0.365,
0.632,0.616,1,0.483,
0.564,0.547,1,0.362,
0.499,0.429,1,0.356,
0.539,0.508,1,0.389,
0.577,0.608,1,0.372,
0.546,0.522,1,0.362,
0.52,0.465,1,0.391,
0.499,0.431,1,0.378,
0.499,0.429,1,0.366,
0.597,0.56,1,0.47,
0.498,0.427,1,0.382,
0.634,0.61,1,0.459,
0.493,0.435,1,0.354,
0.785,0.938,1,0.499,
0.554,0.547,1,0.377,
0.561,0.548,1,0.358,
0.773,0.81,1,0.452,
0.532,0.509,1,0.363,
0.55,0.57,1,0.374,
0.597,0.605,1,0.399,
0.618,0.621,1,0.43,
0.742,0.897,1,0.425,
0.516,0.453,1,0.368,
0.828,0.958,1,0.45,
0.543,0.528,1,0.387,
0.581,0.603,1,0.392,
0.581,0.589,1,0.359,
0.489,0.441,1,0.357,
0.745,0.767,1,0.474,
0.597,0.623,1,0.366,
0.785,0.967,1,0.403,
0.631,0.599,1,0.411,
0.497,0.432,1,0.389,
0.611,0.655,1,0.39,
0.497,0.442,1,0.362,
0.694,0.941,1,0.35,
0.48,0.448,1,0.344,
0.499,0.436,1,0.393,
0.794,0.965,1,0.438,
0.775,0.942,1,0.371,
0.497,0.44,1,0.353,
0.481,0.45,1,0.348,
0.461,0.415,1,0.342,
0.513,0.459,1,0.381,
0.8,0.972,1,0.4,
0.524,0.492,1,0.386,
0.608,0.609,1,0.425,
0.561,0.522,1,0.424,
0.457,0.389,1,0.353,
0.526,0.46,1,0.359,
0.787,0.814,1,0.507,
0.757,0.825,1,0.496,
0.562,0.571,1,0.356,
0.48,0.428,1,0.344,
0.58,0.587,1,0.353,
0.596,0.564,1,0.467,
0.655,0.634,1,0.52,
0.554,0.517,1,0.402,
0.56,0.557,1,0.354,
0.516,0.496,1,0.361,
0.503,0.472,1,0.35,
0.623,0.611,1,0.465,
0.692,0.754,1,0.422,
0.58,0.584,1,0.376,
0.478,0.442,1,0.347,
0.525,0.475,1,0.371,
0.64,0.635,1,0.48,
0.498,0.46,1,0.342,
0.539,0.51,1,0.388,
0.57,0.518,1,0.437,
0.503,0.431,1,0.378,
0.498,0.449,1,0.355,
0.591,0.587,1,0.414,
0.467,0.428,1,0.347,
0.79,0.964,1,0.398,
0.548,0.517,1,0.388,
0.46,0.415,1,0.341,
0.604,0.629,1,0.423,
0.49,0.441,1,0.34,
0.515,0.48,1,0.341,
0.515,0.463,1,0.37,
0.56,0.508,1,0.379,
0.499,0.457,1,0.342,
0.789,0.931,1,0.429,
0.578,0.588,1,0.358,
0.572,0.573,1,0.351,
0.633,0.647,1,0.432,
0.513,0.462,1,0.341,
0.539,0.55,1,0.368,
0.567,0.571,1,0.361,
0.752,0.802,1,0.543,
0.524,0.514,1,0.342,
0.566,0.53,1,0.412,
0.624,0.615,1,0.469,
0.519,0.496,1,0.342,
0.508,0.455,1,0.35,
0.572,0.577,1,0.358,
0.505,0.463,1,0.346,
0.795,0.935,1,0.496,
0.497,0.439,1,0.354,
0.549,0.508,1,0.358,
0.537,0.487,1,0.397,
0.518,0.482,1,0.338,
0.789,0.962,1,0.442,
0.567,0.552,1,0.371,
0.637,0.624,1,0.486,
0.595,0.604,1,0.388,
0.761,0.792,1,0.566,
0.485,0.433,1,0.352,
0.555,0.53,1,0.412,
0.74,0.794,1,0.432,
0.491,0.46,1,0.348,
0.593,0.595,1,0.353,
0.572,0.585,1,0.361,
0.59,0.628,1,0.359,
0.497,0.434,1,0.344,
0.823,0.958,1,0.473,
0.757,0.958,1,0.374,
0.645,0.623,1,0.483,
0.543,0.573,1,0.348,
0.584,0.613,1,0.36,
0.508,0.459,1,0.369,
0.693,0.73,1,0.447,
0.563,0.572,1,0.374,
0.776,0.817,1,0.542,
0.527,0.531,1,0.341,
0.497,0.45,1,0.353,
0.606,0.59,1,0.423,
0.571,0.584,1,0.366,
0.468,0.389,1,0.35,
0.568,0.525,1,0.417,
0.517,0.518,1,0.358,
0.597,0.609,1,0.34,
0.538,0.486,1,0.39,
0.722,0.79,1,0.428,
0.526,0.52,1,0.34,
0.565,0.544,1,0.378,
0.817,0.861,1,0.605,
0.654,0.639,1,0.475,
0.452,0.387,1,0.355,
0.539,0.502,1,0.379,
0.529,0.505,1,0.373,
0.543,0.572,1,0.359,
0.483,0.426,1,0.346,
0.532,0.474,1,0.374,
0.556,0.524,1,0.404,
0.552,0.57,1,0.354,
0.544,0.536,1,0.338,
0.513,0.485,1,0.352,
0.577,0.587,1,0.354,
0.629,0.615,1,0.389,
0.517,0.458,1,0.353,
0.491,0.445,1,0.351,
0.608,0.601,1,0.452,
0.554,0.599,1,0.359,
0.525,0.502,1,0.343,
0.51,0.481,1,0.362,
0.525,0.479,1,0.375,
0.519,0.496,1,0.347,
0.609,0.603,1,0.409,
0.57,0.567,1,0.369,
0.509,0.475,1,0.361,
0.744,0.782,1,0.41,
0.523,0.489,1,0.337,
0.64,0.636,1,0.476,
0.528,0.527,1,0.368,
0.52,0.469,1,0.381,
0.505,0.46,1,0.361,
0.507,0.464,1,0.336,
0.581,0.612,1,0.379,
0.567,0.587,1,0.362,
0.532,0.526,1,0.343,
0.552,0.492,1,0.425,
0.785,0.968,1,0.378,
0.517,0.464,1,0.34,
0.625,0.616,1,0.459,
0.545,0.58,1,0.352,
0.562,0.529,1,0.401,
0.758,0.911,1,0.375,
0.56,0.617,1,0.337,
0.679,0.748,1,0.427,
0.496,0.437,1,0.34,
0.742,0.936,1,0.405,
0.524,0.502,1,0.348,
0.484,0.427,1,0.338,
0.544,0.521,1,0.41,
0.584,0.587,1,0.367,
0.754,0.784,1,0.534,
0.71,0.808,1,0.392,
0.483,0.44,1,0.346,
0.5,0.439,1,0.396,
0.587,0.6,1,0.359,
0.665,0.649,1,0.536,
0.532,0.521,1,0.339,
0.564,0.53,1,0.4,
0.521,0.5,1,0.35,
0.775,0.927,1,0.382,
0.556,0.567,1,0.344,
0.596,0.615,1,0.37,
0.553,0.612,1,0.344,
0.528,0.529,1,0.336,
0.574,0.607,1,0.368,
0.692,0.748,1,0.443,
0.514,0.494,1,0.368,
0.572,0.609,1,0.351,
0.519,0.484,1,0.352,
0.538,0.499,1,0.359,
0.519,0.484,1,0.333,
0.583,0.599,1,0.363,
0.577,0.617,1,0.372,
0.761,0.973,1,0.443,
0.594,0.619,1,0.37,
0.527,0.487,1,0.381,
0.515,0.47,1,0.346,
0.614,0.694,1,0.368,
0.738,0.782,1,0.493,
0.565,0.583,1,0.333,
0.606,0.607,1,0.343,
0.588,0.545,1,0.414,
0.604,0.637,1,0.391,
0.522,0.483,1,0.359,
0.512,0.513,1,0.344,
0.56,0.561,1,0.374,
0.568,0.526,1,0.4,
0.551,0.571,1,0.355,
0.503,0.448,1,0.337,
0.57,0.609,1,0.348,
0.561,0.589,1,0.35,
0.467,0.422,1,0.35,
0.714,0.931,1,0.358,
0.555,0.527,1,0.394,
0.622,0.598,1,0.456,
0.73,0.861,1,0.352,
0.573,0.533,1,0.41,
0.552,0.585,1,0.335,
0.559,0.599,1,0.349,
0.668,0.738,1,0.425,
0.573,0.552,1,0.431,
0.559,0.597,1,0.332,
0.61,0.631,1,0.353,
0.562,0.586,1,0.352,
0.558,0.528,1,0.366,
0.531,0.522,1,0.339,
0.746,0.878,1,0.37,
0.518,0.488,1,0.339,
0.641,0.612,1,0.434,
0.686,0.757,1,0.464,
0.553,0.516,1,0.348,
0.553,0.565,1,0.344,
0.503,0.478,1,0.336,
0.727,0.806,1,0.429,
0.592,0.633,1,0.398,
0.611,0.62,1,0.385,
0.582,0.591,1,0.37,
0.537,0.502,1,0.371,
0.541,0.517,1,0.336,
0.787,0.964,1,0.449,
0.615,0.597,1,0.464,
0.488,0.438,1,0.332,
0.586,0.62,1,0.342,
0.569,0.601,1,0.337,
0.613,0.613,1,0.408,
0.774,0.953,1,0.441,
0.543,0.523,1,0.338,
0.532,0.52,1,0.353,
0.749,0.835,1,0.441,
0.707,0.776,1,0.38,
0.568,0.581,1,0.345,
0.579,0.619,1,0.354,
0.559,0.577,1,0.328,
0.646,0.641,1,0.452,
0.603,0.593,1,0.345,
0.543,0.568,1,0.358,
0.527,0.52,1,0.34,
0.586,0.635,1,0.384,
0.572,0.588,1,0.327,
0.547,0.51,1,0.394,
0.532,0.546,1,0.345,
0.476,0.422,1,0.363,
0.532,0.515,1,0.363,
0.604,0.556,1,0.493,
0.521,0.479,1,0.352,
0.784,0.923,1,0.492,
0.493,0.449,1,0.33,
0.622,0.607,1,0.402,
0.541,0.514,1,0.363,
0.557,0.617,1,0.336,
0.553,0.498,1,0.397,
0.725,0.788,1,0.39,
0.56,0.587,1,0.351,
0.54,0.597,1,0.34,
0.59,0.597,1,0.345,
0.545,0.567,1,0.334,
0.618,0.657,1,0.347,
0.598,0.627,1,0.408,
0.587,0.614,1,0.344,
0.739,0.917,1,0.411,
0.596,0.609,1,0.341,
0.578,0.599,1,0.367,
0.612,0.649,1,0.356,
0.502,0.46,1,0.398,
0.746,0.77,1,0.549,
0.597,0.61,1,0.403,
0.624,0.643,1,0.377,
0.579,0.593,1,0.363,
0.55,0.546,1,0.349,
0.6,0.602,1,0.363,
0.576,0.613,1,0.348,
0.77,0.947,1,0.365,
0.52,0.488,1,0.341,
0.637,0.613,1,0.458,
0.555,0.51,1,0.37,
0.798,0.948,1,0.488,
0.564,0.608,1,0.336,
0.676,0.702,1,0.351,
0.528,0.499,1,0.35,
0.552,0.514,1,0.382,
0.576,0.53,1,0.44,
0.56,0.588,1,0.333,
0.748,0.771,1,0.511,
0.536,0.546,1,0.35,
0.62,0.649,1,0.331,
0.547,0.566,1,0.337,
0.777,0.962,1,0.4,
0.629,0.611,1,0.448,
0.533,0.512,1,0.328,
0.58,0.542,1,0.424,
0.559,0.613,1,0.328,
0.721,0.802,1,0.471,
0.578,0.592,1,0.33,
0.538,0.538,1,0.359,
0.618,0.611,1,0.408,
0.592,0.623,1,0.334,
0.543,0.566,1,0.329,
0.603,0.635,1,0.347,
0.581,0.595,1,0.344,
0.552,0.574,1,0.336,
0.564,0.626,1,0.331,
0.562,0.539,1,0.365,
0.626,0.649,1,0.339,
0.586,0.621,1,0.325,
0.596,0.6,1,0.387,
0.561,0.604,1,0.325,
0.542,0.511,1,0.37,
0.607,0.605,1,0.441,
0.535,0.517,1,0.333,
0.591,0.627,1,0.325,
0.528,0.485,1,0.334,
0.555,0.603,1,0.328,
0.575,0.542,1,0.39,
0.502,0.487,1,0.329,
0.609,0.611,1,0.44,
0.538,0.548,1,0.338,
0.589,0.602,1,0.334,
0.547,0.595,1,0.326,
0.558,0.558,1,0.344,
0.596,0.624,1,0.405,
0.589,0.628,1,0.354,
0.571,0.592,1,0.359,
0.553,0.608,1,0.328,
0.814,0.944,1,0.413,
0.596,0.625,1,0.335,
0.568,0.589,1,0.344,
0.56,0.527,1,0.354,
0.731,0.788,1,0.386,
0.582,0.601,1,0.353,
0.498,0.464,1,0.338,
0.552,0.526,1,0.36,
0.641,0.615,1,0.417,
0.546,0.538,1,0.352,
0.569,0.59,1,0.333,
0.549,0.528,1,0.349,
0.538,0.519,1,0.33,
0.558,0.593,1,0.327,
0.535,0.514,1,0.338,
0.873,0.992,1,0.641,
0.54,0.521,1,0.336,
0.55,0.528,1,0.335,
0.559,0.567,1,0.336,
0.607,0.625,1,0.409,
0.728,0.897,1,0.341,
0.606,0.601,1,0.434,
0.571,0.598,1,0.324,
0.738,0.797,1,0.398,
0.576,0.619,1,0.323,
0.704,0.776,1,0.418,
0.551,0.601,1,0.337,
0.547,0.583,1,0.327,
0.591,0.597,1,0.382,
0.515,0.484,1,0.323,
0.641,0.605,1,0.479,
0.583,0.587,1,0.377,
0.522,0.504,1,0.334,
0.575,0.609,1,0.321,
0.734,0.885,1,0.356,
0.757,0.947,1,0.385,
0.551,0.516,1,0.34,
0.638,0.635,1,0.403,
0.561,0.569,1,0.355,
0.571,0.571,1,0.354,
0.556,0.579,1,0.346,
0.592,0.599,1,0.386,
0.564,0.562,1,0.328,
0.665,0.706,1,0.331,
0.559,0.53,1,0.367,
0.775,0.794,1,0.51,
0.556,0.621,1,0.322,
0.58,0.587,1,0.358,
0.606,0.618,1,0.397,
0.579,0.627,1,0.329,
0.574,0.601,1,0.343,
0.587,0.596,1,0.327,
0.55,0.52,1,0.372,
0.564,0.524,1,0.408,
0.575,0.631,1,0.33,
0.61,0.651,1,0.384,
0.82,0.952,1,0.382,
0.577,0.608,1,0.333,
0.786,0.937,1,0.329,
0.545,0.522,1,0.333,
0.693,0.78,1,0.453,
0.572,0.626,1,0.346,
0.521,0.498,1,0.321,
0.558,0.506,1,0.418,
0.646,0.603,1,0.485,
0.575,0.58,1,0.319,
0.744,0.783,1,0.518,
0.526,0.491,1,0.329,
0.518,0.506,1,0.321,
0.57,0.615,1,0.331,
0.612,0.623,1,0.403,
0.564,0.59,1,0.348,
0.567,0.613,1,0.328,
0.558,0.504,1,0.384,
0.559,0.522,1,0.376,
0.573,0.61,1,0.361,
0.549,0.597,1,0.316,
0.559,0.528,1,0.352,
0.547,0.596,1,0.318,
0.618,0.63,1,0.419,
0.674,0.741,1,0.382,
0.598,0.6,1,0.404,
0.602,0.613,1,0.331,
0.65,0.621,1,0.513,
0.543,0.518,1,0.368,
0.561,0.579,1,0.32,
0.502,0.498,1,0.319,
0.583,0.611,1,0.365,
0.53,0.504,1,0.328,
0.58,0.59,1,0.365,
0.599,0.583,1,0.333,
0.803,0.953,1,0.419,
0.574,0.608,1,0.316,
0.843,0.991,1,0.38,
0.538,0.498,1,0.354,
0.631,0.613,1,0.418,
0.609,0.629,1,0.369,
0.524,0.51,1,0.317,
0.584,0.631,1,0.312,
0.576,0.588,1,0.334,
0.587,0.629,1,0.321,
0.56,0.52,1,0.397,
0.583,0.622,1,0.33,
0.567,0.528,1,0.411,
0.734,0.877,1,0.32,
0.595,0.612,1,0.336,
0.58,0.591,1,0.35,
0.566,0.577,1,0.333,
0.551,0.517,1,0.317,
0.814,0.938,1,0.41,
0.722,0.752,1,0.443,
0.514,0.492,1,0.323,
0.557,0.528,1,0.407,
0.547,0.507,1,0.389,
0.516,0.488,1,0.323,
0.559,0.529,1,0.347,
0.615,0.595,1,0.427,
0.574,0.603,1,0.317,
0.728,0.804,1,0.444,
0.548,0.509,1,0.367,
0.762,0.966,1,0.319,
0.59,0.579,1,0.386,
0.597,0.603,1,0.328,
0.762,0.79,1,0.469,
0.557,0.521,1,0.395,
0.564,0.589,1,0.327,
0.71,0.735,1,0.438,
0.575,0.593,1,0.368,
0.783,0.974,1,0.319,
0.592,0.624,1,0.352,
0.67,0.756,1,0.366,
0.58,0.583,1,0.315,
0.623,0.581,1,0.475,
0.588,0.591,1,0.352,
0.575,0.52,1,0.399,
0.574,0.556,1,0.322,
0.638,0.659,1,0.348,
0.597,0.591,1,0.339,
0.521,0.54,1,0.312,
0.569,0.564,1,0.315,
0.538,0.529,1,0.314,
0.526,0.502,1,0.322,
0.794,0.931,1,0.464,
0.569,0.589,1,0.323,
0.591,0.601,1,0.314,
0.544,0.532,1,0.349,
0.535,0.51,1,0.353,
0.587,0.595,1,0.367,
0.663,0.728,1,0.387,
0.558,0.504,1,0.349,
0.566,0.576,1,0.311,
0.595,0.581,1,0.396,
0.742,0.757,1,0.506,
0.618,0.635,1,0.378,
0.576,0.586,1,0.376,
0.547,0.51,1,0.377,
0.594,0.599,1,0.341,
0.573,0.575,1,0.311,
0.578,0.612,1,0.329,
0.592,0.595,1,0.347,
0.599,0.587,1,0.331,
0.533,0.491,1,0.312,
0.62,0.615,1,0.423,
0.577,0.557,1,0.366,
0.549,0.497,1,0.381,
0.523,0.516,1,0.314,
0.557,0.576,1,0.307,
0.737,0.862,1,0.307,
0.545,0.506,1,0.364,
0.667,0.62,1,0.5,
0.614,0.589,1,0.429,
0.604,0.605,1,0.332,
0.72,0.751,1,0.468,
0.6,0.594,1,0.31,
0.581,0.53,1,0.354,
0.546,0.538,1,0.31,
0.59,0.591,1,0.328,
0.727,0.773,1,0.491,
0.59,0.571,1,0.342,
0.56,0.506,1,0.359,
0.554,0.569,1,0.311,
0.804,0.941,1,0.334,
0.535,0.512,1,0.358,
0.548,0.501,1,0.35,
0.59,0.59,1,0.345,
0.662,0.617,1,0.529,
0.542,0.523,1,0.361,
0.768,0.81,1,0.459,
0.617,0.595,1,0.428,
0.547,0.516,1,0.349,
0.568,0.538,1,0.313,
0.595,0.605,1,0.354,
0.601,0.595,1,0.349,
0.643,0.597,1,0.419,
0.815,0.932,1,0.447,
0.61,0.607,1,0.377,
0.642,0.595,1,0.451,




Further Data analysis of all test cases 
avg med max min 
AVGs,0.763,0.74,0.912,0.653,
MEDs,0.775,0.744,1,0.625,
MAXs,1,1,1,1,
MINs,0.601,0.598,0.804,0.313,


AVGs,0.721,0.704,0.903,0.536,
MEDs,0.734,0.723,1,0.448,
MAXs,1,1,1,1,
MINs,0.53,0.512,0.793,0.308,


AVGs,0.724,0.705,0.905,0.544,
MEDs,0.731,0.707,1,0.486,
MAXs,1,1,1,1,
MINs,0.536,0.522,0.777,0.309,


AVGs,0.625,0.595,0.873,0.452,
MEDs,0.635,0.597,1,0.387,
MAXs,1,1,1,1,
MINs,0.423,0.401,0.669,0.307,



