

Data analysis for each instance 
AVG,MED,MAX,MIN
0.084,0.113,0.135,-0.005,
0.119,0.092,0.366,-0.159,
0.073,0.024,0.191,-0.077,
0.114,0.061,0.449,-0.07,
0.22,0.029,0.614,-0.07,
0.073,0.082,0.124,-0.001,
0.064,0.005,0.279,-0.096,
0.026,0,0.124,-0.086,
0.061,0.067,0.194,-0.049,
0.044,0.019,0.162,-0.062,
0.088,0.051,0.267,-0.012,
0.053,0.08,0.11,-0.071,
0.047,0.031,0.143,-0.015,
0.109,0.039,0.344,-0.087,
0.007,0.015,0.06,-0.085,
0.065,0.007,0.333,-0.126,
0.074,0.014,0.246,-0.058,
0.061,0.047,0.14,-0.052,
0.071,0.009,0.28,-0.097,
0.048,0,0.214,-0.144,
0.032,0.036,0.089,-0.033,
0.064,0.03,0.455,-0.139,
0.05,0.028,0.21,-0.076,
0.061,0.026,0.208,-0.095,
0.033,0.022,0.144,-0.073,
0.056,0.037,0.209,-0.106,
0.123,0.05,0.367,-0.115,
0.031,0.002,0.197,-0.1,
0.049,0.056,0.115,-0.082,
-0.017,0,0.068,-0.078,
0.036,0.018,0.14,0,
-0.007,-0,0.018,-0.043,
0.018,0,0.1,-0.107,
0.026,0.017,0.126,-0.035,
0.008,0.011,0.093,-0.068,
0.04,0.006,0.206,-0.103,
-0.002,0,0.057,-0.053,
0.057,0.06,0.127,-0.019,
0.054,0.081,0.13,-0.041,
0.008,0.015,0.057,-0.09,
0.063,0.088,0.135,-0.072,
0.03,0.035,0.072,-0.018,
0.02,0.007,0.112,-0.02,
0.039,0.045,0.164,-0.077,
0.006,0,0.071,-0.074,
0.025,0.045,0.116,-0.078,
0.043,0.037,0.136,-0.041,
0.056,0.034,0.353,-0.096,
0.081,0.039,0.405,-0.07,
0.031,0.015,0.191,-0.122,
0.101,0.111,0.177,0,
0.115,0.056,0.433,0,
0.032,0.042,0.096,-0.066,
0.085,0.067,0.271,-0.02,
0.056,0.009,0.36,-0.074,
0.12,0.133,0.208,0,
0.165,0.172,0.256,0,
-0.005,-0.001,0.03,-0.032,
0.127,0.069,0.338,-0.074,
0.085,0.061,0.31,0,
0.1,0.097,0.198,-0.065,
0.026,0.023,0.084,-0.082,
0.068,0.032,0.261,-0.057,
0.109,0.092,0.186,0,
0.037,0.034,0.181,-0.102,
0.138,0.026,0.583,-0.11,
0.009,0.009,0.089,-0.132,
0.014,0.007,0.076,-0.022,
0.109,0.097,0.228,-0.003,
-0.014,-0.013,0.055,-0.071,
0.037,0.041,0.101,-0.072,
0.142,0.142,0.404,-0.031,
0.042,0.039,0.16,-0.055,
0.019,0.006,0.096,-0.1,
0.069,0.047,0.165,-0.039,
0.13,0.08,0.452,0,
0.043,0.029,0.149,-0.003,
0.083,0.092,0.135,-0.011,
0.149,0.062,0.444,-0.063,
0.045,0.041,0.144,-0.003,
0.072,0.062,0.235,-0.041,
0.105,0.131,0.198,-0.064,
0.101,0.04,0.385,-0.059,
0.105,0.126,0.168,0,
0.055,0.055,0.236,-0.036,
0.013,0.003,0.146,-0.061,
0.035,0.033,0.123,-0.031,
0,0.001,0.067,-0.06,
0.009,-0.002,0.088,-0.096,
0.026,0.007,0.195,-0.059,
0.09,0.091,0.247,-0.007,
0.005,0.005,0.053,-0.054,
0.016,0.01,0.103,-0.11,
0.02,0.011,0.108,-0.06,
0.041,0.042,0.114,-0.038,
0.077,0.083,0.138,0,
0.098,0.121,0.188,-0.061,
0.006,0,0.129,-0.078,
0.119,0.084,0.255,-0.118,
0.072,0.024,0.442,-0.079,
0.003,0.009,0.096,-0.084,
0.072,0.074,0.144,0,
0.023,0.011,0.124,-0.044,
0.099,0.09,0.246,-0.109,
0.068,0.056,0.194,-0.036,
0.055,0.069,0.145,-0.039,
0,0,0.061,-0.042,
0.06,0.052,0.246,-0.128,
0.017,0.024,0.074,-0.058,
0.01,0.003,0.087,-0.056,
0.09,0.081,0.183,0,
-0.028,-0.017,0.057,-0.127,
0.068,0.076,0.131,-0.064,
0.033,0.022,0.183,-0.067,
-0.008,0.002,0.087,-0.102,
0.069,0.051,0.151,-0.013,
0.027,0.012,0.106,-0.022,
0.014,0.004,0.081,-0.023,
0.08,0.084,0.176,-0.047,
0.013,0.02,0.077,-0.099,
0.026,0.015,0.165,-0.046,
0.027,0.037,0.098,-0.053,
0.009,0.018,0.067,-0.058,
0.073,0.075,0.13,0,
0.016,0.011,0.078,-0.055,
0.138,0.106,0.288,0,
0.049,0.003,0.163,-0.06,
-0.005,0.014,0.04,-0.136,
0.016,0,0.099,-0.059,
0.026,0.032,0.108,-0.031,
0.06,0.054,0.184,-0.096,
0.06,0.073,0.108,0,
0.093,0.1,0.158,0,
0.037,0.045,0.121,-0.045,
-0.008,0,0.101,-0.105,
0.054,0.069,0.104,0,
0.015,0.017,0.119,-0.152,
-0.005,0,0.061,-0.097,
0.005,0.014,0.072,-0.082,
0.093,0.096,0.164,0,
0.046,0.028,0.167,-0.047,
0.004,0.014,0.047,-0.108,
0.009,0.011,0.071,-0.102,
0.021,0.011,0.111,-0.035,
0.033,0.008,0.125,0,
0.026,0.032,0.119,-0.049,
0.004,0,0.075,-0.043,
0.016,0.034,0.064,-0.081,
0.047,0.036,0.126,-0.039,
0.018,0,0.08,-0.034,
0.03,0.036,0.1,-0.019,
-0.007,-0.001,0.054,-0.105,
0.057,0.067,0.161,-0.029,
0.027,0.022,0.123,-0.029,
0.025,0.007,0.162,-0.149,
0.035,0.048,0.09,-0.045,
-0.012,-0.004,0.105,-0.137,
0.048,0.014,0.174,0,
-0.006,-0.001,0.068,-0.068,
0.054,0.047,0.186,-0.108,
-0.001,0.003,0.092,-0.086,
0.016,0.001,0.157,-0.022,
-0.009,-0,0.053,-0.092,
0.017,0.032,0.069,-0.118,
0.013,0,0.092,-0.062,
0.038,0.046,0.102,-0.06,
0.026,0.005,0.139,-0.05,
0.028,0.038,0.119,-0.054,
0.003,0.005,0.093,-0.087,
0.034,0.025,0.106,-0.024,
0.008,0.013,0.131,-0.081,
0.071,0.1,0.161,-0.103,
0.017,0.007,0.101,-0.036,
0.046,0.055,0.1,-0.077,
0.013,0.004,0.088,-0.044,
-0.002,0,0.071,-0.065,
0.056,0.065,0.141,-0.043,
0.06,0.058,0.193,-0.056,
0.025,0.018,0.15,-0.017,
-0.011,0,0.08,-0.14,
0.043,0.047,0.172,-0.067,
0.131,0.1,0.37,-0.067,
0.027,0.026,0.105,-0.071,
0.021,0.005,0.091,-0.027,
0.018,0.017,0.093,-0.055,
0.079,0.075,0.253,-0.108,
0.003,0.004,0.133,-0.109,
-0.003,0.004,0.119,-0.13,
0.021,0.028,0.082,-0.073,
0.04,0.017,0.216,-0.031,
0.158,0.166,0.255,0,
0.004,0.009,0.114,-0.116,
0.017,0.009,0.131,-0.046,
0.024,0.011,0.142,-0.047,
0.068,0.069,0.141,0,
0.112,0.123,0.216,-0.013,
0.003,-0.002,0.104,-0.057,
0.033,0.033,0.092,-0.031,
0.03,0.024,0.094,-0.01,
0.018,0.028,0.095,-0.045,
-0.028,-0.018,0.042,-0.109,
0.159,0.163,0.361,-0.023,
0.007,0,0.099,-0.037,
0.102,0.102,0.246,0,
0.116,0.095,0.372,-0.018,
0.061,0.041,0.338,-0.108,
-0.005,0.013,0.076,-0.13,
0.059,0.064,0.13,-0.029,
-0.009,-0.014,0.06,-0.069,
0.019,0.002,0.131,-0.055,
0.054,0.044,0.187,-0.007,
0.031,0.03,0.201,-0.089,
-0.002,-0.002,0.103,-0.074,
0.033,0.036,0.153,-0.067,
0.091,0.098,0.176,0,
0.002,0,0.045,-0.042,
0.009,0,0.108,-0.053,
0.123,0.148,0.256,-0.051,
0.059,0.061,0.23,-0.047,
0.03,0.006,0.175,-0.019,
0.015,0,0.13,-0.063,
0.094,0.075,0.325,-0.017,
0.043,0.058,0.101,-0.053,
0.016,0.009,0.167,-0.037,
0.016,0.04,0.1,-0.112,
0.017,0.007,0.115,-0.038,
0.042,0.057,0.176,-0.115,
0.027,0.009,0.108,-0.02,
0.002,0.002,0.06,-0.071,
0.054,0.057,0.142,-0.061,
-0.001,0,0.046,-0.067,
0.114,0.107,0.239,0,
0.018,0.017,0.173,-0.064,
0.023,0.031,0.082,-0.064,
0.017,0.01,0.16,-0.13,
0.076,0.078,0.182,-0.099,
0.133,0.066,0.428,-0.082,
0.003,-0.005,0.224,-0.104,
0.104,0.074,0.359,0,
0.072,0.075,0.181,-0.034,
0.027,0.022,0.089,-0.078,
0.108,0.102,0.328,-0.005,
0.016,0.012,0.097,-0.057,
0.027,0.034,0.108,-0.042,
0.12,0.093,0.275,0,
0.059,0.059,0.146,-0.012,
0.101,0.104,0.27,-0.048,
-0.008,0.012,0.065,-0.149,
0.1,0.095,0.212,-0.022,
0.02,0.004,0.093,-0.018,
0.018,0.011,0.113,-0.086,
0.056,0.078,0.182,-0.094,
0.1,0.099,0.321,-0.093,
0.028,0.015,0.12,-0.026,
0.038,0.045,0.079,-0.033,
0.039,0.036,0.227,-0.095,
0.038,0.037,0.153,-0.052,
0.127,0.141,0.274,0,
0.022,0.035,0.064,-0.097,
0.053,0.052,0.17,-0.036,
-0.005,-0.014,0.076,-0.047,
0.045,0.03,0.126,-0.025,
0.055,0.048,0.138,-0.005,
0.006,0,0.199,-0.078,
0.055,0.081,0.165,-0.063,
0.014,0.012,0.175,-0.049,
0.007,0.013,0.103,-0.095,
0.029,0.029,0.141,-0.081,
0.042,0.025,0.165,-0.053,
0.041,0.067,0.109,-0.076,
-0.013,-0.007,0.082,-0.088,
0.026,0.014,0.074,-0.007,
0.053,0.036,0.224,-0.078,
0.053,0.063,0.102,-0.049,
0.023,0,0.164,-0.099,
0.011,0.015,0.075,-0.087,
0.103,0.103,0.276,-0.038,
0.015,0.014,0.08,-0.103,
0.014,0.005,0.096,-0.048,
0.057,0.064,0.15,0,
0.078,0.074,0.194,-0.021,
0.057,0.069,0.138,-0.048,
-0.001,-0.007,0.228,-0.093,
0.204,0.038,0.611,-0.034,
0.022,0.019,0.123,-0.056,
0.062,0.072,0.12,-0.031,
0.177,0.214,0.264,0,
0.068,0.048,0.243,0,
0.156,0.175,0.266,0,
0.061,0.063,0.142,-0.009,
0.066,0.065,0.163,-0.056,
0.124,0.144,0.289,-0.019,
0.125,0.109,0.31,-0.02,
0.061,0.049,0.209,-0.046,
0.016,0.019,0.163,-0.048,
0.16,0.164,0.307,-0.016,
0.061,0.064,0.148,-0.037,
0.043,0.022,0.235,-0.037,
0.003,-0,0.074,-0.042,
0.014,0.014,0.109,-0.094,
0.135,0.11,0.325,-0.054,
0.119,0.116,0.246,0,
0.115,0.106,0.261,-0.008,
0.247,0.266,0.421,0,
0.069,0.069,0.192,-0.037,
0.05,0.054,0.121,-0.023,
0.002,0,0.083,-0.123,
0.025,0.022,0.176,-0.097,
0.069,0.047,0.223,0,
0.204,0.117,0.475,-0.043,
0.019,0.016,0.08,-0.011,
0.092,0.086,0.218,-0.088,
0.107,0.106,0.235,-0.024,
0.04,0.035,0.193,-0.075,
0.006,0.024,0.049,-0.11,
0.002,-0.004,0.116,-0.085,
0.065,0.052,0.252,-0.025,
0.07,0.082,0.295,-0.084,
0.012,0.001,0.105,-0.049,
0.042,0.009,0.201,-0.025,
-0.001,-0.009,0.12,-0.101,
0.062,0.046,0.202,-0.024,
0.053,0.07,0.126,-0.051,
0.022,0.015,0.113,-0.008,
0.021,0.003,0.086,-0.033,
0.016,0.009,0.107,-0.056,
0.099,0.116,0.199,-0.058,
0.083,0.087,0.308,-0.058,
0.111,0.09,0.316,-0.092,
0.009,0,0.177,-0.13,
0.11,0.102,0.292,-0.016,
0.009,0,0.207,-0.123,
0.143,0.133,0.327,-0.057,
0.038,0.036,0.208,-0.082,
-0.013,0,0.062,-0.137,
0.054,0.053,0.157,-0.046,
0.057,0,0.266,0,
0.083,0.082,0.195,0,
0.121,0.137,0.21,0,
0.127,0.12,0.273,-0.023,
0.127,0.085,0.392,-0.17,
0.069,0.094,0.26,-0.122,
0.038,0.021,0.241,-0.088,
0.115,0.096,0.29,-0.058,
0.108,0.12,0.349,-0.081,
0.026,0.009,0.195,-0.102,
0.054,0.035,0.283,-0.103,
0.18,0.203,0.285,-0.008,
0.195,0.208,0.465,-0.022,
0.09,0.08,0.195,0,
0.071,0.064,0.191,-0.017,
0.082,0.085,0.186,-0.03,
0.025,0.012,0.173,-0.106,
0.003,-0.002,0.232,-0.104,
0.132,0.119,0.426,-0.049,
0.094,0.112,0.261,-0.071,
0.104,0.106,0.204,-0.056,
0.171,0.204,0.27,0,
0.066,0.084,0.115,-0.027,
0.138,0.123,0.31,-0.007,
0.048,0.052,0.152,-0.038,
0.033,0.01,0.215,-0.046,
0.187,0.189,0.327,0,
0.055,0.019,0.231,0,
-0.013,-0.015,0.136,-0.139,
0.041,0.022,0.19,-0.098,
0.069,0.058,0.309,-0.083,
0.138,0.128,0.44,-0.037,
0.048,0.044,0.134,-0.021,
0.088,0.089,0.217,0,
0.026,0.007,0.164,-0.093,
0.03,0.035,0.095,-0.062,
0.145,0.145,0.283,0,
0.001,-0.004,0.127,-0.127,
-0.02,-0.032,0.098,-0.129,
0.038,0.006,0.202,-0.048,
0.003,0.004,0.092,-0.092,
0.08,0.092,0.196,-0.067,
0.054,0.05,0.241,-0.066,
0.059,0.06,0.142,-0.027,
0.017,0.027,0.083,-0.086,
0.094,0.103,0.209,-0.055,
0.168,0.184,0.308,0,
0.069,0.094,0.192,-0.14,
-0.002,0,0.109,-0.084,
0.051,0.049,0.129,0,
0.097,0.106,0.202,-0.092,
0.166,0.185,0.322,0,
0.046,0.038,0.181,-0.083,
0.088,0.083,0.284,-0.054,
0.007,0,0.134,-0.065,
0.116,0.108,0.241,0,
0.102,0.099,0.27,-0.086,
0.035,0.012,0.168,-0.031,
0.109,0.112,0.268,-0.048,
0.067,0.056,0.237,0,
0.025,0.006,0.14,-0.066,
0.053,0.056,0.253,-0.122,
0.047,0.032,0.193,-0.011,
0.015,0.015,0.059,-0.044,
0.127,0.155,0.258,-0.011,
0.098,0.107,0.257,-0.011,
0.052,0.056,0.143,-0.026,
0.133,0.143,0.25,0,
-0.042,-0.043,0.133,-0.132,
0.028,0.026,0.246,-0.079,
-0.02,-0.032,0.091,-0.08,
0.001,-0.004,0.146,-0.052,
0.108,0.114,0.265,-0.062,
0.033,0.033,0.125,-0.038,
0.047,0.026,0.204,-0.118,
0.112,0.126,0.192,-0.03,
0.031,0.058,0.137,-0.094,
0.112,0.106,0.257,-0.041,
0.006,-0.008,0.202,-0.132,
0.079,0.104,0.203,-0.027,
0.052,0.007,0.217,-0.031,
0.091,0.124,0.201,-0.112,
0.053,0.04,0.213,-0.104,
0.012,0,0.142,-0.088,
0.058,0.053,0.224,-0.104,
0.088,0.082,0.244,-0.029,
0.097,0.102,0.312,-0.018,
0.075,0.054,0.168,0,
0.026,0.016,0.205,-0.075,
0.114,0.121,0.24,-0.014,
0.118,0.132,0.299,-0.116,
0.103,0.112,0.199,-0.026,
0.025,0.004,0.123,-0.027,
0.024,0.021,0.173,-0.063,
0.059,0.064,0.2,-0.085,
0.043,0.006,0.282,-0.08,
0.025,0.006,0.187,-0.11,
0.011,0,0.142,-0.085,
0.112,0.115,0.272,-0.003,
0.085,0.067,0.257,-0.084,
0.104,0.065,0.307,-0.063,
0.074,0.08,0.165,-0.017,
0.057,0.036,0.168,0,
0.035,0.022,0.271,-0.092,
0.007,0.004,0.131,-0.122,
0.031,0.03,0.13,-0.05,
0.166,0.164,0.351,-0.134,
0.01,0.016,0.074,-0.076,
0.068,0.041,0.355,-0.073,
0.075,0.077,0.238,-0.039,
0.093,0.108,0.249,-0.033,
0.047,0.052,0.198,-0.11,
0.144,0.15,0.305,0,
0.114,0.139,0.227,-0.002,
0.07,0.059,0.203,-0.046,
0.082,0.065,0.223,-0.08,
0.007,0.005,0.114,-0.067,
0.119,0.131,0.246,-0.018,
0.021,0.022,0.082,-0.078,
0.082,0.051,0.34,-0.074,
0.088,0.022,0.271,-0.031,
0.047,0.03,0.238,-0.066,
0.11,0.128,0.238,-0.034,
0.016,0.017,0.068,-0.063,
0.069,0.055,0.261,-0.098,
0.022,0,0.224,-0.131,
0.059,0.055,0.205,-0.065,
0.001,-0.019,0.2,-0.104,
0.046,0.018,0.258,-0.07,
0.079,0.09,0.184,-0.095,
-0.001,0.001,0.06,-0.104,
0.012,0,0.17,-0.077,
0.108,0.086,0.314,0,
0.129,0.143,0.321,0,
0.031,0.002,0.264,-0.09,
0.018,0,0.122,-0.035,
0.028,0,0.279,-0.051,
0.03,0.01,0.24,-0.079,
0.007,-0.004,0.089,-0.082,
0.114,0.145,0.31,-0.11,
0.103,0.091,0.264,0,
0.033,0.027,0.172,-0.079,
0.048,0,0.187,-0.005,
0.202,0.113,0.482,-0.039,
0.034,0.025,0.203,-0.083,
0.023,0.013,0.11,-0.039,
0.045,0.048,0.224,-0.154,
0.047,0.025,0.367,-0.145,
0.129,0.184,0.296,-0.073,
0.182,0.15,0.376,-0.002,
0.101,0.095,0.201,0,
0.031,0.002,0.356,-0.045,
0.088,0.099,0.28,-0.064,
-0.001,-0.036,0.195,-0.111,
0.072,0.06,0.279,-0.034,
0.156,0.13,0.356,0,
0.17,0.186,0.346,0,
0.014,0.016,0.057,-0.061,
0.042,0.049,0.155,-0.075,
0.001,-0.003,0.194,-0.098,
0.133,0.119,0.339,-0.061,
0.126,0.125,0.346,-0.03,
0.047,0.025,0.14,-0.019,
-0.011,-0.005,0.075,-0.13,
0.03,0.033,0.124,-0.073,
0.023,0.009,0.142,-0.043,
0.061,0.056,0.176,-0.069,
0.133,0.125,0.311,-0.093,
0.099,0.092,0.242,0,
0.074,0.06,0.17,0,
0.013,0.004,0.123,-0.077,
0.145,0.139,0.267,0,
0.062,0.064,0.249,-0.1,
0.023,0.028,0.123,-0.068,
0.146,0.183,0.323,-0.09,
0.122,0.122,0.323,0,
0.071,0.058,0.274,-0.05,
0.052,0.044,0.151,-0.047,
0.033,0.009,0.31,-0.053,
0.085,0.102,0.338,-0.144,
0.142,0.148,0.29,-0.025,
-0.003,0.016,0.056,-0.142,
0.099,0.098,0.232,-0.078,
0.168,0.181,0.298,0,
0.135,0.149,0.254,-0.004,
0.151,0.181,0.323,-0.084,
0.172,0.184,0.324,-0.012,
0.093,0.111,0.188,-0.018,
0.018,0.03,0.126,-0.12,
0.162,0.165,0.343,0,
0.082,0.039,0.289,-0.039,
0.089,0.089,0.276,-0.011,
0.037,0.015,0.245,-0.02,
0.096,0.095,0.262,-0.043,
0.176,0.181,0.339,-0.009,
0.107,0.071,0.391,-0.046,
0.049,0.033,0.23,-0.114,
0.035,0,0.118,-0.038,
0.159,0.173,0.302,-0.014,
0.03,0.01,0.172,-0.093,
0.03,0,0.242,-0.087,
0.12,0.114,0.3,0,
0.077,0.054,0.295,-0.052,
-0.03,-0.02,0.09,-0.258,
0.148,0.173,0.241,0,
0.064,0.057,0.279,-0.042,
0.012,0.011,0.124,-0.102,
0.049,0.037,0.141,-0.089,
0.084,0.099,0.205,-0.071,
0.137,0.142,0.31,0,
0.034,0.006,0.215,-0.073,
0.09,0.112,0.253,-0.116,
0.042,0.026,0.154,-0.015,
0.034,0.025,0.154,-0.106,
0.044,0.027,0.148,-0.005,
0.076,0.079,0.197,-0.027,
0.098,0.122,0.205,-0.027,
0.023,0.022,0.097,-0.018,
0.198,0.189,0.394,-0.031,
0.083,0.062,0.379,-0.045,
0.03,0.006,0.186,-0.162,
0.018,0.002,0.156,-0.052,
0.091,0.083,0.292,-0.11,
0.012,0.022,0.151,-0.155,
0.049,0.045,0.172,-0.101,
-0.005,-0.005,0.084,-0.098,
0.076,0.055,0.264,0,
0.004,0,0.124,-0.149,
0.043,0.032,0.214,-0.107,
0.059,0.049,0.176,-0.022,
0.032,0,0.192,-0.113,
0.06,0.032,0.261,-0.053,
0.15,0.144,0.365,0,
0.011,0,0.221,-0.108,
0.023,0.016,0.154,-0.086,
0.053,0.06,0.28,-0.148,
0.103,0.093,0.27,-0.009,
0.042,0.033,0.138,-0.053,
0.046,0.018,0.253,-0.083,
0.041,0.028,0.173,-0.05,
0.128,0.119,0.363,-0.077,
0.056,0.066,0.21,-0.094,
0.127,0.162,0.281,-0.102,
0.067,0.067,0.167,0,
0.035,0.043,0.082,-0.018,
0.016,0.008,0.132,-0.071,
0.18,0.165,0.362,0,
0.049,0.029,0.257,-0.042,
0.115,0.096,0.274,0,
0.063,0.038,0.247,-0.049,
0.097,0.091,0.251,-0.099,
0.11,0.117,0.212,0,
0.055,0.043,0.252,-0.037,
0.068,0.052,0.264,-0.025,
0.124,0.13,0.313,0,
0.103,0.094,0.236,-0.053,
0.053,0.044,0.165,-0.03,
0.021,0.019,0.204,-0.13,
0.046,0.038,0.216,-0.047,
0.126,0.139,0.274,0,
0.046,0.055,0.209,-0.107,
-0.02,-0.022,0.221,-0.132,
0.113,0.117,0.32,-0.166,
0.072,0.071,0.184,-0.02,
0.138,0.169,0.267,-0.054,
0.166,0.168,0.317,0,
0.072,0.097,0.196,-0.052,
0.011,0.004,0.244,-0.146,
0.05,0.024,0.321,-0.087,
0.016,0.005,0.099,-0.045,
0.166,0.174,0.39,0,
0.027,0.018,0.239,-0.053,
-0.019,-0.028,0.157,-0.124,
0.092,0.1,0.237,-0.015,
0.072,0.063,0.279,-0.025,
0.141,0.151,0.289,-0.094,
0.105,0.123,0.207,-0.077,
0.067,0.035,0.311,-0.081,
0.061,0.037,0.333,-0.082,
0.054,0.073,0.197,-0.106,
0.013,0.023,0.115,-0.237,
0.126,0.114,0.286,-0.038,
0.002,-0,0.069,-0.051,
0.042,0.04,0.146,-0.118,
0.023,0.022,0.193,-0.184,
0.059,0.006,0.309,-0.129,
0.081,0.087,0.203,-0.053,
0.074,0.029,0.307,-0.071,
0.083,0.084,0.221,-0.04,
0.051,0.039,0.318,-0.211,
0.02,0.013,0.161,-0.112,
0.152,0.181,0.332,-0.111,
0.044,0.029,0.208,-0.065,
0.053,0.041,0.242,-0.023,
-0.004,0,0.037,-0.114,
0.08,0.073,0.2,0,
0.117,0.108,0.268,0,
0.031,0.025,0.181,-0.079,
0.032,0.03,0.154,-0.074,
0.024,0.022,0.104,-0.059,
0.088,0.107,0.222,-0.108,
0.007,0,0.147,-0.107,
0.01,0,0.129,-0.109,
0.067,0.002,0.394,-0.146,
0.081,0.101,0.266,-0.057,
0.088,0.069,0.372,-0.055,
0.025,0.007,0.258,-0.158,
0.07,0.075,0.211,-0.027,
0.113,0.114,0.28,-0.001,
0.068,0.047,0.225,-0.038,
0.121,0.132,0.253,-0.028,
0.049,0.034,0.165,-0.024,
0.138,0.162,0.311,-0.096,
0.051,0.042,0.217,-0.031,
0.107,0.096,0.221,0,
0.019,0.002,0.232,-0.097,
0.061,0.044,0.26,-0.069,
0.031,0.034,0.115,-0.052,
0.025,0.022,0.213,-0.139,
0.044,0.028,0.195,-0.086,
0.112,0.16,0.221,-0.081,
0.047,0.011,0.299,-0.06,
0.085,0.043,0.242,-0.017,
0.083,0.12,0.276,-0.102,
0.029,0.027,0.113,-0.049,
0.028,0.013,0.172,-0.092,
0.002,-0.027,0.311,-0.102,
0.004,0.006,0.159,-0.2,
0.047,0.01,0.266,-0.06,
0.003,-0.002,0.172,-0.157,
0.022,0.011,0.149,-0.054,
0.034,0.037,0.154,-0.117,
0.139,0.146,0.272,0,
0.011,-0.024,0.224,-0.124,
0.043,0.028,0.288,-0.191,
0.071,0.08,0.213,-0.086,
0.11,0.045,0.403,-0.122,
0.067,0.067,0.156,-0.008,
-0.01,0,0.077,-0.134,
0.083,0.018,0.283,-0.117,
0.063,0.053,0.279,-0.084,
0.036,0.028,0.277,-0.158,
0.031,0.031,0.222,-0.118,
0.081,0.032,0.308,-0.133,
0.081,0.081,0.244,-0.045,
0.06,0.071,0.276,-0.14,
0.048,0.045,0.204,-0.09,
0.09,0.116,0.233,-0.091,
0.059,0.019,0.268,-0.044,
0.065,0.043,0.384,-0.054,
0.046,0.015,0.31,-0.121,
0.114,0.126,0.236,0,
0.017,0.011,0.143,-0.088,
0.078,0.041,0.262,-0.055,
0.045,0.041,0.224,-0.073,
0.081,0.086,0.252,-0.192,
0.072,0.061,0.231,-0.008,
0.058,0.067,0.156,-0.048,
0.057,0.051,0.332,-0.147,
0.043,0.044,0.163,-0.068,
0.032,0.017,0.332,-0.152,
0.04,0.032,0.281,-0.086,
0.159,0.196,0.306,0,
0.021,0.026,0.173,-0.134,
0.039,0.024,0.23,-0.104,
0.137,0.157,0.32,-0.042,
0.024,0.024,0.153,-0.096,
0.032,0.037,0.194,-0.12,
0.055,0.035,0.289,-0.083,
0.023,0,0.166,-0.077,
0.102,0.116,0.3,-0.137,
0.111,0.128,0.237,-0.042,
0.034,0.053,0.106,-0.081,
0.031,0.055,0.149,-0.16,
0.043,0.013,0.294,-0.079,
0.003,-0.004,0.187,-0.123,
0.036,0.022,0.128,-0.033,
-0.003,-0.005,0.091,-0.079,
0.042,0.042,0.143,-0.083,
0.046,0.022,0.31,-0.059,
0.049,0.015,0.179,-0.035,
0.061,0.072,0.231,-0.155,
0.078,0.091,0.243,-0.08,
0.066,0.027,0.295,-0.054,
0.061,0.049,0.196,-0.134,
0.123,0.161,0.268,-0.137,
0.04,0.022,0.268,-0.108,
0.049,0.037,0.155,-0.042,
0.054,0.054,0.163,-0.027,
0.106,0.045,0.517,-0.064,
0.07,0.082,0.233,-0.076,
0.01,0.013,0.09,-0.105,
0.041,0.04,0.226,-0.176,
0.057,0,0.281,-0.081,
0.037,0.045,0.092,-0.045,
0.037,0.044,0.206,-0.15,
0.049,0.028,0.286,-0.061,
-0.003,-0.03,0.305,-0.146,
0.046,0.023,0.249,-0.121,
0.012,-0.009,0.248,-0.132,
0.059,0.07,0.183,-0.069,
0.059,0.057,0.176,-0.062,
0.046,0.02,0.262,-0.122,
0.035,0.035,0.257,-0.112,
0.047,0.025,0.314,-0.067,
0.059,0.024,0.303,-0.067,
0.06,0.056,0.333,-0.054,
0.032,0.033,0.236,-0.168,
0.083,0.035,0.286,-0.029,
0.083,0.078,0.263,-0.091,
0.047,0.03,0.279,-0.068,
0.022,-0.017,0.255,-0.085,
0.061,0.079,0.252,-0.082,
0.084,0.08,0.261,-0.005,
0.055,0.066,0.266,-0.264,
0.055,0.021,0.237,-0.057,
0.034,0.011,0.202,-0.145,
0.037,-0.014,0.421,-0.076,
0.056,0.055,0.129,-0.082,
0.026,0,0.343,-0.249,
0.096,0.101,0.284,-0.148,
0.057,0.026,0.284,-0.079,
0.031,0.009,0.336,-0.15,
0.099,0.11,0.269,-0.106,
0.067,0.041,0.286,-0.033,
0.067,0.043,0.274,-0.007,
0.069,0.044,0.222,-0.017,
0.025,0.034,0.261,-0.231,
0.03,0.029,0.17,-0.102,
0.035,0.04,0.363,-0.237,
0.104,0.038,0.538,-0.138,
0.076,0.071,0.26,-0.036,
0.119,0.114,0.262,0,
0.028,0.012,0.137,-0.034,
0.085,0.087,0.242,-0.108,
0.104,0.053,0.324,0,
0.02,0.004,0.15,-0.085,
0.1,0.103,0.271,-0.053,
0.066,0.021,0.319,-0.081,
0.058,0.072,0.156,-0.041,
0.049,0.015,0.251,-0.055,
0.1,0.047,0.451,-0.032,
-0.006,-0.042,0.227,-0.251,
0.046,0.006,0.407,-0.221,
0.036,-0.021,0.441,-0.143,
0.031,0.006,0.37,-0.126,
0.061,0.041,0.353,-0.13,
0.036,0,0.295,-0.173,
0.011,-0.039,0.379,-0.164,
0.044,0.034,0.304,-0.111,
0.061,0.041,0.198,-0.025,
0.023,0.013,0.256,-0.168,
0.078,0.077,0.348,-0.107,
0.065,0.077,0.261,-0.093,
0.074,0.071,0.295,-0.013,
0.029,0.009,0.283,-0.105,
0.03,0.026,0.242,-0.142,
0.043,0.032,0.31,-0.17,
0.07,0.08,0.168,-0.053,
0.125,0.124,0.333,-0.039,
0.069,0.088,0.222,-0.181,
0.03,-0.007,0.41,-0.214,
0.085,0.113,0.215,-0.009,
0.051,0.003,0.291,-0.104,
-0.016,-0.011,0.101,-0.14,
0.072,0.077,0.233,-0.136,
0.014,-0.025,0.478,-0.194,
0.067,0.059,0.403,-0.129,
0.059,0.092,0.223,-0.19,
0.047,0.039,0.322,-0.115,
0.047,0.049,0.226,-0.123,
0.067,0.057,0.247,-0.021,
0.015,0.021,0.215,-0.186,
0.103,0.118,0.292,-0.098,
0.044,0.036,0.207,-0.111,
0.012,0.003,0.13,-0.088,
0.076,0.068,0.282,-0.094,
0.091,0.076,0.254,-0.034,
0.1,0.1,0.277,-0.022,
0.043,0.038,0.305,-0.183,
0.05,0.066,0.169,-0.076,
0.078,0,0.39,-0.076,
0.037,0.001,0.16,-0.046,
0.073,0.067,0.359,-0.07,
0.078,0.068,0.297,-0.087,
0.028,0.005,0.334,-0.285,
0.087,0.042,0.368,-0.073,
0.036,0.001,0.463,-0.167,
-0.011,-0.013,0.214,-0.299,
0.061,0.056,0.367,-0.069,
0.057,0.061,0.223,-0.142,
0.071,0.069,0.174,-0.046,
0.086,0.015,0.292,-0.04,
-0.012,-0.019,0.428,-0.253,
0.047,0.046,0.246,-0.297,
0.079,0.051,0.313,-0.116,
0.055,0.052,0.298,-0.09,
-0.004,0,0.098,-0.09,
0.032,0,0.252,-0.081,
0.108,0.114,0.286,-0.035,
0.054,0.057,0.258,-0.153,
0.085,0.037,0.405,-0.201,
0.074,0.025,0.44,-0.207,
0.066,0.071,0.229,-0.099,
0.043,0.014,0.199,-0.032,
0.066,0.06,0.206,-0.118,
0.082,0.086,0.197,0,
0.087,0.07,0.365,-0.109,
0.043,0,0.422,-0.12,
0.045,0,0.336,-0.122,
0.056,-0.004,0.398,-0.076,
0.074,0.06,0.212,-0.042,
0.032,0.011,0.159,-0.05,
0.01,0,0.407,-0.335,
0.027,0.03,0.316,-0.226,
0.086,0.006,0.451,-0.08,
-0.012,-0.015,0.206,-0.245,
0.03,0,0.222,-0.083,
0.07,0.062,0.158,-0.007,
0.039,0.014,0.318,-0.128,
0.102,0.054,0.353,-0.02,
0.095,0.074,0.47,-0.131,
0.083,0.043,0.379,-0.031,
0.042,0.001,0.234,-0.128,
0.007,0.011,0.167,-0.211,
0.066,0.036,0.368,-0.052,
0.066,0.081,0.143,-0.046,
0.032,0.048,0.097,-0.096,
0.053,-0.002,0.353,-0.124,
0.042,0.005,0.374,-0.25,
0.114,0.059,0.363,-0.052,
0.005,0,0.141,-0.11,
0.037,0.062,0.255,-0.303,
0.087,0.048,0.401,0,
0.072,0.098,0.392,-0.139,
0.085,0.068,0.392,-0.174,
0.002,-0,0.462,-0.341,
0.12,0.14,0.281,-0.019,
0.004,-0.026,0.442,-0.248,
0.077,0,0.442,-0.163,
0.117,0.086,0.421,-0.011,
0.085,0.059,0.272,0,
0.035,0,0.252,-0.148,
0.024,0,0.5,-0.307,
0.077,0.076,0.199,-0.118,
0.004,0.007,0.195,-0.418,
0.05,0.005,0.417,-0.104,
0.09,0.035,0.492,-0.233,
0.028,0.01,0.186,-0.055,
0.075,0.092,0.279,-0.204,
0.076,0.073,0.26,-0.041,
0.066,0.054,0.258,-0.059,
0.039,0.001,0.457,-0.087,
0.036,0.081,0.322,-0.376,
0.06,0,0.47,-0.189,
0.089,0.093,0.412,-0.2,
0.055,0.013,0.221,-0.025,
0.079,-0.005,0.465,-0.088,
0.039,0.028,0.193,-0.11,
0.035,0.007,0.285,-0.114,
0.028,0.013,0.23,-0.005,
0.13,0.131,0.322,-0.026,
0.03,0.026,0.185,-0.191,
0.047,-0.01,0.471,-0.106,
0.065,0.032,0.474,-0.137,
0.032,0.044,0.183,-0.217,
0.062,0.017,0.279,-0.079,
0.032,0,0.446,-0.235,
0.078,0.092,0.25,-0.072,
0.089,0.071,0.391,-0.122,
0.042,0.04,0.296,-0.131,
0.083,0.029,0.444,-0.127,
0.081,0.105,0.21,-0.033,
-0.039,-0.041,0.08,-0.178,
0.056,0.002,0.463,-0.06,
0.048,0.044,0.237,-0.088,
0.039,0.013,0.211,-0.006,
0.106,0.058,0.371,0,
0.051,0.018,0.545,-0.205,
0.087,0.033,0.478,-0.04,
0.056,0.015,0.471,-0.086,
0.124,0.128,0.387,-0.029,
0.073,0.065,0.272,-0.113,
0.062,0.059,0.207,-0.037,
0.023,0.005,0.218,-0.101,
0.098,0.072,0.319,-0.027,
0.08,0.085,0.274,-0.113,
0.098,0.001,0.592,-0.157,
0.056,0.01,0.32,-0.047,
0.085,0.058,0.428,-0.07,
0.074,0.063,0.191,0,
0.063,0.014,0.576,-0.193,
0.024,-0.017,0.306,-0.151,
0.11,0.054,0.312,-0.015,
0.08,0.036,0.437,-0.153,
-0.002,0,0.477,-0.565,
0.086,0.041,0.299,-0.083,
0.145,0.053,0.496,-0.001,
0.038,-0.02,0.459,-0.081,
0.086,0.013,0.486,-0.104,
0.068,0.022,0.432,-0.104,
0.118,0.124,0.236,-0.016,
0.055,0.008,0.276,-0.05,
0.065,0.05,0.373,-0.182,
0.039,0.044,0.188,-0.158,
0.056,0.046,0.351,-0.343,
0.036,-0.007,0.491,-0.179,
0.105,0.065,0.475,-0.084,
0.052,0.053,0.319,-0.237,
0.006,0.002,0.381,-0.168,
0.058,0.048,0.303,-0.215,
0.092,0.009,0.481,-0.147,
0.121,0.135,0.45,-0.053,
0.099,0.074,0.377,-0.071,
0.056,0.034,0.353,-0.128,
0.088,0.035,0.43,-0.033,
0.069,0.062,0.261,-0.086,
0.023,-0,0.533,-0.24,
0.101,0.006,0.443,-0.12,
0.089,0.017,0.34,-0.061,
0.086,0.046,0.398,-0.142,
0.072,0.002,0.363,-0.104,
0.077,0.07,0.378,-0.126,
0.037,0.036,0.218,-0.068,
0.063,0.081,0.416,-0.213,
0,-0.011,0.382,-0.253,
0.075,0.041,0.43,-0.159,
0.043,0,0.337,-0.212,
0.089,0.051,0.417,-0.074,
0.032,-0.003,0.263,-0.126,
0.066,0.032,0.37,-0.041,
0.047,0.017,0.46,-0.076,
0.045,0.021,0.199,-0.116,
0.035,-0.019,0.595,-0.243,
0.124,0.031,0.484,-0.261,
0.072,0.024,0.46,-0.131,
0.101,0.111,0.263,-0.035,
0.073,0.013,0.287,-0.058,
0.105,0.097,0.382,-0.103,
0.099,0.071,0.422,-0.032,
0.03,0.022,0.532,-0.299,
0.065,0.053,0.406,-0.197,
0.063,0.025,0.499,-0.137,
0.075,0.035,0.29,-0.088,
0.099,0.067,0.332,-0.032,
0.052,0,0.302,-0.042,
0.064,0.052,0.265,-0.085,
0.061,0.058,0.5,-0.304,
0.133,0.038,0.458,-0.013,
0.09,0.096,0.207,-0.052,
0.046,0.041,0.276,-0.245,
0.07,0.033,0.311,-0.039,
0.068,0.027,0.363,-0.067,
0.068,0.061,0.279,-0.101,
0.148,0.052,0.464,-0.05,
0.041,0.019,0.278,-0.032,
0.049,0.02,0.236,-0.174,
0.064,0.053,0.502,-0.342,
0.081,0.02,0.284,-0.097,
0.071,0.057,0.327,-0.147,
0.05,-0.003,0.331,-0.047,
0.073,0.073,0.415,-0.332,
0.071,0.044,0.252,-0.038,
0.062,0.057,0.205,-0.127,


-0.034,-0.032,0.007,-0.091,
0.012,0,0.15,-0.052,
0.006,0,0.142,-0.165,
0,0,0.005,-0.002,
-0.129,-0.015,0.142,-0.514,
-0.041,-0.05,0.015,-0.091,
-0.036,-0.013,0.125,-0.205,
0.007,0.001,0.124,-0.101,
0.027,0.027,0.164,-0.078,
-0.004,-0.005,0.183,-0.149,
0,0,0,0,
-0.057,-0.074,0.061,-0.149,
0,0,0.01,-0.005,
-0.062,-0.037,0.195,-0.26,
-0.006,-0.025,0.117,-0.049,
-0.039,0,0.07,-0.264,
-0.029,-0.019,0.048,-0.148,
-0.034,-0.007,0.027,-0.132,
-0.041,-0.017,0.078,-0.195,
-0.02,-0.008,0.072,-0.127,
-0.004,-0.011,0.066,-0.047,
0.004,0.031,0.17,-0.447,
-0.009,0,0.139,-0.131,
0.026,0.018,0.188,-0.157,
0,0,0,0,
0.02,0.004,0.16,-0.11,
-0.001,0,0,-0.017,
-0.015,0,0.085,-0.167,
-0.009,-0.014,0.066,-0.11,
-0,0,0.007,-0.006,
-0.018,-0.018,0.018,-0.104,
0.058,0.051,0.111,-0.006,
-0.016,0,0.101,-0.099,
-0.012,-0.006,0.061,-0.115,
0.005,0.002,0.083,-0.023,
-0.016,0,0.049,-0.153,
0.028,0.014,0.122,-0.031,
-0.007,0,0.02,-0.059,
-0.047,-0.051,0.042,-0.119,
0.021,0.01,0.095,-0.06,
-0.044,-0.029,0.091,-0.13,
0.021,0.014,0.086,-0.029,
-0.028,-0.018,0,-0.094,
-0.009,0,0.076,-0.116,
-0.005,0.004,0.143,-0.069,
-0.003,0,0.013,-0.032,
-0.001,0,0.06,-0.07,
0.06,0.03,0.357,-0.031,
0.004,0,0.217,-0.253,
0.001,0.015,0.075,-0.12,
-0.003,0,0,-0.042,
0.013,0.01,0.155,-0.285,
-0.004,0,0.012,-0.038,
-0.002,0,0.257,-0.221,
0.067,0.069,0.456,-0.071,
-0.052,-0.055,0.013,-0.111,
-0.054,-0.029,0.054,-0.236,
0.016,0.007,0.073,-0.007,
0.001,0,0.019,-0.007,
-0.001,0,0.009,-0.032,
0,0,0.001,0,
-0.003,-0.011,0.147,-0.079,
0.012,-0,0.145,-0.075,
0.047,0.054,0.14,-0.084,
-0.001,0,0.025,-0.015,
-0.094,-0.036,0.083,-0.444,
0.01,0.004,0.201,-0.086,
-0.004,-0.002,0.038,-0.044,
0.018,0.021,0.134,-0.154,
0.021,0.01,0.1,-0.039,
-0.048,-0.048,0.003,-0.099,
-0.002,0,0.009,-0.017,
-0.043,-0.034,0.022,-0.12,
-0.036,-0.02,0.023,-0.098,
-0.017,-0.006,0.165,-0.128,
0.003,0,0.023,-0.007,
-0.039,-0.03,0.015,-0.105,
-0.035,-0.021,0.04,-0.097,
-0.07,-0.042,0.098,-0.262,
-0.008,0,0.052,-0.078,
0.016,0.003,0.13,-0.071,
-0.049,-0.051,0.068,-0.134,
0.04,0.053,0.232,-0.086,
0.032,0.019,0.078,-0.054,
0.006,0.003,0.146,-0.113,
-0.005,-0.002,0.075,-0.077,
0.01,0.006,0.129,-0.141,
-0,0,0.028,-0.043,
0.01,0.013,0.14,-0.06,
-0.008,-0.001,0.017,-0.086,
-0.014,-0.006,0.114,-0.18,
0.008,0.002,0.063,-0.04,
-0.019,-0.022,0.03,-0.079,
-0.002,0.002,0.072,-0.077,
-0.022,-0.019,0.055,-0.076,
0.017,0.007,0.142,-0.094,
0.005,0.002,0.046,-0.087,
-0.013,-0.005,0.054,-0.082,
-0.073,-0.017,0.076,-0.22,
0,0,0,0,
0,0,0,0,
0,0,0,0,
0.015,0.004,0.129,-0.102,
-0.027,-0.029,0.122,-0.151,
-0.013,-0.012,0.084,-0.151,
-0.009,-0,0.046,-0.083,
0.007,0,0.054,-0.027,
-0.001,0,0.037,-0.014,
0.02,0.016,0.091,-0.031,
-0.006,-0.002,0.03,-0.039,
-0.042,-0.054,0.029,-0.116,
0.023,0.018,0.111,-0.044,
0.066,0.089,0.155,-0.058,
-0.008,-0.007,0.109,-0.17,
0.022,0.009,0.126,-0.061,
-0.062,-0.065,0.045,-0.149,
0.063,0.06,0.139,0,
-0.002,-0.001,0.041,-0.014,
-0.009,-0.002,0.062,-0.093,
-0.005,-0.008,0.162,-0.075,
0.017,0.018,0.143,-0.125,
0.017,0,0.099,-0.033,
0.01,-0.005,0.078,-0.037,
-0.004,0,0.041,-0.076,
0.056,0.069,0.185,-0.083,
-0.07,-0.038,0.043,-0.191,
-0.024,0.003,0.155,-0.153,
0.003,-0.005,0.079,-0.015,
0.043,0.046,0.149,-0.102,
0.02,-0.003,0.164,-0.028,
-0.012,-0.01,0.096,-0.127,
0.001,0.002,0.044,-0.04,
-0.026,-0.026,0.017,-0.073,
-0.002,-0.005,0.04,-0.038,
0.04,0.068,0.137,-0.124,
-0.022,-0.03,0.081,-0.081,
-0,-0.004,0.122,-0.127,
-0,0,0,-0.006,
-0,0,0,-0.004,
-0.016,-0.009,0.049,-0.097,
0,0.005,0.102,-0.11,
-0.019,-0.018,0.032,-0.075,
-0.001,0,0.079,-0.045,
0.046,0.046,0.102,0,
-0.017,-0.009,0.024,-0.064,
-0.016,-0.015,0.018,-0.047,
0,0,0,0,
-0.017,-0.029,0.098,-0.086,
-0.001,0,0.008,-0.017,
-0.017,-0.017,0.062,-0.081,
-0.007,-0.002,0.039,-0.054,
0.006,0,0.052,-0.013,
0.017,0.005,0.135,-0.066,
-0.002,-0.003,0.07,-0.051,
-0.015,-0.023,0.075,-0.093,
0,0,0.007,-0.003,
0.011,0.005,0.101,-0.061,
-0.025,-0.007,0.001,-0.092,
0.011,0.004,0.069,-0.04,
-0.012,-0,0.046,-0.134,
0.038,0.051,0.159,-0.115,
0.017,0.005,0.112,-0.048,
0.007,0,0.072,-0.047,
0,0,0,0,
0.016,0.007,0.1,-0.059,
0.007,0,0.036,-0.021,
-0.012,-0.003,0.014,-0.05,
0,0,0,0,
0.005,-0.003,0.1,-0.066,
-0.01,-0,0.065,-0.105,
-0,0,0.008,-0.017,
0.038,0.031,0.095,-0.042,
-0.001,0,0.004,-0.015,
-0.037,-0.036,0.061,-0.099,
0.005,0,0.058,-0.029,
-0.006,-0.006,0.109,-0.082,
-0,-0.002,0.082,-0.046,
-0.003,-0.005,0.142,-0.11,
-0.001,0,0.131,-0.046,
0.007,0.007,0.037,-0.03,
-0.019,0,0.053,-0.15,
0,0,0.005,-0.004,
-0,0,0.099,-0.097,
-0.012,-0.004,0,-0.038,
0.033,0.037,0.141,-0.048,
-0.003,-0.007,0.196,-0.119,
0,0,0,0,
0,0.003,0.093,-0.082,
-0.005,-0.009,0.096,-0.062,
-0.009,-0.011,0.024,-0.037,
0.039,0.029,0.087,-0.061,
0.006,-0.005,0.084,-0.034,
-0.017,-0.014,0.033,-0.077,
-0.002,0,0.006,-0.031,
-0.003,-0,0.042,-0.116,
0.053,0.039,0.12,-0.116,
0.014,0.004,0.099,-0.065,
-0.01,-0.009,0.048,-0.065,
-0.018,-0.021,0.049,-0.062,
0.001,0,0.011,0,
0.036,0.033,0.149,-0.064,
-0.001,0.005,0.047,-0.11,
-0.021,-0.017,0.035,-0.093,
-0.02,-0.011,0.084,-0.108,
-0.048,-0.044,0.026,-0.266,
0.018,0.011,0.168,-0.174,
0,0,0.007,-0.016,
0.028,0.004,0.189,-0.105,
0.012,0.018,0.076,-0.07,
0.065,0.053,0.192,-0.095,
0.049,0.015,0.226,-0.144,
-0.009,-0.028,0.103,-0.059,
0.044,0.048,0.115,-0.084,
-0.013,-0.006,0.082,-0.138,
0.03,0.041,0.08,-0.052,
0.001,0,0.019,-0.005,
-0.007,-0.002,0.042,-0.056,
-0.02,-0.02,0.068,-0.158,
-0.032,-0.014,0.059,-0.136,
-0.007,-0.003,0.047,-0.069,
0.032,0.035,0.087,-0.034,
0.008,0.051,0.09,-0.223,
0.017,0,0.103,-0.04,
0.011,-0.007,0.096,-0.026,
-0.014,-0.033,0.114,-0.072,
-0.006,0.004,0.057,-0.114,
-0.025,-0.026,0.129,-0.152,
-0.01,-0.001,0.042,-0.127,
0.001,0,0.012,0,
-0.001,0,0.053,-0.073,
-0.01,-0.017,0.035,-0.041,
-0.065,-0.057,0.013,-0.202,
0.017,0.015,0.101,-0.038,
-0.036,-0.041,0.004,-0.068,
0.002,-0.003,0.117,-0.068,
0.025,0.028,0.109,-0.09,
-0.028,-0.004,0.06,-0.251,
-0.007,0.003,0.075,-0.152,
-0.055,-0.03,0.067,-0.263,
0.067,0.096,0.143,-0.063,
-0.02,-0.013,0.09,-0.088,
-0.004,-0.022,0.285,-0.108,
0,0,0,0,
-0.01,0,0.065,-0.108,
-0.034,-0.025,0.028,-0.178,
-0.04,-0.004,0.019,-0.174,
-0.021,-0.015,0,-0.085,
0.044,0.02,0.169,-0.045,
-0.043,-0.048,0.054,-0.13,
-0.012,0,0.01,-0.113,
0.002,0.006,0.07,-0.112,
-0.03,-0.04,0.045,-0.093,
0.018,0.008,0.148,-0.072,
0.002,-0.002,0.06,-0.041,
-0.026,-0.049,0.117,-0.087,
0.001,0,0.088,-0.118,
0.001,0,0.095,-0.113,
-0.06,-0.076,0.004,-0.12,
-0.012,-0.019,0.052,-0.049,
-0,0,0.004,-0.008,
0.009,0,0.046,-0.015,
-0.022,-0.022,0.05,-0.112,
0.021,0.033,0.088,-0.083,
0.022,0.003,0.088,-0.003,
0.027,0.013,0.1,-0.015,
0.006,0.003,0.063,-0.051,
-0.005,-0.004,0.04,-0.064,
0.034,0.036,0.141,-0.085,
-0.029,-0.02,0.076,-0.13,
-0.027,-0.015,0.072,-0.092,
-0.002,0,0,-0.034,
-0.02,-0.031,0.017,-0.043,
-0.011,-0.004,0.067,-0.095,
0,0,0.01,-0.024,
0.001,0,0.015,-0.001,
0.001,0,0.014,-0.005,
-0.029,-0.025,0.049,-0.189,
-0.009,-0.004,0.08,-0.063,
0.002,0,0.131,-0.061,
-0.002,-0,0.013,-0.013,
-0.017,-0.019,0.035,-0.05,
-0.022,-0.027,0.071,-0.12,
0.053,0.061,0.241,-0.207,
-0.014,0,0.135,-0.254,
0.009,0.002,0.104,-0.053,
0.014,0.005,0.132,-0.077,
-0.005,-0.002,0.062,-0.122,
-0.043,-0.028,0,-0.16,
-0.061,-0.07,0.148,-0.224,
0.011,0.009,0.075,-0.068,
0.02,0.015,0.114,-0.032,
0.016,0.02,0.126,-0.145,
-0.066,-0.062,0.025,-0.189,
0.033,0.037,0.085,-0.049,
-0.009,-0.019,0.062,-0.034,
-0.05,-0.036,0.015,-0.124,
0.036,0.031,0.115,-0.103,
-0.015,-0.005,0.093,-0.247,
0.015,0.009,0.092,-0.036,
0.015,0.019,0.082,-0.081,
-0.033,-0.014,0.022,-0.14,
-0.001,0.003,0.046,-0.102,
-0.002,0,0.02,-0.025,
-0.134,-0.154,0,-0.243,
0.038,0.041,0.118,-0.071,
-0.005,-0.005,0.059,-0.057,
0.001,0,0.018,-0.009,
0.028,0.015,0.168,-0.151,
-0.033,-0.045,0.245,-0.131,
-0.044,-0.026,0.077,-0.185,
-0,-0.002,0.09,-0.097,
-0.002,0,0.011,-0.019,
0.052,0.068,0.151,-0.125,
0.024,0.034,0.105,-0.142,
0.002,0.001,0.098,-0.05,
0.011,0.003,0.11,-0.088,
0.058,0.067,0.188,-0.143,
-0.007,0,0.152,-0.197,
0.001,0,0.039,-0.027,
0.001,0,0.02,-0.005,
0.009,0.002,0.085,-0.082,
-0.006,0,0,-0.077,
-0,0,0.08,-0.062,
-0.027,-0.008,0.009,-0.101,
-0.012,-0.003,0.051,-0.086,
-0.019,-0.009,0.045,-0.104,
-0.041,-0.034,0.012,-0.159,
0.027,0.009,0.129,-0.05,
-0.011,-0.01,0.055,-0.056,
0.027,0.041,0.09,-0.044,
-0.007,-0.001,0.058,-0.115,
0.006,-0.002,0.104,-0.073,
-0.001,0,0.008,-0.017,
0.013,0.026,0.092,-0.164,
0,0,0,0,
0.028,0.024,0.101,-0.015,
-0.043,0,0.002,-0.223,
0.045,0.046,0.165,-0.126,
-0.027,-0.051,0.105,-0.116,
0.029,0.03,0.099,-0.115,
-0.015,0,0.143,-0.258,
0.011,0.005,0.112,-0.05,
0.022,0.026,0.154,-0.148,
-0.042,-0.051,0.061,-0.107,
-0.013,0,0.137,-0.135,
0.04,0.032,0.138,-0.171,
-0.008,-0.005,0.005,-0.036,
-0.032,-0.019,0.092,-0.149,
-0.068,-0.073,0.004,-0.193,
-0.041,-0.039,0.038,-0.118,
0.01,0.023,0.109,-0.165,
0.037,0.043,0.122,-0.184,
-0,0,0,-0.001,
-0.001,-0,0.032,-0.029,
-0.004,0,0.106,-0.123,
0.007,0.017,0.11,-0.265,
-0.017,-0.005,0.075,-0.14,
-0.007,-0.004,0.05,-0.04,
-0.029,-0.039,0.056,-0.068,
-0.05,-0.046,0,-0.122,
0.009,0,0.127,-0.085,
-0.003,0,0.014,-0.03,
-0.072,-0.071,0.056,-0.221,
-0.007,0,0.029,-0.059,
0.003,0.005,0.057,-0.062,
-0.006,-0.002,0.158,-0.122,
-0.002,-0.004,0.074,-0.058,
-0.008,-0,0.108,-0.17,
-0.014,-0.024,0.048,-0.077,
-0.038,-0.028,0.08,-0.148,
0.003,0.003,0.084,-0.097,
0.001,0,0.01,-0.006,
-0.051,-0.051,0.057,-0.182,
-0.001,0,0.005,-0.018,
0.017,0,0.124,-0.058,
0.035,0.033,0.102,-0.086,
0.006,0.005,0.089,-0.085,
0.097,0.06,0.21,-0.082,
-0.008,-0.003,0.049,-0.092,
-0,0,0.005,-0.005,
-0.004,-0.015,0.085,-0.064,
-0.012,-0.004,0.064,-0.132,
-0.032,-0.009,0.025,-0.142,
-0.025,-0.017,0.079,-0.105,
0.025,0.033,0.091,-0.047,
-0.048,-0.029,0,-0.134,
0.007,0,0.118,-0.064,
-0.053,-0.064,0.04,-0.097,
0.027,0.022,0.138,-0.058,
0.041,0.07,0.125,-0.12,
-0.004,0,0.043,-0.052,
0.04,0.038,0.158,-0.076,
-0.042,-0.021,0.06,-0.212,
-0.037,-0.009,0.037,-0.189,
0.01,0.007,0.084,-0.047,
-0.053,-0.05,0,-0.123,
-0,0,0.006,-0.005,
0.023,0.032,0.169,-0.2,
-0.021,-0.006,0.061,-0.086,
-0.01,-0.006,0.021,-0.042,
-0.008,-0.005,0.065,-0.065,
-0.034,-0.017,0.083,-0.197,
-0.002,0,0.107,-0.138,
-0.05,-0.041,0.021,-0.165,
-0.001,0,0.001,-0.006,
-0.003,-0.01,0.098,-0.07,
0.017,0.022,0.119,-0.138,
0.008,0,0.08,-0.082,
-0.007,-0.004,0.089,-0.099,
-0.001,0.004,0.088,-0.088,
0.022,0.001,0.211,-0.023,
-0.022,-0.019,0.054,-0.123,
-0.024,-0.044,0.105,-0.108,
-0.003,0.004,0.086,-0.144,
-0.001,0,0.005,-0.015,
0.04,0.049,0.075,-0.042,
-0.003,0,0.01,-0.06,
-0.032,-0.051,0.092,-0.13,
0.017,0.015,0.099,-0.139,
-0.014,-0.009,0.045,-0.099,
0.015,0.001,0.123,-0.098,
0.005,0.006,0.102,-0.102,
0.003,0.014,0.062,-0.074,
-0.004,-0,0.013,-0.028,
0.02,0.024,0.104,-0.125,
-0.048,-0.026,0.03,-0.177,
-0.092,-0.086,0.133,-0.295,
-0.038,-0.015,0.05,-0.183,
0.015,0.017,0.075,-0.043,
0.005,0.019,0.094,-0.138,
0.034,0.024,0.158,-0.064,
-0.028,-0.002,0.055,-0.225,
0.01,0.02,0.142,-0.111,
-0.006,0,0.128,-0.116,
-0.067,-0.068,0.086,-0.197,
0.018,0.015,0.134,-0.135,
-0.023,-0.011,0.093,-0.161,
0.032,0.057,0.097,-0.124,
-0.03,-0.025,0.038,-0.12,
-0.016,-0.006,0.068,-0.102,
-0.003,0,0.081,-0.074,
0.029,0.017,0.105,-0.036,
-0.021,-0.004,0.051,-0.195,
-0,0,0.023,-0.062,
-0.008,0.002,0.052,-0.154,
-0.007,-0.001,0.074,-0.103,
-0.005,-0.002,0.029,-0.047,
-0.002,0.003,0.032,-0.053,
-0.034,-0.029,0.043,-0.177,
-0.007,0,0.008,-0.079,
-0.002,0,0.006,-0.017,
-0.05,-0.048,0.166,-0.213,
-0.013,-0.002,0.034,-0.086,
-0.03,-0.032,0.094,-0.132,
-0.014,-0.013,0.005,-0.04,
-0.014,-0.002,0.1,-0.108,
0,0,0,0,
-0.014,-0,0.048,-0.095,
0.035,0.034,0.11,-0.106,
-0.011,-0.003,0.013,-0.049,
0.055,0.074,0.153,-0.215,
0.053,0.074,0.178,-0.15,
-0.005,0,0.118,-0.155,
0.003,0.009,0.077,-0.114,
0,0,0,0,
-0.008,-0.005,0.069,-0.095,
-0.001,-0.001,0.143,-0.076,
0.014,0.028,0.067,-0.146,
-0.027,-0.021,0.002,-0.076,
-0.056,-0.059,0,-0.145,
-0.002,0.005,0.135,-0.201,
-0.023,-0.023,0.035,-0.067,
-0.013,-0.009,0.081,-0.135,
0,0,0.004,0,
0.035,0.024,0.17,-0.069,
-0.017,-0.005,0.083,-0.151,
-0.02,-0.013,0.006,-0.077,
0.003,0.004,0.161,-0.229,
0,0,0,0,
0,0,0,0,
0.049,0.07,0.128,-0.089,
0,0,0,0,
-0.042,-0.046,0.072,-0.128,
-0.031,-0.029,0.107,-0.295,
-0.001,0,0.013,-0.021,
-0.082,-0.05,0.037,-0.379,
-0.033,-0.04,0.054,-0.121,
-0.006,-0.002,0.203,-0.195,
-0.012,-0.02,0.169,-0.153,
0.006,0,0.051,-0.026,
-0.022,-0.016,0.034,-0.116,
-0.022,-0.003,0.101,-0.319,
-0.049,-0.043,0.023,-0.157,
0.002,0,0.031,-0.011,
-0.001,0,0.034,-0.058,
-0.014,-0.011,0.073,-0.088,
-0.047,-0.079,0.22,-0.314,
-0.018,-0.01,0.062,-0.169,
-0.048,-0.049,0.074,-0.14,
0.002,0,0.034,-0.031,
0.012,-0.007,0.282,-0.129,
-0.003,0,0.073,-0.097,
0,0,0,0,
0.025,0.025,0.145,-0.099,
-0.015,-0.005,0.059,-0.118,
-0.022,-0.003,0.033,-0.113,
0.016,0.015,0.095,-0.046,
-0.068,-0.083,0.034,-0.151,
-0.013,-0.001,0.057,-0.094,
0.019,0.024,0.127,-0.062,
0.018,0.006,0.169,-0.041,
-0.017,-0.014,0.027,-0.074,
0.014,0.014,0.076,-0.069,
0.026,0.03,0.106,-0.129,
0.007,0.003,0.083,-0.07,
-0.032,-0.007,0.021,-0.261,
-0.025,-0.007,0.046,-0.112,
-0.007,-0.019,0.078,-0.037,
0.017,0.022,0.136,-0.157,
-0.02,-0.009,0.046,-0.088,
-0.001,0.01,0.046,-0.111,
0.009,0.041,0.124,-0.246,
-0.009,-0.001,0.068,-0.112,
-0.009,0,0.097,-0.22,
0.049,0.023,0.186,-0.039,
-0.078,-0.057,0.011,-0.23,
-0.004,0,0.058,-0.07,
-0.029,-0.007,0.044,-0.162,
-0.023,-0.019,0.07,-0.093,
0.019,0.017,0.169,-0.08,
-0.05,-0.05,0.044,-0.202,
-0.023,0,0.061,-0.296,
0.008,0.007,0.08,-0.078,
-0.017,-0.008,0.095,-0.121,
-0.003,0.003,0.066,-0.185,
-0.006,0,0.084,-0.119,
0.032,0.043,0.165,-0.109,
0.024,0.004,0.188,-0.08,
-0.018,-0.005,0.057,-0.11,
-0,0,0.002,-0.004,
-0.011,-0.021,0.103,-0.121,
-0.042,-0.033,0.05,-0.236,
0.017,0.019,0.087,-0.072,
-0.017,-0.01,0.093,-0.15,
-0.026,-0.009,0.053,-0.119,
-0.022,-0.007,0.035,-0.186,
-0.016,0,0.027,-0.109,
0.02,0.011,0.083,-0.072,
-0.006,-0.002,0.001,-0.025,
0.001,0,0.042,-0.022,
0.001,0.003,0.082,-0.096,
0.003,0,0.068,-0.165,
0.009,0.019,0.079,-0.11,
-0.036,-0.028,0.006,-0.159,
-0.033,-0.007,0.078,-0.183,
-0.011,-0.028,0.164,-0.115,
-0.004,0,0.009,-0.047,
0,0,0.078,-0.116,
-0.017,-0.009,0.071,-0.2,
0.007,-0.023,0.394,-0.098,
-0.021,-0.033,0.122,-0.11,
0.024,0.029,0.073,-0.099,
-0.048,-0.077,0.03,-0.104,
0.011,0.006,0.164,-0.143,
0.003,-0.001,0.133,-0.148,
-0.045,-0.018,0.023,-0.211,
-0.005,0,0.065,-0.135,
-0.024,0,0.013,-0.161,
-0.002,0,0.1,-0.154,
0,0,0.026,-0.046,
0,0,0.009,0,
0.001,-0.003,0.086,-0.06,
0.003,0.003,0.142,-0.131,
-0.045,-0.054,0.046,-0.13,
0.007,0.005,0.097,-0.071,
-0.002,0,0,-0.018,
-0.053,-0.046,0.036,-0.189,
-0.003,0,0.035,-0.043,
-0.004,0.001,0.149,-0.12,
0.002,0,0.111,-0.041,
-0.005,-0.01,0.071,-0.032,
0.004,0.002,0.12,-0.159,
-0.052,-0.029,0.097,-0.267,
0.008,0.001,0.092,-0.089,
-0.02,0,0.17,-0.226,
0.019,0.028,0.148,-0.154,
0.001,0,0.011,-0.002,
-0.047,-0.05,0.013,-0.128,
-0.011,-0.013,0.099,-0.119,
-0.029,-0.026,0.066,-0.134,
-0.015,0,0.088,-0.225,
0.037,0.015,0.224,-0.104,
0.009,0.007,0.108,-0.098,
0,0,0,0,
-0.011,-0.013,0.088,-0.159,
0.003,0.016,0.091,-0.174,
0.013,0.019,0.12,-0.088,
0.061,0.068,0.184,-0.096,
0,0,0.125,-0.087,
-0.001,0.003,0.079,-0.096,
-0.076,-0.078,0.091,-0.242,
-0.011,-0.002,0.091,-0.099,
-0.036,-0.046,0.08,-0.111,
-0.001,0,0.029,-0.021,
0.007,0,0.091,-0.029,
0.019,0.01,0.083,-0.035,
-0.027,-0.027,0.098,-0.161,
0.01,0.011,0.107,-0.116,
-0,0,0,-0.006,
0.011,0,0.147,-0.087,
0.01,0.014,0.102,-0.125,
-0.011,-0.007,0.057,-0.083,
-0.044,-0.037,0.128,-0.178,
-0.004,-0.003,0.025,-0.029,
-0.009,-0.003,0.106,-0.124,
0.01,0.029,0.136,-0.186,
-0.019,-0.029,0.137,-0.099,
0.026,0.026,0.136,-0.074,
0.022,0.006,0.127,-0.1,
0.004,0,0.061,-0.005,
-0.006,-0.01,0.091,-0.112,
-0.047,-0.004,0.203,-0.234,
0.016,0.013,0.189,-0.174,
-0.006,0,0.013,-0.063,
-0.015,-0.001,0.098,-0.098,
0,0,0,0,
0.006,0,0.105,-0.128,
-0.024,-0.024,0.04,-0.112,
0.011,0.026,0.069,-0.094,
0.016,0.021,0.079,-0.054,
-0,0,0.145,-0.127,
-0.038,-0.02,0,-0.138,
-0.004,-0.013,0.151,-0.075,
0.006,0.007,0.061,-0.073,
-0.005,-0.005,0.066,-0.057,
-0.021,-0.032,0.055,-0.069,
0.015,0.03,0.141,-0.219,
-0.01,-0.007,0.092,-0.116,
0.001,0,0.028,-0.035,
-0.034,0,0.191,-0.306,
0.008,0.011,0.089,-0.171,
-0.015,-0.005,0.177,-0.201,
0.005,0.001,0.147,-0.053,
-0.03,-0.041,0.112,-0.125,
0.045,0.072,0.127,-0.143,
-0.037,-0.016,0.042,-0.236,
-0.047,-0.036,0.064,-0.142,
-0.022,-0.013,0.032,-0.128,
-0.07,-0.053,0.111,-0.251,
-0.027,-0.014,0.024,-0.134,
-0.004,-0.001,0.127,-0.131,
0.038,0.059,0.138,-0.249,
0.007,0.008,0.046,-0.091,
0.001,0,0.038,-0.044,
-0.005,-0.007,0.197,-0.171,
-0.003,0,0.147,-0.099,
0.028,0.033,0.097,-0.097,
0.005,0.013,0.155,-0.288,
-0.031,-0.024,0.041,-0.099,
-0.001,0,0.116,-0.082,
-0.003,0,0.092,-0.087,
-0.026,-0.021,0.106,-0.144,
0,0,0,0,
-0.001,-0.012,0.093,-0.059,
0.003,0.01,0.034,-0.052,
0,0,0,0,
-0.015,0,0.08,-0.121,
0,0,0.039,-0.026,
-0.047,-0.033,0.086,-0.223,
0.027,0.033,0.071,-0.094,
0.005,0.005,0.2,-0.258,
-0.015,-0.007,0.101,-0.131,
-0.025,-0.002,0.003,-0.249,
-0.005,-0.007,0.097,-0.135,
-0.003,-0.004,0.112,-0.104,
-0.024,-0.014,0.025,-0.144,
-0.016,-0.013,0.047,-0.105,
0.038,0.042,0.118,-0.07,
0.031,0.043,0.09,-0.097,
0.005,0,0.211,-0.098,
-0.014,0,0.095,-0.158,
0.011,0.008,0.072,-0.125,
-0.019,-0.011,0.128,-0.112,
0.002,-0.003,0.094,-0.112,
-0.01,0.004,0.073,-0.278,
0.022,0.036,0.236,-0.29,
-0.02,-0.007,0.079,-0.283,
-0.012,0.004,0.056,-0.183,
-0.017,-0.012,0.027,-0.076,
0,0,0,0,
-0.03,-0.026,0.071,-0.145,
-0.036,-0.042,0.061,-0.176,
-0.029,-0.03,0.064,-0.124,
0,0,0.051,-0.05,
-0.017,0,0.05,-0.164,
0.011,0.022,0.157,-0.141,
-0.005,0.008,0.128,-0.213,
-0.011,-0.003,0.047,-0.071,
-0.057,-0.055,0.097,-0.199,
-0.016,-0.011,0.069,-0.155,
-0.016,-0.005,0.087,-0.195,
-0.004,0.002,0.13,-0.154,
-0.005,-0.013,0.088,-0.102,
0.013,0,0.153,-0.064,
0.02,0.043,0.129,-0.185,
0.015,0,0.212,-0.056,
0.008,0.026,0.098,-0.179,
-0.021,-0.014,0.125,-0.195,
-0.032,-0.034,0.049,-0.107,
-0.019,-0.014,0.025,-0.063,
-0.016,-0,0.074,-0.1,
0.002,0.006,0.113,-0.176,
-0.033,-0.023,0.104,-0.229,
-0.002,0,0,-0.014,
-0.022,-0.009,0.096,-0.133,
0.002,0.022,0.108,-0.149,
-0.012,0,0.081,-0.167,
-0.033,-0.035,0.104,-0.151,
-0.022,-0.027,0.064,-0.091,
-0.001,-0.002,0.213,-0.189,
-0.013,-0.002,0.057,-0.137,
-0.016,-0.021,0.087,-0.142,
0.007,0.005,0.143,-0.225,
0.006,0,0.124,-0.067,
-0.01,0,0.057,-0.134,
-0.053,-0.042,0.068,-0.264,
-0.023,-0.017,0.134,-0.241,
0.033,0.013,0.146,-0.03,
-0.01,-0.014,0.109,-0.181,
-0.007,0.009,0.125,-0.214,
0.015,0.027,0.088,-0.083,
0,0,0.001,-0.001,
-0.021,-0.003,0.106,-0.2,
0.002,0.014,0.111,-0.144,
0.005,0.003,0.109,-0.149,
0.032,0.053,0.163,-0.181,
-0.01,0,0.073,-0.159,
0.005,0,0.176,-0.152,
-0.007,0,0.074,-0.137,
-0.008,-0.029,0.16,-0.096,
0.002,-0.005,0.104,-0.126,
0.002,0.041,0.105,-0.258,
-0.021,-0.003,0.066,-0.178,
0.002,0,0.064,-0.057,
-0.002,0,0.025,-0.035,
-0.016,-0.035,0.293,-0.152,
-0.005,0.003,0.152,-0.134,
0.049,0.042,0.393,-0.16,
0.002,-0.002,0.099,-0.068,
0.031,0.046,0.096,-0.131,
-0.014,0,0.069,-0.172,
-0.018,-0.01,0.18,-0.338,
0.016,0.021,0.074,-0.141,
0,0,0.007,-0.003,
-0.016,-0,0.084,-0.111,
-0.013,0,0.077,-0.093,
-0.014,0.009,0.095,-0.285,
-0.016,-0.019,0.115,-0.207,
0.027,0.033,0.133,-0.159,
0.011,0.028,0.1,-0.182,
0.005,0,0.067,-0.033,
-0.003,-0.003,0.1,-0.153,
-0.015,-0.019,0.041,-0.101,
-0.019,-0.002,0.126,-0.226,
0.021,0.014,0.177,-0.057,
-0.013,-0.011,0.086,-0.264,
-0.048,-0.035,0.114,-0.228,
-0.011,0,0.095,-0.137,
-0.029,-0.004,0.113,-0.223,
0.024,0.044,0.143,-0.12,
-0.016,-0.039,0.121,-0.136,
-0.068,-0.049,0.055,-0.24,
0.027,0.018,0.188,-0.087,
-0.039,-0.047,0.104,-0.174,
-0.036,0,0.112,-0.298,
-0.001,0,0.185,-0.188,
-0.006,0,0.056,-0.163,
-0.02,0.008,0.151,-0.334,
0.003,0,0.046,-0.043,
0.021,0.031,0.228,-0.282,
0.009,0.043,0.257,-0.487,
0.026,0.041,0.132,-0.113,
-0.008,-0.002,0.101,-0.235,
0.003,0,0.065,-0.055,
0.032,0.051,0.271,-0.214,
0.004,0.035,0.196,-0.435,
0.007,0.001,0.121,-0.065,
0,0,0,0,
-0.022,0.005,0.134,-0.19,
-0.005,0,0.141,-0.139,
-0,0,0.01,-0.017,
0.007,0.018,0.079,-0.152,
-0.006,0,0.146,-0.214,
0.028,0.05,0.165,-0.241,
-0.025,-0.019,0.124,-0.139,
-0.067,-0.053,0.131,-0.245,
-0.034,-0.014,0.162,-0.267,
-0.021,0,0.185,-0.278,
-0.006,-0.014,0.094,-0.112,
-0.019,-0.003,0.057,-0.224,
0.026,0.013,0.26,-0.088,
-0.007,-0.004,0.294,-0.32,
0.007,0.056,0.078,-0.321,
0.001,0,0.016,0,
-0.011,0,0.103,-0.176,
-0.011,-0.001,0.078,-0.197,
-0.026,-0.009,0.037,-0.158,
-0.028,-0.022,0.053,-0.213,
-0.001,-0.012,0.228,-0.25,
-0.006,0,0.2,-0.184,
0.018,0.012,0.116,-0.036,
0.015,0.025,0.082,-0.09,
-0.025,0,0.059,-0.216,
-0.067,-0.069,0.032,-0.303,
-0.068,-0.081,0.042,-0.193,
-0.008,-0,0.009,-0.075,
-0.034,-0.044,0.206,-0.177,
0.001,0,0.142,-0.105,
-0.022,0,0.018,-0.128,
0.005,0.007,0.117,-0.105,
0.026,0.017,0.127,-0.101,
0.03,0.045,0.158,-0.236,
-0.044,-0.004,0.079,-0.258,
-0.002,0,0.127,-0.12,
0.083,0.076,0.326,-0.06,
-0.027,0,0.087,-0.322,
-0.01,0.004,0.058,-0.134,
0.007,0,0.108,-0.099,
-0.004,0.002,0.035,-0.094,
0.028,0.019,0.151,-0.131,
-0.003,0,0.138,-0.131,
0.024,0.033,0.228,-0.255,
0.022,0.021,0.12,-0.172,
-0.003,0.003,0.085,-0.079,
0.017,0.018,0.291,-0.13,
-0.066,-0.079,0.161,-0.192,
-0.005,0.013,0.168,-0.317,
-0.055,-0.035,0.174,-0.327,
0,0,0.001,-0.001,
0.033,0.042,0.201,-0.137,
0.017,0.042,0.109,-0.107,
-0.024,-0.026,0.087,-0.102,
-0.012,0,0.045,-0.227,
-0.024,-0.023,0.137,-0.19,
0,0,0.003,0,
0.006,0.019,0.185,-0.331,
0.022,0.004,0.113,0,
-0.011,0,0.087,-0.138,
-0.035,-0.015,0.042,-0.151,
0.021,0.024,0.283,-0.17,
0.007,0,0.152,-0.014,
0.018,0.044,0.24,-0.331,
0.075,0.084,0.293,-0.19,
0.016,0.009,0.276,-0.197,
0.012,0.012,0.133,-0.155,
0.028,0.018,0.173,-0.119,
-0.016,-0.004,0.082,-0.201,
-0.034,-0.012,0.101,-0.318,
-0.058,-0.023,0.112,-0.327,
-0.032,-0.001,0.007,-0.268,
0.022,0.01,0.2,-0.079,
-0.006,0,0.04,-0.184,
-0.011,-0.027,0.174,-0.099,
-0.003,-0.01,0.11,-0.078,
-0.014,0,0.204,-0.347,
0.065,0.054,0.269,-0.077,
-0.008,0.004,0.107,-0.134,
-0,0,0.021,-0.015,
-0.041,-0.036,0.198,-0.211,
-0.072,-0.065,0,-0.272,
0.007,0.005,0.148,-0.125,
-0.056,-0.029,0.093,-0.33,
-0.003,-0.001,0.182,-0.205,
-0.065,-0.059,0.102,-0.288,
0.043,0.042,0.232,-0.159,
-0.01,0,0.001,-0.21,
-0.021,-0.003,0.046,-0.169,
0.025,0.029,0.084,-0.131,
0.035,0.022,0.205,-0.103,
-0.022,-0.005,0.2,-0.354,
-0.039,-0.034,0.202,-0.203,
-0.004,-0.002,0.227,-0.164,
-0.003,0.021,0.073,-0.338,
-0.051,0,0.047,-0.404,
-0.003,0,0.007,-0.041,
-0.043,-0.053,0.094,-0.214,
-0.006,-0.004,0.12,-0.094,
-0.003,0,0.112,-0.123,
0,0,0,0,
-0.007,-0.001,0.234,-0.142,
0.018,0.012,0.325,-0.395,
0.02,0.011,0.167,-0.098,
0.038,0.048,0.223,-0.112,
-0.027,0.028,0.127,-0.371,
-0.012,-0.025,0.142,-0.199,
0.013,0,0.292,-0.046,
-0.004,-0.009,0.116,-0.135,
-0.013,0,0.158,-0.251,
-0.003,0,0.271,-0.164,
-0.029,0.014,0.168,-0.423,
-0.017,0,0.109,-0.329,
0.02,0.008,0.239,-0.155,
0.021,0.028,0.148,-0.168,
0.003,0,0.18,-0.126,
0.023,0.03,0.142,-0.147,
-0.044,-0.027,0.157,-0.306,
-0.02,-0.018,0.09,-0.119,
-0.039,-0.02,0.137,-0.274,
-0.007,0.005,0.069,-0.169,
0,0,0,0,
0.012,0.021,0.094,-0.355,
0.016,0.019,0.146,-0.153,
-0.005,-0.014,0.366,-0.149,
-0.024,-0.001,0.04,-0.144,
0.04,0.004,0.399,-0.192,
0.029,0.057,0.148,-0.284,
0.002,0,0.025,-0.01,
-0.024,-0.017,0.292,-0.363,
-0.031,-0.025,0.127,-0.19,
-0.025,-0.019,0.053,-0.164,
-0.006,0.005,0.126,-0.288,
-0.03,-0.007,0.013,-0.139,
0.011,0.009,0.103,-0.116,
-0.014,0,0.087,-0.244,
0.009,0,0.151,-0.093,
-0.028,0,0.058,-0.153,
-0.044,-0.044,0.045,-0.208,
0,0,0,0,
0,0,0,0,
-0.003,0,0.035,-0.046,
0.004,0,0.114,-0.067,
-0.002,0,0.123,-0.193,
0.006,0.005,0.169,-0.288,
0.008,0.013,0.176,-0.165,
-0.011,0.01,0.121,-0.24,
-0.011,0.019,0.122,-0.373,
-0.033,-0.025,0.114,-0.23,
0.002,0,0.132,-0.177,
0.04,0.027,0.184,-0.14,
0.001,0,0.166,-0.295,
0.018,0.019,0.155,-0.222,
0.026,0.021,0.314,-0.163,
-0.01,0,0.047,-0.274,
-0.007,0.015,0.158,-0.25,
-0.009,0,0.282,-0.427,
0.004,0,0.093,-0.042,
-0.002,0.002,0.159,-0.298,
-0.016,0,0.171,-0.397,
-0.068,-0.073,0.332,-0.31,
-0.02,-0.006,0.116,-0.195,
-0.021,-0.011,0.159,-0.231,
0,0,0.016,-0.015,
0.011,0.018,0.262,-0.203,
0.005,0.009,0.249,-0.209,
-0.014,-0.003,0.236,-0.192,
0,0,0.007,-0.001,
-0.03,0,0.081,-0.287,
0.001,0,0.108,-0.056,
-0.009,-0.004,0.433,-0.426,
0.076,0.086,0.322,-0.17,
-0.005,0,0.196,-0.235,
0.038,0.088,0.229,-0.343,
-0.009,0,0.139,-0.268,
0.026,0.013,0.155,-0.154,
0.035,0.013,0.409,-0.081,
0.001,0,0.038,-0.018,
0.023,0.035,0.13,-0.179,
0,0,0,0,
0.044,0.069,0.123,-0.131,
-0.009,0.022,0.258,-0.406,
-0.048,-0.031,0.142,-0.232,
0.001,0,0.048,-0.071,
0.003,0.011,0.044,-0.058,
0.023,0.021,0.077,-0.057,
-0.011,-0.007,0.072,-0.159,
0.007,0.001,0.139,-0.116,
0.03,0.043,0.178,-0.196,
0,0,0.034,-0.036,
0.003,0,0.227,-0.177,
0.004,0.006,0.145,-0.326,
-0.019,-0.012,0.233,-0.165,
0.039,0.03,0.173,-0.179,
0.008,0.005,0.105,-0.126,
-0.019,0.002,0.115,-0.235,
-0.041,-0.02,0.113,-0.508,
-0.005,0.004,0.12,-0.229,
0.008,0,0.161,-0.093,
0.027,0.05,0.148,-0.24,
0,0,0,0,
0.021,0.045,0.177,-0.193,
-0.005,0.005,0.125,-0.267,
0.022,0.019,0.165,-0.166,
0.001,0,0.02,0,
-0.019,-0.006,0.2,-0.255,
-0.032,-0.026,0.109,-0.185,
0.003,0,0.086,-0.026,
0.009,0.026,0.282,-0.214,
-0.036,-0.052,0.194,-0.284,
-0.005,0,0.166,-0.116,
0.007,0,0.179,-0.229,


0.056,0.005,0.204,-0.054,
0.05,0.052,0.263,-0.196,
0.054,0.02,0.19,-0.078,
0.104,0.193,0.336,-0.272,
-0.049,0.015,0.221,-0.33,
0.15,0.16,0.425,0,
0.046,0.024,0.171,-0.069,
0.045,0.02,0.115,0,
0.117,0.101,0.392,-0.114,
0.043,0.019,0.193,-0.049,
0.108,0.16,0.246,-0.119,
0.09,0.07,0.224,-0.002,
0.111,0.134,0.252,-0.055,
0.117,0.126,0.215,-0.01,
0.088,0.033,0.272,0,
0.205,0.237,0.396,-0.047,
0.107,0.103,0.282,-0.08,
0.075,0.029,0.235,-0.082,
0.165,0.176,0.332,-0.044,
0.045,0,0.296,-0.141,
0.118,0.134,0.252,-0.019,
0.075,0.098,0.204,-0.113,
0.136,0.14,0.333,0,
0.074,0.074,0.253,-0.033,
0.118,0.135,0.228,-0.019,
0.002,0,0.204,-0.213,
0.065,0.055,0.196,-0.115,
0.152,0.156,0.338,0,
0.042,0.013,0.219,-0.142,
0.124,0.138,0.251,-0.015,
0.064,0.018,0.206,-0.004,
0.066,0.075,0.159,0,
0.059,0.018,0.249,0,
0.118,0.129,0.223,-0.006,
0.04,0.018,0.117,-0.019,
0.158,0.171,0.281,0,
0.036,0.011,0.115,0,
0.087,0.086,0.229,-0.008,
0.078,0.024,0.219,0,
0.07,0.073,0.149,-0.006,
0.067,0.029,0.22,-0.013,
0.069,0.072,0.152,-0.002,
0.069,0.02,0.218,0,
0.132,0.132,0.244,0,
0.06,0.025,0.211,0,
0.093,0.085,0.194,0,
0.121,0.151,0.186,0,
0.133,0.248,0.313,-0.292,
0.171,0.213,0.317,-0.039,
0.11,0.111,0.257,-0.048,
0.112,0.166,0.234,-0.124,
0.13,0.163,0.299,-0.069,
0.061,0.015,0.233,-0.02,
0.166,0.204,0.294,-0.007,
0.086,0.207,0.332,-0.471,
0.081,0.021,0.266,-0.057,
0.126,0.118,0.307,-0.002,
0.052,0.02,0.215,-0.026,
0.064,0,0.315,-0.245,
0.138,0.18,0.24,-0.115,
0.012,0,0.257,-0.16,
0.058,0.017,0.199,0,
0.173,0.221,0.302,-0.055,
0.039,0.048,0.231,-0.145,
0.072,0.074,0.212,-0.08,
0.136,0.154,0.261,0,
0.036,0.014,0.195,-0.028,
0.043,0.011,0.154,-0.009,
0.121,0.119,0.276,-0.001,
0.121,0.106,0.273,0,
0.09,0.025,0.269,0,
0.129,0.15,0.241,-0.061,
0.12,0.107,0.244,0,
0.08,0.026,0.238,0,
0.075,0.006,0.231,-0.016,
0.124,0.16,0.318,-0.193,
0.061,0.018,0.252,0,
0.075,0.006,0.243,-0.022,
0.188,0.208,0.436,-0.125,
0.097,0.099,0.217,-0.021,
0.107,0.134,0.265,-0.096,
0.075,0.029,0.343,-0.084,
0.107,0.213,0.282,-0.31,
0.043,0.006,0.167,-0.022,
0.163,0.154,0.467,-0.005,
0.085,0.023,0.284,0,
0.201,0.24,0.371,0,
0.079,0.021,0.268,-0.013,
0.055,0.079,0.195,-0.06,
0.051,0.013,0.203,0,
0.12,0.132,0.259,-0.039,
0.093,0.093,0.188,0,
0.063,0.006,0.209,-0.029,
0.119,0.118,0.199,0,
0.083,0.027,0.212,0,
0.104,0.134,0.243,-0.054,
0.12,0.135,0.197,0,
0.066,0.017,0.216,0,
0.052,0.02,0.224,-0.061,
0.151,0.202,0.348,-0.199,
0.134,0.144,0.262,-0.003,
0.089,0.067,0.247,-0.018,
0.208,0.192,0.389,0,
0.114,0.114,0.239,-0.019,
0.141,0.149,0.309,-0.048,
0.141,0.173,0.248,-0.04,
0.062,0.071,0.129,0,
0.154,0.177,0.249,0,
0.134,0.153,0.245,0,
0.06,0.016,0.22,0,
0.091,0.024,0.27,0,
0.077,0.09,0.141,-0.004,
0.047,0.089,0.249,-0.111,
0.184,0.209,0.349,0,
0.227,0.226,0.409,0,
0.102,0.029,0.299,0,
0.112,0.128,0.265,-0.006,
0.055,0.013,0.2,0,
0.083,0.07,0.281,-0.045,
0.083,0.072,0.209,0,
0.158,0.18,0.327,-0.036,
0.091,0.086,0.223,0,
0.062,0.056,0.155,0,
0.086,0.052,0.209,-0.013,
0.146,0.11,0.337,0,
0.061,0.034,0.175,-0.054,
0.096,0.024,0.229,0,
0.066,0.016,0.239,0,
0.119,0.131,0.295,0,
0.061,0.021,0.225,-0.003,
0.12,0.134,0.265,-0.047,
0.075,0.063,0.21,-0.042,
0.068,0.037,0.221,-0.015,
0.056,0.009,0.211,-0.055,
0.179,0.175,0.342,0,
0.088,0.022,0.299,0,
0.225,0.221,0.433,0,
0.12,0.113,0.242,0,
0.062,0.003,0.251,-0.02,
0.087,0.079,0.236,-0.027,
0.155,0.173,0.244,0,
0.083,0.018,0.27,-0.009,
0.099,0.116,0.154,0,
0.112,0.118,0.217,0,
0.053,0.016,0.207,-0.01,
0.069,0.013,0.236,-0.012,
0.055,0.013,0.279,0,
0.057,0.058,0.162,-0.021,
0.126,0.131,0.215,0,
0.082,0.026,0.242,0,
0.129,0.127,0.254,0,
0.088,0.022,0.285,0,
0.128,0.11,0.27,0,
0.078,0.02,0.234,0,
0.182,0.215,0.309,-0.005,
0.079,0.067,0.181,-0.033,
0.191,0.21,0.358,0,
0.078,0.022,0.25,0,
0.052,0.01,0.198,0,
0.121,0.109,0.334,-0.03,
0.161,0.18,0.292,0,
0.039,0.009,0.204,-0.02,
0.102,0.087,0.223,0,
0.054,-0.003,0.247,-0.054,
0.12,0.128,0.212,0,
0.077,0.084,0.188,-0.048,
0.054,0.013,0.202,0,
0.079,0.077,0.209,-0.01,
0.093,0.021,0.312,0,
0.137,0.151,0.219,0,
0.066,0.001,0.265,-0.019,
0.051,0,0.236,-0.101,
0.068,0.079,0.211,-0.011,
0.107,0.032,0.294,0,
0.172,0.183,0.323,0,
0.173,0.176,0.27,0,
0.128,0.105,0.253,0,
0.19,0.205,0.332,0,
0.069,0.021,0.31,-0.126,
0.209,0.238,0.302,0,
0.127,0.144,0.213,0,
0.171,0.213,0.301,-0.034,
0.14,0.154,0.225,0,
0.053,0.01,0.223,-0.002,
0.132,0.146,0.26,-0.019,
0.232,0.274,0.429,0,
0.123,0.118,0.285,-0.02,
0.148,0.162,0.226,0,
0.09,0.093,0.2,0,
0.037,0.009,0.192,-0.039,
0.142,0.146,0.198,0,
0.087,0.02,0.268,0,
0.122,0.117,0.227,0,
0.149,0.144,0.302,0,
0.054,0.026,0.153,0,
0.161,0.092,0.328,0,
0.172,0.169,0.347,0,
0.105,0.105,0.21,0,
0.093,0.018,0.358,0,
0.088,0.004,0.33,-0.012,
0.175,0.191,0.294,0,
0.151,0.157,0.269,0,
0.087,0.09,0.194,0,
0.112,0.113,0.261,0,
0.213,0.246,0.321,0,
0.215,0.237,0.294,0,
0.123,0.072,0.306,-0.011,
0.207,0.215,0.338,0,
0.203,0.24,0.304,0,
0.244,0.259,0.395,0,
0.199,0.2,0.332,0,
0.101,0.022,0.3,0,
0.149,0.162,0.266,0,
0.094,0.067,0.258,0,
0.174,0.201,0.29,0,
0.103,0.025,0.333,0,
0.154,0.158,0.256,0,
0.182,0.207,0.315,0,
0.051,0.049,0.141,-0.013,
0.035,0.009,0.169,-0.012,
0.156,0.167,0.271,0,
0.2,0.231,0.332,0,
0.076,0.06,0.172,0,
0.079,0.018,0.259,0,
0.064,0.041,0.231,0,
0.095,0.074,0.297,0,
0.233,0.244,0.401,0,
0.183,0.207,0.289,0,
0.059,0.009,0.331,-0.048,
0.168,0.148,0.346,0,
0.086,0.084,0.183,0,
0.14,0.11,0.311,-0.031,
0.131,0.123,0.235,0,
0.092,0.067,0.245,0,
0.192,0.187,0.334,0,
0.197,0.211,0.346,0,
0.186,0.206,0.349,-0.104,
0.167,0.167,0.303,0,
0.245,0.287,0.366,0,
0.15,0.162,0.272,0,
0.093,0.02,0.302,0,
0.198,0.253,0.327,0,
0.077,0.015,0.353,-0.068,
0.152,0.17,0.259,0,
0.119,0.135,0.3,-0.121,
0.102,0.06,0.262,0,
0.222,0.244,0.31,0,
0.151,0.155,0.261,0,
0.178,0.182,0.337,0,
0.092,0.021,0.317,0,
0.188,0.183,0.346,0,
0.108,0.066,0.288,-0.015,
0.135,0.069,0.326,-0.058,
0.143,0.164,0.24,0,
0.079,0.011,0.295,0,
0.209,0.245,0.351,0,
0.124,0.142,0.216,0,
0.243,0.264,0.343,0,
0.107,0.018,0.343,0,
0.174,0.18,0.355,0,
0.089,0.089,0.206,0,
0.13,0.137,0.223,0,
0.163,0.136,0.334,0,
0.072,0.012,0.247,-0.015,
0.173,0.162,0.325,0,
0.08,0.063,0.206,0,
0.165,0.168,0.272,0,
0.137,0.107,0.371,0,
0.089,0.024,0.328,0,
0.097,0.02,0.427,0,
0.199,0.216,0.315,0,
0.072,0.055,0.209,0,
0.256,0.294,0.429,0,
0.079,0.062,0.241,-0.011,
0.192,0.215,0.353,0,
0.189,0.214,0.283,0,
0.167,0.198,0.312,0,
0.106,0.004,0.359,-0.028,
0.128,0.115,0.277,0,
0.164,0.106,0.355,0,
0.149,0.129,0.343,-0.029,
0.135,0.147,0.253,0,
0.181,0.154,0.346,0,
0.095,0.104,0.386,-0.335,
0.145,0.147,0.276,0,
0.141,0.132,0.315,0,
0.161,0.18,0.288,0,
0.078,0.045,0.267,0,
0.249,0.284,0.382,0,
0.144,0.139,0.308,0,
0.055,0,0.219,-0.055,
0.216,0.244,0.343,0,
0.13,0.144,0.317,-0.08,
0.164,0.192,0.305,0,
0.063,0.013,0.335,0,
0.197,0.236,0.315,0,
0.148,0.098,0.312,0,
0.127,0.143,0.237,-0.075,
0.085,0.086,0.241,0,
0.246,0.274,0.382,0,
0.175,0.219,0.349,-0.009,
0.209,0.209,0.344,0,
0.174,0.18,0.332,0,
0.218,0.227,0.358,0,
0.142,0.184,0.255,0,
0.123,0.108,0.278,0,
0.081,0.016,0.314,0,
0.18,0.151,0.397,0,
0.069,0.015,0.263,-0.087,
0.162,0.141,0.42,-0.055,
0.061,0.046,0.204,-0.067,
0.134,0.056,0.334,-0.003,
0.191,0.205,0.367,0,
0.125,0.13,0.302,-0.053,
0.092,0,0.423,-0.025,
0.19,0.193,0.327,0,
0.165,0.141,0.322,0,
0.254,0.289,0.364,0,
0.084,0.011,0.272,-0.004,
0.124,0.11,0.295,0,
0.197,0.174,0.378,0,
0.229,0.247,0.411,0,
0.094,0.07,0.248,-0.018,
0.059,0.028,0.232,0,
0.096,0.02,0.35,0,
0.139,0.16,0.248,0,
0.192,0.192,0.351,0,
0.194,0.206,0.389,0,
0.21,0.245,0.348,0,
0.157,0.097,0.385,0,
0.118,0.128,0.284,-0.047,
0.175,0.164,0.326,0,
0.202,0.169,0.38,0,
0.252,0.268,0.414,0,
0.1,0.062,0.335,0,
0.173,0.154,0.338,0,
0.137,0,0.415,0,
0.186,0.19,0.353,-0.043,
0.173,0.158,0.39,-0.073,
0.158,0.17,0.347,0,
0.131,0.208,0.394,-0.286,
0.226,0.244,0.332,0,
0.249,0.273,0.418,0,
0.181,0.17,0.316,0,
0.236,0.231,0.414,0,
0.179,0.143,0.403,0,
0.26,0.289,0.451,0,
0.214,0.223,0.349,0,
0.118,0.159,0.346,-0.159,
0.13,0.11,0.279,0,
0.204,0.218,0.399,0,
0.233,0.236,0.352,0,
0.144,0.013,0.442,0,
0.192,0.181,0.361,0,
0.162,0.238,0.352,-0.186,
0.225,0.256,0.384,-0.119,
0.102,0.086,0.263,0,
0.193,0.216,0.297,0,
0.144,0.082,0.383,0,
0.18,0.229,0.302,0,
0.204,0.228,0.337,0,
0.191,0.196,0.355,0,
0.234,0.272,0.405,0,
0.08,0.004,0.314,-0.005,
0.184,0.161,0.322,0,
0.081,0.012,0.256,0,
0.239,0.242,0.398,0,
0.169,0.228,0.375,-0.253,
0.139,0.11,0.367,0,
0.18,0.18,0.313,0,
0.262,0.291,0.382,0,
0.062,0.024,0.267,-0.05,
0.191,0.237,0.335,-0.087,
0.198,0.2,0.37,0,
0.203,0.219,0.313,0,
0.236,0.283,0.366,0,
0.215,0.228,0.33,0,
0.156,0.167,0.315,0,
0.218,0.25,0.348,0,
0.08,0.048,0.295,-0.007,
0.096,0.013,0.317,0,
0.131,0.113,0.303,-0.051,
0.218,0.251,0.382,0,
0.109,0.069,0.297,-0.023,
0.167,0.186,0.283,0,
0.066,0.042,0.308,0,
0.108,0.111,0.269,-0.086,
0.171,0.181,0.313,0,
0.095,0.052,0.277,0,
0.189,0.217,0.308,0,
0.138,0.139,0.269,-0.03,
0.17,0.158,0.355,0,
0.261,0.264,0.466,0,
0.108,0.014,0.377,0,
0.19,0.181,0.39,0,
0.146,0.155,0.284,-0.087,
0.251,0.299,0.429,0,
0.163,0.175,0.285,0,
0.148,0.151,0.257,0,
0.109,0.097,0.313,0,
0.2,0.197,0.395,0,
0.21,0.213,0.36,0,
0.189,0.183,0.319,0,
0.166,0.156,0.32,0,
0.321,0.379,0.422,0,
0.089,0.014,0.399,-0.008,
0.182,0.164,0.345,0,
0.157,0.186,0.244,0,
0.109,0.079,0.279,-0.046,
0.202,0.211,0.329,0,
0.228,0.237,0.464,-0.133,
0.182,0.191,0.327,0,
0.077,0.053,0.296,-0.008,
0.147,0.142,0.427,-0.054,
0.192,0.195,0.354,0,
0.145,0.141,0.283,0,
0.087,0.015,0.309,0,
0.194,0.224,0.313,-0.095,
0.148,0.117,0.322,0,
0.208,0.23,0.388,0,
0.212,0.233,0.373,0,
0.237,0.248,0.397,0,
0.219,0.225,0.387,0,
0.107,0.088,0.223,0,
0.206,0.233,0.373,0,
0.222,0.232,0.357,0,
0.261,0.319,0.409,0,
0.123,0.111,0.291,-0.033,
0.128,0.116,0.347,0,
0.214,0.194,0.362,0,
0.199,0.2,0.395,-0.006,
0.109,0.016,0.408,-0.009,
0.242,0.258,0.377,0,
0.223,0.232,0.39,0,
0.177,0.188,0.342,0,
0.243,0.276,0.379,0,
0.211,0.231,0.376,0,
0.13,0.107,0.33,0,
0.129,0.1,0.39,0,
0.234,0.256,0.415,0,
0.189,0.18,0.397,0,
0.208,0.226,0.365,0,
0.148,0.173,0.365,-0.105,
0.183,0.172,0.324,0,
0.173,0.192,0.319,0,
0.232,0.256,0.365,0,
0.194,0.202,0.356,0,
0.198,0.161,0.41,0,
0.147,0.158,0.299,0,
0.171,0.169,0.341,0,
0.226,0.242,0.338,0,
0.255,0.272,0.447,0,
0.17,0.186,0.267,0,
0.224,0.263,0.339,0,
0.19,0.169,0.364,0,
0.243,0.267,0.382,0,
0.059,0.018,0.221,-0.007,
0.219,0.23,0.306,0,
0.099,0.082,0.386,-0.181,
0.094,0.057,0.401,0,
0.159,0.142,0.365,0,
0.189,0.154,0.39,0,
0.176,0.157,0.361,0,
0.216,0.21,0.418,0,
0.095,0.034,0.381,-0.014,
0.22,0.257,0.379,0,
0.072,0.007,0.34,-0.095,
0.249,0.266,0.382,0,
0.164,0.138,0.308,0,
0.128,0.121,0.299,-0.019,
0.273,0.304,0.409,0,
0.116,0.083,0.346,0,
0.17,0.162,0.372,0,
0.095,0.012,0.367,-0.004,
0.164,0.148,0.421,0,
0.211,0.23,0.338,0,
0.128,0.085,0.269,0,
0.265,0.314,0.38,0,
0.141,0.059,0.362,0,
0.111,0.182,0.369,-0.1,
0.24,0.279,0.367,0,
0.109,0.005,0.408,-0.009,
0.112,0.03,0.454,0,
0.267,0.311,0.427,0,
0.209,0.213,0.354,0,
0.227,0.234,0.424,0,
0.222,0.238,0.384,0,
0.089,0.013,0.337,-0.03,
0.197,0.212,0.34,0,
0.218,0.214,0.42,0,
0.19,0.19,0.331,0,
0.223,0.23,0.451,0,
0.17,0.16,0.353,0,
0.058,0.029,0.282,-0.013,
0.061,0.007,0.302,-0.018,
0.24,0.234,0.406,0,
0.21,0.217,0.374,0,
0.101,0.079,0.28,-0.005,
0.192,0.215,0.301,0,
0.162,0.167,0.338,0,
0.203,0.215,0.378,0,
0.218,0.192,0.422,0,
0.236,0.238,0.401,0,
0.145,0.157,0.341,-0.06,
0.107,0.104,0.277,-0.051,
0.132,0.073,0.386,0,
0.184,0.179,0.416,0,
0.253,0.295,0.333,0,
0.213,0.231,0.349,0,
0.147,0.147,0.28,0,
0.146,0.15,0.34,0,
0.156,0.136,0.345,-0.116,
0.148,0.164,0.305,-0.072,
0.233,0.287,0.349,0,
0.257,0.296,0.404,0,
0.171,0.149,0.336,0,
0.205,0.227,0.338,0,
0.115,0.014,0.487,0,
0.115,0.094,0.324,-0.009,
0.219,0.252,0.309,0,
0.082,0.061,0.276,-0.093,
0.17,0.18,0.441,-0.036,
0.099,0.071,0.313,-0.063,
0.231,0.263,0.348,0,
0.173,0.206,0.278,0,
0.22,0.217,0.393,0,
0.057,0.003,0.3,-0.031,
0.149,0.129,0.363,0,
0.211,0.193,0.407,0,
0.044,0.054,0.263,-0.12,
0.161,0.14,0.299,0,
0.162,0.177,0.363,0,
0.192,0.171,0.416,0,
0.099,0.071,0.234,0,
0.116,0.099,0.459,-0.046,
0.199,0.222,0.366,0,
0.155,0.163,0.375,0,
0.093,0.089,0.316,-0.076,
0.243,0.281,0.366,0,
0.226,0.22,0.381,0,
0.132,0.163,0.293,-0.065,
0.098,0.017,0.323,-0.014,
0.275,0.343,0.438,0,
0.227,0.266,0.424,0,
0.196,0.209,0.326,0,
0.174,0.202,0.365,0,
0.115,0.017,0.412,0,
0.118,0.136,0.323,-0.06,
0.153,0.178,0.285,0,
0.19,0.201,0.284,0,
0.069,0.045,0.26,0,
0.24,0.273,0.35,0,
0.118,0.115,0.311,-0.098,
0.122,0.07,0.395,0,
0.164,0.177,0.379,-0.026,
0.096,0.107,0.309,-0.134,
0.233,0.249,0.402,0,
0.183,0.172,0.397,0,
0.232,0.272,0.384,-0.027,
0.061,0.005,0.358,-0.204,
0.128,0.011,0.478,0,
0.165,0.171,0.345,0,
0.224,0.234,0.394,0,
0.194,0.183,0.414,0,
0.244,0.273,0.384,0,
0.149,0.104,0.398,0,
0.239,0.239,0.403,0,
0.061,0.028,0.31,-0.013,
0.126,0.119,0.254,0,
0.273,0.294,0.454,0,
0.21,0.218,0.369,0,
0.175,0.155,0.462,0,
0.244,0.291,0.404,0,
0.228,0.243,0.36,0,
0.226,0.236,0.358,0,
0.147,0.108,0.399,0,
0.168,0.171,0.311,0,
0.09,0.026,0.346,-0.061,
0.139,0.111,0.382,0,
0.164,0.167,0.309,0,
0.03,0,0.242,-0.038,
0.155,0.157,0.334,0,
0.227,0.258,0.402,0,
0.233,0.245,0.359,0,
0.176,0.176,0.428,0,
0.173,0.153,0.392,0,
0.215,0.231,0.349,0,
0.194,0.213,0.337,0,
0.202,0.205,0.345,0,
0.212,0.237,0.377,0,
0.132,0.138,0.399,-0.059,
0.159,0.116,0.372,0,
0.171,0.136,0.384,0,
0.179,0.166,0.376,0,
0.242,0.287,0.405,0,
0.215,0.236,0.337,0,
0.151,0.133,0.325,0,
0.215,0.173,0.438,0,
0.147,0.139,0.401,-0.065,
0.228,0.24,0.407,0,
0.207,0.223,0.414,-0.006,
0.1,0.093,0.339,-0.216,
0.169,0.186,0.289,0,
0.214,0.242,0.42,-0.215,
0.237,0.274,0.421,0,
0.093,0.058,0.445,0,
0.108,0.121,0.299,-0.059,
0.143,0.152,0.322,0,
0.299,0.329,0.45,0,
0.183,0.168,0.387,0,
0.238,0.248,0.423,0,
0.159,0.166,0.338,0,
0.188,0.189,0.382,0,
0.156,0.134,0.366,0,
0.196,0.184,0.403,0,
0.161,0.176,0.302,-0.004,
0.128,0.017,0.458,0,
0.129,0.121,0.377,-0.075,
0.182,0.16,0.39,0,
0.226,0.189,0.439,0,
0.207,0.237,0.395,-0.055,
0.097,0.013,0.486,-0.058,
0.116,0.083,0.394,0,
0.11,0.075,0.283,-0.028,
0.221,0.24,0.403,0,
0.106,0,0.476,-0.091,
0.237,0.254,0.427,0,
0.187,0.227,0.423,0,
0.214,0.23,0.326,0,
0.151,0.15,0.398,0,
0.109,0.069,0.341,0,
0.124,0.024,0.428,-0.016,
0.2,0.246,0.352,-0.027,
0.261,0.309,0.381,0,
0.173,0.173,0.363,0,
0.139,0.134,0.268,0,
0.14,0.107,0.381,0,
0.224,0.227,0.433,0,
0.254,0.279,0.476,-0.026,
0.1,0.034,0.378,0,
0.124,0.1,0.352,-0.144,
0.123,0.131,0.37,-0.061,
0.216,0.206,0.416,0,
0.218,0.251,0.416,0,
0.096,0.062,0.365,-0.061,
0.159,0.108,0.456,0,
0.224,0.211,0.448,0,
0.19,0.158,0.455,0,
0.179,0.18,0.382,0,
0.255,0.277,0.433,0,
0.165,0.171,0.318,0,
0.183,0.121,0.421,0,
0.144,0.104,0.367,0,
0.153,0.006,0.416,-0.037,
0.173,0.154,0.369,0,
0.231,0.265,0.371,0,
0.157,0.173,0.341,0,
0.144,0.094,0.357,-0.029,
0.087,0.068,0.322,0,
0.137,0.121,0.344,0,
0.146,0.111,0.428,0,
0.181,0.192,0.316,0,
0.219,0.207,0.456,0,
0.249,0.271,0.431,0,
0.233,0.276,0.392,0,
0.249,0.254,0.43,0,
0.217,0.234,0.364,0,
0.226,0.201,0.434,0,
0.178,0.208,0.459,-0.066,
0.183,0.172,0.368,0,
0.2,0.185,0.418,-0.017,
0.274,0.302,0.429,0,
0.108,0,0.508,-0.035,
0.177,0.182,0.306,0,
0.204,0.214,0.394,0,
0.086,0.039,0.286,-0.053,
0.179,0.176,0.35,-0.051,
0.153,0.105,0.38,0,
0.185,0.123,0.467,0,
0.081,0.104,0.165,-0.117,
0.139,0.152,0.268,0,
0.145,0.103,0.427,0,
0.168,0.141,0.449,-0.005,
0.158,0.126,0.381,0,
0.17,0.18,0.337,-0.103,
0.169,0.147,0.424,-0.033,
0.093,0.044,0.352,-0.108,
0.2,0.198,0.4,0,
0.185,0.175,0.4,0,
0.129,0.09,0.344,0,
0.188,0.22,0.433,-0.211,
0.18,0.159,0.399,0,
0.23,0.235,0.386,0,
0.081,0.011,0.329,-0.009,
0.165,0.087,0.412,0,
0.115,0.139,0.321,-0.3,
0.163,0.171,0.307,0,
0.205,0.205,0.391,0,
0.114,0.124,0.401,-0.169,
0.114,0.019,0.418,0,
0.186,0.186,0.335,0,
0.187,0.186,0.337,0,
0.195,0.165,0.456,0,
0.189,0.15,0.416,0,
0.133,0.117,0.368,-0.068,
0.126,0.024,0.39,0,
0.127,0.084,0.403,-0.032,
0.168,0.179,0.374,-0.154,
0.107,0.029,0.395,-0.025,
0.137,0.043,0.494,0,
0.198,0.182,0.427,0,
0.222,0.193,0.479,0,
0.189,0.171,0.528,-0.095,
0.189,0.195,0.369,0,
0.193,0.17,0.462,0,
0.182,0.177,0.399,0,
0.256,0.222,0.488,0,
0.164,0.1,0.39,0,
0.15,0.133,0.419,0,
0.157,0.138,0.391,0,
0.199,0.151,0.455,0,
0.215,0.231,0.398,0,
0.213,0.212,0.379,0,
0.115,0.12,0.239,-0.054,
0.233,0.248,0.447,0,
0.064,0.004,0.332,-0.035,
0.25,0.264,0.487,0,
0.169,0.181,0.385,0,
0.2,0.193,0.418,-0.015,
0.157,0.151,0.392,-0.013,
0.212,0.233,0.358,0,
0.123,0.057,0.541,-0.018,
0.207,0.198,0.46,0,
0.25,0.239,0.466,0,
0.162,0.175,0.388,-0.089,
0.199,0.194,0.368,0,
0.101,0.044,0.427,-0.124,
0.141,0.13,0.446,-0.089,
0.137,0.12,0.363,0,
0.157,0.034,0.495,0,
0.153,0.122,0.454,0,
0.208,0.155,0.439,0,
0.117,0.078,0.403,-0.066,
0.243,0.283,0.379,0,
0.034,0.034,0.141,-0.113,
0.151,0.171,0.334,-0.143,
0.122,0.126,0.397,-0.055,
0.157,0.15,0.306,-0.022,
0.14,0.121,0.389,-0.029,
0.134,0.113,0.368,0,
0.118,0.092,0.404,-0.096,
0.097,0.024,0.36,-0.01,
0.231,0.232,0.421,0,
0.153,0.204,0.402,-0.339,
0.177,0.179,0.423,-0.003,
0.115,0.028,0.413,0,
0.145,0.098,0.408,-0.013,
0.116,0.102,0.52,-0.133,
0.198,0.231,0.456,-0.25,
0.142,0.118,0.341,-0.13,
0.151,0.182,0.296,-0.052,
0.138,0.115,0.459,0,
0.055,0.057,0.306,-0.168,
0.257,0.256,0.439,0,
0.126,0.107,0.425,-0.013,
0.202,0.205,0.384,0,
0.064,0.003,0.409,-0.164,
0.139,0.108,0.373,0,
0.151,0.162,0.378,-0.01,
0.168,0.18,0.277,0,
0.18,0.164,0.423,0,
0.101,0.057,0.35,0,
0.178,0.178,0.498,-0.029,
0.169,0.161,0.339,0,
0.181,0.175,0.37,0,
0.146,0.1,0.425,0,
0.215,0.211,0.446,0,
0.119,0.081,0.36,-0.061,
0.216,0.235,0.523,0,
0.144,0.14,0.423,-0.251,
0.197,0.163,0.512,0,
0.142,0.147,0.325,-0.107,
0.115,0.109,0.415,-0.178,
0.151,0.167,0.448,-0.042,
0.152,0.176,0.342,-0.045,
0.153,0.089,0.457,0,
0.186,0.199,0.365,-0.061,
0.188,0.167,0.44,-0.09,
0.14,0.149,0.442,-0.101,
0.119,0.104,0.379,-0.06,
0.209,0.238,0.438,-0.038,
0.202,0.186,0.502,0,
0.159,0.19,0.352,-0.203,
0.216,0.221,0.46,0,
0.155,0.147,0.318,0,
0.201,0.193,0.431,0,
0.133,0.116,0.414,-0.04,
0.203,0.219,0.411,0,
0.157,0.132,0.393,-0.034,
0.18,0.152,0.386,0,
0.191,0.18,0.433,0,
0.163,0.117,0.429,0,
0.193,0.183,0.376,0,
0.024,-0.036,0.418,-0.186,
0.146,0.085,0.473,0,
0.171,0.175,0.342,0,
0.222,0.235,0.462,0,
0.109,0.069,0.483,0,
0.198,0.221,0.493,-0.071,
0.207,0.184,0.398,0,
0.158,0.168,0.359,-0.084,
0.161,0.153,0.344,-0.035,
0.155,0.155,0.346,0,
0.21,0.161,0.477,0,
0.201,0.189,0.446,0,
0.2,0.206,0.463,-0.149,
0.202,0.159,0.478,0,
0.15,0.166,0.288,-0.07,
0.034,0.001,0.198,-0.007,
0.171,0.177,0.432,0,
0.153,0.1,0.395,0,
0.158,0.131,0.409,-0.058,
0.147,0.147,0.291,0,
0.107,0.005,0.426,-0.193,
0.145,0.141,0.373,-0.151,
0.194,0.13,0.468,0,
0.101,0.007,0.459,-0.037,
0.144,0.143,0.328,0,
0.073,0.054,0.397,-0.211,
0.173,0.166,0.368,0,
0.228,0.194,0.479,0,
0.128,0.105,0.397,-0.151,
0.194,0.189,0.338,0,
0.187,0.191,0.34,-0.02,
0.177,0.209,0.408,-0.084,
0.223,0.238,0.413,0,
0.187,0.143,0.439,0,
0.091,0.033,0.353,-0.055,
0.054,0,0.457,-0.26,
0.143,0.139,0.316,-0.258,
0.155,0.121,0.404,0,
0.149,0.103,0.42,0,
0.173,0.16,0.395,0,
0.116,0.092,0.365,-0.02,
0.165,0.24,0.428,-0.192,
0.196,0.215,0.372,-0.092,
0.09,0.113,0.211,-0.103,
0.162,0.143,0.399,-0.042,
0.093,0.067,0.339,0,
0.183,0.173,0.494,-0.174,
0.155,0.162,0.473,-0.03,
0.138,0.134,0.388,-0.019,
0.161,0.062,0.515,-0.011,
0.162,0.19,0.386,-0.21,
0.155,0.079,0.493,-0.002,
0.169,0.215,0.374,-0.331,
0.158,0.216,0.33,-0.17,
0.134,0.118,0.339,-0.128,
0.152,0.146,0.332,0,
0.071,0.003,0.531,-0.148,
0.212,0.175,0.466,0,
0.024,-0.017,0.327,-0.158,
0.201,0.202,0.421,0,
0.15,0.072,0.399,-0.03,
0.152,0.175,0.277,-0.048,
0.155,0.178,0.396,-0.129,
0.15,0.148,0.274,-0.014,
0.157,0.153,0.345,-0.031,
0.201,0.204,0.425,-0.031,
0.103,0.089,0.377,-0.062,
0.208,0.217,0.463,-0.114,
0.219,0.215,0.523,0,
0.211,0.21,0.368,0,
0.11,0.096,0.241,-0.049,
0.156,0.132,0.451,0,
0.171,0.199,0.362,0,
0.147,0.195,0.393,-0.098,
0.134,0.163,0.317,-0.118,
0.129,0.105,0.388,0,
0.22,0.217,0.443,-0.048,
0.175,0.127,0.448,-0.166,
0.22,0.213,0.437,-0.135,
0.14,0.168,0.339,-0.026,
0.148,0.085,0.485,0,
0.209,0.225,0.383,0,
0.121,0.076,0.449,-0.041,
0.11,0.132,0.254,-0.136,
0.179,0.198,0.379,-0.161,
0.211,0.239,0.483,0,
0.245,0.214,0.549,0,
0.121,0.162,0.332,-0.142,
0.156,0.193,0.487,-0.166,
0.146,0.139,0.329,0,
0.146,0.228,0.395,-0.353,
0.079,0.003,0.425,0,
0.185,0.174,0.514,-0.152,
0.058,0.001,0.484,-0.037,
0.149,0.142,0.333,0,
0.165,0.15,0.39,-0.07,
0.179,0.138,0.481,-0.096,
0.225,0.218,0.453,0,
0.13,0.098,0.43,-0.036,
0.153,0.128,0.345,0,
0.141,0.165,0.333,-0.152,
0.123,0.106,0.391,0,
0.154,0.09,0.504,-0.002,
0.19,0.222,0.389,-0.014,
0.066,0.024,0.536,-0.279,
0.117,0.105,0.415,-0.199,
0.294,0.277,0.561,0,
0.2,0.217,0.343,0,
0.167,0.172,0.354,-0.206,
0.059,0.011,0.407,-0.193,
0.05,0.026,0.327,-0.1,
0.197,0.212,0.397,0,
0.098,0.108,0.283,-0.052,
0.199,0.267,0.374,-0.235,
0.199,0.224,0.42,0,
0.175,0.177,0.43,0,
0.182,0.174,0.358,0,
0.219,0.205,0.494,-0.17,
0.099,0.018,0.34,-0.018,
0.134,0.133,0.318,-0.008,
0.042,0,0.33,-0.497,
0.194,0.221,0.455,-0.082,
0.117,0.092,0.409,-0.252,
0.099,0.076,0.366,0,
0.161,0.217,0.486,-0.2,
0.214,0.232,0.465,-0.042,
0.035,0.072,0.149,-0.229,
0.124,0.17,0.396,-0.298,
0.111,0.002,0.539,-0.014,
0.125,0.114,0.359,0,
0.09,0.056,0.355,-0.132,
0.175,0.178,0.511,-0.081,
0.124,0.185,0.295,-0.236,
0.172,0.178,0.356,-0.227,
0.113,0.099,0.275,-0.031,
0.176,0.174,0.437,-0.212,
0.057,0.015,0.379,-0.125,
0.15,0.153,0.403,-0.098,
0.179,0.14,0.48,0,
0.198,0.246,0.302,-0.033,
0.174,0.178,0.394,0,
0.2,0.266,0.504,-0.291,
0.073,0.005,0.344,-0.274,
0.176,0.137,0.489,-0.068,
0.128,0.12,0.403,-0.002,
0.15,0.194,0.391,-0.291,
0.198,0.197,0.416,0,
0.177,0.211,0.448,-0.104,
0.145,0.102,0.39,-0.045,
0.158,0.194,0.359,-0.139,
0.178,0.172,0.498,-0.361,
0.125,0.229,0.411,-0.283,
0.032,0.082,0.251,-0.302,
0.129,0.129,0.424,-0.238,
0.133,0.195,0.302,-0.14,
0.17,0.216,0.431,-0.255,
0.132,0.111,0.563,-0.449,
0.135,0.167,0.433,-0.322,
0.193,0.113,0.557,0,
0.128,0.124,0.303,-0.053,
0.108,0.178,0.444,-0.355,
0.129,0.227,0.42,-0.281,
0.133,0.214,0.309,-0.286,
0.148,0.152,0.343,-0.047,
0.206,0.261,0.384,-0.063,
0.209,0.181,0.456,0,
0.204,0.18,0.532,0,
0.03,0.007,0.233,-0.334,
0.158,0.185,0.311,-0.088,
0.069,0.075,0.289,-0.114,
0.095,0.159,0.31,-0.254,
0.103,0.076,0.385,-0.141,
0.02,0.032,0.231,-0.21,
0.111,0.111,0.39,-0.363,
0.129,0.143,0.432,-0.29,
0.176,0.186,0.45,-0.133,
0.157,0.125,0.512,-0.246,
0.075,0.034,0.349,-0.046,
0.105,0.115,0.368,-0.173,
0.152,0.184,0.373,-0.148,
0.179,0.166,0.456,-0.077,
-0.02,-0.007,0.47,-0.266,
0.169,0.153,0.45,0,
0.189,0.242,0.374,-0.085,
0.154,0.14,0.394,0,
0.103,0.11,0.268,-0.136,
0.162,0.18,0.374,0,
-0.078,0.004,0.255,-0.406,
0.141,0.172,0.268,-0.14,
0.181,0.228,0.369,-0.116,
0.133,0.166,0.326,-0.249,
0.167,0.211,0.369,-0.205,
0.13,0.157,0.293,-0.09,
0.137,0.167,0.466,-0.083,
0.024,0,0.405,-0.247,
0.117,0.122,0.245,-0.107,
0.108,0.15,0.282,-0.33,




Further Data analysis of all test cases 
avg med max min 
AVGs,0.059,0.054,0.247,-0.042,
MEDs,0.048,0.038,0.266,-0.043,
MAXs,0.232,0.222,0.614,0.018,
MINs,-0.077,-0.068,0,-0.565,


AVGs,-0.005,-0.003,0.097,-0.134,
MEDs,-0.001,0,0.096,-0.154,
MAXs,0.095,0.087,0.456,0,
MINs,-0.124,-0.112,0,-0.514,


AVGs,0.149,0.151,0.321,-0.078,
MEDs,0.141,0.151,0.379,-0.036,
MAXs,0.344,0.348,0.563,0.115,
MINs,-0.04,0,0,-0.497,



