

Data analysis for each instance 
AVG,MED,MAX,MIN
0.006,0,0.101,-0.055,
0.004,0,0.057,-0.024,
0.003,0,0.097,-0.093,
0.019,0.003,0.188,-0.048,
0.005,0,0.164,-0.072,
0.004,0,0.082,-0.108,
0.005,0,0.155,-0.06,
0,0,0.019,-0.017,
0.002,0,0.057,-0.01,
0.019,0.009,0.15,-0.036,
0.03,0.001,0.178,-0.059,
0.006,0,0.058,-0.056,
0.037,0.003,0.241,-0.048,
0.008,0,0.121,-0.115,
0.032,0.005,0.178,-0.082,
0.002,0,0.049,-0.065,
-0.003,0,0.032,-0.038,
0.003,0,0.062,-0.019,
0.027,0.002,0.192,-0.048,
0.01,0,0.201,-0.1,
0.002,0,0.069,-0.056,
0.025,0.009,0.245,-0.128,
0.001,0,0.059,-0.068,
0.007,0.001,0.128,-0.066,
0.014,0.001,0.118,-0.061,
0,0,0.098,-0.109,
0.001,0,0.039,-0.042,
0.014,0.005,0.121,-0.071,
0.002,0,0.103,-0.06,
0.04,0.036,0.142,-0.025,
0.025,0.026,0.108,-0.094,
0.009,0,0.173,-0.15,
0.002,0,0.089,-0.114,
0.009,0,0.11,-0.075,
0.014,0.003,0.087,-0.05,
0.004,0,0.192,-0.104,
0.017,0.006,0.106,-0.195,
0.016,0.005,0.134,-0.062,
0.008,0.003,0.078,-0.079,
0.052,0.008,0.208,-0.07,
0.003,0,0.184,-0.175,
0.018,0,0.168,-0.073,
0.011,0,0.12,-0.022,
0.018,0,0.229,-0.053,
0.004,0,0.074,-0.073,
0.032,0.023,0.176,-0.061,
0.008,0.003,0.102,-0.06,
0.001,0,0.088,-0.159,
0.013,0.004,0.133,-0.028,
0.015,0,0.196,-0.053,
0.018,0,0.135,-0.075,
0.01,0.002,0.186,-0.034,
-0.006,0,0.084,-0.117,
0.003,0,0.113,-0.145,
0.003,0,0.046,-0.025,
0.012,0,0.147,-0.053,
0.005,0.002,0.123,-0.127,
-0.007,0,0.043,-0.151,
0.009,0.003,0.068,-0.03,
0.015,0.008,0.148,-0.104,
0.014,0.006,0.094,-0.033,
0.003,0,0.094,-0.069,
0.001,0,0.117,-0.135,
0.007,0,0.08,-0.059,
-0.001,0,0.035,-0.036,
0.025,0.002,0.144,-0.088,
0.004,0,0.094,-0.053,
0.009,0.002,0.181,-0.082,
0.027,0.018,0.119,-0.062,
0.025,0.01,0.14,-0.088,
0.011,0.002,0.105,-0.074,
0.006,0,0.145,-0.174,
0.025,0.006,0.222,-0.104,
0.009,0,0.178,-0.098,
0.012,0,0.128,-0.059,
0.06,0.061,0.259,-0.049,
-0.003,0,0.053,-0.131,
0.01,0,0.108,-0.045,
0.002,0,0.054,-0.084,
-0.002,0,0.068,-0.108,
0.015,0,0.206,-0.051,
0.028,0,0.175,-0.14,
0.002,0,0.137,-0.064,
0.01,0,0.161,-0.1,
-0.001,0,0.05,-0.121,
0.021,0.005,0.145,-0.078,
0.009,0,0.124,-0.054,
0.01,0.002,0.106,-0.071,
0.003,0,0.069,-0.059,
0.013,0,0.122,-0.097,
0.048,0.037,0.327,-0.09,
0.004,0.001,0.086,-0.074,
0.002,0,0.097,-0.063,
0.024,0.004,0.195,-0.099,
-0.006,0,0.139,-0.187,
0.003,0,0.066,-0.055,
0.002,0,0.105,-0.096,
0.013,0,0.153,-0.123,
0.053,0.049,0.192,-0.102,
0.017,0,0.143,-0.079,
0.006,0,0.103,-0.078,
0.004,0,0.136,-0.102,
0.025,0.01,0.19,-0.156,
0.012,0.003,0.083,-0.059,
0.009,0.002,0.155,-0.159,
0.049,0.05,0.198,-0.075,
0.03,0.024,0.14,-0.058,
0.003,0,0.151,-0.162,
-0,0,0.064,-0.086,
0.027,0.004,0.188,-0.042,
0.015,0.004,0.088,-0.05,
0.024,0.005,0.176,-0.041,
0.007,0,0.217,-0.085,
0,0,0.145,-0.083,
0.012,0,0.095,-0.062,
-0,0,0.01,-0.012,
0.041,0.038,0.176,-0.067,
0.004,0,0.139,-0.104,
0.005,0,0.111,-0.042,
0.041,0.007,0.209,-0.087,
0.008,0,0.144,-0.104,
0.008,0,0.091,-0.024,
0.012,0,0.168,-0.152,
0.004,0.003,0.14,-0.132,
0.009,0,0.116,-0.135,
0.01,0,0.134,-0.092,
0.043,0.021,0.19,-0.082,
0.01,0,0.112,-0.148,
0.013,0.007,0.095,-0.087,
0.006,0.004,0.095,-0.124,
0.002,0,0.057,-0.062,
0.03,0.005,0.218,-0.095,
0.008,0,0.152,-0.093,
0.021,0.009,0.132,-0.069,
0.005,0,0.142,-0.095,
0.022,0,0.138,-0.123,
0.014,0.006,0.169,-0.03,
0.015,0,0.105,-0.031,
0.006,0,0.141,-0.132,
-0.001,0.002,0.124,-0.098,
0.001,0,0.031,-0.039,
-0,0,0.056,-0.054,
0.017,0.004,0.128,-0.043,
0.038,0.038,0.172,-0.232,
0.011,0,0.161,-0.102,
0.005,0,0.067,-0.061,
0.013,0.004,0.179,-0.108,
0.08,0.09,0.217,-0.027,
0.01,0,0.156,-0.102,
0.014,0.005,0.153,-0.104,
0.009,0.012,0.109,-0.083,
0.033,0.016,0.12,-0.069,
0.018,0.019,0.17,-0.128,
-0.008,0,0.061,-0.114,
0.01,0,0.111,-0.078,
0.066,0.059,0.27,-0.027,
0.009,0.002,0.134,-0.083,
0.008,0,0.083,-0.062,
0.007,0,0.334,-0.164,
0.002,0,0.178,-0.154,
0.016,0.003,0.135,-0.065,
0.01,0.001,0.11,-0.074,
-0.007,0,0.037,-0.069,
0.002,0,0.048,-0.023,
0.017,0,0.24,-0.102,
0.006,0,0.132,-0.082,
0.001,0.001,0.058,-0.133,
-0,0,0.034,-0.042,
0.006,0.002,0.074,-0.069,
-0.003,0,0.048,-0.056,
0.025,0.019,0.179,-0.08,
0.002,0,0.15,-0.113,
0.019,0.017,0.168,-0.066,
-0.001,0,0.068,-0.08,
0.004,0,0.149,-0.126,
0.016,0,0.185,-0.085,
0.006,0,0.113,-0.1,
-0.002,0,0.119,-0.149,
0.005,0,0.116,-0.079,
0.01,0.002,0.136,-0.119,
0.006,0,0.096,-0.042,
0.026,0.028,0.14,-0.112,
0.014,0.007,0.15,-0.157,
0.028,0.013,0.193,-0.079,
0.014,0,0.148,-0.104,
0.01,0.002,0.12,-0.043,
0.014,0.019,0.143,-0.141,
0.015,0,0.172,-0.143,
0.006,0.001,0.082,-0.174,
0.013,0.007,0.084,-0.037,
0.013,0.006,0.104,-0.128,
0.006,0,0.161,-0.098,
0.001,0,0.133,-0.108,
0.024,0,0.136,-0.077,
0.001,0,0.11,-0.096,
0.03,0.006,0.157,-0.032,
0.012,0.002,0.094,-0.04,
0.016,0.005,0.155,-0.076,
0.01,0,0.134,-0.039,
0.005,0,0.088,-0.056,
0.001,0,0.07,-0.082,
0.062,0.069,0.195,-0.046,
-0.002,0,0.064,-0.082,
0.006,0,0.172,-0.06,
0.004,0.002,0.092,-0.099,
0.01,0.002,0.124,-0.073,
-0.006,0,0.075,-0.139,
0.004,0.002,0.132,-0.082,
-0.003,0,0.184,-0.137,
0.022,0.017,0.146,-0.09,
-0.002,0,0.058,-0.146,
0.018,0.004,0.186,-0.09,
0.021,0.004,0.144,-0.05,
0.032,0.036,0.177,-0.127,
0.001,0,0.148,-0.1,
0.033,0.029,0.122,-0.037,
0.007,0,0.12,-0.05,
0.006,0,0.142,-0.07,
0.025,0.002,0.139,-0.039,
0.005,0,0.124,-0.121,
0.011,0.005,0.099,-0.123,
0.012,0.002,0.114,-0.048,
-0.002,0,0.097,-0.087,
0.013,0.003,0.155,-0.019,
0.007,0,0.11,-0.078,
0.007,0.002,0.121,-0.071,
0.012,0.005,0.156,-0.086,
0.008,0,0.087,-0.077,
-0.001,0,0.047,-0.068,
0.021,0.009,0.276,-0.155,
0.038,0.026,0.158,-0.028,
0.037,0.026,0.21,-0.104,
0.027,0,0.273,-0.202,
0.003,0.002,0.11,-0.111,
0.008,0,0.167,-0.096,
0.002,0,0.093,-0.088,
-0.008,0.005,0.073,-0.203,
0.008,0,0.086,-0.04,
0.01,0,0.172,-0.18,
0.013,0,0.098,-0.051,
0.01,0.002,0.138,-0.046,
0.021,0,0.177,-0.044,
-0.002,0,0.095,-0.142,
-0.004,0,0.088,-0.13,
0.024,0.007,0.248,-0.042,
0.017,0.004,0.167,-0.149,
0.007,0,0.095,-0.075,
0.051,0.052,0.186,-0.163,
0.018,0.003,0.184,-0.069,
0.018,0.007,0.162,-0.127,
0.015,0.006,0.108,-0.056,
-0.006,-0.002,0.17,-0.135,
0.007,0,0.195,-0.203,
0.002,0,0.068,-0.063,
0.004,0,0.064,-0.024,
0.009,0.001,0.107,-0.081,
-0.001,0,0.129,-0.087,
0.02,0.004,0.131,-0.058,
0.002,0,0.126,-0.167,
-0.004,0,0.085,-0.14,
0.004,0,0.163,-0.152,
0.003,0,0.164,-0.119,
-0.002,0,0.105,-0.19,
0.014,0.007,0.095,-0.116,
0.012,0.006,0.173,-0.146,
0.011,0,0.155,-0.098,
0.016,0,0.158,-0.089,
0.006,0,0.107,-0.104,
-0.004,0,0.056,-0.101,
0.003,0,0.104,-0.094,
0,-0,0.097,-0.075,
-0.003,0,0.08,-0.153,
0.004,0,0.104,-0.128,
0.032,0.028,0.178,-0.104,
0.003,0,0.061,-0.07,
0.031,0.006,0.161,-0.032,
-0.002,0,0.034,-0.039,
0.012,0,0.173,-0.067,
0.03,0.012,0.22,-0.111,
0.008,0,0.117,-0.092,
0.01,0.005,0.079,-0.053,
0.003,0,0.153,-0.182,
0.018,0.014,0.202,-0.105,
0.009,0.002,0.163,-0.086,
0.047,0.042,0.132,-0.029,
0.002,0,0.12,-0.222,
-0.001,0,0.196,-0.168,
0.022,0,0.337,-0.177,
-0.006,0,0.132,-0.147,
0.001,0,0.226,-0.115,
0.002,0,0.081,-0.055,
0.008,0.001,0.095,-0.043,
-0.006,0,0.095,-0.107,
0.005,0,0.164,-0.103,
0.012,0,0.12,-0.111,
-0.004,0,0.1,-0.159,
0.013,0.001,0.108,-0.095,
0.038,0,0.292,-0.107,
0.038,0.005,0.26,-0.12,
0.018,0,0.184,-0.139,
-0.009,-0.001,0.1,-0.122,
0.008,0,0.274,-0.1,
0.022,0.009,0.169,-0.115,
-0.005,0,0.153,-0.207,
0.01,0.001,0.134,-0.117,
0.003,0,0.154,-0.135,
0.033,0.003,0.221,-0.174,
0.016,0.009,0.254,-0.131,
0.007,0,0.143,-0.141,
-0.009,0,0.084,-0.161,
-0.015,-0.002,0.096,-0.125,
0.04,0.022,0.175,-0.012,
0.001,0,0.103,-0.093,
0.002,0,0.096,-0.107,
0.006,0,0.183,-0.139,
0.002,0,0.089,-0.176,
0.001,0,0.08,-0.083,
0.01,0.004,0.129,-0.088,
0.008,0,0.171,-0.06,
0.034,0.021,0.199,-0.087,
0.01,0.004,0.112,-0.101,
0.013,0,0.128,-0.103,
-0.01,0,0.172,-0.182,
0.023,0.003,0.154,-0.151,
-0.002,0,0.186,-0.311,
0.002,0.002,0.082,-0.124,
0.006,0,0.107,-0.129,
-0.005,0,0.08,-0.097,
-0.002,0,0.053,-0.059,
0,0,0.152,-0.055,
0.024,0.005,0.267,-0.065,
0.003,0.001,0.095,-0.094,
-0.001,0,0.125,-0.151,
0.002,0,0.12,-0.127,
0.003,0,0.081,-0.089,
0.002,0,0.178,-0.131,
0.013,0,0.126,-0.137,
0.011,0.004,0.116,-0.051,
0.009,0,0.176,-0.142,
-0.001,-0.001,0.09,-0.115,
0.008,0,0.13,-0.108,
-0.004,0,0.088,-0.107,
0.02,0.005,0.246,-0.105,
0.008,0,0.124,-0.134,
0.007,0.002,0.173,-0.128,
0.017,0.005,0.123,-0.12,
0.014,0,0.158,-0.196,
0.008,0,0.12,-0.073,
0.002,0,0.082,-0.125,
0.004,0,0.148,-0.076,
0.032,0.029,0.123,-0.053,
0.035,0.015,0.203,-0.059,
-0,0,0.079,-0.086,
0.004,0.001,0.087,-0.078,
0.001,0,0.13,-0.112,
-0.005,0,0.043,-0.08,
0,0,0.106,-0.148,
0.007,0.002,0.104,-0.057,
0.011,0,0.083,-0.054,
0.007,0.01,0.113,-0.106,
-0.001,0,0.088,-0.112,
0.001,0,0.07,-0.034,
0.003,0,0.071,-0.085,
0.008,0.003,0.269,-0.194,
0.014,0,0.247,-0.119,
-0.004,0,0.046,-0.171,
-0.004,0,0.079,-0.138,
0.001,0,0.084,-0.07,
0.004,0,0.093,-0.042,
0.02,0,0.141,-0.042,
0,0,0.139,-0.096,
-0,0,0.064,-0.068,
-0.001,0,0.081,-0.144,
0.01,0,0.302,-0.132,
0.01,0,0.181,-0.177,
-0.005,0,0.125,-0.113,
-0.001,0,0.158,-0.234,
0.016,0.013,0.174,-0.168,
0.003,0,0.12,-0.091,
0.011,0,0.245,-0.064,
-0.003,0,0.07,-0.083,
-0,0,0.077,-0.141,
0.042,0.041,0.134,-0.079,
0.003,0,0.088,-0.108,
-0.001,0,0.142,-0.175,
0.006,0.002,0.121,-0.106,
0.033,0.014,0.223,-0.099,
0.003,0,0.066,-0.035,
0.018,0,0.179,-0.092,
-0.004,0,0.106,-0.113,
0.006,0,0.157,-0.073,
-0.008,0,0.103,-0.155,
-0.002,0,0.044,-0.051,
0.003,0,0.071,-0.078,
0.009,0.002,0.142,-0.087,
0.005,0,0.207,-0.264,
0.011,0.007,0.125,-0.121,
0.007,0,0.095,-0.043,
0.013,0.003,0.132,-0.058,
0.013,0.002,0.201,-0.179,
0.005,0,0.148,-0.086,
-0.001,0,0.046,-0.094,
0.004,0,0.181,-0.098,
0.017,0.007,0.143,-0.108,
0.004,0,0.068,-0.048,
-0.005,0,0.07,-0.069,
0.02,0.009,0.22,-0.087,
0.021,0.014,0.157,-0.179,
0.018,0.002,0.192,-0.044,
0.013,0,0.122,-0.045,
0.006,0,0.126,-0.149,
0.001,0,0.048,-0.067,
0.015,0.004,0.155,-0.109,
0.004,0,0.096,-0.058,
0.014,0.001,0.247,-0.156,
0.006,0,0.087,-0.077,
0.015,0.005,0.107,-0.048,
0.003,0,0.176,-0.211,
0.004,0,0.132,-0.132,
0.02,0.01,0.178,-0.057,
-0.002,0,0.055,-0.067,
0.003,0,0.073,-0.122,
0.006,0,0.099,-0.09,
0.016,0.003,0.132,-0.056,
0.003,0,0.099,-0.053,
-0.008,0,0.11,-0.192,
0.003,0,0.171,-0.26,
0.006,0,0.118,-0.084,
-0.004,0,0.058,-0.104,
-0.003,-0,0.114,-0.106,
0.002,0,0.046,-0.035,
0.001,0,0.227,-0.134,
-0.006,0,0.054,-0.094,
0.015,0.004,0.105,-0.03,
0.004,0,0.126,-0.14,
0.001,0,0.063,-0.06,
0.001,0,0.104,-0.128,
0.01,0.007,0.104,-0.072,
-0,0.001,0.079,-0.164,
0.003,0,0.104,-0.157,
0.052,0.056,0.173,-0.108,
0.013,0,0.186,-0.087,
0.007,0,0.183,-0.098,
0.028,0.005,0.144,-0.114,
0.01,0.002,0.145,-0.086,
0.009,0,0.182,-0.114,
-0.012,0,0.169,-0.282,
0.002,0.001,0.081,-0.116,
0.011,0,0.231,-0.142,
-0.002,0,0.122,-0.106,
-0.005,0,0.12,-0.196,
0.001,0,0.06,-0.081,
0.008,0,0.095,-0.11,
0.004,0,0.064,-0.041,
0,0,0.125,-0.1,
0.012,0,0.179,-0.079,
-0.003,0,0.096,-0.106,
0.002,0.002,0.09,-0.141,
-0.001,0,0.07,-0.129,
0.019,0.004,0.147,-0.085,
0.006,0,0.155,-0.103,
0.015,0.007,0.211,-0.069,
0.004,0,0.102,-0.083,
0.001,0,0.095,-0.105,
0.003,0,0.084,-0.082,
-0.003,-0.012,0.15,-0.087,
0.011,0,0.145,-0.068,
0.006,0,0.071,-0.056,
0.013,0.005,0.182,-0.092,
0.01,0,0.142,-0.092,
0.002,0,0.198,-0.124,
0.014,0.002,0.189,-0.083,
-0.003,0,0.087,-0.103,
0,0,0.072,-0.081,
0,0,0.061,-0.053,
0.017,0.019,0.113,-0.098,
0.003,0.005,0.169,-0.193,
-0.003,0,0.117,-0.147,
0.001,0,0.103,-0.097,
0.005,0,0.283,-0.11,
-0.002,0,0.081,-0.135,
-0.011,0,0.096,-0.123,
-0.001,0,0.065,-0.088,
0.004,0,0.116,-0.094,
-0.007,0,0.075,-0.332,
0.006,0,0.224,-0.085,
0.004,0,0.157,-0.255,
0.002,0,0.123,-0.099,
0.012,0.002,0.122,-0.08,
0.007,0,0.276,-0.12,
-0.005,0,0.078,-0.128,
0.033,0.011,0.254,-0.046,
-0.002,0,0.17,-0.14,
-0.007,0,0.087,-0.134,
0.008,0.002,0.123,-0.114,
0.015,0,0.225,-0.107,
0.007,0,0.192,-0.06,
-0.009,0,0.07,-0.193,
0.018,0.009,0.171,-0.097,
0.021,0.019,0.141,-0.14,
-0.002,0,0.127,-0.177,
0.004,0,0.118,-0.078,
0.006,0,0.113,-0.149,
0.036,0.007,0.237,-0.093,
0.016,0.012,0.194,-0.088,
0.043,0.003,0.243,-0.143,
-0.004,0.001,0.165,-0.238,
-0.003,0,0.085,-0.125,
0.003,0.001,0.095,-0.127,
-0.001,0,0.095,-0.045,
-0.006,0,0.091,-0.102,
0.007,0.004,0.11,-0.168,
0.02,0,0.238,-0.143,
0.004,0.001,0.088,-0.12,
0.002,0,0.149,-0.119,
0.004,0,0.131,-0.122,
0.052,0.001,0.318,-0.094,
0.015,0,0.276,-0.138,
0.001,0,0.19,-0.175,
0.012,0,0.172,-0.206,
0.004,0,0.197,-0.067,
0.005,0.006,0.115,-0.241,
-0.003,0,0.085,-0.117,
0.001,0,0.109,-0.069,
-0.003,0,0.151,-0.157,
0.004,0,0.113,-0.154,
0.007,0,0.108,-0.103,
-0.002,0,0.17,-0.212,
-0.002,0,0.164,-0.077,
0.02,0.007,0.17,-0.05,
0.015,0.003,0.121,-0.076,
0.016,0,0.179,-0.129,
0.009,0,0.099,-0.071,
0.009,0,0.144,-0.063,
0.001,0,0.143,-0.286,
0.011,0.001,0.152,-0.072,
0.006,0,0.079,-0.032,
0.001,0,0.126,-0.25,
0.023,0.005,0.174,-0.177,
0.017,0.003,0.129,-0.094,
0.011,0,0.208,-0.033,
0.013,0.01,0.105,-0.09,
0.002,0,0.098,-0.12,
0.005,0.002,0.246,-0.139,
-0.01,0,0.093,-0.116,
0.006,0,0.4,-0.233,
0.01,0,0.165,-0.082,
0,0,0.14,-0.123,
0.023,0.009,0.171,-0.04,
0.006,0,0.153,-0.163,
-0.003,0,0.167,-0.211,
-0.007,-0.003,0.103,-0.105,
-0.008,-0.003,0.074,-0.135,
0.001,0.002,0.074,-0.115,
0.006,0.001,0.079,-0.068,
0.007,0,0.105,-0.09,
0.007,0,0.379,-0.167,
0.004,0,0.103,-0.128,
-0.001,0,0.099,-0.139,
0.012,0,0.301,-0.223,
-0.002,0,0.116,-0.113,
0.006,0,0.125,-0.073,
-0.003,0,0.095,-0.129,
0.013,0.004,0.328,-0.191,
-0,0,0.112,-0.11,
0.009,0.001,0.154,-0.151,
0.022,0.019,0.157,-0.096,
-0.002,0,0.284,-0.119,
0.022,0.01,0.146,-0.115,
0.014,0,0.255,-0.191,
0.003,0.003,0.131,-0.142,
-0.003,0,0.054,-0.086,
0.015,0,0.233,-0.158,
0.008,0,0.151,-0.146,
0.01,0,0.128,-0.131,
0.002,0,0.155,-0.208,
0.004,0,0.195,-0.288,
0.011,0,0.115,-0.066,
0.004,0,0.157,-0.067,
0.028,0.014,0.234,-0.191,
0.019,0,0.119,-0.041,
0.01,0,0.086,-0.081,
0.042,0.002,0.326,-0.142,
0.006,0,0.161,-0.085,
0,0,0.058,-0.044,
0.001,0,0.108,-0.06,
0.027,0.012,0.141,-0.081,
-0,0,0.069,-0.091,
0.005,0,0.214,-0.111,
0.009,0,0.156,-0.12,
-0.001,0,0.111,-0.128,
-0.001,0,0.046,-0.051,
0.013,0.006,0.198,-0.083,
-0.003,0,0.068,-0.128,
0.04,0.017,0.151,-0.058,
0.008,0.004,0.179,-0.151,
0.001,0,0.067,-0.135,
0.011,0,0.118,-0.104,
0.014,0.009,0.136,-0.097,
0.004,0,0.167,-0.176,
-0.002,0,0.118,-0.104,
0.009,0,0.124,-0.112,
0.013,0.003,0.143,-0.127,
-0.004,0,0.078,-0.161,
0.017,0,0.159,-0.077,
0.005,0,0.112,-0.154,
0.013,0.004,0.154,-0.064,
0.014,0.003,0.119,-0.072,
0.008,0,0.183,-0.086,
0.004,0,0.174,-0.093,
0.003,-0.001,0.116,-0.049,
0.012,0,0.141,-0.123,
0.005,0,0.139,-0.085,
0.005,0,0.156,-0.065,
0.031,0.025,0.193,-0.061,
0.004,0,0.103,-0.092,
-0.001,0,0.063,-0.105,
0.004,0,0.156,-0.105,
0.009,0,0.135,-0.072,
0.015,0.002,0.242,-0.049,
-0.001,0,0.07,-0.073,
0.01,0,0.144,-0.116,
-0.009,-0.002,0.196,-0.129,
0.015,0,0.199,-0.251,
-0.009,0,0.081,-0.167,
0.011,0.002,0.082,-0.034,
0.026,0.009,0.174,-0.098,
0.014,0,0.163,-0.165,
-0.001,0,0.146,-0.147,
0.017,0.005,0.133,-0.059,
0.016,0,0.311,-0.183,
0.019,0.013,0.215,-0.099,
-0.001,-0,0.088,-0.107,
0.011,0,0.13,-0.213,
0.002,0,0.09,-0.059,
-0.003,-0.002,0.223,-0.157,
-0.014,-0.011,0.077,-0.13,
0.006,0,0.225,-0.115,
-0.012,0,0.059,-0.11,
0.006,0.001,0.191,-0.128,
0.008,0.003,0.166,-0.08,
-0.015,0,0.093,-0.196,
-0.001,0,0.159,-0.077,
0.007,0,0.283,-0.186,
0.002,0.002,0.105,-0.091,
0.001,0.001,0.148,-0.121,
-0.006,0,0.081,-0.16,
-0.011,-0,0.123,-0.136,
0.006,0,0.221,-0.214,
-0.002,0,0.082,-0.136,
0.015,0.003,0.154,-0.121,
0.002,0,0.116,-0.125,
0.004,0,0.065,-0.073,
0.001,0,0.101,-0.185,
0.001,0,0.154,-0.135,
0.004,0.004,0.087,-0.049,
0.002,0,0.117,-0.098,
-0.002,0,0.106,-0.073,
0.003,0,0.17,-0.076,
0.012,0,0.13,-0.124,
-0.008,-0.001,0.161,-0.145,
0.012,0.003,0.26,-0.13,
0.015,0,0.219,-0.08,
0.005,0,0.087,-0.08,
0.023,0.001,0.22,-0.12,
0.019,0.009,0.14,-0.135,
0.001,0,0.072,-0.12,
0.027,0.017,0.145,-0.068,
-0.005,0,0.027,-0.062,
0.008,0.001,0.156,-0.081,
0.002,0,0.13,-0.188,
0.009,0.001,0.207,-0.13,
0.021,0.001,0.178,-0.103,
0.01,0,0.151,-0.07,
0.009,0,0.369,-0.155,
-0.001,0,0.094,-0.148,
0.016,0.004,0.352,-0.245,
0.021,0.009,0.104,-0.078,
0.002,0,0.104,-0.087,
0.021,0,0.233,-0.214,
-0.012,0,0.1,-0.16,
-0.006,0,0.185,-0.13,
0.025,0,0.39,-0.074,
0.016,0,0.199,-0.143,
0.018,0.005,0.323,-0.255,
0.021,0.022,0.109,-0.132,
0.02,0.002,0.237,-0.1,
0.009,0.002,0.183,-0.151,
0.013,0,0.285,-0.168,
0.059,0,0.424,-0.154,
0.002,0,0.077,-0.067,
0.008,0,0.187,-0.103,
0.012,0.004,0.102,-0.05,
-0.002,0,0.098,-0.076,
-0.005,0,0.171,-0.171,
-0,0,0.117,-0.108,
0.01,0,0.129,-0.152,
-0.006,0.002,0.143,-0.148,
-0.002,0,0.198,-0.097,
0.013,0,0.131,-0.181,
0.002,0,0.157,-0.167,
0.001,0,0.087,-0.17,
-0.003,0,0.086,-0.129,
0.027,0,0.386,-0.108,
0.011,0.005,0.103,-0.113,
0.022,0.009,0.135,-0.118,
0.009,0.007,0.104,-0.086,
0.019,0,0.225,-0.121,
0.007,0,0.154,-0.109,
0.01,0.001,0.122,-0.143,
0.013,0.001,0.194,-0.087,
-0.003,0,0.043,-0.073,
0.001,0,0.151,-0.05,
0.004,0,0.169,-0.087,
-0.009,0,0.107,-0.176,
0.01,0.003,0.166,-0.109,
0.01,-0,0.277,-0.134,
0.003,0.002,0.138,-0.175,
0.022,0,0.359,-0.201,
0.011,0,0.176,-0.275,
0.014,0.007,0.123,-0.094,
0.004,0,0.099,-0.09,
0.008,0,0.132,-0.08,
0.01,0,0.163,-0.115,
-0,0.003,0.118,-0.164,
0.004,0,0.103,-0.089,
-0.001,0,0.105,-0.168,
0.007,0,0.126,-0.066,
-0.01,0,0.09,-0.137,
0.004,0,0.182,-0.078,
-0.01,-0.002,0.136,-0.227,
-0.004,0,0.198,-0.239,
-0.007,0,0.093,-0.128,
-0.005,0,0.155,-0.306,
-0,0,0.109,-0.158,
0.022,0.013,0.184,-0.128,
0.008,0,0.118,-0.105,
0.001,0,0.126,-0.086,
0.003,0,0.106,-0.077,
0.031,0.004,0.268,-0.081,
-0.006,0,0.119,-0.213,
0.011,0.007,0.168,-0.184,
0.003,0,0.098,-0.067,
0.03,0.011,0.17,-0.069,
-0,0,0.119,-0.083,
-0.008,0,0.058,-0.099,
0.004,0.002,0.31,-0.225,
0.006,0,0.163,-0.114,
0.008,0,0.166,-0.084,
0.009,0.003,0.1,-0.112,
-0.01,-0,0.088,-0.135,
0.006,0,0.236,-0.094,
0.003,0,0.075,-0.093,
0.005,0,0.109,-0.067,
0.013,0,0.178,-0.061,
-0.003,0,0.132,-0.102,
0.006,0,0.236,-0.119,
0.001,0,0.074,-0.146,
0.001,0,0.123,-0.178,
0.011,0,0.158,-0.118,
0.009,0,0.152,-0.144,
0.01,0,0.176,-0.162,
0.02,0.003,0.219,-0.191,
0.015,0.003,0.126,-0.091,
-0.006,0,0.057,-0.087,
0.026,0.02,0.174,-0.167,
-0.001,0,0.106,-0.175,
-0.001,0,0.186,-0.123,
0.005,0,0.174,-0.087,
-0.005,0,0.108,-0.145,
0.018,0.002,0.193,-0.055,
0.016,0,0.162,-0.141,
-0.003,0,0.157,-0.134,
0.003,0,0.177,-0.134,
0.009,0,0.242,-0.12,
0.008,0,0.318,-0.164,
0.004,0,0.147,-0.049,
0.025,0.024,0.168,-0.098,
0.001,0,0.132,-0.094,
-0.012,0,0.094,-0.193,
0.014,0.003,0.266,-0.073,
0.002,0.001,0.103,-0.08,
0.018,0.005,0.243,-0.138,
0.041,0.027,0.209,-0.035,
-0.004,0,0.112,-0.165,
0.007,0,0.137,-0.121,
0.007,0,0.172,-0.104,
0.017,0,0.188,-0.085,
-0.002,0,0.075,-0.11,
0.015,0.002,0.171,-0.066,
0.016,0.004,0.139,-0.118,
0.007,0,0.107,-0.056,
-0.003,0,0.031,-0.102,
0.006,0,0.127,-0.081,
0.027,0.007,0.196,-0.088,
0.018,0.007,0.109,-0.145,
0.002,0,0.105,-0.068,
0.01,0.003,0.25,-0.12,
0.006,0,0.125,-0.029,
0.013,0.009,0.105,-0.092,
-0.009,0,0.148,-0.282,
-0.006,0,0.087,-0.173,
-0.004,0,0.16,-0.152,
-0.003,0,0.164,-0.139,
0.012,0,0.164,-0.132,
0.038,0.01,0.341,-0.158,
0.008,0,0.353,-0.2,
-0.001,0,0.091,-0.099,
0,0,0.067,-0.136,
0.008,0,0.222,-0.128,
0.001,0,0.071,-0.074,
0.01,0.003,0.12,-0.08,
0.006,0,0.125,-0.1,
-0.004,-0,0.06,-0.089,
-0.002,0,0.153,-0.124,
0.005,0,0.171,-0.152,
-0,0,0.193,-0.165,
-0.007,0,0.139,-0.137,
0.004,0,0.135,-0.086,
-0.006,0,0.119,-0.104,
0.001,0,0.038,-0.053,
-0.006,-0.002,0.387,-0.283,
0.007,0,0.119,-0.116,
0,-0.001,0.226,-0.149,
0.014,0.003,0.17,-0.094,
-0.001,0,0.101,-0.157,
0.014,0.006,0.246,-0.158,
0.004,0,0.179,-0.07,
0.017,0.013,0.135,-0.098,
0.052,0.053,0.318,-0.149,
0.007,0,0.142,-0.117,
0.03,0.006,0.229,-0.071,
-0.01,0,0.068,-0.141,
0.028,0.003,0.272,-0.115,
-0.002,0,0.147,-0.127,
0.015,0,0.21,-0.131,
0.056,0.033,0.324,-0.141,
0.034,0.011,0.203,-0.116,
0.016,0.011,0.096,-0.137,
0.007,0,0.211,-0.101,
-0.002,0,0.114,-0.161,
0.008,0,0.077,-0.056,
0.004,0,0.229,-0.178,
0.003,0,0.073,-0.075,
0.024,0.005,0.187,-0.203,
-0.001,0,0.165,-0.158,
-0.001,0,0.306,-0.294,
0.005,0,0.207,-0.108,
0.007,0,0.202,-0.251,
0.005,0,0.338,-0.222,
0.02,0.005,0.138,-0.047,
-0.005,0,0.104,-0.167,
-0.002,0.002,0.069,-0.09,
0.005,0,0.166,-0.085,
-0.001,0,0.049,-0.074,
0.004,0,0.106,-0.102,
0.022,0.007,0.246,-0.092,
0.013,0,0.25,-0.153,
0.01,0.002,0.301,-0.113,
0.003,0,0.156,-0.196,
0,0,0.102,-0.102,
-0.002,0,0.206,-0.157,
-0.008,0,0.109,-0.139,
-0.004,0,0.327,-0.335,
0.024,0.01,0.105,-0.058,
0.008,0,0.132,-0.096,
0.004,0,0.136,-0.138,
0.017,0.004,0.179,-0.1,
0.001,0,0.105,-0.107,
0.021,0.003,0.263,-0.133,
0.005,0,0.116,-0.088,
0.023,0,0.28,-0.21,
0.022,0,0.186,-0.114,
0.013,0.01,0.115,-0.123,
0.03,0,0.337,-0.155,
0.011,0,0.295,-0.156,
0.008,0,0.137,-0.071,
0.021,0,0.172,-0.201,
0.01,0.002,0.194,-0.178,
0.001,0,0.173,-0.116,
0.001,0,0.1,-0.11,
0.015,0.007,0.186,-0.144,
-0.007,-0.003,0.172,-0.239,
0.027,0.007,0.244,-0.161,
-0.006,0,0.113,-0.169,
-0.001,0,0.064,-0.069,
-0.002,0,0.063,-0.059,
0.007,0,0.131,-0.115,
0.003,0,0.195,-0.114,
-0.007,0,0.154,-0.175,
0.009,-0,0.155,-0.097,
0.03,0,0.286,-0.242,
0.012,0.005,0.138,-0.099,
0.016,0,0.357,-0.15,
0.002,0,0.114,-0.123,
0.023,0,0.427,-0.217,
0.008,0,0.193,-0.21,
-0,-0.002,0.075,-0.078,
-0.014,0,0.159,-0.163,
-0.008,0,0.056,-0.124,
0.019,0.001,0.199,-0.096,
0.018,0,0.214,-0.103,
0.013,0,0.223,-0.134,
0,0,0.199,-0.074,
-0.006,0,0.073,-0.232,
-0.003,0,0.222,-0.132,
0.002,0,0.043,-0.05,
0.006,0,0.276,-0.082,
0.002,0,0.085,-0.017,
0.017,0.014,0.124,-0.141,
0.009,0.003,0.136,-0.154,
0.005,0.002,0.185,-0.067,
0.001,0.003,0.075,-0.192,
0.061,0.064,0.176,-0.144,
0.01,0,0.3,-0.224,
0.007,0,0.157,-0.237,
0.014,0.003,0.154,-0.126,
0.025,0.003,0.218,-0.143,
0.074,0.025,0.361,-0.034,
-0.004,0,0.145,-0.148,
0.001,0,0.18,-0.087,
0.012,0.006,0.133,-0.082,
0.013,0,0.255,-0.104,
0.025,0.009,0.212,-0.114,
-0.003,0,0.128,-0.199,
-0.003,0,0.085,-0.129,
0.013,0,0.212,-0.137,
0.032,0.007,0.231,-0.126,
0.02,0,0.498,-0.13,
-0.002,0,0.084,-0.108,
0.009,0,0.255,-0.148,
-0.009,0,0.161,-0.172,
0.017,0,0.279,-0.114,
0.019,0.01,0.299,-0.227,
0.007,0,0.128,-0.156,
0.008,0,0.172,-0.127,
-0.005,0,0.042,-0.152,
0.016,0.003,0.123,-0.038,
0.004,0.006,0.135,-0.275,
0.01,0,0.206,-0.036,
0.013,0.009,0.091,-0.101,
0.019,0.005,0.138,-0.1,
0.021,0.011,0.27,-0.176,
0.027,0.009,0.203,-0.12,
0.012,0,0.16,-0.166,
-0.003,0,0.16,-0.207,
0.019,0.001,0.231,-0.189,
-0.006,0,0.052,-0.127,
0.002,0,0.241,-0.197,
-0.003,0,0.095,-0.077,
0.013,0,0.163,-0.026,
0.023,0.01,0.194,-0.067,
0.006,0.007,0.144,-0.168,
0.002,0,0.105,-0.072,
0.037,0.024,0.151,-0.094,
0.003,0,0.178,-0.097,
0.031,0.007,0.419,-0.127,
0.016,0,0.192,-0.15,
0.027,0.019,0.341,-0.344,
-0.003,-0.001,0.129,-0.178,
0.012,0.003,0.217,-0.302,
0.017,0,0.223,-0.166,
0.032,0.003,0.308,-0.105,
-0.004,0,0.229,-0.213,
-0.002,0,0.234,-0.255,
0.034,0.004,0.382,-0.142,
0.014,0.003,0.235,-0.163,
0.017,0,0.463,-0.176,
0.012,0.003,0.207,-0.098,
-0.007,0,0.118,-0.191,
-0.004,0,0.087,-0.152,
0.001,0,0.202,-0.243,
0.008,0,0.134,-0.091,
-0.002,0,0.156,-0.248,
0,-0.001,0.368,-0.116,
0.005,0,0.253,-0.199,
0.044,0.043,0.298,-0.079,
0.022,0.002,0.338,-0.177,
-0.008,0,0.1,-0.466,
-0.001,0.001,0.058,-0.071,
0.018,0,0.185,-0.149,
0.022,0,0.346,-0.154,
0.005,0.003,0.114,-0.128,
0.005,0,0.264,-0.414,
0.035,0.013,0.185,-0.094,
0.026,0,0.222,-0.065,
0.021,0.002,0.35,-0.125,
0.009,0.002,0.144,-0.12,
0.016,0,0.372,-0.293,
-0.005,0,0.055,-0.124,
0.015,0,0.195,-0.103,
-0.004,0,0.211,-0.193,
0.03,0.03,0.158,-0.145,
-0.007,0,0.225,-0.252,
0.016,0.001,0.161,-0.074,
0.002,0,0.232,-0.208,
0,0,0.074,-0.069,
0.004,0,0.117,-0.18,
0.013,0.003,0.184,-0.161,
0.029,0,0.272,-0.139,


0,0,0,0,
-0.005,0,0.027,-0.072,
-0.004,0,0.063,-0.055,
-0.011,-0.003,0.065,-0.124,
-0.01,0,0.17,-0.149,
-0.006,0,0.159,-0.107,
-0.008,0,0.088,-0.124,
-0.001,0,0.008,-0.02,
-0.001,0,0.025,-0.045,
-0.012,-0.007,0.084,-0.068,
-0.027,0,0.09,-0.183,
-0,0,0,-0.006,
-0.01,0,0.12,-0.231,
-0.003,0,0.089,-0.123,
-0.024,0,0.072,-0.171,
0.003,0,0.06,-0.062,
0.006,0,0.102,-0.038,
0.002,0,0.037,-0.027,
-0.026,0,0.035,-0.152,
0.008,0.007,0.122,-0.12,
0.005,0,0.056,-0.05,
-0.019,-0.004,0.172,-0.298,
0.001,0,0.063,-0.06,
-0.003,0,0.089,-0.124,
-0.005,0,0.137,-0.115,
-0.004,0,0.037,-0.077,
-0.003,0,0.017,-0.061,
-0.015,-0.007,0.031,-0.087,
0,0,0.081,-0.114,
0.016,0.008,0.168,-0.068,
0.001,0,0.107,-0.062,
-0.013,0,0.028,-0.105,
0,0,0.152,-0.083,
-0.009,0,0.058,-0.111,
-0.014,-0.005,0.04,-0.168,
-0.003,0,0.205,-0.204,
-0.015,-0.005,0.1,-0.161,
-0.002,0,0.077,-0.064,
-0.01,-0.002,0.046,-0.112,
-0.01,0,0.208,-0.152,
-0.003,0,0.065,-0.068,
-0.014,0,0.092,-0.095,
-0.002,0,0.054,-0.076,
-0.013,0,0.057,-0.111,
0,0,0,0,
-0.019,-0.013,0.118,-0.198,
-0.006,0,0.11,-0.14,
-0.008,0,0.063,-0.138,
-0.009,-0.001,0.046,-0.119,
0.008,0,0.144,-0.077,
-0.013,0,0.06,-0.191,
-0.001,-0.001,0.07,-0.131,
0.003,0,0.114,-0.062,
-0.006,0,0.095,-0.077,
-0.006,0,0.019,-0.096,
-0.004,0,0.083,-0.125,
-0,0,0.057,-0.066,
0.005,0,0.126,-0.027,
-0.003,0,0.064,-0.073,
-0.018,-0.004,0.089,-0.159,
-0.009,-0.003,0.117,-0.092,
-0.002,0,0.03,-0.091,
-0.01,-0.004,0.072,-0.086,
0.001,0,0.091,-0.093,
0.002,0,0.068,-0.038,
-0.022,-0.001,0.087,-0.132,
-0.004,0,0.05,-0.108,
-0.019,-0.004,0.04,-0.177,
-0.028,-0.021,0.094,-0.145,
-0.005,0,0.069,-0.074,
-0.008,-0.002,0.058,-0.123,
-0.008,0,0.106,-0.19,
-0.015,-0.005,0.162,-0.225,
-0.003,0,0.118,-0.156,
0.005,0,0.074,-0.064,
-0.047,-0.053,0.093,-0.234,
0.006,0,0.142,-0.044,
-0.013,0,0.028,-0.151,
0.002,0,0.1,-0.059,
0.01,0,0.117,-0.071,
-0.008,0,0.023,-0.097,
-0.013,0,0.057,-0.134,
-0.007,0,0.05,-0.114,
-0.014,0,0.111,-0.116,
0.002,0,0.103,-0.076,
-0.02,-0.009,0.113,-0.149,
-0.007,0,0.111,-0.122,
0.007,0,0.111,-0.052,
0.002,0,0.075,-0.059,
-0.01,0,0.009,-0.128,
-0.019,-0.009,0.152,-0.175,
-0.009,-0.003,0.064,-0.094,
-0.003,0,0.027,-0.085,
-0.001,0,0.146,-0.084,
0.005,0,0.101,-0.167,
-0.004,0,0.025,-0.061,
-0.004,0,0.091,-0.086,
-0.006,0,0.068,-0.088,
-0.037,-0.04,0.138,-0.237,
0.002,0,0.136,-0.06,
-0.002,0,0.058,-0.119,
-0.003,0,0.077,-0.092,
-0.029,-0.003,0.065,-0.175,
-0.008,-0.002,0.095,-0.101,
0,0,0.125,-0.134,
-0.052,-0.046,0.044,-0.162,
-0.014,-0.02,0.145,-0.135,
-0.006,0,0.088,-0.211,
0.013,0,0.124,-0.072,
-0.011,-0,0.054,-0.19,
-0.014,-0.007,0.062,-0.126,
-0.023,0,0.059,-0.187,
-0.007,0,0.059,-0.195,
-0.005,0,0.092,-0.105,
-0.011,0,0.09,-0.149,
-0,0,0.018,-0.039,
-0.041,-0.035,0.076,-0.158,
-0.005,-0.001,0.098,-0.12,
-0.004,0,0.039,-0.057,
-0.024,0,0.012,-0.219,
-0.004,0,0.082,-0.184,
-0.008,0,0.061,-0.102,
-0.005,0,0.126,-0.159,
0.01,0.002,0.132,-0.074,
-0.018,-0,0.131,-0.139,
-0.01,0,0.067,-0.174,
-0.035,-0.019,0.148,-0.234,
-0.01,0,0.006,-0.091,
-0.014,-0.005,0.131,-0.094,
-0.002,-0.001,0.063,-0.111,
0.005,0,0.062,-0.054,
-0.004,-0.001,0.178,-0.195,
0.006,0,0.118,-0.073,
-0.01,-0.005,0.146,-0.117,
-0.014,-0.001,0.042,-0.151,
-0.007,0,0.074,-0.137,
0,0,0.114,-0.128,
-0.008,0,0.047,-0.075,
-0.003,0,0.077,-0.103,
-0.004,-0.001,0.072,-0.157,
0,0,0.017,-0.016,
-0.002,0,0.079,-0.071,
-0.011,-0.002,0.071,-0.093,
-0.025,-0.028,0.166,-0.15,
-0.008,0,0.026,-0.159,
-0.002,0,0.028,-0.062,
-0.005,0,0.118,-0.132,
-0.028,-0.024,0.055,-0.109,
-0.008,0,0.089,-0.101,
-0.007,-0.002,0.138,-0.116,
-0.008,-0.002,0.082,-0.114,
-0.013,0,0.074,-0.146,
0.009,0,0.126,-0.059,
-0.001,0,0.046,-0.069,
-0.006,0,0.08,-0.075,
0.008,0.007,0.09,-0.105,
-0.001,0,0.06,-0.082,
-0.007,0,0.055,-0.091,
0,0,0.145,-0.212,
-0.022,0,0.066,-0.168,
-0.012,-0.003,0.068,-0.108,
-0.017,-0.007,0.087,-0.122,
0.004,0,0.076,-0.03,
-0.001,0,0.023,-0.041,
-0.013,0,0.085,-0.201,
-0.009,0,0.049,-0.142,
-0.006,-0.001,0.024,-0.091,
0.002,0,0.052,-0.037,
-0.008,-0.002,0.066,-0.103,
0.006,0,0.075,-0.076,
-0.005,-0.004,0.142,-0.113,
-0,0,0.118,-0.253,
-0.02,-0.011,0.093,-0.18,
-0,0,0.032,-0.067,
0.001,0,0.201,-0.146,
-0.003,0,0.151,-0.177,
-0.001,0.002,0.077,-0.115,
-0.007,0,0.161,-0.154,
-0.002,0,0.077,-0.064,
-0.014,-0.005,0.131,-0.118,
-0.004,0,0.053,-0.114,
-0.008,-0.011,0.364,-0.194,
-0.001,0,0.223,-0.174,
-0.007,0,0.08,-0.127,
-0.005,0,0.112,-0.105,
-0.002,0,0.061,-0.072,
-0.012,-0.003,0.055,-0.11,
-0,0,0.184,-0.127,
-0.012,0,0.136,-0.137,
-0.006,-0.002,0.096,-0.171,
-0.008,-0.005,0.139,-0.105,
-0.003,0,0.076,-0.09,
-0.006,0,0.16,-0.116,
0.005,0,0.083,-0.064,
0,0,0.026,-0.029,
-0.02,-0.004,0.085,-0.164,
-0.004,-0.001,0.101,-0.082,
-0.018,-0.004,0.077,-0.158,
-0.003,0,0.023,-0.048,
-0.005,0,0.069,-0.073,
-0.004,0,0.073,-0.053,
-0.05,-0.046,0.04,-0.197,
0.008,0,0.105,-0.086,
-0.005,0,0.04,-0.062,
-0,0,0.122,-0.075,
-0.01,-0.002,0.048,-0.105,
0.006,0,0.117,-0.097,
-0.005,0,0.066,-0.097,
0.003,0,0.113,-0.062,
-0.016,-0.006,0.078,-0.166,
-0.001,0,0.074,-0.056,
0.003,0,0.153,-0.19,
-0.022,-0.007,0.062,-0.11,
-0.021,-0.013,0.053,-0.126,
-0.002,-0.001,0.136,-0.1,
-0.011,-0.006,0.115,-0.099,
-0.001,0,0.043,-0.045,
-0.01,-0.002,0.073,-0.11,
-0.01,0,0.107,-0.195,
0.001,0,0.084,-0.075,
-0.011,-0,0.054,-0.12,
0.004,0,0.184,-0.071,
0,0,0.1,-0.096,
-0.002,0,0.041,-0.099,
-0.006,0,0.043,-0.089,
-0.011,-0.004,0.138,-0.114,
-0.015,0,0.067,-0.146,
-0.003,0,0.079,-0.078,
0,0,0.103,-0.046,
-0.012,-0.005,0.08,-0.102,
-0.037,-0.011,0.023,-0.145,
-0.031,-0.015,0.136,-0.169,
-0.017,0,0.132,-0.323,
-0.002,-0.001,0.093,-0.206,
-0,0,0.107,-0.076,
-0.003,0,0.072,-0.059,
-0,0,0.102,-0.103,
-0.003,0,0.081,-0.09,
-0.012,-0.007,0.204,-0.121,
-0.007,0,0.048,-0.121,
-0.003,0,0.049,-0.083,
0.004,0,0.146,-0.088,
0,0,0.08,-0.06,
-0,0,0.108,-0.079,
-0.01,-0.004,0.079,-0.202,
-0.019,-0.004,0.041,-0.127,
0,0,0.024,-0.022,
-0.048,-0.046,0.077,-0.137,
-0.003,-0.001,0.101,-0.138,
-0.001,0,0.072,-0.072,
0.001,0,0.085,-0.093,
0.002,0,0.081,-0.105,
-0.005,0,0.043,-0.127,
-0.001,0,0.062,-0.07,
0.001,0,0.05,-0.04,
0,0,0.087,-0.068,
-0.005,0,0.145,-0.173,
-0.006,0,0.084,-0.103,
0.002,0,0.082,-0.093,
-0.004,0,0.038,-0.068,
-0.004,0,0.088,-0.188,
-0.01,0,0.033,-0.191,
-0,0,0.143,-0.134,
0.012,0.002,0.132,-0.071,
0.001,0,0.116,-0.091,
-0,-0.002,0.133,-0.074,
-0.004,0,0.018,-0.08,
0.002,0,0.08,-0.046,
-0.005,0,0.081,-0.134,
0.001,-0.002,0.168,-0.185,
0.002,0,0.151,-0.07,
0.012,0,0.099,-0.094,
0.002,-0,0.169,-0.069,
-0.019,-0.015,0.115,-0.234,
-0.005,0,0.066,-0.146,
-0.019,-0,0.095,-0.158,
0,0,0.033,-0.039,
-0.004,0,0.134,-0.165,
-0.019,-0.007,0.084,-0.135,
-0.001,0,0.097,-0.156,
-0.002,0,0.044,-0.106,
0.004,0,0.126,-0.06,
-0.014,-0.01,0.099,-0.09,
-0.001,0,0.065,-0.087,
-0.041,-0.02,0.045,-0.192,
0.019,0,0.229,-0.053,
-0.001,0,0.131,-0.111,
-0.017,0,0.109,-0.335,
0.008,0,0.143,-0.08,
-0.006,0,0.11,-0.156,
-0.004,0,0.042,-0.109,
-0.007,-0.001,0.039,-0.089,
0.004,0,0.089,-0.034,
-0.002,0,0.058,-0.15,
0.002,0,0.09,-0.114,
-0.002,0,0.019,-0.099,
0.001,0,0.103,-0.097,
0.006,0,0.227,-0.202,
-0.031,-0.014,0.134,-0.223,
-0.007,0,0.217,-0.178,
0.004,0,0.113,-0.073,
0.003,0,0.115,-0.062,
-0.001,-0.002,0.153,-0.115,
0.002,0,0.075,-0.165,
0.002,0,0.15,-0.078,
-0.006,0,0.068,-0.154,
-0.005,0,0.162,-0.14,
-0.023,-0.005,0.119,-0.239,
-0.006,0,0.014,-0.056,
-0.001,0,0.091,-0.152,
-0,0,0.148,-0.096,
-0.018,-0.007,0.101,-0.147,
0,-0,0.119,-0.072,
0.002,0,0.093,-0.078,
-0.006,0,0.067,-0.142,
0.009,0,0.173,-0.17,
-0.002,0,0.048,-0.137,
-0.002,0,0.112,-0.057,
-0.011,0,0.026,-0.16,
-0.017,-0.011,0.131,-0.19,
-0.009,-0,0.104,-0.195,
-0.005,0,0.123,-0.144,
0.006,0,0.185,-0.171,
-0.014,-0.001,0.107,-0.105,
0.002,0,0.178,-0.133,
0.003,0,0.11,-0.029,
-0.004,0,0.122,-0.065,
0.001,0,0.045,-0.046,
-0.005,-0.004,0.068,-0.083,
-0.005,0,0.05,-0.095,
-0.003,0,0.103,-0.196,
-0.004,0,0.12,-0.097,
0.009,0,0.167,-0.07,
0.006,0,0.103,-0.185,
-0.004,0,0.065,-0.073,
-0.002,0,0.096,-0.142,
-0.003,0,0.077,-0.109,
-0.003,-0.004,0.115,-0.093,
-0.011,0,0.039,-0.107,
-0.005,0,0.106,-0.14,
0.007,0,0.161,-0.143,
-0.003,0,0.032,-0.099,
-0.013,-0.001,0.084,-0.191,
-0.009,-0,0.094,-0.191,
0.003,0,0.099,-0.157,
-0.009,-0.003,0.212,-0.165,
0.007,0,0.158,-0.115,
0.003,0,0.089,-0.082,
0,0,0.048,-0.02,
0.003,0,0.113,-0.144,
-0.026,-0.016,0.115,-0.202,
-0.029,-0.018,0.109,-0.167,
0,0,0.043,-0.07,
-0.004,0,0.132,-0.115,
-0.006,-0.001,0.094,-0.101,
0,0,0.017,-0.023,
-0.001,0,0.042,-0.06,
-0.001,0,0.014,-0.024,
-0.004,0,0.08,-0.173,
-0.01,0,0.09,-0.098,
-0.002,0,0.045,-0.05,
-0,0,0.054,-0.049,
-0.002,0,0.077,-0.08,
-0.01,-0.001,0.207,-0.185,
-0.014,0,0.04,-0.184,
-0,0,0.097,-0.058,
0.007,0,0.154,-0.069,
-0,0,0.045,-0.074,
-0.005,0,0.049,-0.135,
-0.014,0,0.044,-0.149,
-0.003,0,0.091,-0.121,
-0.003,-0,0.113,-0.096,
-0.001,0,0.012,-0.05,
-0.013,0,0.125,-0.304,
-0,0,0.132,-0.132,
0.013,0,0.173,-0.056,
0.003,0,0.139,-0.177,
-0.024,-0.009,0.106,-0.15,
0,0,0.067,-0.071,
-0.003,0,0.051,-0.139,
0.002,0,0.054,-0.064,
-0.006,0,0.045,-0.078,
-0.02,-0.02,0.147,-0.144,
-0.002,0,0.07,-0.065,
-0.001,0,0.046,-0.055,
-0.003,0,0.084,-0.106,
-0.021,-0.006,0.096,-0.149,
-0.001,0,0.097,-0.078,
-0.004,0,0.132,-0.077,
0,0,0.108,-0.073,
-0.003,0,0.076,-0.079,
0.004,0,0.161,-0.153,
0,0,0.041,-0.038,
-0.005,0,0.068,-0.148,
-0.013,-0,0.084,-0.232,
-0.011,0,0.146,-0.206,
-0.009,0,0.101,-0.064,
-0.009,0,0.066,-0.203,
-0.013,-0.008,0.087,-0.095,
-0.025,-0.011,0.094,-0.321,
-0.006,0,0.076,-0.131,
0,0,0.014,-0.006,
0.004,0,0.063,-0.078,
-0.016,-0.004,0.15,-0.197,
0.001,0,0.084,-0.078,
-0.002,0,0.035,-0.088,
-0.015,-0.003,0.078,-0.254,
-0.013,-0.007,0.096,-0.169,
-0.004,0,0.135,-0.129,
-0.006,0,0.073,-0.085,
-0.003,0,0.077,-0.12,
-0.002,0,0.059,-0.101,
-0.005,-0.002,0.141,-0.1,
0.003,0,0.118,-0.078,
-0.007,-0.001,0.143,-0.114,
0.004,0,0.043,-0.034,
-0.011,-0.008,0.13,-0.11,
-0.002,0,0.057,-0.105,
-0.009,0,0.047,-0.066,
-0.022,-0.007,0.037,-0.126,
0.003,0,0.158,-0.057,
-0.003,-0.001,0.063,-0.047,
0.005,0,0.241,-0.106,
-0.007,-0,0.067,-0.101,
-0.002,0,0.003,-0.036,
0.007,0,0.146,-0.099,
0.007,0,0.17,-0.173,
-0.005,0,0.088,-0.162,
-0.005,0,0.041,-0.225,
-0.007,0,0.093,-0.158,
-0.001,0,0.048,-0.078,
-0.004,0,0.116,-0.094,
0.003,0,0.12,-0.044,
-0.008,-0.002,0.061,-0.079,
-0.005,0,0.1,-0.108,
0.005,0,0.09,-0.044,
-0,0,0.107,-0.128,
-0.014,-0.005,0.109,-0.126,
-0.006,-0.005,0.109,-0.065,
0.002,0,0.133,-0.115,
-0.054,-0.051,0.06,-0.164,
-0.005,0,0.056,-0.108,
-0.012,-0.003,0.077,-0.147,
-0.021,0,0.084,-0.151,
-0.016,-0.004,0.067,-0.127,
-0.004,0,0.115,-0.119,
0.007,0,0.21,-0.12,
-0,0,0.092,-0.08,
-0.012,0,0.053,-0.161,
0.003,0,0.09,-0.09,
-0.009,0,0.123,-0.173,
0.002,0,0.068,-0.043,
0.001,0,0.081,-0.102,
-0,0,0.074,-0.061,
-0.003,0,0.14,-0.088,
-0.025,-0.009,0.094,-0.142,
-0.01,-0,0.046,-0.128,
-0.009,-0.001,0.07,-0.119,
0.004,0,0.102,-0.092,
-0.01,-0.002,0.05,-0.086,
-0.001,0,0.089,-0.202,
0.004,-0.002,0.127,-0.1,
-0.008,0,0.113,-0.178,
-0.004,0,0.067,-0.072,
0.004,0,0.141,-0.104,
0.016,0,0.211,-0.06,
-0.008,0,0.079,-0.162,
0.002,0,0.096,-0.084,
-0.009,0,0.119,-0.138,
-0.008,-0,0.065,-0.092,
-0.007,-0.001,0.115,-0.121,
-0.004,0,0.09,-0.115,
0.002,0,0.09,-0.139,
0.003,0,0.077,-0.054,
-0.001,0,0.013,-0.041,
-0.018,-0.018,0.081,-0.132,
-0.002,-0,0.086,-0.096,
-0.013,0,0.106,-0.199,
-0.006,0,0.096,-0.188,
-0.004,0,0.14,-0.218,
-0.001,0,0.1,-0.106,
0.001,0,0.043,-0.039,
-0.002,0,0.102,-0.113,
-0.002,0,0.105,-0.116,
-0.001,0,0.081,-0.143,
-0.009,0,0.084,-0.129,
-0.003,0,0.136,-0.209,
0.025,0.005,0.192,-0.048,
-0.001,0,0.069,-0.067,
-0.003,0,0.068,-0.097,
0.005,0,0.083,-0.043,
-0.009,0,0.087,-0.123,
-0.001,0,0.101,-0.119,
0,0,0.066,-0.075,
-0.014,-0.003,0.063,-0.104,
-0.006,0,0.07,-0.113,
-0.004,0,0.087,-0.128,
0.008,0.002,0.118,-0.115,
-0.013,-0.001,0.115,-0.168,
-0.013,-0.004,0.16,-0.159,
-0.003,-0.009,0.195,-0.069,
-0.007,0,0.069,-0.108,
0.005,0,0.169,-0.073,
-0.022,0,0.143,-0.217,
-0.001,0,0.084,-0.093,
-0.04,-0.01,0.106,-0.377,
0.014,0,0.26,-0.107,
-0.003,0,0.065,-0.174,
0.006,0.001,0.16,-0.136,
0.001,0,0.08,-0.082,
0.002,0,0.09,-0.092,
-0.003,0,0.077,-0.109,
-0.002,-0.002,0.152,-0.166,
-0.005,-0.001,0.066,-0.141,
0.01,0.001,0.115,-0.138,
-0.005,0,0.086,-0.092,
-0.004,0,0.093,-0.15,
0.008,0,0.081,-0.068,
0.001,0,0.152,-0.214,
0.001,0,0.233,-0.136,
-0.006,0,0.052,-0.152,
-0.001,0,0.122,-0.119,
0,0,0,0,
0,0,0.13,-0.111,
0.008,0,0.188,-0.09,
-0.002,0,0.033,-0.046,
-0.002,0,0.106,-0.102,
-0.001,0,0.092,-0.079,
0.001,0,0.083,-0.154,
-0.01,-0.002,0.033,-0.129,
-0.001,0,0.13,-0.109,
0.001,0,0.098,-0.077,
-0.009,0,0.124,-0.182,
0.001,0.001,0.1,-0.107,
-0.017,0,0.144,-0.308,
0.001,0,0.108,-0.166,
0.01,0,0.133,-0.083,
-0,-0,0.195,-0.111,
-0.005,-0.002,0.108,-0.122,
-0.003,0,0.107,-0.102,
0.003,0,0.084,-0.053,
-0.011,-0.005,0.064,-0.122,
-0.001,0,0.074,-0.06,
-0.005,-0.002,0.152,-0.18,
0.001,0,0.092,-0.069,
-0.005,0,0.102,-0.281,
-0.004,0,0.095,-0.148,
0.001,0,0.112,-0.218,
-0.007,0,0.131,-0.189,
-0.005,0,0.04,-0.088,
-0.003,0,0.136,-0.103,
0.004,0,0.166,-0.096,
0.004,0,0.118,-0.159,
-0.004,0,0.037,-0.12,
-0.003,-0.002,0.072,-0.06,
-0.006,0,0.081,-0.105,
0.011,0,0.137,-0.111,
0.001,0,0.104,-0.087,
0.005,0,0.164,-0.147,
-0.006,0,0.083,-0.156,
-0,-0.001,0.142,-0.082,
-0.007,0,0.05,-0.085,
0.009,0,0.137,-0.046,
-0.002,0,0.101,-0.256,
-0.018,-0.003,0.118,-0.168,
-0.006,0,0.184,-0.149,
-0.013,-0.012,0.098,-0.123,
0,0,0.086,-0.182,
-0.01,0,0.099,-0.133,
0.01,0,0.171,-0.114,
0.002,0,0.207,-0.225,
0.005,0,0.097,-0.128,
-0.014,0,0.104,-0.179,
-0.003,0,0.05,-0.131,
-0.008,0,0.067,-0.135,
-0.005,0,0.137,-0.164,
0,-0.001,0.117,-0.153,
-0.007,0,0.053,-0.089,
-0.003,0,0.068,-0.084,
-0.003,0,0.194,-0.227,
-0.008,0,0.054,-0.125,
-0.006,0,0.081,-0.088,
-0.006,0,0.273,-0.169,
-0.006,0,0.09,-0.13,
-0.001,0,0.076,-0.055,
-0.007,0,0.071,-0.153,
-0.016,-0.004,0.104,-0.126,
0.007,0,0.13,-0.102,
0.003,0.001,0.093,-0.167,
-0.007,0,0.096,-0.116,
-0.009,0,0.061,-0.205,
0.001,0,0.06,-0.045,
-0.005,0,0.097,-0.155,
0.003,0,0.165,-0.073,
-0.022,-0.014,0.136,-0.149,
-0.011,0,0.076,-0.171,
0.003,0,0.169,-0.06,
-0.017,0,0.052,-0.162,
-0.015,-0.019,0.125,-0.131,
-0.002,0,0.124,-0.174,
-0.004,0,0.116,-0.136,
-0.002,0,0.265,-0.161,
-0.012,-0.001,0.08,-0.15,
0.008,0,0.168,-0.105,
-0.008,-0,0.108,-0.107,
0.008,0.002,0.096,-0.1,
-0.006,0,0.113,-0.16,
-0.004,-0.005,0.189,-0.097,
0.001,0,0.085,-0.084,
-0.002,0,0.044,-0.094,
0.003,0,0.06,-0.04,
-0.002,0,0.075,-0.084,
0.002,0,0.106,-0.148,
-0.006,0,0.096,-0.167,
-0.038,-0.029,0.077,-0.17,
0.001,0,0.101,-0.063,
-0.001,0,0.013,-0.038,
0.006,0,0.139,-0.101,
-0.004,0,0.084,-0.098,
-0.006,-0.003,0.151,-0.177,
0.003,0,0.175,-0.096,
-0.01,0,0.155,-0.141,
0.005,0,0.111,-0.156,
-0.001,0,0.21,-0.203,
0.001,0,0.117,-0.088,
-0.004,0,0.063,-0.088,
-0.007,0,0.072,-0.088,
-0.001,0,0.137,-0.119,
0.01,0,0.235,-0.097,
-0.009,0,0.075,-0.183,
-0.025,-0.01,0.217,-0.382,
-0.009,0,0.097,-0.154,
0.003,0,0.073,-0.033,
-0,0,0.215,-0.115,
-0.012,0,0.027,-0.15,
0.008,0,0.109,-0.063,
0.004,0,0.141,-0.107,
-0.004,0,0.134,-0.16,
-0.001,0,0.05,-0.062,
0,-0.001,0.246,-0.112,
-0.01,0,0.088,-0.135,
-0,0,0.112,-0.062,
0,0,0.104,-0.123,
-0.009,0,0.166,-0.26,
-0.001,0,0.1,-0.085,
0.004,-0,0.097,-0.058,
-0.001,0,0.057,-0.063,
0.001,0,0.239,-0.199,
0.007,0,0.125,-0.015,
0.001,0,0.055,-0.06,
-0,0,0.22,-0.14,
0,0,0.096,-0.047,
0.006,0,0.078,-0.042,
0.006,0,0.218,-0.12,
0.01,0,0.16,-0.139,
0.002,0,0.101,-0.064,
-0.007,-0.001,0.078,-0.113,
-0.003,0,0.075,-0.121,
-0.008,-0,0.072,-0.171,
-0.01,0,0.154,-0.138,
0.002,0,0.122,-0.099,
-0.011,-0,0.139,-0.198,
-0.013,0,0.106,-0.221,
-0.001,0,0.109,-0.111,
-0.003,0,0.039,-0.07,
-0.018,-0.009,0.145,-0.19,
-0,0,0.085,-0.064,
-0.003,0,0.096,-0.109,
0.001,0,0.047,-0.067,
-0,-0.001,0.139,-0.131,
0.012,0,0.251,-0.097,
-0.012,0,0.077,-0.175,
-0.021,-0.002,0.125,-0.154,
-0.001,0,0.122,-0.164,
-0.005,0,0.278,-0.176,
-0.003,0,0.207,-0.202,
-0.005,0,0.178,-0.219,
-0.016,-0.002,0.082,-0.116,
0.012,0,0.176,-0.088,
-0.006,0,0.12,-0.124,
-0.003,0,0.062,-0.074,
0.001,0,0.058,-0.06,
-0.006,0,0.103,-0.103,
-0.008,0,0.121,-0.183,
-0.001,0,0.166,-0.198,
-0.01,-0.007,0.107,-0.12,
-0.013,0,0.113,-0.189,
-0.011,-0.005,0.221,-0.169,
0.009,0,0.211,-0.155,
-0.027,0,0.307,-0.472,
0.006,0,0.114,-0.116,
0.001,0,0.076,-0.05,
-0.008,-0.002,0.095,-0.092,
0.002,0,0.099,-0.09,
0.013,0,0.145,-0.123,
0.003,0,0.107,-0.084,
0.004,0,0.207,-0.201,
0,0,0.141,-0.096,
0.001,0,0.087,-0.12,
0.003,0,0.163,-0.149,
-0.005,0,0.092,-0.147,
-0,0,0.088,-0.112,
0.014,0.002,0.115,-0.081,
-0.02,0,0.13,-0.296,
-0.009,0,0.136,-0.112,
-0.02,-0.007,0.09,-0.161,
0.005,0,0.109,-0.074,
-0.01,0,0.128,-0.213,
-0,0,0.201,-0.12,
-0.002,0,0.196,-0.175,
-0.008,0,0.059,-0.141,
0.002,0,0.075,-0.135,
0.008,0,0.109,-0.137,
-0.007,0,0.048,-0.106,
0.008,0,0.109,-0.13,
0.001,0,0.154,-0.193,
-0.007,-0,0.169,-0.176,
-0,0,0.144,-0.227,
-0.01,0,0.209,-0.269,
-0.002,0,0.129,-0.208,
-0.003,0,0.123,-0.17,
-0.005,0,0.087,-0.125,
0.001,0,0.137,-0.105,
-0.009,0,0.228,-0.208,
-0.01,-0.002,0.102,-0.172,
0,0,0.072,-0.064,
0.005,0,0.118,-0.089,
-0,0,0.029,-0.019,
0.012,0,0.083,-0.07,
-0.004,0,0.081,-0.095,
0.006,0.002,0.238,-0.123,
0.023,0,0.456,-0.25,
-0,0,0.063,-0.112,
-0.007,0,0.093,-0.174,
0.004,0,0.134,-0.103,
-0.01,-0.009,0.132,-0.095,
-0.001,0,0.102,-0.121,
0,0,0.216,-0.092,
-0.006,-0,0.061,-0.163,
-0.016,0,0.078,-0.179,
0.008,0,0.125,-0.043,
0.005,0,0.154,-0.163,
0.003,0,0.135,-0.083,
-0.023,-0.007,0.122,-0.171,
-0.006,0,0.069,-0.121,
0.001,0,0.087,-0.109,
-0.019,-0.001,0.055,-0.184,
0.002,0.001,0.115,-0.147,
-0.003,0,0.098,-0.093,
-0.009,-0.002,0.101,-0.203,
0,0,0.068,-0.077,
-0.003,0,0.084,-0.167,
0,0,0.062,-0.047,
-0.001,-0,0.074,-0.071,
-0.014,-0.005,0.04,-0.087,
0.001,0.001,0.135,-0.151,
0.005,0,0.157,-0.13,
-0.002,0,0.111,-0.153,
0.004,0,0.123,-0.098,
-0.011,0,0.133,-0.166,
-0.009,0,0.196,-0.157,
-0.007,0,0.096,-0.206,
-0.014,-0.004,0.106,-0.162,
-0.013,0,0.14,-0.123,
0.003,0,0.092,-0.049,
-0.02,-0.009,0.116,-0.182,
0.002,0,0.076,-0.085,
0.007,0,0.154,-0.166,
0.001,0,0.081,-0.191,
0.01,0,0.171,-0.12,
-0.024,-0.002,0.029,-0.16,
-0,0,0.089,-0.076,
0.006,0,0.157,-0.115,
-0.006,0,0.162,-0.107,
-0.011,-0.001,0.183,-0.194,
-0.001,0,0.12,-0.159,
0.002,0,0.093,-0.091,
-0.012,-0.007,0.077,-0.164,
-0.006,0,0.103,-0.131,
0.002,0,0.105,-0.077,
-0.019,-0.006,0.117,-0.196,
0.006,0,0.113,-0.109,
-0.014,-0.002,0.049,-0.234,
-0.019,0,0.134,-0.196,
-0.004,0,0.165,-0.178,
-0.008,0,0.249,-0.195,
-0.011,0,0.12,-0.191,
-0.011,0,0.053,-0.146,
0.007,0,0.107,-0.142,
-0.02,-0.007,0.101,-0.141,
-0.029,-0.016,0.052,-0.177,
0.001,0,0.138,-0.164,
0.002,0,0.028,-0.026,
0.001,0,0.09,-0.105,
-0.018,-0.006,0.074,-0.203,
-0.014,-0.005,0.111,-0.127,
0.013,0,0.268,-0.065,
-0.012,-0.005,0.127,-0.143,
-0.002,0,0.092,-0.115,
-0.01,-0.009,0.236,-0.116,
-0.002,0,0.19,-0.195,
-0.003,0,0.016,-0.077,
-0,0,0.036,-0.095,
-0.01,0,0.125,-0.158,
0.001,0,0.027,0,
-0.013,0,0.088,-0.183,
0.005,0,0.311,-0.179,
0.001,0,0.146,-0.109,
0.001,0,0.118,-0.081,
0.002,-0.001,0.145,-0.107,
0.001,0,0.166,-0.074,
0.002,0,0.131,-0.145,
-0.005,0,0.068,-0.153,
0.002,0,0.088,-0.135,
-0.008,-0.002,0.143,-0.186,
-0.005,0,0.156,-0.201,
0.009,0,0.114,-0.139,
0.005,0,0.117,-0.09,
-0.009,0,0.087,-0.113,
-0.002,0,0.051,-0.087,
-0,0,0.174,-0.086,
0.004,0,0.07,-0.069,
-0.012,0,0.046,-0.201,
-0,0,0.072,-0.056,
-0.009,-0.002,0.077,-0.122,
-0.012,-0.004,0.078,-0.181,
0.011,0,0.181,-0.184,
-0.003,0,0.111,-0.13,
-0.014,-0.011,0.193,-0.296,
-0.032,-0.025,0.106,-0.179,
-0.006,0,0.094,-0.141,
-0.029,-0.007,0.149,-0.149,
0.018,0,0.149,-0.049,
-0.016,-0.002,0.097,-0.177,
-0.001,0,0.043,-0.126,
-0.014,-0.007,0.138,-0.265,
-0.025,-0.005,0.19,-0.296,
-0.023,-0.021,0.164,-0.147,
-0.006,-0.004,0.079,-0.1,
-0.011,0,0.101,-0.193,
0.001,0,0.093,-0.078,
-0,0,0.075,-0.141,
0.009,0.002,0.19,-0.137,
0.008,0,0.084,-0.093,
-0.024,-0.001,0.085,-0.171,
-0.002,0,0.207,-0.139,
0.02,0,0.327,-0.126,
-0.011,-0.02,0.124,-0.136,
-0.005,0,0.227,-0.264,
0.004,0,0.193,-0.258,
-0.013,-0.011,0.109,-0.092,
0,0,0.104,-0.102,
0.004,0.001,0.068,-0.099,
-0.003,0,0.09,-0.12,
0.001,0,0.036,-0.045,
-0.004,0,0.091,-0.119,
-0.011,-0.004,0.112,-0.231,
-0.019,-0.008,0.143,-0.201,
0.008,0,0.169,-0.107,
-0.001,0,0.103,-0.128,
0.003,0,0.09,-0.065,
-0,0,0.202,-0.206,
0.004,0,0.103,-0.071,
-0.003,0,0.206,-0.378,
-0.005,-0.002,0.111,-0.105,
-0.018,-0.002,0.094,-0.165,
-0.006,0,0.127,-0.145,
-0.01,-0.002,0.156,-0.168,
0.004,0,0.152,-0.095,
0.014,0.003,0.247,-0.143,
-0.003,0,0.167,-0.179,
-0.013,0,0.153,-0.195,
0.011,0,0.266,-0.188,
-0.004,0,0.097,-0.181,
-0.007,0,0.041,-0.143,
-0.004,0,0.186,-0.252,
-0.008,0,0.048,-0.099,
-0.004,0,0.146,-0.149,
-0.005,0,0.188,-0.13,
-0.018,-0.005,0.109,-0.142,
0.001,0,0.133,-0.088,
-0.001,0,0.171,-0.109,
0.005,0,0.253,-0.214,
0.019,0.002,0.229,-0.199,
0.002,0,0.06,-0.033,
0,0,0.007,-0.011,
0.005,0,0.15,-0.084,
-0.008,0,0.138,-0.145,
-0.003,0,0.153,-0.144,
0.004,0,0.2,-0.122,
-0.006,0,0.097,-0.168,
-0.004,0,0.156,-0.189,
-0.007,-0.005,0.127,-0.166,
0.003,0,0.122,-0.171,
0.012,-0,0.206,-0.098,
-0.002,0,0.045,-0.113,
-0.008,0,0.153,-0.208,
0.002,0.001,0.122,-0.099,
0.009,0,0.15,-0.151,
-0,0,0.165,-0.169,
-0.018,-0.004,0.065,-0.202,
-0.008,0,0.133,-0.224,
0.027,0.002,0.313,-0.079,
0.004,0,0.156,-0.11,
0,0,0.114,-0.074,
0.001,0,0.083,-0.114,
0.007,0.003,0.164,-0.154,
-0.013,0,0.094,-0.185,
-0.002,0,0.007,-0.085,
-0.005,-0.002,0.132,-0.14,
-0.014,-0.005,0.126,-0.152,
-0.01,-0,0.07,-0.101,
-0.006,-0.002,0.166,-0.123,
-0.01,-0,0.205,-0.3,
-0.009,0,0.114,-0.296,
0.018,0,0.22,-0.081,
0.001,0.005,0.144,-0.305,
-0.021,-0,0.171,-0.311,
-0.046,-0.01,0.11,-0.484,
-0.002,0,0.08,-0.07,
-0,-0.002,0.177,-0.174,
-0.003,0,0.1,-0.151,
-0.008,-0,0.128,-0.181,
-0.022,0,0.161,-0.222,
0.004,0,0.126,-0.094,
-0.009,-0.007,0.147,-0.109,
-0.002,0,0.205,-0.144,
-0.002,-0.007,0.189,-0.175,
-0.028,-0.004,0.17,-0.447,
0.004,0,0.095,-0.07,
-0.002,0,0.127,-0.114,
0.006,0,0.19,-0.075,
-0.003,0,0.234,-0.229,
0,-0.005,0.263,-0.195,
-0.007,0,0.071,-0.104,
-0.004,0,0.121,-0.106,
-0.007,0,0.055,-0.092,
-0.013,-0.004,0.047,-0.093,
-0.001,-0.007,0.275,-0.09,
-0.003,-0.001,0.186,-0.189,
-0.005,-0,0.05,-0.184,
-0.007,0,0.066,-0.145,
-0.007,0,0.201,-0.169,
-0.011,-0.001,0.136,-0.16,
-0.012,0,0.077,-0.292,
0.001,0,0.073,-0.048,
0.007,0,0.08,-0.046,
-0,0,0.037,-0.028,
-0.006,0,0.134,-0.224,
0.013,0,0.134,-0.133,
-0.012,0,0.051,-0.151,
-0.008,-0.003,0.251,-0.13,
0.008,0,0.106,-0.202,
0.005,0,0.133,-0.02,
0.002,0,0.072,-0.005,
-0.005,0,0.095,-0.15,
-0.019,-0.002,0.163,-0.168,
-0.018,0,0.187,-0.455,
-0.02,-0.006,0.275,-0.358,
0.015,0,0.169,-0.108,
0.002,0,0.113,-0.064,
-0.003,0,0.049,-0.103,
-0.01,0,0.223,-0.279,
0.007,0,0.219,-0.098,
-0.001,0,0.241,-0.223,
-0.014,-0.001,0.275,-0.365,
0.001,0,0.289,-0.173,
-0.013,0,0.199,-0.408,
0.006,0,0.262,-0.081,
-0.005,0,0.034,-0.136,
-0,0,0.214,-0.162,
-0.001,0,0.25,-0.202,
-0.02,0,0.096,-0.163,
-0.01,0,0.166,-0.14,
-0.006,0,0.14,-0.171,
-0.004,-0.003,0.209,-0.349,
-0.019,-0.008,0.179,-0.184,
-0.002,0,0.041,-0.06,
0.01,0,0.394,-0.06,
-0.002,0,0.109,-0.186,
0.003,0,0.242,-0.152,
-0.006,0,0.257,-0.286,
0.012,0.021,0.116,-0.127,
-0.014,0,0.306,-0.323,
-0.041,-0.017,0.061,-0.221,
-0.009,-0.003,0.057,-0.196,
-0.018,-0.006,0.104,-0.332,
0.01,0,0.189,-0.119,
-0.018,0,0.091,-0.323,
0.004,0,0.071,-0.065,
0.002,0,0.091,-0.008,
0.002,0,0.198,-0.156,
-0.029,-0.019,0.149,-0.243,
0.002,0,0.237,-0.225,
-0.002,0,0.066,-0.083,
-0,0,0.087,-0.065,
0.002,0,0.163,-0.15,
-0.003,0,0.065,-0.148,
0.015,0,0.373,-0.073,
-0.015,-0.001,0.134,-0.224,


0.004,0,0.066,-0.101,
0.004,0,0.08,-0.034,
0.006,0,0.093,-0.06,
0.015,0.006,0.12,-0.143,
0.025,0.004,0.181,-0.1,
0.014,0,0.14,-0.122,
0.035,0.003,0.201,-0.047,
0.001,0,0.039,-0.013,
0.001,0,0.048,-0.019,
0.03,0.014,0.18,-0.028,
0.039,0.005,0.282,-0.118,
0.011,0,0.124,-0.058,
0.054,0.014,0.377,-0.139,
0.006,0,0.148,-0.091,
0.057,0.013,0.279,-0.018,
0.004,0,0.088,-0.063,
0.009,0,0.148,-0.076,
0.003,0,0.066,-0.049,
0.064,0.04,0.34,-0.009,
0.106,0.101,0.371,-0.046,
0.003,0,0.062,-0.055,
0.03,0.012,0.248,-0.159,
0.005,0,0.124,-0.055,
0.006,0.001,0.088,-0.063,
0.032,0,0.229,-0.067,
0.016,0,0.146,-0.066,
0.002,0,0.098,-0.071,
0.04,0.022,0.174,-0.035,
0.002,0,0.07,-0.054,
-0.005,0,0.12,-0.15,
0.053,0.022,0.224,-0.071,
0.05,0.01,0.201,-0.015,
0.015,0,0.251,-0.13,
0.035,0.002,0.34,-0.021,
0.04,0.016,0.286,-0.015,
0.046,0.019,0.352,-0.135,
0.02,0.011,0.124,-0.171,
0.02,0.007,0.187,-0.067,
0.029,0.01,0.235,-0.033,
0.011,0,0.19,-0.27,
0.028,0.005,0.28,-0.139,
0.042,0.014,0.281,-0.081,
0.006,0,0.135,-0.07,
0.029,0,0.287,-0.078,
0.015,0.001,0.111,-0.075,
0.072,0.053,0.242,-0.018,
0.028,0.011,0.165,-0.052,
0.019,0,0.313,-0.085,
0.042,0.019,0.215,-0.007,
0.022,0,0.293,-0.213,
0.06,0.051,0.239,-0.124,
0.008,0.004,0.061,-0.07,
0.048,0.012,0.323,-0.025,
0.025,0,0.313,-0.055,
0.004,0,0.073,-0.059,
0.012,0.003,0.18,-0.091,
0.025,0.007,0.261,-0.036,
0.009,0,0.152,-0.099,
0.04,0.03,0.175,-0.098,
0.051,0.025,0.34,-0.024,
0.015,0.011,0.159,-0.019,
0.019,0.001,0.161,-0.034,
0.036,0.035,0.16,-0.038,
0.009,0,0.092,-0.062,
0.001,0,0.052,-0.067,
0.094,0.065,0.371,-0.058,
0.026,0.003,0.3,-0.038,
0.061,0.016,0.333,-0.034,
0.046,0.024,0.271,-0.018,
0.018,0.011,0.135,-0.161,
0.029,0.009,0.21,-0.099,
0.031,0,0.183,-0.091,
0.041,0.014,0.283,-0.133,
0.013,0,0.245,-0.149,
0.039,0,0.217,-0.043,
0.158,0.155,0.356,-0.085,
-0.007,0,0.016,-0.104,
0.044,0.007,0.315,-0.072,
0.004,0,0.119,-0.088,
0.032,0.008,0.249,-0.047,
0.026,0,0.276,-0.028,
0.077,0.013,0.357,-0.086,
0.036,0.029,0.144,-0.024,
0.055,0.002,0.313,-0.047,
0.012,0.005,0.087,-0.037,
0.037,0.013,0.208,-0.038,
0.069,0.036,0.361,-0.044,
0.018,0.007,0.141,-0.07,
0.005,0,0.07,-0.092,
0.022,0,0.268,-0.049,
0.083,0.07,0.323,-0.134,
0.029,0.012,0.183,-0.051,
0.007,0,0.118,-0.052,
0.063,0.021,0.249,-0.133,
0.039,0.006,0.302,-0.077,
0.011,0.002,0.139,-0.013,
0.034,0,0.238,-0.064,
0.014,0,0.167,-0.124,
0.104,0.066,0.358,-0.172,
0.024,0.006,0.237,-0.083,
0.041,0.011,0.203,-0.015,
0.024,0,0.26,-0.064,
0.088,0.065,0.301,-0.02,
0.025,0.009,0.278,-0.074,
0.026,0.009,0.146,-0.076,
0.065,0.073,0.256,-0.079,
0.089,0.079,0.322,-0.076,
0.047,0.006,0.28,-0.01,
-0.001,0.002,0.143,-0.15,
0.042,0.017,0.296,-0.095,
0.053,0.04,0.209,-0.008,
0.065,0.023,0.382,-0.072,
0.019,0.007,0.173,-0.064,
0.013,0,0.177,-0.033,
0.051,0.011,0.295,-0.043,
0.001,0,0.065,-0.024,
0.109,0.106,0.365,-0.03,
0.07,0.021,0.409,-0.038,
0.007,0,0.131,-0.033,
0.071,0.008,0.359,-0.032,
0.014,0,0.121,-0.117,
0.019,0,0.266,-0.054,
0.018,0,0.14,-0.138,
0.031,0.013,0.25,-0.183,
0.074,0.058,0.293,-0.016,
0.044,0.017,0.269,-0.09,
0.086,0.091,0.338,-0.088,
0.012,0,0.221,-0.117,
0.067,0.028,0.29,-0.018,
0.019,0.005,0.228,-0.118,
-0.003,-0.001,0.049,-0.071,
0.059,0.021,0.307,-0.242,
0.08,0.059,0.301,-0.065,
0.043,0.029,0.208,-0.178,
0.029,0.014,0.157,-0.055,
0.034,0,0.273,-0.08,
0.028,0.014,0.238,-0.072,
0.047,0,0.333,-0.056,
0.006,0,0.137,-0.114,
0.032,0.013,0.168,-0.025,
0.003,0,0.048,-0.019,
0.004,0.001,0.099,-0.043,
0.016,0.004,0.103,-0.071,
0.112,0.096,0.365,-0.06,
0.012,0,0.159,-0.116,
0.002,0,0.059,-0.064,
0.086,0.071,0.353,-0.062,
0.036,0.029,0.228,-0.12,
0.018,0.003,0.261,-0.141,
0.052,0.025,0.26,-0.052,
0.076,0.051,0.244,-0.096,
0.055,0.009,0.326,-0.054,
0.076,0.068,0.245,-0.051,
0.015,0,0.155,-0.072,
0.023,0,0.351,-0.094,
0.033,0.014,0.283,-0.14,
0.015,0.005,0.165,-0.048,
0.015,0.001,0.093,-0.008,
0.019,0.001,0.301,-0.204,
0.058,0.021,0.404,-0.222,
0.055,0.018,0.306,-0.019,
0.06,0.058,0.249,-0.075,
0.014,0,0.187,-0.036,
0,0,0.036,-0.028,
0.043,0,0.337,-0.14,
0.031,0.015,0.202,-0.043,
0.019,0.005,0.221,-0.016,
0.003,0,0.079,-0.044,
0.054,0.042,0.285,-0.025,
0.007,0,0.081,-0.094,
0.073,0.061,0.266,-0.041,
0.029,0.003,0.248,-0.063,
0.072,0.045,0.299,-0.1,
0.01,0.002,0.067,-0.047,
0.023,0.006,0.265,-0.1,
0.028,0.001,0.223,-0.077,
0.075,0.061,0.334,-0.043,
0.039,0.008,0.196,-0.113,
0.046,0.015,0.212,-0.029,
0.048,0.023,0.218,-0.074,
0.038,0.013,0.248,-0.056,
0.061,0.058,0.244,-0.306,
0.058,0.011,0.362,-0.04,
0.056,0.047,0.274,-0.113,
0.023,0,0.232,-0.08,
0.041,0.028,0.196,-0.04,
0.056,0.03,0.323,-0.133,
0.025,0,0.332,-0.086,
0.038,0.005,0.312,-0.079,
0.044,0.018,0.265,-0.089,
0.088,0.048,0.262,-0.004,
0.038,0.008,0.232,-0.062,
0.018,0.005,0.154,-0.085,
0.01,0,0.206,-0.066,
0.014,0,0.127,-0.063,
0.057,0.018,0.308,-0.027,
0.007,0,0.171,-0.044,
0.053,0.017,0.247,-0.026,
0.024,0,0.259,-0.022,
0.018,0.002,0.205,-0.053,
0.019,0.003,0.154,-0.033,
0.105,0.083,0.301,-0.052,
0.028,0.009,0.148,-0.042,
0.017,0.002,0.215,-0.105,
0.016,0.005,0.115,-0.072,
0.028,0.009,0.265,-0.07,
0.047,0.027,0.231,-0.06,
0.034,0.008,0.198,-0.032,
0.044,0.024,0.267,-0.032,
0.078,0.062,0.338,-0.041,
0.034,0,0.217,-0.039,
0.072,0.045,0.276,-0.116,
0.042,0.019,0.209,-0.094,
0.07,0.052,0.221,-0.022,
0.028,0.013,0.198,-0.095,
0.034,0.024,0.12,-0.059,
0.01,0.001,0.192,-0.076,
0.037,0.021,0.236,-0.086,
0.013,0.001,0.182,-0.123,
0.019,0.007,0.206,-0.079,
0.049,0.032,0.384,-0.104,
0.037,0.01,0.292,-0.079,
0.019,0.002,0.182,-0.128,
0.021,0.004,0.251,-0.082,
0.024,0,0.227,-0.026,
0.029,0.009,0.179,-0.074,
0.082,0.069,0.294,-0.022,
0.005,0,0.08,-0.084,
0.013,0,0.284,-0.096,
0.085,0.041,0.306,-0.049,
0.103,0.066,0.317,0,
0.079,0.038,0.323,-0.086,
0.064,0.007,0.312,-0.074,
0.035,0.011,0.377,-0.062,
0.042,0.004,0.206,-0.017,
0.016,0,0.166,-0.094,
0.055,0.027,0.235,-0.064,
0.014,0.001,0.139,-0.065,
0.055,0.019,0.365,-0.211,
0.017,0,0.163,-0.061,
0.006,0.001,0.247,-0.138,
0.01,0,0.236,-0.148,
0.005,0,0.108,-0.027,
0.016,0,0.269,-0.107,
0.007,0,0.088,-0.055,
0.097,0.088,0.298,0,
0.009,0,0.162,-0.105,
0.121,0.093,0.374,0,
0.016,0.005,0.164,-0.09,
0.036,0.013,0.24,-0.147,
0.036,0.009,0.22,-0.082,
0.026,0.004,0.239,-0.121,
0.027,0.007,0.245,0,
0.02,0,0.276,-0.072,
0.003,0,0.039,-0.021,
0.017,0,0.275,-0.068,
0.025,0,0.175,-0.049,
0.052,0.018,0.282,-0.074,
0.01,0,0.19,-0.078,
0.015,0,0.148,-0.085,
0.053,0.005,0.356,-0.101,
0.047,0.009,0.371,-0.011,
0.053,0.019,0.274,-0.102,
0.041,0.013,0.293,-0.048,
0.047,0.023,0.216,-0.127,
0.03,0.016,0.154,-0.065,
0.001,0,0.171,-0.12,
0.024,0,0.245,-0.064,
0.051,0.005,0.392,-0.068,
0.069,0.054,0.31,-0.121,
0.008,0.001,0.083,-0.085,
0.006,0,0.093,-0.084,
0.025,0.011,0.328,-0.099,
0.066,0.06,0.306,-0.166,
0.008,0,0.104,-0.067,
0.041,0.013,0.264,-0.02,
-0,0,0.024,-0.031,
0.036,0.014,0.235,-0.048,
0.043,0.011,0.333,-0.066,
0.016,0,0.344,-0.055,
0.052,0.041,0.216,-0.013,
0.022,0.007,0.168,-0.021,
0.072,0.056,0.257,-0.022,
0.019,0.005,0.197,-0.161,
0.116,0.115,0.35,0,
0.021,0,0.312,-0.289,
0.015,0.007,0.21,-0.145,
0.038,0.001,0.407,-0.434,
0.01,0,0.096,-0.056,
0.037,0.009,0.325,-0.165,
0.014,0,0.146,-0.04,
0.008,0.002,0.093,-0.137,
0.027,0,0.278,-0.121,
0.015,0,0.142,-0.084,
0.012,0,0.093,-0.043,
0.021,0,0.267,-0.1,
0.019,0.007,0.206,-0.081,
0.028,0,0.36,-0.323,
0.06,0.016,0.39,-0.133,
0.07,0.014,0.373,-0.021,
0.026,0.01,0.165,-0.109,
0.015,0,0.276,-0.256,
0.049,0.026,0.313,-0.165,
0.003,0,0.179,-0.089,
0.014,0.005,0.176,-0.059,
0.001,0,0.073,-0.083,
0.043,0.032,0.274,-0.17,
0.062,0.023,0.401,-0.031,
0.025,0,0.299,-0.104,
0.045,0.029,0.228,-0.065,
0.043,0.015,0.224,-0.049,
0.046,0.021,0.365,-0.131,
0.01,0.009,0.22,-0.121,
0.003,0,0.142,-0.125,
0.031,0,0.245,-0.072,
0.015,0,0.275,-0.097,
0.01,0,0.197,-0.064,
0.051,0.015,0.231,-0.067,
0.004,0,0.114,-0.065,
0.068,0.037,0.295,-0.024,
0.048,0.009,0.307,-0.048,
0.04,0.002,0.315,-0.053,
0.021,0,0.194,-0.066,
0.068,0.053,0.26,-0.017,
0.035,0.002,0.351,-0.169,
0.003,0,0.142,-0.082,
0.032,0.003,0.323,-0.06,
0.02,0.005,0.215,-0.061,
0.027,0.016,0.153,-0.035,
0.019,0.007,0.141,-0.055,
0.018,0.008,0.202,-0.17,
0.007,0.005,0.169,-0.128,
0.03,0,0.385,-0.193,
0.03,0,0.345,-0.065,
0.04,0.007,0.291,-0.081,
0.046,0,0.336,-0.09,
0,0,0.088,-0.126,
0.022,0.005,0.331,-0.133,
0.073,0.045,0.313,-0.079,
0.044,0.013,0.298,-0.028,
0.013,0,0.259,-0.132,
0.023,0,0.324,-0.067,
0.041,0.028,0.276,-0.12,
0.039,0.006,0.409,-0.229,
0.044,0.014,0.341,-0.173,
0.029,0.013,0.309,-0.132,
0.066,0,0.259,-0.185,
0.016,0,0.199,-0.11,
0.017,0.006,0.172,-0.097,
0.036,0.004,0.22,-0.063,
0.058,0.036,0.201,-0.069,
0.073,0.057,0.358,-0.084,
0.016,0.004,0.176,-0.051,
0.025,0.007,0.214,-0.087,
0.004,0,0.153,-0.105,
0.01,0,0.138,-0.102,
0.008,0,0.128,-0.05,
0.012,0.001,0.2,-0.019,
0.016,0,0.21,-0.06,
0.073,0.068,0.322,-0.06,
0.016,0.003,0.23,-0.106,
0,0,0.033,-0.03,
0.019,0.005,0.171,-0.078,
0.093,0.08,0.29,-0.02,
0.045,0.005,0.354,-0.031,
0.023,0,0.316,-0.016,
0.045,0.028,0.209,-0.122,
0.033,0.008,0.253,-0.048,
0.006,0.001,0.148,-0.042,
0.041,0.003,0.33,-0.073,
0.009,0,0.158,-0.09,
0.009,0,0.119,-0.079,
0.017,0.003,0.165,-0.081,
0.052,0,0.373,-0.117,
0.056,0.058,0.214,-0.095,
0.014,0.006,0.17,-0.11,
0.03,0.005,0.327,-0.13,
0.085,0.081,0.199,0,
0.011,0,0.189,-0.12,
0.016,0.001,0.242,-0.106,
0.006,0,0.122,-0.039,
0.025,0.004,0.149,-0.076,
0.086,0.072,0.272,-0.018,
0.007,0,0.137,-0.101,
0.017,0,0.237,-0.085,
0.041,0.026,0.314,-0.097,
0.067,0.064,0.246,-0.157,
0,0,0.091,-0.086,
0.033,0.001,0.217,-0.055,
0.028,0.004,0.247,-0.051,
0.01,0.003,0.183,-0.116,
0.04,0.02,0.356,-0.108,
0.005,0,0.042,-0.01,
0.021,0.006,0.237,-0.04,
0.037,0.009,0.279,-0.068,
0.048,0.001,0.438,-0.083,
0.042,0.037,0.276,-0.125,
0.017,0,0.169,-0.106,
0.081,0.062,0.321,-0.032,
0.037,0.01,0.352,-0.138,
0.026,0.013,0.301,-0.089,
0.005,0,0.094,-0.046,
0.006,0,0.167,-0.207,
0.042,0.017,0.281,-0.199,
0.004,0,0.093,-0.124,
0.01,0,0.126,-0.052,
0.051,0.041,0.229,-0.097,
0.066,0.07,0.199,-0.053,
0.022,0.01,0.249,-0.12,
0.014,0,0.215,-0.05,
0.012,0,0.127,-0.05,
-0.001,0,0.056,-0.052,
0.053,0.029,0.259,-0.073,
0.008,0,0.202,-0.085,
0.059,0.009,0.359,-0.218,
-0.003,0,0.097,-0.09,
0.032,0.016,0.345,-0.101,
0.014,0,0.352,-0.071,
0.031,0.004,0.238,-0.101,
0.038,0.013,0.232,-0.066,
0.009,0,0.117,-0.078,
0.016,0.007,0.122,-0.044,
-0.002,0,0.061,-0.135,
0.012,0.003,0.189,-0.08,
0.011,0,0.151,-0.058,
0.032,0,0.315,-0.146,
0.047,0.003,0.329,-0.089,
0.018,0.003,0.207,-0.05,
0.016,0,0.388,-0.124,
0.039,0.03,0.243,-0.046,
0.01,0.004,0.15,-0.062,
0.027,0.004,0.166,-0.056,
0.006,0,0.157,-0.091,
0.031,0.015,0.135,-0.023,
0.032,0.002,0.226,-0.046,
-0.002,0,0.045,-0.116,
0.017,0.006,0.17,-0.072,
0.05,0.044,0.17,-0.045,
0.044,0.044,0.163,-0.2,
0.01,0,0.16,-0.082,
0.108,0.098,0.326,0,
0.054,0.041,0.247,-0.028,
0.024,0.005,0.276,-0.116,
0.073,0.034,0.269,-0.01,
0.029,0.009,0.159,-0.031,
0.033,0.002,0.358,-0.093,
0.039,0.015,0.229,-0.072,
0.009,0,0.145,-0.093,
0.046,0.024,0.23,-0.03,
0.008,0,0.1,-0.039,
0.038,0.009,0.294,-0.094,
-0,0,0.032,-0.068,
0.003,0,0.11,-0.119,
0.003,0,0.07,-0.064,
0.045,0.043,0.285,-0.054,
0.056,0.06,0.285,-0.051,
0.04,0.021,0.261,-0.014,
0.037,0.01,0.342,-0.126,
0.012,0,0.106,-0.036,
0.034,0.01,0.329,-0.096,
0.013,0,0.155,-0.089,
0.057,0.058,0.238,-0.22,
0.029,0,0.26,-0.069,
0.015,0.004,0.125,-0.065,
0.038,0.029,0.212,-0.06,
0.04,0.034,0.172,-0.09,
0.019,0,0.276,-0.143,
-0.002,0,0.113,-0.116,
0.089,0.062,0.328,-0.069,
0.026,0.009,0.294,-0.1,
0.018,0.001,0.19,-0.08,
0.069,0.033,0.371,-0.086,
0.022,0.007,0.286,-0.087,
0.004,0.002,0.089,-0.041,
0.016,0.001,0.238,-0.046,
0.063,0.065,0.169,-0.074,
0.038,0.007,0.29,-0.091,
0.047,0.008,0.377,-0.18,
0.017,0,0.217,-0.054,
0.012,0,0.202,-0.158,
0.014,0,0.113,-0.066,
0.019,0.002,0.156,-0.061,
0.008,0,0.126,-0.118,
0.025,0.004,0.285,-0.083,
0.019,0,0.233,-0.082,
0.029,0.003,0.275,-0.115,
0.023,0.011,0.191,-0.07,
0.021,0.013,0.223,-0.119,
0.034,0.017,0.202,-0.122,
0.028,0.001,0.392,-0.213,
0.028,0.002,0.307,-0.136,
0.061,0.039,0.295,-0.077,
0.025,0,0.217,-0.074,
0.016,0.007,0.199,-0.061,
0.04,0.018,0.234,-0.08,
0.011,0,0.29,-0.13,
0.024,0,0.325,-0.043,
0.009,0,0.168,-0.091,
0.032,0.018,0.287,-0.058,
0.049,0.037,0.332,-0.11,
0.012,0.007,0.186,-0.197,
0.005,0,0.081,-0.049,
0.022,0.014,0.169,-0.117,
0.056,0.021,0.361,-0.102,
0.066,0.061,0.23,-0.055,
0.076,0.002,0.437,-0.19,
0.005,0.001,0.257,-0.255,
0.013,0.003,0.158,-0.076,
0.017,0.004,0.179,-0.139,
0.018,0.003,0.2,-0.054,
0.033,0.009,0.276,-0.079,
0.055,0.034,0.234,-0.06,
0.048,0.024,0.226,-0.166,
0.022,0.007,0.298,-0.052,
0.003,0,0.161,-0.092,
0.042,0.005,0.403,-0.254,
0.053,0.009,0.329,-0.132,
0.024,0.005,0.308,-0.142,
0.018,0.003,0.286,-0.143,
0.026,0,0.364,-0.197,
0.022,0,0.21,-0.027,
0.051,0.029,0.271,-0.045,
-0,0,0.057,-0.057,
0.017,0.003,0.122,-0.059,
0.006,0,0.226,-0.142,
0.012,0,0.154,-0.088,
0.023,0,0.338,-0.055,
0.001,0,0.07,-0.105,
0.027,0,0.155,-0.032,
0.045,0.016,0.197,-0.059,
0.048,0.034,0.262,-0.088,
0.015,0,0.248,-0.085,
0.019,0,0.205,-0.128,
0.033,0.005,0.244,-0.041,
0.072,0.013,0.374,-0.246,
0.036,0.008,0.412,-0.061,
0.009,0,0.145,-0.109,
0.018,0.003,0.242,-0.137,
0.064,0.01,0.337,-0.018,
0.019,0.009,0.134,-0.122,
0.014,0,0.225,-0.069,
0.028,0.011,0.187,-0.056,
0.015,0,0.14,-0.072,
0.034,0.016,0.354,-0.216,
0.022,0,0.233,-0.084,
0.025,0,0.367,-0.074,
0.05,0.015,0.29,-0.037,
0.008,0,0.221,-0.113,
0.018,0.003,0.146,-0.054,
0.019,0,0.168,-0.104,
0.021,0,0.211,-0.1,
0.048,0.026,0.266,-0.036,
0.033,0.015,0.265,-0.09,
0.013,0,0.26,-0.074,
0.017,0.009,0.164,-0.088,
0.024,0.005,0.255,-0.083,
0.022,0,0.379,-0.16,
0.009,0,0.149,-0.07,
0.001,0,0.154,-0.164,
0.034,0.003,0.249,-0.069,
0.015,0.002,0.245,-0.075,
0.026,0,0.293,-0.089,
0.007,0,0.124,-0.057,
0.03,0.009,0.389,-0.205,
0.092,0.079,0.323,-0.05,
0.04,0.011,0.336,-0.09,
0.057,0.02,0.236,-0.046,
0.025,0,0.257,-0.09,
0.023,0.014,0.111,-0.062,
0.017,0,0.354,-0.245,
0.032,0.007,0.25,-0.161,
0.023,0.006,0.207,-0.07,
0.042,0.013,0.229,-0.082,
0.006,0,0.112,-0.094,
0.017,0,0.252,-0.101,
0.05,0.007,0.342,-0.109,
0.055,0.027,0.308,-0.072,
0.009,0,0.122,-0.035,
0.021,0,0.232,-0.076,
0.052,0.015,0.337,-0.098,
0.016,0.002,0.159,-0.119,
0.003,0,0.1,-0.071,
0.059,0.018,0.434,-0.153,
0.021,0.002,0.281,-0.094,
0.015,0.003,0.119,-0.049,
0.024,0,0.327,-0.103,
0.055,0.032,0.326,-0.108,
0.02,0.005,0.195,-0.087,
0.039,0.001,0.311,-0.146,
0.048,0.007,0.353,-0.079,
0.025,0.003,0.218,-0.045,
0.007,0,0.118,-0.036,
0.024,0.011,0.141,-0.109,
0.016,0.001,0.214,-0.054,
0.063,0.034,0.26,-0.106,
0.034,0.016,0.379,-0.179,
0.003,0.001,0.072,-0.05,
0.056,0.024,0.32,-0.075,
0.056,0.053,0.304,-0.064,
0.033,0.013,0.386,-0.106,
0.036,0.003,0.176,-0.073,
0.003,0,0.237,-0.202,
0.073,0.041,0.274,0,
0.041,0.002,0.328,-0.078,
0.047,0.016,0.234,-0.031,
0.061,0.057,0.193,-0.081,
0.026,0.01,0.274,-0.154,
0.016,0.005,0.133,-0.094,
0.002,0,0.06,-0.061,
0.014,0,0.203,-0.058,
-0.007,0,0.058,-0.118,
0.032,0.003,0.221,-0.048,
0.037,0.019,0.182,-0.095,
0.011,0,0.168,-0.078,
0.12,0.104,0.362,-0.098,
0.012,0,0.123,-0.087,
0.003,0,0.073,-0.031,
0.009,0.004,0.144,-0.049,
0.013,0,0.262,-0.135,
0.024,0.005,0.234,-0.062,
0.013,0.001,0.11,-0.068,
0.018,0,0.391,-0.089,
0.02,0.003,0.201,-0.148,
0.038,0,0.313,-0.183,
0.022,0,0.238,-0.073,
0.005,0.001,0.078,-0.096,
0.039,0.006,0.285,-0.059,
0.012,0,0.186,-0.14,
0.01,0,0.283,-0.21,
0.036,0.013,0.257,-0.067,
0.044,0.014,0.422,-0.166,
0.061,0.046,0.238,-0.039,
0.014,0.005,0.239,-0.046,
0.013,0,0.28,-0.199,
0.03,0.005,0.237,-0.042,
0.024,0.006,0.2,-0.157,
0.045,0.042,0.187,-0.1,
0.056,0.016,0.384,-0.059,
0.012,0,0.115,-0.034,
0.03,0.01,0.153,-0.05,
0.029,0.009,0.182,-0.057,
0.015,0.002,0.154,-0.07,
0.019,0.005,0.197,-0.051,
0.035,0.006,0.198,-0.036,
0.032,0.011,0.231,-0.053,
0.059,0.054,0.21,-0.037,
0.02,0,0.357,-0.068,
0.045,0.008,0.419,-0.139,
0.014,0,0.394,-0.253,
0.022,0.003,0.14,-0.046,
0.063,0.043,0.246,-0.037,
-0.002,0,0.061,-0.079,
0.015,0,0.149,-0.073,
0.017,0.005,0.187,-0.188,
0.033,0.013,0.283,-0.172,
0.011,0.003,0.201,-0.088,
0.035,0.008,0.321,-0.087,
0.012,0.002,0.134,-0.084,
0.04,0.009,0.317,-0.066,
0.032,0,0.326,-0.162,
0.027,0.007,0.34,-0.136,
0.054,0.021,0.243,-0.092,
0.041,0.009,0.436,-0.065,
-0.002,0,0.106,-0.116,
0.004,0,0.201,-0.166,
0.025,0.01,0.25,-0.11,
0.008,0,0.16,-0.077,
0.045,0.044,0.167,-0.107,
0.005,0,0.1,-0.046,
0.035,0.017,0.184,-0.156,
0.031,0.004,0.269,-0.101,
0.049,0.014,0.266,-0.038,
0.041,0.022,0.231,-0.026,
0.042,0.019,0.214,-0.122,
0.021,0,0.372,-0.16,
0.022,0,0.267,-0.179,
0.028,0.015,0.226,-0.09,
0.031,0.005,0.239,-0.119,
0.031,0.004,0.252,-0.08,
0.036,0,0.348,-0.085,
0.016,0,0.219,-0.1,
0.013,0.003,0.172,-0.066,
0.015,0,0.307,-0.213,
0.071,0.057,0.27,-0.173,
0.028,0.035,0.282,-0.199,
0.065,0.06,0.242,-0.096,
0.039,0.003,0.448,-0.071,
0.058,0.054,0.267,-0.205,
0.035,0.017,0.353,-0.272,
0.054,0,0.5,-0.244,
0.04,0.04,0.157,-0.073,
0.007,0,0.197,-0.101,
0.02,0.005,0.212,-0.052,
0.006,0,0.153,-0.043,
0.001,0,0.167,-0.097,
0.052,0.045,0.257,-0.064,
0.015,0,0.231,-0.16,
0.019,0.005,0.155,-0.112,
0.024,0.005,0.17,-0.072,
0.015,0.001,0.179,-0.208,
0.051,0.016,0.305,-0.087,
0.004,0,0.199,-0.148,
0.037,0.026,0.371,-0.126,
0.044,0.008,0.273,-0.09,
0.04,0.014,0.226,-0.098,
0.056,0.034,0.219,-0.052,
0.043,0.045,0.161,-0.119,
0.048,0.024,0.293,-0.143,
0.003,0.009,0.123,-0.199,
0.015,0.002,0.24,-0.125,
0.021,0.002,0.316,-0.073,
0.008,0,0.102,-0.048,
0.005,0,0.129,-0.08,
0.004,0,0.065,-0.058,
0.036,0.026,0.234,-0.133,
0.022,0.008,0.237,-0.146,
0.02,0,0.355,-0.118,
0.034,0.013,0.329,-0.057,
0.002,0,0.344,-0.475,
0.032,0,0.391,-0.111,
0.047,0.02,0.301,-0.101,
0.015,0,0.215,-0.118,
0.029,0.008,0.221,-0.137,
0.02,0,0.322,-0.229,
0.041,0.008,0.273,-0.036,
0.026,0.007,0.151,-0.078,
-0.004,0,0.162,-0.185,
0.008,0,0.149,-0.095,
-0.005,0,0.146,-0.218,
0.004,0,0.199,-0.11,
0.007,0,0.179,-0.139,
0.024,0.007,0.214,-0.073,
0.009,0,0.135,-0.048,
0.017,0,0.465,-0.156,
0.01,0,0.304,-0.081,
0.03,0.039,0.136,-0.146,
0.051,0.025,0.262,-0.117,
0.043,0.009,0.327,-0.098,
0.017,0.004,0.107,-0.09,
0.066,0.004,0.407,-0.171,
0.032,0.007,0.235,-0.106,
0.025,0.003,0.238,-0.145,
-0.005,0,0.104,-0.081,
0.06,0.029,0.227,-0.033,
0.024,0.009,0.164,-0.176,
0.014,0.001,0.143,-0.065,
0.044,0.018,0.309,-0.107,
0.001,0,0.128,-0.122,
0.004,0,0.085,-0.103,
0.052,0.03,0.239,-0.08,
0.017,0.004,0.319,-0.088,
0.028,0.006,0.255,-0.102,
0.015,0.007,0.148,-0.066,
0.015,0.005,0.139,-0.049,
0.012,0.001,0.211,-0.091,
0.014,0,0.238,-0.095,
-0.009,0,0.16,-0.346,
0.031,0.005,0.363,-0.103,
0.014,0.001,0.243,-0.052,
0.041,0.005,0.338,-0.16,
0.019,0,0.242,-0.132,
0.045,0.009,0.234,-0.133,
0.052,0.019,0.344,-0.117,
0.015,0.006,0.191,-0.126,
0.007,0,0.234,-0.1,
0.055,0.028,0.355,-0.179,
0.049,0.025,0.307,-0.055,
0.009,0,0.356,-0.143,
0.006,0,0.104,-0.099,
0.02,0,0.334,-0.111,
0.032,0.005,0.3,-0.096,
0.021,0,0.298,-0.147,
0.016,0.004,0.108,-0.084,
0.016,0,0.295,-0.089,
0.037,0.009,0.393,-0.187,
0.002,0,0.276,-0.135,
0.011,0.003,0.153,-0.1,
0.045,0.042,0.261,-0.068,
0.02,0,0.167,-0.109,
0.005,0.001,0.152,-0.069,
0.053,0.04,0.255,-0.072,
0.005,0,0.238,-0.161,
0.052,0.033,0.396,-0.157,
0.059,0.037,0.282,-0.183,
0.013,0,0.168,-0.104,
0.014,0,0.346,-0.184,
0.031,0.013,0.239,-0.062,
0.033,0.003,0.236,-0.042,
0.011,0.004,0.179,-0.148,
0.045,0.027,0.261,-0.118,
0.06,0.043,0.354,-0.055,
0.009,0,0.248,-0.138,
0.005,0,0.165,-0.045,
0.021,0.004,0.235,-0.156,
0.052,0.029,0.236,-0.082,
0.06,0.04,0.201,-0.072,
0.028,0,0.308,-0.098,
0.038,0.027,0.264,-0.157,
0.009,0.001,0.182,-0.185,
0.064,0.043,0.348,-0.151,
0.031,0.011,0.327,-0.148,
0.01,0,0.173,-0.087,
0.007,0,0.128,-0.169,
0.041,0,0.434,-0.105,
0.033,0,0.205,-0.071,
0.064,0.019,0.414,-0.279,
0.04,0.006,0.278,-0.197,
0.025,0.008,0.209,-0.087,
0.002,0.001,0.079,-0.105,
0.01,0.002,0.165,-0.256,
0.01,0.004,0.099,-0.079,
0.012,0.009,0.11,-0.166,
0.004,0,0.127,-0.096,
0.006,0,0.207,-0.081,
0.031,0.004,0.209,-0.152,
0.033,0.005,0.416,-0.07,
0.028,0.003,0.391,-0.129,
0.027,0.003,0.273,-0.033,
0.041,0.005,0.221,-0.082,
0.004,0,0.134,-0.085,
0.004,0,0.148,-0.154,
0.024,0,0.423,-0.285,
0.014,0,0.223,-0.085,
0.019,0.005,0.157,-0.069,
0.029,0.005,0.217,-0.074,
0.027,0.008,0.226,-0.068,
0.02,0.002,0.424,-0.184,
0.014,0,0.139,-0.064,
0.04,0.032,0.275,-0.199,
0.058,0.029,0.387,-0.11,
0.053,0.047,0.21,-0.082,
0.051,0.025,0.245,-0.055,
0.007,0,0.134,-0.137,
0.024,0,0.23,-0.077,
0.022,0.001,0.195,-0.049,
0.068,0.053,0.317,-0.056,
0.05,0.044,0.32,-0.262,
0.067,0.075,0.279,-0.193,
0.034,0.019,0.173,-0.082,
0.056,0.013,0.285,-0.055,
0.014,0.004,0.168,-0.037,
0.029,0.011,0.284,-0.075,
0.022,0.003,0.335,-0.229,
0.02,0,0.203,-0.126,
0.095,0.067,0.405,-0.117,
0.012,0,0.167,-0.195,
0.027,0,0.374,-0.174,
0.054,0.058,0.179,-0.128,
0.049,0.017,0.519,-0.233,
0.012,0,0.354,-0.262,
0.064,0.035,0.243,-0.064,
0.018,0.003,0.264,-0.091,
0.003,0,0.097,-0.067,
0.035,0.011,0.39,-0.087,
0.009,0,0.083,-0.058,
0.016,0,0.178,-0.109,
0.035,0.019,0.25,-0.159,
0.044,0.007,0.284,-0.098,
0.008,0,0.394,-0.145,
0.016,0,0.195,-0.212,
0.011,0.004,0.21,-0.115,
0.02,0,0.413,-0.129,
0.017,0,0.265,-0.206,
0.026,0,0.256,-0.185,
0.019,0.007,0.182,-0.089,
0.023,0.003,0.169,-0.111,
0.056,0.014,0.315,-0.068,
0.023,0.007,0.258,-0.116,
0.01,0.003,0.139,-0.132,
0.028,0.013,0.346,-0.341,
0.024,0.011,0.384,-0.176,
0.035,0,0.368,-0.089,
0.009,0,0.202,-0.132,
0.031,0.008,0.178,-0.087,
0.042,0.004,0.398,-0.193,
0.009,0.004,0.238,-0.089,
0.007,0,0.148,-0.099,
0.026,0,0.334,-0.185,
0.03,0.017,0.181,-0.112,
0.046,0.041,0.15,-0.045,
0.037,0.024,0.167,-0.046,
0.038,0.013,0.365,-0.099,
0.011,0,0.199,-0.15,
-0.001,0,0.396,-0.379,
0.021,0,0.182,-0.156,
0.009,0,0.233,-0.057,
0.003,0,0.11,-0.123,
0.025,0,0.408,-0.104,
0.02,0,0.256,-0.143,
0.033,0,0.22,-0.051,
0.019,0.005,0.176,-0.081,
0.04,0.002,0.296,-0.296,
0.047,0.035,0.254,-0.06,
0.064,0.001,0.436,-0.158,
0.01,0.001,0.139,-0.19,
-0.004,0,0.383,-0.354,
0.076,0.034,0.382,-0.06,
0.018,0.004,0.128,-0.168,
0.025,0.002,0.346,-0.132,
0.016,0.004,0.236,-0.168,
0.023,0.001,0.286,-0.205,
0.021,0,0.167,-0.126,
0.008,0.005,0.237,-0.389,
0.008,0,0.256,-0.22,
0.02,0,0.243,-0.051,
0.029,0.01,0.199,-0.088,
0.017,0,0.28,-0.053,
0.027,0.006,0.168,-0.134,
0,0,0.01,-0.016,
0.048,0.037,0.249,-0.034,
0.056,0.01,0.314,-0.19,
0.009,0.003,0.121,-0.207,
0.034,0.011,0.271,-0.135,
-0.005,0,0.13,-0.232,
0.037,0,0.477,-0.094,
0.011,0,0.293,-0.222,
-0,-0.001,0.235,-0.103,
0.03,0.007,0.229,-0.094,
0.036,0.004,0.272,-0.259,
0.041,0.015,0.269,-0.047,
0.01,0.005,0.234,-0.149,
0.053,0.027,0.284,-0.135,
0.01,0.004,0.116,-0.13,
0.036,0.018,0.198,-0.08,
-0.002,0,0.048,-0.134,
0.031,0.012,0.163,-0.105,
0.008,0,0.307,-0.182,
0.055,0.012,0.399,-0.203,
0.021,0,0.383,-0.2,
0.004,0,0.144,-0.182,
0.016,0,0.248,-0.126,
0.03,0,0.464,-0.21,
0.025,0.007,0.415,-0.138,
0.049,0.007,0.377,-0.174,
0.024,0,0.324,-0.103,
0.055,0,0.38,-0.098,
0.02,0.001,0.243,-0.028,
0.025,0.013,0.151,-0.101,
0.024,0.024,0.24,-0.217,
0.015,0.003,0.148,-0.11,
0.019,0.011,0.184,-0.1,
0.018,0.009,0.159,-0.058,
0.045,0.028,0.3,-0.311,
0.021,0.004,0.169,-0.133,
0.021,0,0.303,-0.176,
0.058,0.005,0.37,-0.063,
0.017,0.011,0.174,-0.233,
0.012,0.004,0.099,-0.089,
0.005,0,0.218,-0.223,
0.019,0.005,0.378,-0.117,
0.003,0,0.122,-0.108,
0.048,0.029,0.27,-0.141,
0.02,0.004,0.241,-0.129,
0.005,0,0.08,-0.082,
0.049,0.048,0.239,-0.113,
0.002,0,0.21,-0.141,
0.016,0.002,0.354,-0.09,
0.049,0,0.457,-0.176,
0.056,0.032,0.365,-0.165,
0.038,0.015,0.33,-0.216,
0.018,0.007,0.24,-0.136,
0.024,0,0.394,-0.056,
-0.002,0,0.123,-0.282,
0.044,0.005,0.279,-0.089,
0.01,0,0.436,-0.242,
0.014,0,0.4,-0.281,
0.045,0.006,0.486,-0.163,
0.031,0,0.418,-0.255,
0.001,0.002,0.166,-0.385,
0.009,0,0.168,-0.153,
0.009,0,0.319,-0.289,
0.001,0,0.145,-0.25,
0.031,0.007,0.211,-0.105,
0.07,0.066,0.285,-0.159,
0.024,0.006,0.22,-0.138,
0.063,0.033,0.305,-0.192,
0.061,0.038,0.236,-0.134,
0.046,0.053,0.281,-0.228,
-0.011,0,0.202,-0.231,
0.003,0,0.269,-0.152,
0.009,0,0.312,-0.165,
0.007,0,0.232,-0.198,
0.062,0.054,0.222,-0.084,
0.049,0,0.601,-0.238,
0.055,0.029,0.339,-0.097,
0.018,0.005,0.202,-0.115,
0.039,0.022,0.253,-0.124,
0.004,0.003,0.217,-0.186,
0.044,0,0.527,-0.201,
0.009,0,0.144,-0.067,
-0.013,0,0.196,-0.195,
0.01,0,0.445,-0.227,
0.055,0.036,0.28,-0.115,
0.025,0,0.495,-0.012,
0.021,0.005,0.199,-0.184,
0.011,0,0.199,-0.213,
0.009,0,0.077,-0.112,
0.011,0,0.426,-0.204,
0.03,0.008,0.212,-0.214,
0.053,0.005,0.325,-0.177,




Further Data analysis of all test cases 
avg med max min 
AVGs,0.009,0.006,0.08,-0.015,
MEDs,0.003,0,0.09,-0.012,
MAXs,0.149,0.138,0.498,0.01,
MINs,-0.114,-0.105,-0.01,-0.466,


AVGs,-0.005,-0.003,0.027,-0.054,
MEDs,-0.001,0,0.021,-0.053,
MAXs,0.109,0.1,0.456,0,
MINs,-0.128,-0.119,0,-0.484,


AVGs,0.03,0.025,0.158,-0.013,
MEDs,0.012,0.004,0.155,-0.001,
MAXs,0.236,0.235,0.601,0.01,
MINs,-0.101,-0.087,0,-0.475,



