0.001,0.979,0.0,0.02,
0.0,0.98,0.0,0.02,
0.0,0.98,0.0,0.02,
0.0,0.98,0.0,0.02,
0.0,0.98,0.0,0.02,
0.0,0.98,0.0,0.02,
0.0,0.98,0.0,0.02,
0.0,0.98,0.0,0.02,
0.0,0.98,0.0,0.02,
0.064,0.916,0.0,0.02,
0.0,0.98,0.0,0.02,
0.0,0.98,0.0,0.02,
0.0,0.98,0.0,0.02,
0.071,0.909,0.0,0.02,
0.0,0.98,0.0,0.02,
0.0,0.98,0.0,0.02,
0.05,0.93,0.0,0.02,
0.054,0.926,0.0,0.02,
0.05,0.93,0.0,0.02,
0.0,0.98,0.0,0.02,
0.0,0.98,0.0,0.02,
0.027,0.953,0.0,0.02,
0.071,0.909,0.0,0.02,
0.0,0.98,0.0,0.02,
0.0,0.98,0.0,0.02,
0.0,0.98,0.0,0.02,
0.0,0.98,0.0,0.02,
0.0,0.98,0.0,0.02,
0.0,0.98,0.0,0.02,
0.008,0.972,0.0,0.02,
0.045,0.935,0.0,0.02,
0.0,0.98,0.0,0.02,
0.001,0.979,0.0,0.02,
0.0,0.98,0.0,0.02,
0.0,0.98,0.0,0.02,
0.0,0.98,0.0,0.02,
0.0,0.98,0.0,0.02,
0.0,0.98,0.0,0.02,
0.0,0.98,0.0,0.02,
0.0,0.98,0.0,0.02,
0.0,0.98,0.0,0.02,
0.0,0.98,0.0,0.02,
0.0,0.98,0.0,0.02,
0.057,0.923,0.0,0.02,
0.001,0.979,0.0,0.02,
0.0,0.98,0.0,0.02,
0.0,0.98,0.0,0.02,
0.009,0.971,0.0,0.02,
0.0,0.98,0.0,0.02,
0.06,0.92,0.0,0.02,
0.0,0.98,0.0,0.02,
0.0,0.98,0.0,0.02,
0.0,0.98,0.0,0.02,
0.043,0.937,0.0,0.02,
0.0,0.98,0.0,0.02,
0.017,0.963,0.0,0.02,
0.086,0.894,0.0,0.02,
0.0,0.98,0.0,0.02,
0.0,0.98,0.0,0.02,
0.0,0.98,0.0,0.02,
0.0,0.98,0.0,0.02,
0.0,0.98,0.0,0.02,
0.001,0.979,0.0,0.02,
0.0,0.98,0.0,0.02,
0.0,0.98,0.0,0.02,
0.0,0.98,0.0,0.02,
0.132,0.848,0.0,0.02,
0.0,0.98,0.0,0.02,
0.063,0.917,0.0,0.02,
0.039,0.941,0.0,0.02,
0.005,0.975,0.0,0.02,
0.0,0.98,0.0,0.02,
0.0,0.98,0.0,0.02,
0.0,0.98,0.0,0.02,
0.0,0.98,0.0,0.02,
0.003,0.977,0.0,0.02,
0.0,0.98,0.0,0.02,
0.0,0.98,0.0,0.02,
0.0,0.98,0.0,0.02,
0.004,0.976,0.0,0.02,
0.0,0.98,0.0,0.02,
0.045,0.935,0.0,0.02,
0.095,0.885,0.0,0.02,
0.0,0.98,0.0,0.02,
0.0,0.98,0.0,0.02,
0.0,0.98,0.0,0.02,
0.011,0.969,0.0,0.02,
0.0,0.98,0.0,0.02,
0.001,0.979,0.0,0.02,
0.001,0.979,0.0,0.02,
0.036,0.944,0.0,0.02,
0.0,0.98,0.0,0.02,
0.0,0.98,0.0,0.02,
0.018,0.962,0.0,0.02,
0.111,0.869,0.0,0.02,
0.105,0.875,0.0,0.02,
0.0,0.98,0.0,0.02,
0.0,0.98,0.0,0.02,
0.0,0.98,0.0,0.02,
0.0,0.98,0.0,0.02,
0.0,0.98,0.0,0.02,
0.0,0.98,0.0,0.02,
0.001,0.979,0.0,0.02,
0.0,0.98,0.0,0.02,
0.037,0.943,0.0,0.02,
0.0,0.98,0.0,0.02,
0.0,0.98,0.0,0.02,
0.0,0.98,0.0,0.02,
0.05,0.93,0.0,0.02,
0.0,0.98,0.0,0.02,
0.124,0.856,0.0,0.02,
0.0,0.98,0.0,0.02,
0.0,0.98,0.0,0.02,
0.002,0.978,0.0,0.02,
0.0,0.98,0.0,0.02,
0.0,0.98,0.0,0.02,
0.0,0.98,0.0,0.02,
0.0,0.98,0.0,0.02,
0.0,0.98,0.0,0.02,
0.0,0.98,0.0,0.02,
0.0,0.98,0.0,0.02,
0.017,0.963,0.0,0.02,
0.0,0.98,0.0,0.02,
0.056,0.924,0.0,0.02,
0.0,0.98,0.0,0.02,
0.029,0.951,0.0,0.02,
0.0,0.98,0.0,0.02,
0.0,0.98,0.0,0.02,
0.0,0.98,0.0,0.02,
0.0,0.98,0.0,0.02,
0.0,0.98,0.0,0.02,
0.004,0.976,0.0,0.02,
0.0,0.98,0.0,0.02,
0.0,0.98,0.0,0.02,
0.0,0.98,0.0,0.02,
0.0,0.98,0.0,0.02,
0.0,0.98,0.0,0.02,
0.0,0.98,0.0,0.02,
0.092,0.888,0.0,0.02,
0.0,0.98,0.0,0.02,
0.031,0.949,0.0,0.02,
0.0,0.98,0.0,0.02,
0.0,0.98,0.0,0.02,
0.0,0.98,0.0,0.02,
0.0,0.98,0.0,0.02,
0.0,0.98,0.0,0.02,
0.001,0.979,0.0,0.02,
0.0,0.98,0.0,0.02,
0.0,0.98,0.0,0.02,
0.058,0.922,0.0,0.02,
0.0,0.98,0.0,0.02,
0.001,0.979,0.0,0.02,
0.0,0.98,0.0,0.02,
0.0,0.98,0.0,0.02,
0.0,0.98,0.0,0.02,
0.0,0.98,0.0,0.02,
0.0,0.98,0.0,0.02,
0.0,0.98,0.0,0.02,
0.0,0.98,0.0,0.02,
0.248,0.732,0.0,0.02,
0.0,0.98,0.0,0.02,
0.029,0.951,0.0,0.02,
0.0,0.98,0.0,0.02,
0.0,0.98,0.0,0.02,
0.0,0.98,0.0,0.02,
0.079,0.901,0.0,0.02,
0.0,0.98,0.0,0.02,
0.0,0.98,0.0,0.02,
0.06,0.92,0.0,0.02,
0.0,0.98,0.0,0.02,
0.0,0.98,0.0,0.02,
0.0,0.98,0.0,0.02,
0.0,0.98,0.0,0.02,
0.072,0.907,0.0,0.02,
0.0,0.98,0.0,0.02,
0.0,0.98,0.0,0.02,
0.0,0.98,0.0,0.02,
0.0,0.98,0.0,0.02,
0.0,0.98,0.0,0.02,
0.0,0.98,0.0,0.02,
0.001,0.979,0.0,0.02,
0.0,0.98,0.0,0.02,
0.0,0.98,0.0,0.02,
0.04,0.94,0.0,0.02,
0.0,0.98,0.0,0.02,
0.0,0.98,0.0,0.02,
0.0,0.98,0.0,0.02,
0.017,0.963,0.0,0.02,
0.069,0.911,0.0,0.02,
0.0,0.98,0.0,0.02,
0.062,0.918,0.0,0.02,
0.0,0.98,0.0,0.02,
0.0,0.98,0.0,0.02,
0.0,0.98,0.0,0.02,
0.0,0.98,0.0,0.02,
0.052,0.928,0.0,0.02,
0.0,0.98,0.0,0.02,
0.0,0.98,0.0,0.02,
0.0,0.98,0.0,0.02,
0.071,0.909,0.0,0.02,
0.0,0.98,0.0,0.02,
0.0,0.98,0.0,0.02,
0.178,0.802,0.0,0.02,
0.0,0.98,0.0,0.02,
0.0,0.98,0.0,0.02,
0.004,0.976,0.0,0.02,
0.0,0.98,0.0,0.02,
0.016,0.964,0.0,0.02,
0.0,0.98,0.0,0.02,
0.0,0.98,0.0,0.02,
0.0,0.98,0.0,0.02,
0.0,0.98,0.0,0.02,
0.0,0.98,0.0,0.02,
0.0,0.98,0.0,0.02,
0.0,0.98,0.0,0.02,
0.0,0.98,0.0,0.02,
0.019,0.961,0.0,0.02,
0.068,0.912,0.0,0.02,
0.007,0.973,0.0,0.02,
0.097,0.883,0.0,0.02,
0.0,0.98,0.0,0.02,
0.001,0.979,0.0,0.02,
0.0,0.98,0.0,0.02,
0.001,0.979,0.0,0.02,
0.0,0.98,0.0,0.02,
0.0,0.98,0.0,0.02,
0.0,0.98,0.0,0.02,
0.117,0.863,0.0,0.02,
0.0,0.98,0.0,0.02,
0.0,0.98,0.0,0.02,
0.0,0.98,0.0,0.02,
0.0,0.98,0.0,0.02,
0.0,0.98,0.0,0.02,
0.02,0.96,0.0,0.02,
0.002,0.978,0.0,0.02,
0.0,0.98,0.0,0.02,
0.0,0.98,0.0,0.02,
0.0,0.98,0.0,0.02,
0.0,0.98,0.0,0.02,
0.016,0.964,0.0,0.02,
0.0,0.98,0.0,0.02,
0.092,0.887,0.0,0.02,
0.014,0.966,0.0,0.02,
0.0,0.98,0.0,0.02,
0.0,0.98,0.0,0.02,
0.001,0.979,0.0,0.02,
0.156,0.824,0.0,0.02,
0.0,0.98,0.0,0.02,
0.0,0.98,0.0,0.02,
0.002,0.978,0.0,0.02,
0.0,0.98,0.0,0.02,
0.0,0.98,0.0,0.02,
0.054,0.926,0.0,0.02,
0.001,0.979,0.0,0.02,
0.0,0.98,0.0,0.02,
0.0,0.98,0.0,0.02,
0.002,0.978,0.0,0.02,
0.0,0.98,0.0,0.02,
0.0,0.98,0.0,0.02,
0.0,0.98,0.0,0.02,
0.0,0.98,0.0,0.02,
0.0,0.98,0.0,0.02,
0.0,0.98,0.0,0.02,
0.0,0.98,0.0,0.02,
0.0,0.98,0.0,0.02,
0.019,0.961,0.0,0.02,
0.0,0.98,0.0,0.02,
0.0,0.98,0.0,0.02,
0.08,0.9,0.0,0.02,
0.231,0.749,0.0,0.02,
0.14,0.84,0.0,0.02,
0.194,0.786,0.0,0.02,
0.119,0.861,0.0,0.02,
0.195,0.785,0.0,0.02,
0.18,0.8,0.0,0.02,
0.142,0.838,0.0,0.02,
0.232,0.748,0.0,0.02,
0.146,0.834,0.0,0.02,
0.119,0.861,0.0,0.02,
0.139,0.841,0.0,0.02,
0.146,0.834,0.0,0.02,
0.165,0.815,0.0,0.02,
0.16,0.82,0.0,0.02,
0.182,0.798,0.0,0.02,
0.175,0.805,0.0,0.02,
0.204,0.776,0.0,0.02,
0.251,0.729,0.0,0.02,
0.191,0.789,0.0,0.02,
0.03,0.95,0.0,0.02,
0.126,0.854,0.0,0.02,
0.118,0.862,0.0,0.02,
0.166,0.814,0.0,0.02,
0.2,0.78,0.0,0.02,
0.14,0.841,0.0,0.02,
0.233,0.747,0.0,0.02,
0.191,0.789,0.0,0.02,
0.182,0.798,0.0,0.02,
0.166,0.814,0.0,0.02,
0.094,0.886,0.0,0.02,
0.113,0.867,0.0,0.02,
0.157,0.823,0.0,0.02,
0.096,0.884,0.0,0.02,
0.201,0.779,0.0,0.02,
0.047,0.933,0.0,0.02,
0.163,0.817,0.0,0.02,
0.176,0.804,0.0,0.02,
0.178,0.802,0.0,0.02,
0.195,0.785,0.0,0.02,
0.186,0.794,0.0,0.02,
0.281,0.699,0.0,0.02,
0.17,0.81,0.0,0.02,
0.124,0.856,0.0,0.02,
0.235,0.745,0.0,0.02,
0.086,0.894,0.0,0.02,
0.142,0.838,0.0,0.02,
0.131,0.849,0.0,0.02,
0.051,0.929,0.0,0.02,
0.169,0.811,0.0,0.02,
0.0,0.98,0.0,0.02,
0.158,0.822,0.0,0.02,
0.245,0.735,0.0,0.02,
0.21,0.77,0.0,0.02,
0.128,0.852,0.0,0.02,
0.175,0.805,0.0,0.02,
0.239,0.741,0.0,0.02,
0.025,0.955,0.0,0.02,
0.107,0.873,0.0,0.02,
0.126,0.854,0.0,0.02,
0.171,0.809,0.0,0.02,
0.15,0.83,0.0,0.02,
0.063,0.917,0.0,0.02,
0.139,0.842,0.0,0.02,
0.017,0.963,0.0,0.02,
0.102,0.877,0.0,0.02,
0.061,0.919,0.0,0.02,
0.102,0.878,0.0,0.02,
0.175,0.805,0.0,0.02,
0.199,0.781,0.0,0.02,
0.144,0.836,0.0,0.02,
0.18,0.8,0.0,0.02,
0.193,0.787,0.0,0.02,
0.147,0.833,0.0,0.02,
0.001,0.979,0.0,0.02,
0.187,0.793,0.0,0.02,
0.196,0.784,0.0,0.02,
0.128,0.852,0.0,0.02,
0.169,0.811,0.0,0.02,
0.146,0.834,0.0,0.02,
0.114,0.866,0.0,0.02,
0.124,0.856,0.0,0.02,
0.177,0.803,0.0,0.02,
0.012,0.968,0.0,0.02,
0.319,0.661,0.0,0.02,
0.121,0.859,0.0,0.02,
0.187,0.793,0.0,0.02,
0.144,0.836,0.0,0.02,
0.184,0.796,0.0,0.02,
0.119,0.861,0.0,0.02,
0.228,0.752,0.0,0.02,
0.109,0.871,0.0,0.02,
0.148,0.832,0.0,0.02,
0.104,0.876,0.0,0.02,
0.185,0.795,0.0,0.02,
0.071,0.909,0.0,0.02,
0.097,0.883,0.0,0.02,
0.144,0.836,0.0,0.02,
0.001,0.979,0.0,0.02,
0.188,0.792,0.0,0.02,
0.228,0.752,0.0,0.02,
0.142,0.838,0.0,0.02,
0.023,0.957,0.0,0.02,
0.142,0.838,0.0,0.02,
0.142,0.838,0.0,0.02,
0.153,0.827,0.0,0.02,
0.013,0.967,0.0,0.02,
0.069,0.911,0.0,0.02,
0.135,0.845,0.0,0.02,
0.043,0.937,0.0,0.02,
0.172,0.808,0.0,0.02,
0.018,0.962,0.0,0.02,
0.198,0.782,0.0,0.02,
0.123,0.857,0.0,0.02,
0.194,0.786,0.0,0.02,
0.148,0.832,0.0,0.02,
0.068,0.912,0.0,0.02,
0.0,0.98,0.0,0.02,
0.13,0.85,0.0,0.02,
0.146,0.834,0.0,0.02,
0.171,0.809,0.0,0.02,
0.084,0.896,0.0,0.02,
0.48,0.5,0.0,0.02,
0.166,0.814,0.0,0.02,
0.126,0.854,0.0,0.02,
0.127,0.853,0.0,0.02,
0.023,0.957,0.0,0.02,
0.199,0.781,0.0,0.02,
0.286,0.694,0.0,0.02,
0.207,0.773,0.0,0.02,
0.138,0.842,0.0,0.02,
0.12,0.86,0.0,0.02,
0.082,0.898,0.0,0.02,
0.213,0.767,0.0,0.02,
0.163,0.817,0.0,0.02,
0.041,0.939,0.0,0.02,
0.196,0.784,0.0,0.02,
0.015,0.965,0.0,0.02,
0.046,0.934,0.0,0.02,
0.152,0.828,0.0,0.02,
0.186,0.794,0.0,0.02,
0.141,0.839,0.0,0.02,
0.075,0.905,0.0,0.02,
0.202,0.778,0.0,0.02,
0.162,0.818,0.0,0.02,
0.18,0.8,0.0,0.02,
0.162,0.818,0.0,0.02,
0.189,0.791,0.0,0.02,
0.103,0.877,0.0,0.02,
0.228,0.752,0.0,0.02,
0.144,0.836,0.0,0.02,
0.114,0.866,0.0,0.02,
0.163,0.817,0.0,0.02,
0.314,0.666,0.0,0.02,
0.166,0.814,0.0,0.02,
0.037,0.943,0.0,0.02,
0.083,0.897,0.0,0.02,
0.186,0.794,0.0,0.02,
0.156,0.824,0.0,0.02,
0.145,0.835,0.0,0.02,
0.01,0.97,0.0,0.02,
0.247,0.733,0.0,0.02,
0.125,0.855,0.0,0.02,
0.149,0.831,0.0,0.02,
0.155,0.825,0.0,0.02,
0.149,0.831,0.0,0.02,
0.114,0.866,0.0,0.02,
0.152,0.828,0.0,0.02,
0.17,0.81,0.0,0.02,
0.159,0.821,0.0,0.02,
0.18,0.8,0.0,0.02,
0.024,0.956,0.0,0.02,
0.164,0.816,0.0,0.02,
0.14,0.841,0.0,0.02,
0.105,0.875,0.0,0.02,
0.104,0.876,0.0,0.02,
0.166,0.814,0.0,0.02,
0.183,0.796,0.0,0.02,
0.15,0.83,0.0,0.02,
0.127,0.853,0.0,0.02,
0.086,0.894,0.0,0.02,
0.119,0.861,0.0,0.02,
0.161,0.819,0.0,0.02,
0.162,0.818,0.0,0.02,
0.14,0.84,0.0,0.02,
0.13,0.85,0.0,0.02,
0.147,0.833,0.0,0.02,
0.188,0.792,0.0,0.02,
0.165,0.815,0.0,0.02,
0.193,0.787,0.0,0.02,
0.16,0.82,0.0,0.02,
0.016,0.964,0.0,0.02,
0.0,0.98,0.0,0.02,
0.0,0.98,0.0,0.02,
0.001,0.979,0.0,0.02,
0.0,0.98,0.0,0.02,
0.0,0.98,0.0,0.02,
0.0,0.98,0.0,0.02,
0.0,0.98,0.0,0.02,
0.0,0.98,0.0,0.02,
0.0,0.98,0.0,0.02,
0.0,0.98,0.0,0.02,
0.0,0.98,0.0,0.02,
0.0,0.98,0.0,0.02,
0.001,0.979,0.0,0.02,
0.0,0.98,0.0,0.02,
0.0,0.98,0.0,0.02,
0.003,0.977,0.0,0.02,
0.223,0.757,0.0,0.02,
0.0,0.98,0.0,0.02,
0.162,0.818,0.0,0.02,
0.058,0.922,0.0,0.02,
0.145,0.835,0.0,0.02,
0.006,0.974,0.0,0.02,
0.163,0.817,0.0,0.02,
0.189,0.791,0.0,0.02,
0.0,0.98,0.0,0.02,
0.0,0.98,0.0,0.02,
0.0,0.98,0.0,0.02,
0.0,0.98,0.0,0.02,
0.0,0.98,0.0,0.02,
0.0,0.98,0.0,0.02,
0.075,0.905,0.0,0.02,
0.0,0.98,0.0,0.02,
0.148,0.832,0.0,0.02,
0.087,0.893,0.0,0.02,
0.176,0.804,0.0,0.02,
0.215,0.765,0.0,0.02,
0.16,0.82,0.0,0.02,
0.175,0.805,0.0,0.02,
0.22,0.76,0.0,0.02,
0.164,0.816,0.0,0.02,

0.069,0.911,0.0,0.02,1326.0,
0.022,0.957,0.001,0.02,1598.0,
0.052,0.927,0.001,0.02,827.0,
0.09,0.889,0.001,0.02,1448.0,
0.025,0.954,0.001,0.02,1098.0,
0.0,0.98,0.0,0.02,2042.0,
0.003,0.976,0.001,0.02,1490.0,
0.028,0.952,0.0,0.02,1511.0,
0.028,0.952,0.001,0.02,1297.0,
0.292,0.688,0.0,0.02,747.0,
0.082,0.898,0.0,0.02,999.0,
0.157,0.823,0.0,0.02,999.0,
0.008,0.972,0.0,0.02,1541.0,
0.581,0.399,0.0,0.02,470.0,
0.006,0.974,0.0,0.02,1801.0,
0.0,0.98,0.0,0.02,1890.0,
0.614,0.366,0.0,0.02,560.0,
0.157,0.823,0.0,0.02,895.0,
0.328,0.651,0.001,0.02,822.0,
0.332,0.648,0.0,0.02,900.0,
0.108,0.872,0.001,0.02,1079.0,
0.414,0.566,0.0,0.02,700.0,
0.27,0.709,0.001,0.02,750.0,
0.205,0.775,0.0,0.02,1200.0,
0.002,0.977,0.001,0.02,1354.0,
0.053,0.927,0.0,0.02,1670.0,
0.016,0.964,0.0,0.02,1465.0,
0.122,0.858,0.0,0.02,1357.0,
0.033,0.947,0.0,0.02,1049.0,
0.306,0.674,0.0,0.02,742.0,
0.488,0.492,0.0,0.02,487.0,
0.009,0.969,0.002,0.02,1332.0,
0.122,0.856,0.001,0.02,1063.0,
0.018,0.962,0.0,0.02,1935.0,
0.117,0.863,0.0,0.02,1649.0,
0.0,0.98,0.0,0.02,1897.0,
0.005,0.975,0.0,0.02,1430.0,
0.007,0.973,0.0,0.02,1848.0,
0.021,0.959,0.0,0.02,1546.0,
0.0,0.98,0.0,0.02,1830.0,
0.002,0.978,0.0,0.02,1494.0,
0.222,0.757,0.001,0.02,811.0,
0.004,0.976,0.0,0.02,1991.0,
0.256,0.724,0.0,0.02,798.0,
0.369,0.611,0.0,0.02,684.0,
0.015,0.965,0.0,0.02,1919.0,
0.075,0.905,0.0,0.02,965.0,
0.316,0.663,0.001,0.02,834.0,
0.004,0.976,0.0,0.02,2029.0,
0.419,0.561,0.0,0.02,599.0,
0.255,0.725,0.0,0.02,1100.0,
0.034,0.946,0.0,0.02,1249.0,
0.008,0.972,0.0,0.02,1599.0,
0.369,0.611,0.0,0.02,797.0,
0.004,0.976,0.0,0.02,1380.0,
0.21,0.77,0.0,0.02,819.0,
0.531,0.449,0.0,0.02,500.0,
0.017,0.962,0.001,0.02,1349.0,
0.094,0.886,0.001,0.02,1007.0,
0.009,0.97,0.001,0.02,1629.0,
0.016,0.964,0.0,0.02,1610.0,
0.047,0.933,0.0,0.02,1812.0,
0.066,0.914,0.0,0.02,1445.0,
0.041,0.939,0.0,0.02,1268.0,
0.0,0.98,0.0,0.02,2239.0,
0.002,0.978,0.0,0.02,1853.0,
0.448,0.532,0.0,0.02,444.0,
0.026,0.954,0.0,0.02,1071.0,
0.568,0.411,0.002,0.02,467.0,
0.258,0.722,0.0,0.02,702.0,
0.314,0.666,0.0,0.02,750.0,
0.141,0.839,0.0,0.02,1192.0,
0.106,0.874,0.0,0.02,1337.0,
0.009,0.971,0.001,0.02,1661.0,
0.302,0.678,0.0,0.02,1000.0,
0.092,0.888,0.0,0.02,950.0,
0.036,0.944,0.0,0.02,1444.0,
0.024,0.955,0.001,0.02,1598.0,
0.008,0.972,0.0,0.02,1705.0,
0.071,0.908,0.001,0.02,1031.0,
0.0,0.98,0.0,0.02,1838.0,
0.323,0.657,0.0,0.02,649.0,
0.485,0.495,0.0,0.02,571.0,
0.079,0.9,0.001,0.02,1068.0,
0.03,0.95,0.0,0.02,2056.0,
0.141,0.839,0.0,0.02,1015.0,
0.271,0.707,0.002,0.02,761.0,
0.032,0.948,0.0,0.02,1079.0,
0.524,0.455,0.001,0.02,657.0,
0.114,0.866,0.0,0.02,1260.0,
0.316,0.664,0.0,0.02,600.0,
0.004,0.976,0.0,0.02,1848.0,
0.004,0.975,0.0,0.02,2000.0,
0.046,0.934,0.0,0.02,1042.0,
0.938,0.042,0.0,0.02,300.0,
0.464,0.515,0.001,0.02,650.0,
0.0,0.98,0.0,0.02,1848.0,
0.148,0.832,0.0,0.02,1278.0,
0.046,0.934,0.0,0.02,1095.0,
0.094,0.886,0.001,0.02,1379.0,
0.0,0.98,0.0,0.02,2232.0,
0.011,0.969,0.0,0.02,1578.0,
0.13,0.85,0.001,0.02,1071.0,
0.038,0.942,0.0,0.02,1497.0,
0.235,0.742,0.003,0.02,965.0,
0.154,0.826,0.0,0.02,1061.0,
0.173,0.807,0.0,0.02,1054.0,
0.177,0.803,0.0,0.02,833.0,
0.241,0.739,0.0,0.02,664.0,
0.0,0.979,0.001,0.02,1742.0,
0.86,0.12,0.0,0.02,351.0,
0.11,0.87,0.0,0.02,1115.0,
0.0,0.98,0.0,0.02,1724.0,
0.255,0.725,0.0,0.02,879.0,
0.0,0.98,0.0,0.02,2131.0,
0.0,0.98,0.0,0.02,1904.0,
0.058,0.922,0.0,0.02,1498.0,
0.137,0.842,0.001,0.02,1228.0,
0.044,0.936,0.0,0.02,1096.0,
0.038,0.942,0.0,0.02,1895.0,
0.095,0.885,0.0,0.02,1549.0,
0.403,0.577,0.0,0.02,697.0,
0.176,0.803,0.001,0.02,873.0,
0.409,0.571,0.0,0.02,650.0,
0.1,0.88,0.0,0.02,1149.0,
0.549,0.431,0.0,0.02,763.0,
0.027,0.953,0.001,0.02,1714.0,
0.001,0.979,0.0,0.02,1926.0,
0.001,0.979,0.0,0.02,1921.0,
0.011,0.968,0.001,0.02,1223.0,
0.012,0.968,0.0,0.02,1276.0,
0.274,0.705,0.001,0.02,999.0,
0.005,0.974,0.001,0.02,1198.0,
0.014,0.965,0.001,0.02,1100.0,
0.0,0.98,0.0,0.02,2245.0,
0.0,0.98,0.0,0.02,1774.0,
0.13,0.85,0.0,0.02,1398.0,
0.016,0.964,0.0,0.02,1299.0,
0.453,0.527,0.0,0.02,627.0,
0.039,0.941,0.0,0.02,1398.0,
0.177,0.802,0.001,0.02,798.0,
0.001,0.979,0.0,0.02,1899.0,
0.014,0.966,0.0,0.02,1477.0,
0.049,0.931,0.0,0.02,1699.0,
0.338,0.642,0.0,0.02,800.0,
0.004,0.976,0.0,0.02,1541.0,
0.134,0.846,0.0,0.02,1138.0,
0.023,0.957,0.0,0.02,1223.0,
0.103,0.877,0.0,0.02,1212.0,
0.361,0.618,0.001,0.02,700.0,
0.115,0.865,0.0,0.02,1399.0,
0.172,0.808,0.0,0.02,1149.0,
0.527,0.453,0.0,0.02,557.0,
0.181,0.799,0.0,0.02,1065.0,
0.001,0.978,0.001,0.02,2216.0,
0.219,0.761,0.0,0.02,950.0,
0.0,0.98,0.0,0.02,1687.0,
0.031,0.949,0.0,0.02,1595.0,
0.0,0.98,0.0,0.02,1664.0,
0.483,0.495,0.002,0.02,499.0,
0.031,0.948,0.001,0.02,1366.0,
0.399,0.58,0.001,0.02,696.0,
0.012,0.968,0.0,0.02,1403.0,
0.128,0.852,0.001,0.02,1049.0,
0.175,0.805,0.0,0.02,850.0,
0.293,0.687,0.0,0.02,745.0,
0.025,0.955,0.0,0.02,1542.0,
0.001,0.979,0.0,0.02,1768.0,
0.362,0.618,0.0,0.02,750.0,
0.083,0.897,0.0,0.02,1366.0,
0.039,0.941,0.0,0.02,1288.0,
0.0,0.98,0.0,0.02,1927.0,
0.052,0.928,0.0,0.02,966.0,
0.393,0.588,0.0,0.02,635.0,
0.003,0.977,0.0,0.02,1740.0,
0.159,0.821,0.0,0.02,949.0,
0.088,0.892,0.0,0.02,954.0,
0.009,0.971,0.0,0.02,1687.0,
0.003,0.977,0.0,0.02,1649.0,
0.071,0.909,0.0,0.02,1340.0,
0.258,0.719,0.003,0.02,800.0,
0.019,0.96,0.001,0.02,1613.0,
0.047,0.933,0.0,0.02,1322.0,
0.158,0.822,0.0,0.02,1000.0,
0.075,0.905,0.0,0.02,1112.0,
0.001,0.979,0.0,0.02,2005.0,
0.03,0.95,0.0,0.02,1649.0,
0.234,0.745,0.001,0.02,849.0,
0.702,0.278,0.0,0.02,570.0,
0.001,0.979,0.001,0.02,1574.0,
0.373,0.606,0.001,0.02,765.0,
0.016,0.963,0.001,0.02,1537.0,
0.0,0.98,0.0,0.02,1428.0,
0.043,0.936,0.0,0.02,1559.0,
0.005,0.975,0.0,0.02,1304.0,
0.571,0.409,0.0,0.02,524.0,
0.0,0.98,0.0,0.02,1739.0,
0.003,0.977,0.0,0.02,2021.0,
0.001,0.979,0.0,0.02,1641.0,
0.407,0.573,0.0,0.02,550.0,
0.002,0.978,0.0,0.02,1825.0,
0.065,0.915,0.0,0.02,1148.0,
0.91,0.07,0.0,0.02,350.0,
0.01,0.97,0.0,0.02,1445.0,
0.002,0.978,0.0,0.02,1695.0,
0.148,0.832,0.0,0.02,966.0,
0.156,0.824,0.0,0.02,1076.0,
0.154,0.826,0.0,0.02,1143.0,
0.095,0.884,0.001,0.02,1273.0,
0.071,0.908,0.001,0.02,1264.0,
0.045,0.934,0.001,0.02,1238.0,
0.094,0.885,0.001,0.02,1247.0,
0.102,0.878,0.0,0.02,1100.0,
0.128,0.852,0.0,0.02,1265.0,
0.075,0.905,0.0,0.02,1447.0,
0.0,0.98,0.0,0.02,1999.0,
0.072,0.908,0.0,0.02,1199.0,
0.166,0.814,0.0,0.02,950.0,
0.366,0.613,0.001,0.02,627.0,
0.707,0.273,0.0,0.02,450.0,
0.067,0.912,0.001,0.02,1434.0,
0.053,0.926,0.001,0.02,1112.0,
0.203,0.777,0.0,0.02,1086.0,
0.081,0.899,0.001,0.02,1448.0,
0.025,0.955,0.0,0.02,1483.0,
0.202,0.778,0.0,0.02,896.0,
0.0,0.98,0.0,0.02,1796.0,
0.409,0.571,0.0,0.02,597.0,
0.074,0.905,0.001,0.02,1489.0,
0.064,0.915,0.001,0.02,1181.0,
0.008,0.972,0.001,0.02,1478.0,
0.068,0.912,0.0,0.02,1035.0,
0.004,0.976,0.0,0.02,1598.0,
0.214,0.766,0.0,0.02,992.0,
0.278,0.702,0.0,0.02,766.0,
0.042,0.937,0.001,0.02,1563.0,
0.174,0.806,0.0,0.02,908.0,
0.084,0.896,0.0,0.02,1102.0,
0.0,0.98,0.0,0.02,2470.0,
0.385,0.593,0.002,0.02,639.0,
0.062,0.917,0.001,0.02,1403.0,
0.286,0.694,0.0,0.02,649.0,
0.249,0.731,0.0,0.02,889.0,
0.007,0.973,0.0,0.02,1535.0,
0.108,0.872,0.0,0.02,1303.0,
0.078,0.898,0.003,0.02,1038.0,
0.414,0.566,0.0,0.02,549.0,
0.029,0.95,0.001,0.02,1227.0,
0.213,0.767,0.0,0.02,967.0,
0.094,0.885,0.001,0.02,956.0,
0.27,0.709,0.001,0.02,1099.0,
0.001,0.979,0.0,0.02,1447.0,
0.329,0.651,0.0,0.02,744.0,
0.003,0.977,0.0,0.02,1309.0,
0.246,0.734,0.0,0.02,855.0,
0.283,0.696,0.001,0.02,907.0,
0.158,0.822,0.0,0.02,1026.0,
0.002,0.978,0.0,0.02,1699.0,
0.216,0.764,0.0,0.02,1212.0,
0.125,0.855,0.0,0.02,1271.0,
0.122,0.857,0.001,0.02,874.0,
0.05,0.93,0.0,0.02,1144.0,
0.155,0.825,0.0,0.02,1145.0,
0.042,0.938,0.001,0.02,1351.0,
0.021,0.959,0.0,0.02,1683.0,
0.085,0.895,0.001,0.02,1129.0,
0.093,0.887,0.0,0.02,1179.0,
0.183,0.796,0.001,0.02,1076.0,
0.354,0.626,0.0,0.02,1853.0,
0.487,0.492,0.0,0.02,1422.0,
0.472,0.508,0.0,0.02,1844.0,
0.601,0.379,0.0,0.02,750.0,
0.564,0.416,0.0,0.02,1112.0,
0.624,0.356,0.0,0.02,1000.0,
0.603,0.377,0.0,0.02,763.0,
0.557,0.423,0.0,0.02,1098.0,
0.307,0.673,0.0,0.02,1549.0,
0.561,0.419,0.0,0.02,1113.0,
0.466,0.514,0.0,0.02,876.0,
0.381,0.599,0.0,0.02,1549.0,
0.456,0.524,0.0,0.02,1316.0,
0.394,0.586,0.0,0.02,2000.0,
0.465,0.515,0.0,0.02,1090.0,
0.611,0.369,0.0,0.02,1309.0,
0.681,0.299,0.0,0.02,604.0,
0.433,0.547,0.0,0.02,1178.0,
0.888,0.092,0.0,0.02,493.0,
0.443,0.537,0.0,0.02,1197.0,
0.634,0.346,0.0,0.02,1219.0,
0.449,0.531,0.0,0.02,1680.0,
0.309,0.67,0.0,0.02,1839.0,
0.249,0.731,0.0,0.02,2175.0,
0.47,0.51,0.0,0.02,966.0,
0.44,0.54,0.0,0.02,1815.0,
0.443,0.537,0.0,0.02,1284.0,
0.377,0.603,0.0,0.02,1594.0,
0.434,0.546,0.0,0.02,1247.0,
0.695,0.285,0.0,0.02,552.0,
0.48,0.5,0.0,0.02,1581.0,
0.603,0.377,0.0,0.02,1170.0,
0.538,0.442,0.0,0.02,984.0,
0.275,0.705,0.0,0.02,2392.0,
0.35,0.63,0.0,0.02,1596.0,
0.575,0.405,0.0,0.02,1494.0,
0.477,0.503,0.0,0.02,1208.0,
0.467,0.513,0.0,0.02,863.0,
0.331,0.649,0.0,0.02,1996.0,
0.565,0.415,0.0,0.02,844.0,
0.39,0.59,0.0,0.02,1453.0,
0.643,0.337,0.0,0.02,749.0,
0.424,0.556,0.0,0.02,1851.0,
0.493,0.487,0.0,0.02,1222.0,
0.591,0.389,0.0,0.02,648.0,
0.526,0.454,0.0,0.02,1000.0,
0.52,0.46,0.0,0.02,1062.0,
0.366,0.614,0.0,0.02,1531.0,
0.536,0.444,0.0,0.02,708.0,
0.582,0.398,0.0,0.02,704.0,
0.286,0.694,0.0,0.02,2256.0,
0.472,0.508,0.0,0.02,899.0,
0.53,0.45,0.0,0.02,1110.0,
0.411,0.569,0.0,0.02,1082.0,
0.487,0.493,0.0,0.02,1545.0,
0.548,0.432,0.0,0.02,1325.0,
0.679,0.301,0.0,0.02,574.0,
0.418,0.562,0.0,0.02,1250.0,
0.415,0.565,0.0,0.02,1645.0,
0.469,0.511,0.0,0.02,1347.0,
0.495,0.485,0.0,0.02,1308.0,
0.343,0.637,0.0,0.02,2140.0,
0.827,0.153,0.0,0.02,815.0,
0.312,0.668,0.0,0.02,1764.0,
0.649,0.331,0.0,0.02,909.0,
0.419,0.561,0.0,0.02,1624.0,
0.511,0.469,0.0,0.02,1294.0,
0.577,0.403,0.0,0.02,734.0,
0.753,0.227,0.0,0.02,1274.0,
0.581,0.399,0.0,0.02,867.0,
0.302,0.678,0.0,0.02,1963.0,
0.46,0.52,0.0,0.02,800.0,
0.41,0.57,0.0,0.02,1785.0,
0.809,0.171,0.0,0.02,354.0,
0.392,0.588,0.0,0.02,1988.0,
0.447,0.533,0.0,0.02,1176.0,
0.893,0.087,0.0,0.02,351.0,
0.329,0.651,0.0,0.02,1497.0,
0.676,0.304,0.0,0.02,901.0,
0.452,0.528,0.0,0.02,1411.0,
0.399,0.581,0.0,0.02,1868.0,
0.556,0.424,0.0,0.02,1349.0,
0.71,0.27,0.0,0.02,417.0,
0.47,0.51,0.0,0.02,1000.0,
0.839,0.141,0.0,0.02,625.0,
0.581,0.399,0.0,0.02,1230.0,
0.37,0.61,0.0,0.02,1344.0,
0.503,0.477,0.0,0.02,1549.0,
0.567,0.413,0.0,0.02,814.0,
0.415,0.565,0.0,0.02,1791.0,
0.603,0.377,0.0,0.02,900.0,
0.423,0.557,0.0,0.02,1532.0,
0.394,0.586,0.0,0.02,1614.0,
0.371,0.609,0.0,0.02,1696.0,
0.542,0.438,0.0,0.02,1060.0,
0.575,0.405,0.0,0.02,862.0,
0.393,0.587,0.0,0.02,1698.0,
0.501,0.479,0.0,0.02,1419.0,
0.573,0.407,0.0,0.02,1032.0,
0.436,0.544,0.0,0.02,1730.0,
0.45,0.53,0.0,0.02,1388.0,
0.405,0.575,0.0,0.02,1827.0,
0.517,0.463,0.0,0.02,1318.0,
0.467,0.513,0.0,0.02,1900.0,
0.383,0.597,0.0,0.02,1548.0,
0.53,0.45,0.0,0.02,1629.0,
0.31,0.67,0.0,0.02,1630.0,
0.486,0.494,0.0,0.02,750.0,
0.361,0.619,0.0,0.02,2065.0,
0.398,0.582,0.0,0.02,1081.0,
0.508,0.472,0.0,0.02,800.0,
0.532,0.448,0.0,0.02,898.0,
0.585,0.395,0.0,0.02,1077.0,
0.453,0.527,0.0,0.02,1297.0,
0.612,0.368,0.0,0.02,905.0,
0.419,0.561,0.0,0.02,1803.0,
0.439,0.541,0.0,0.02,1665.0,
0.585,0.395,0.0,0.02,953.0,
0.372,0.608,0.0,0.02,1734.0,
0.615,0.365,0.0,0.02,690.0,
0.566,0.414,0.0,0.02,1097.0,
0.815,0.165,0.0,0.02,598.0,
0.678,0.302,0.0,0.02,419.0,
0.519,0.461,0.0,0.02,680.0,
0.449,0.531,0.0,0.02,2272.0,
0.32,0.66,0.0,0.02,1826.0,
0.514,0.466,0.0,0.02,866.0,
0.456,0.524,0.0,0.02,1394.0,
0.821,0.159,0.0,0.02,814.0,
0.449,0.531,0.0,0.02,1349.0,
0.402,0.578,0.0,0.02,1141.0,
0.381,0.599,0.0,0.02,1569.0,
0.41,0.57,0.0,0.02,1162.0,
0.733,0.247,0.0,0.02,600.0,
0.386,0.594,0.0,0.02,1346.0,
0.486,0.494,0.0,0.02,1782.0,
0.478,0.502,0.0,0.02,1200.0,
0.563,0.417,0.0,0.02,830.0,
0.383,0.598,0.0,0.02,1824.0,
0.403,0.577,0.0,0.02,1942.0,
0.547,0.433,0.0,0.02,750.0,
0.512,0.468,0.0,0.02,1246.0,
0.565,0.415,0.0,0.02,935.0,
0.912,0.068,0.0,0.02,900.0,
0.35,0.63,0.0,0.02,1356.0,
0.614,0.366,0.0,0.02,500.0,
0.381,0.599,0.0,0.02,1566.0,
0.46,0.52,0.0,0.02,898.0,
0.561,0.419,0.0,0.02,643.0,
0.606,0.374,0.0,0.02,500.0,
0.437,0.543,0.0,0.02,2287.0,
0.46,0.52,0.0,0.02,1061.0,
0.524,0.456,0.0,0.02,1548.0,
0.368,0.612,0.0,0.02,1394.0,
0.371,0.609,0.0,0.02,1297.0,
0.553,0.427,0.0,0.02,984.0,
0.761,0.219,0.0,0.02,1059.0,
0.574,0.406,0.0,0.02,1005.0,
0.514,0.466,0.0,0.02,1095.0,
0.302,0.678,0.0,0.02,1598.0,
0.696,0.284,0.0,0.02,550.0,
0.542,0.438,0.0,0.02,726.0,
0.582,0.398,0.0,0.02,1436.0,
0.463,0.517,0.0,0.02,898.0,
0.581,0.399,0.0,0.02,647.0,
0.524,0.456,0.0,0.02,1326.0,
0.417,0.563,0.0,0.02,1297.0,
0.41,0.57,0.0,0.02,1339.0,
0.418,0.562,0.0,0.02,1370.0,
0.433,0.547,0.0,0.02,1772.0,
0.491,0.489,0.0,0.02,1115.0,
0.419,0.561,0.0,0.02,1482.0,
0.452,0.528,0.0,0.02,1120.0,
0.296,0.683,0.0,0.02,1774.0,
0.475,0.505,0.0,0.02,1697.0,
0.478,0.502,0.0,0.02,975.0,
0.704,0.276,0.0,0.02,681.0,
0.42,0.559,0.0,0.02,1723.0,
0.454,0.526,0.0,0.02,1392.0,
0.506,0.474,0.0,0.02,1562.0,
0.42,0.56,0.0,0.02,1190.0,
0.469,0.511,0.0,0.02,1550.0,
0.617,0.363,0.0,0.02,1360.0,
0.752,0.228,0.0,0.02,486.0,
0.544,0.436,0.0,0.02,1065.0,
0.38,0.6,0.0,0.02,1642.0,
0.363,0.617,0.0,0.02,1597.0,
0.552,0.428,0.0,0.02,990.0,
0.567,0.413,0.0,0.02,1722.0,
0.653,0.327,0.0,0.02,716.0,
0.47,0.51,0.0,0.02,1943.0,
0.657,0.323,0.0,0.02,1046.0,
0.001,0.979,0.0,0.02,1741.0,
0.072,0.908,0.0,0.02,1152.0,
0.169,0.81,0.001,0.02,1038.0,
0.0,0.98,0.0,0.02,1653.0,
0.145,0.835,0.0,0.02,911.0,
0.121,0.859,0.001,0.02,1244.0,
0.0,0.98,0.0,0.02,1615.0,
0.0,0.98,0.0,0.02,1861.0,
0.524,0.455,0.001,0.02,649.0,
0.007,0.973,0.0,0.02,1659.0,
0.002,0.977,0.001,0.02,1708.0,
0.025,0.955,0.0,0.02,1080.0,
0.079,0.901,0.0,0.02,1249.0,
0.0,0.98,0.0,0.02,2194.0,
0.101,0.879,0.0,0.02,1063.0,
0.38,0.6,0.0,0.02,748.0,
0.556,0.424,0.0,0.02,698.0,
0.004,0.975,0.001,0.02,1672.0,
0.528,0.452,0.0,0.02,841.0,
0.457,0.523,0.0,0.02,1552.0,
0.362,0.618,0.0,0.02,1866.0,
0.304,0.676,0.0,0.02,2072.0,
0.405,0.575,0.0,0.02,1973.0,
0.483,0.497,0.0,0.02,860.0,
0.046,0.934,0.0,0.02,1317.0,
0.068,0.912,0.0,0.02,1490.0,
0.011,0.969,0.0,0.02,1209.0,
0.136,0.844,0.0,0.02,1200.0,
0.0,0.979,0.001,0.02,1711.0,
0.299,0.681,0.0,0.02,846.0,
0.266,0.714,0.0,0.02,700.0,
0.122,0.858,0.0,0.02,1013.0,
0.514,0.466,0.0,0.02,1100.0,
0.678,0.302,0.0,0.02,1049.0,
0.297,0.683,0.0,0.02,1722.0,
0.527,0.453,0.0,0.02,848.0,
0.326,0.654,0.0,0.02,2003.0,
0.624,0.356,0.0,0.02,811.0,
0.564,0.416,0.0,0.02,649.0,
0.353,0.627,0.0,0.02,1763.0,

0.008,0.972,0.0,0.02,1382.0,
0.002,0.978,0.0,0.02,1653.0,
0.017,0.963,0.0,0.02,900.0,
0.002,0.978,0.0,0.02,1490.0,
0.006,0.974,0.0,0.02,1100.0,
0.0,0.98,0.0,0.02,2049.0,
0.001,0.979,0.0,0.02,1550.0,
0.029,0.951,0.0,0.02,1528.0,
0.023,0.957,0.0,0.02,1376.0,
0.1,0.88,0.0,0.02,749.0,
0.018,0.962,0.0,0.02,1044.0,
0.027,0.953,0.0,0.02,1000.0,
0.002,0.977,0.001,0.02,1550.0,
0.119,0.861,0.0,0.02,550.0,
0.0,0.98,0.0,0.02,1898.0,
0.0,0.98,0.0,0.02,1898.0,
0.254,0.726,0.0,0.02,546.0,
0.075,0.905,0.0,0.02,894.0,
0.072,0.908,0.0,0.02,891.0,
0.041,0.939,0.0,0.02,1000.0,
0.015,0.965,0.0,0.02,1144.0,
0.145,0.835,0.0,0.02,711.0,
0.081,0.899,0.0,0.02,750.0,
0.032,0.948,0.0,0.02,1347.0,
0.005,0.975,0.0,0.02,1365.0,
0.001,0.979,0.0,0.02,1798.0,
0.005,0.975,0.0,0.02,1500.0,
0.001,0.979,0.0,0.02,1497.0,
0.014,0.966,0.0,0.02,1050.0,
0.133,0.847,0.0,0.02,749.0,
0.351,0.629,0.0,0.02,416.0,
0.021,0.959,0.001,0.02,1395.0,
0.056,0.924,0.001,0.02,1134.0,
0.0,0.98,0.0,0.02,2008.0,
0.007,0.973,0.0,0.02,1713.0,
0.0,0.98,0.0,0.02,1945.0,
0.005,0.975,0.0,0.02,1437.0,
0.0,0.98,0.0,0.02,1979.0,
0.0,0.98,0.0,0.02,1548.0,
0.0,0.98,0.0,0.02,1849.0,
0.005,0.975,0.0,0.02,1491.0,
0.056,0.924,0.0,0.02,849.0,
0.0,0.98,0.0,0.02,2123.0,
0.126,0.854,0.0,0.02,799.0,
0.058,0.922,0.0,0.02,648.0,
0.002,0.977,0.0,0.02,2045.0,
0.049,0.931,0.0,0.02,999.0,
0.062,0.918,0.0,0.02,850.0,
0.0,0.98,0.0,0.02,2146.0,
0.171,0.809,0.0,0.02,600.0,
0.038,0.942,0.0,0.02,1100.0,
0.019,0.961,0.0,0.02,1249.0,
0.0,0.98,0.0,0.02,1600.0,
0.197,0.783,0.0,0.02,751.0,
0.016,0.964,0.0,0.02,1400.0,
0.026,0.954,0.0,0.02,995.0,
0.106,0.874,0.0,0.02,500.0,
0.002,0.978,0.0,0.02,1350.0,
0.04,0.94,0.0,0.02,1044.0,
0.001,0.979,0.0,0.02,1700.0,
0.001,0.979,0.0,0.02,1749.0,
0.0,0.98,0.0,0.02,1853.0,
0.007,0.973,0.0,0.02,1501.0,
0.019,0.961,0.0,0.02,1300.0,
0.0,0.98,0.0,0.02,2319.0,
0.0,0.98,0.0,0.02,1817.0,
0.188,0.792,0.0,0.02,450.0,
0.008,0.972,0.0,0.02,1070.0,
0.495,0.485,0.0,0.02,500.0,
0.026,0.954,0.0,0.02,766.0,
0.055,0.925,0.0,0.02,861.0,
0.019,0.961,0.0,0.02,1326.0,
0.008,0.972,0.0,0.02,1395.0,
0.001,0.979,0.0,0.02,1793.0,
0.085,0.895,0.0,0.02,977.0,
0.025,0.955,0.0,0.02,949.0,
0.002,0.978,0.0,0.02,1445.0,
0.002,0.978,0.0,0.02,1597.0,
0.0,0.98,0.0,0.02,1840.0,
0.014,0.966,0.0,0.02,1038.0,
0.0,0.98,0.0,0.02,1950.0,
0.221,0.759,0.0,0.02,650.0,
0.107,0.873,0.0,0.02,597.0,
0.022,0.958,0.0,0.02,1218.0,
0.0,0.98,0.0,0.02,2175.0,
0.039,0.941,0.0,0.02,1050.0,
0.067,0.913,0.0,0.02,783.0,
0.019,0.961,0.0,0.02,1119.0,
0.133,0.846,0.001,0.02,697.0,
0.012,0.968,0.0,0.02,1298.0,
0.217,0.763,0.0,0.02,600.0,
0.0,0.98,0.0,0.02,1849.0,
0.0,0.978,0.002,0.02,2014.0,
0.016,0.964,0.0,0.02,1199.0,
0.176,0.804,0.0,0.02,300.0,
0.145,0.835,0.0,0.02,650.0,
0.002,0.979,0.0,0.02,1849.0,
0.015,0.965,0.0,0.02,1409.0,
0.029,0.951,0.0,0.02,1100.0,
0.002,0.978,0.001,0.02,1647.0,
0.0,0.98,0.0,0.02,2213.0,
0.0,0.98,0.0,0.02,1641.0,
0.014,0.966,0.0,0.02,1100.0,
0.0,0.98,0.0,0.02,1650.0,
0.053,0.926,0.001,0.02,1000.0,
0.03,0.95,0.0,0.02,1100.0,
0.053,0.927,0.0,0.02,1127.0,
0.075,0.904,0.001,0.02,829.0,
0.071,0.907,0.002,0.02,743.0,
0.001,0.979,0.0,0.02,1699.0,
0.16,0.82,0.0,0.02,351.0,
0.006,0.974,0.0,0.02,1192.0,
0.0,0.98,0.0,0.02,1744.0,
0.095,0.885,0.0,0.02,900.0,
0.001,0.979,0.0,0.02,2150.0,
0.0,0.98,0.0,0.02,2048.0,
0.001,0.979,0.0,0.02,1633.0,
0.008,0.972,0.0,0.02,1250.0,
0.005,0.975,0.0,0.02,1194.0,
0.014,0.966,0.0,0.02,1906.0,
0.001,0.979,0.0,0.02,1549.0,
0.109,0.871,0.0,0.02,726.0,
0.012,0.967,0.001,0.02,944.0,
0.151,0.829,0.0,0.02,657.0,
0.023,0.957,0.0,0.02,1160.0,
0.065,0.915,0.0,0.02,800.0,
0.0,0.98,0.0,0.02,1749.0,
0.0,0.98,0.0,0.02,2000.0,
0.0,0.98,0.0,0.02,1949.0,
0.026,0.954,0.0,0.02,1150.0,
0.008,0.972,0.0,0.02,1261.0,
0.022,0.958,0.0,0.02,1000.0,
0.007,0.973,0.0,0.02,1198.0,
0.005,0.975,0.0,0.02,1096.0,
0.0,0.98,0.0,0.02,2248.0,
0.0,0.98,0.0,0.02,1849.0,
0.032,0.948,0.0,0.02,1400.0,
0.012,0.968,0.0,0.02,1298.0,
0.079,0.901,0.0,0.02,698.0,
0.009,0.971,0.0,0.02,1398.0,
0.052,0.928,0.0,0.02,850.0,
0.003,0.977,0.0,0.02,1900.0,
0.011,0.969,0.0,0.02,1521.0,
0.002,0.978,0.0,0.02,1699.0,
0.019,0.961,0.0,0.02,800.0,
0.002,0.978,0.0,0.02,1519.0,
0.048,0.932,0.0,0.02,1149.0,
0.001,0.979,0.0,0.02,1334.0,
0.008,0.972,0.0,0.02,1376.0,
0.118,0.862,0.0,0.02,700.0,
0.016,0.963,0.001,0.02,1399.0,
0.018,0.962,0.0,0.02,1150.0,
0.102,0.877,0.0,0.02,550.0,
0.029,0.951,0.0,0.02,1100.0,
0.003,0.977,0.0,0.02,2248.0,
0.047,0.933,0.0,0.02,994.0,
0.003,0.977,0.0,0.02,1698.0,
0.002,0.978,0.0,0.02,1686.0,
0.001,0.979,0.0,0.02,1734.0,
0.166,0.814,0.0,0.02,500.0,
0.005,0.975,0.0,0.02,1400.0,
0.174,0.806,0.0,0.02,635.0,
0.003,0.977,0.0,0.02,1652.0,
0.034,0.946,0.0,0.02,1054.0,
0.064,0.916,0.0,0.02,950.0,
0.122,0.858,0.0,0.02,750.0,
0.003,0.977,0.0,0.02,1549.0,
0.0,0.98,0.0,0.02,1762.0,
0.102,0.878,0.0,0.02,749.0,
0.031,0.949,0.0,0.02,1399.0,
0.003,0.977,0.0,0.02,1496.0,
0.0,0.98,0.0,0.02,1985.0,
0.016,0.964,0.0,0.02,1100.0,
0.124,0.856,0.0,0.02,640.0,
0.001,0.979,0.0,0.02,1748.0,
0.029,0.951,0.0,0.02,950.0,
0.043,0.937,0.0,0.02,1000.0,
0.002,0.977,0.001,0.02,1745.0,
0.001,0.979,0.0,0.02,1650.0,
0.004,0.976,0.0,0.02,1350.0,
0.089,0.891,0.0,0.02,800.0,
0.002,0.978,0.0,0.02,1719.0,
0.033,0.947,0.0,0.02,1345.0,
0.043,0.937,0.0,0.02,998.0,
0.029,0.951,0.0,0.02,1150.0,
0.0,0.98,0.0,0.02,2144.0,
0.0,0.98,0.0,0.02,1699.0,
0.09,0.89,0.0,0.02,849.0,
0.44,0.54,0.0,0.02,540.0,
0.0,0.98,0.0,0.02,1646.0,
0.186,0.794,0.0,0.02,748.0,
0.0,0.98,0.0,0.02,1580.0,
0.0,0.98,0.0,0.02,1449.0,
0.0,0.98,0.0,0.02,1719.0,
0.001,0.979,0.0,0.02,1400.0,
0.123,0.857,0.0,0.02,600.0,
0.0,0.98,0.0,0.02,1738.0,
0.0,0.98,0.0,0.02,2250.0,
0.002,0.978,0.0,0.02,1656.0,
0.153,0.827,0.0,0.02,550.0,
0.0,0.98,0.0,0.02,1849.0,
0.024,0.956,0.0,0.02,1150.0,
0.208,0.772,0.0,0.02,350.0,
0.0,0.98,0.0,0.02,1544.0,
0.002,0.978,0.0,0.02,2099.0,
0.025,0.955,0.0,0.02,963.0,
0.056,0.924,0.0,0.02,1050.0,
0.112,0.868,0.0,0.02,1259.0,
0.03,0.95,0.0,0.02,1350.0,
0.007,0.972,0.001,0.02,1399.0,
0.004,0.976,0.0,0.02,1287.0,
0.014,0.966,0.0,0.02,1249.0,
0.006,0.974,0.0,0.02,1099.0,
0.004,0.976,0.0,0.02,1548.0,
0.0,0.98,0.0,0.02,1550.0,
0.0,0.98,0.0,0.02,1998.0,
0.02,0.96,0.0,0.02,1200.0,
0.054,0.926,0.0,0.02,948.0,
0.125,0.855,0.0,0.02,622.0,
0.218,0.762,0.0,0.02,450.0,
0.012,0.968,0.0,0.02,1458.0,
0.023,0.957,0.0,0.02,1237.0,
0.022,0.958,0.0,0.02,1243.0,
0.001,0.979,0.0,0.02,1600.0,
0.006,0.974,0.0,0.02,1501.0,
0.065,0.915,0.0,0.02,906.0,
0.0,0.98,0.0,0.02,1899.0,
0.284,0.696,0.0,0.02,650.0,
0.001,0.979,0.0,0.02,1604.0,
0.01,0.97,0.0,0.02,1250.0,
0.001,0.979,0.0,0.02,1543.0,
0.013,0.968,0.0,0.02,1049.0,
0.002,0.978,0.0,0.02,1635.0,
0.03,0.95,0.0,0.02,1000.0,
0.091,0.889,0.0,0.02,800.0,
0.0,0.98,0.0,0.02,1599.0,
0.038,0.942,0.0,0.02,960.0,
0.024,0.956,0.0,0.02,1149.0,
0.0,0.98,0.0,0.02,2475.0,
0.168,0.812,0.0,0.02,617.0,
0.006,0.974,0.0,0.02,1449.0,
0.129,0.851,0.0,0.02,650.0,
0.027,0.953,0.0,0.02,900.0,
0.004,0.976,0.0,0.02,1549.0,
0.003,0.977,0.0,0.02,1400.0,
0.026,0.954,0.0,0.02,1050.0,
0.123,0.857,0.0,0.02,550.0,
0.0,0.98,0.0,0.02,1298.0,
0.119,0.861,0.0,0.02,999.0,
0.002,0.978,0.0,0.02,1050.0,
0.046,0.934,0.0,0.02,1099.0,
0.001,0.979,0.0,0.02,1449.0,
0.076,0.904,0.0,0.02,746.0,
0.002,0.978,0.0,0.02,1348.0,
0.05,0.93,0.0,0.02,999.0,
0.09,0.89,0.0,0.02,1001.0,
0.028,0.952,0.0,0.02,1142.0,
0.002,0.978,0.0,0.02,1699.0,
0.055,0.925,0.0,0.02,1249.0,
0.03,0.949,0.001,0.02,1333.0,
0.004,0.976,0.0,0.02,999.0,
0.018,0.962,0.0,0.02,1198.0,
0.044,0.936,0.0,0.02,1200.0,
0.001,0.979,0.0,0.02,1450.0,
0.002,0.978,0.0,0.02,1697.0,
0.022,0.958,0.0,0.02,1107.0,
0.001,0.979,0.0,0.02,1292.0,
0.008,0.972,0.0,0.02,1250.0,
0.165,0.815,0.0,0.02,1894.0,
0.13,0.85,0.0,0.02,1430.0,
0.164,0.816,0.0,0.02,2099.0,
0.148,0.832,0.0,0.02,757.0,
0.129,0.851,0.0,0.02,1149.0,
0.169,0.811,0.0,0.02,1023.0,
0.146,0.834,0.0,0.02,800.0,
0.127,0.853,0.0,0.02,1100.0,
0.099,0.881,0.0,0.02,1546.0,
0.159,0.821,0.0,0.02,1184.0,
0.155,0.825,0.0,0.02,899.0,
0.196,0.784,0.0,0.02,1548.0,
0.203,0.777,0.0,0.02,1447.0,
0.136,0.844,0.0,0.02,1949.0,
0.148,0.832,0.0,0.02,1150.0,
0.226,0.754,0.0,0.02,1596.0,
0.165,0.815,0.0,0.02,649.0,
0.194,0.786,0.0,0.02,1100.0,
0.172,0.808,0.0,0.02,491.0,
0.264,0.716,0.0,0.02,1197.0,
0.179,0.801,0.0,0.02,1221.0,
0.111,0.869,0.0,0.02,1697.0,
0.169,0.811,0.0,0.02,1849.0,
0.074,0.906,0.0,0.02,2195.0,
0.187,0.793,0.0,0.02,999.0,
0.175,0.805,0.0,0.02,1848.0,
0.133,0.847,0.0,0.02,1332.0,
0.197,0.783,0.0,0.02,1647.0,
0.128,0.852,0.0,0.02,1299.0,
0.166,0.814,0.0,0.02,650.0,
0.179,0.801,0.0,0.02,1692.0,
0.175,0.805,0.0,0.02,1349.0,
0.186,0.794,0.0,0.02,998.0,
0.197,0.783,0.0,0.02,2363.0,
0.141,0.839,0.0,0.02,1597.0,
0.096,0.884,0.0,0.02,1638.0,
0.227,0.753,0.0,0.02,1246.0,
0.153,0.827,0.0,0.02,899.0,
0.103,0.877,0.0,0.02,1998.0,
0.471,0.509,0.0,0.02,850.0,
0.145,0.835,0.0,0.02,1482.0,
0.17,0.81,0.0,0.02,750.0,
0.107,0.873,0.0,0.02,1800.0,
0.236,0.744,0.0,0.02,1262.0,
0.196,0.784,0.0,0.02,650.0,
0.07,0.91,0.0,0.02,1099.0,
0.136,0.844,0.0,0.02,1119.0,
0.121,0.859,0.0,0.02,1547.0,
0.307,0.673,0.0,0.02,750.0,
0.186,0.794,0.0,0.02,800.0,
0.16,0.82,0.0,0.02,2300.0,
0.103,0.877,0.0,0.02,946.0,
0.109,0.871,0.0,0.02,1200.0,
0.131,0.849,0.0,0.02,1100.0,
0.193,0.787,0.0,0.02,1749.0,
0.101,0.879,0.0,0.02,1424.0,
0.275,0.705,0.0,0.02,600.0,
0.199,0.781,0.0,0.02,1249.0,
0.195,0.785,0.0,0.02,1766.0,
0.181,0.799,0.0,0.02,1349.0,
0.196,0.784,0.0,0.02,1301.0,
0.165,0.815,0.0,0.02,2126.0,
0.235,0.745,0.0,0.02,828.0,
0.105,0.875,0.0,0.02,1801.0,
0.176,0.804,0.0,0.02,1107.0,
0.159,0.822,0.0,0.02,1697.0,
0.159,0.821,0.0,0.02,1445.0,
0.12,0.86,0.0,0.02,747.0,
0.144,0.836,0.0,0.02,1645.0,
0.414,0.566,0.0,0.02,869.0,
0.14,0.84,0.0,0.02,1981.0,
0.126,0.854,0.0,0.02,800.0,
0.176,0.804,0.0,0.02,1883.0,
0.384,0.596,0.0,0.02,400.0,
0.137,0.843,0.0,0.02,2048.0,
0.139,0.841,0.0,0.02,1150.0,
0.149,0.831,0.0,0.02,400.0,
0.166,0.814,0.0,0.02,1500.0,
0.091,0.889,0.0,0.02,1000.0,
0.201,0.779,0.0,0.02,1448.0,
0.149,0.831,0.0,0.02,1947.0,
0.152,0.828,0.0,0.02,1451.0,
0.132,0.848,0.0,0.02,449.0,
0.161,0.819,0.0,0.02,1048.0,
0.233,0.747,0.0,0.02,737.0,
0.163,0.818,0.0,0.02,1422.0,
0.154,0.826,0.0,0.02,1344.0,
0.138,0.842,0.0,0.02,1648.0,
0.145,0.835,0.0,0.02,894.0,
0.146,0.834,0.0,0.02,1849.0,
0.168,0.812,0.0,0.02,900.0,
0.176,0.804,0.0,0.02,1592.0,
0.135,0.845,0.0,0.02,1750.0,
0.18,0.8,0.0,0.02,1697.0,
0.107,0.873,0.0,0.02,1100.0,
0.095,0.885,0.0,0.02,899.0,
0.127,0.853,0.0,0.02,1799.0,
0.135,0.845,0.0,0.02,1526.0,
0.159,0.821,0.0,0.02,1097.0,
0.092,0.888,0.0,0.02,1833.0,
0.164,0.816,0.0,0.02,1500.0,
0.152,0.828,0.0,0.02,1935.0,
0.204,0.776,0.0,0.02,1348.0,
0.138,0.842,0.0,0.02,2136.0,
0.094,0.886,0.0,0.02,1592.0,
0.148,0.832,0.0,0.02,1876.0,
0.279,0.701,0.0,0.02,1598.0,
0.149,0.831,0.0,0.02,749.0,
0.182,0.798,0.0,0.02,2149.0,
0.228,0.752,0.0,0.02,1131.0,
0.176,0.804,0.0,0.02,800.0,
0.078,0.902,0.0,0.02,900.0,
0.167,0.813,0.0,0.02,1120.0,
0.072,0.908,0.0,0.02,1298.0,
0.171,0.809,0.0,0.02,913.0,
0.176,0.804,0.0,0.02,1897.0,
0.142,0.838,0.0,0.02,1746.0,
0.193,0.787,0.0,0.02,996.0,
0.133,0.847,0.0,0.02,1777.0,
0.185,0.795,0.0,0.02,690.0,
0.158,0.822,0.0,0.02,1105.0,
0.545,0.435,0.0,0.02,600.0,
0.298,0.682,0.0,0.02,450.0,
0.112,0.868,0.0,0.02,698.0,
0.115,0.865,0.0,0.02,2497.0,
0.136,0.844,0.0,0.02,1897.0,
0.13,0.85,0.0,0.02,860.0,
0.232,0.748,0.0,0.02,1398.0,
0.081,0.899,0.0,0.02,900.0,
0.132,0.848,0.0,0.02,1348.0,
0.149,0.831,0.0,0.02,1150.0,
0.163,0.817,0.0,0.02,1682.0,
0.126,0.854,0.0,0.02,1202.0,
0.1,0.88,0.0,0.02,600.0,
0.12,0.86,0.0,0.02,1345.0,
0.19,0.79,0.0,0.02,1923.0,
0.207,0.773,0.0,0.02,1199.0,
0.199,0.781,0.0,0.02,849.0,
0.186,0.794,0.0,0.02,1847.0,
0.157,0.823,0.0,0.02,1949.0,
0.121,0.859,0.0,0.02,749.0,
0.12,0.86,0.0,0.02,1400.0,
0.245,0.735,0.0,0.02,949.0,
0.309,0.671,0.0,0.02,900.0,
0.164,0.816,0.0,0.02,1397.0,
0.2,0.78,0.0,0.02,500.0,
0.129,0.851,0.0,0.02,1696.0,
0.164,0.816,0.0,0.02,896.0,
0.193,0.787,0.0,0.02,750.0,
0.132,0.848,0.0,0.02,500.0,
0.154,0.826,0.0,0.02,2404.0,
0.169,0.811,0.0,0.02,1100.0,
0.112,0.868,0.0,0.02,1546.0,
0.139,0.841,0.0,0.02,1399.0,
0.205,0.775,0.0,0.02,1294.0,
0.223,0.757,0.0,0.02,998.0,
0.226,0.754,0.0,0.02,1195.0,
0.184,0.796,0.0,0.02,1056.0,
0.12,0.86,0.0,0.02,1249.0,
0.125,0.855,0.0,0.02,1597.0,
0.156,0.824,0.0,0.02,549.0,
0.145,0.835,0.0,0.02,750.0,
0.126,0.854,0.0,0.02,1553.0,
0.123,0.857,0.0,0.02,910.0,
0.506,0.474,0.0,0.02,650.0,
0.193,0.787,0.0,0.02,1448.0,
0.203,0.777,0.0,0.02,1300.0,
0.161,0.819,0.0,0.02,1350.0,
0.133,0.847,0.0,0.02,1489.0,
0.127,0.853,0.0,0.02,1898.0,
0.215,0.765,0.0,0.02,1150.0,
0.115,0.865,0.0,0.02,1549.0,
0.141,0.839,0.0,0.02,1199.0,
0.143,0.837,0.0,0.02,1798.0,
0.12,0.86,0.0,0.02,1747.0,
0.143,0.837,0.0,0.02,999.0,
0.215,0.765,0.0,0.02,699.0,
0.098,0.882,0.0,0.02,1848.0,
0.194,0.786,0.0,0.02,1499.0,
0.178,0.802,0.0,0.02,1648.0,
0.202,0.778,0.0,0.02,1187.0,
0.101,0.879,0.0,0.02,1597.0,
0.179,0.801,0.0,0.02,1695.0,
0.262,0.718,0.0,0.02,487.0,
0.146,0.834,0.0,0.02,1198.0,
0.167,0.813,0.0,0.02,1676.0,
0.135,0.845,0.0,0.02,1600.0,
0.163,0.817,0.0,0.02,995.0,
0.171,0.809,0.0,0.02,1949.0,
0.222,0.758,0.0,0.02,799.0,
0.112,0.868,0.0,0.02,2050.0,
0.241,0.739,0.0,0.02,1056.0,
0.002,0.978,0.0,0.02,1749.0,
0.036,0.944,0.0,0.02,1200.0,
0.025,0.955,0.0,0.02,1050.0,
0.0,0.979,0.001,0.02,1728.0,
0.023,0.957,0.0,0.02,911.0,
0.02,0.96,0.0,0.02,1232.0,
0.001,0.979,0.0,0.02,1648.0,
0.0,0.98,0.0,0.02,1897.0,
0.11,0.87,0.0,0.02,650.0,
0.0,0.98,0.0,0.02,1898.0,
0.0,0.98,0.0,0.02,1797.0,
0.02,0.954,0.006,0.02,1150.0,
0.008,0.972,0.0,0.02,1249.0,
0.0,0.98,0.0,0.02,2198.0,
0.049,0.931,0.0,0.02,1099.0,
0.098,0.882,0.0,0.02,750.0,
0.161,0.819,0.0,0.02,749.0,
0.001,0.979,0.0,0.02,1700.0,
0.23,0.75,0.0,0.02,849.0,
0.13,0.85,0.0,0.02,1620.0,
0.137,0.843,0.0,0.02,1895.0,
0.14,0.84,0.0,0.02,2074.0,
0.156,0.824,0.0,0.02,2123.0,
0.081,0.899,0.0,0.02,898.0,
0.002,0.978,0.0,0.02,1410.0,
0.012,0.968,0.0,0.02,1500.0,
0.0,0.98,0.0,0.02,1250.0,
0.024,0.956,0.0,0.02,1200.0,
0.001,0.979,0.0,0.02,1799.0,
0.027,0.953,0.0,0.02,850.0,
0.044,0.936,0.0,0.02,700.0,
0.057,0.923,0.0,0.02,1098.0,
0.178,0.802,0.0,0.02,1147.0,
0.186,0.794,0.0,0.02,1050.0,
0.126,0.854,0.0,0.02,1797.0,
0.141,0.839,0.0,0.02,850.0,
0.188,0.792,0.0,0.02,2047.0,
0.1,0.88,0.0,0.02,857.0,
0.116,0.864,0.0,0.02,650.0,
0.145,0.835,0.0,0.02,1778.0,


