

Data analysis for each instance 
AVG,MED,MAX,MIN
22544.5,22296,33498,21688,
20456.82,20229,30027,20229,
19292.02,19084,29158,19010,
27656.7,27357,40663,27334,
18693.56,18582,28098,18350,
20445.32,20238,28811,20238,
19388.28,19181.5,28276,19010,
20270.84,20032,30281,20029,
19778.18,19540,29791,19534,
24440.7,24624,37937,23097,
23205.9,23023,34780,22839,
22097.4,21921,32701,21775,
24216.28,23943,35557,23943,
26340.3,26379,40929,22193,
21853.74,21643,31922,21579,
19943.54,19716,29236,19715,
25605.64,25531,39655,22034,
23308.36,23050,35788,22825,
23999.3,24104,37355,22512,
28964,28694,43134,28570,
23373.14,23130,34862,23070,
31589.56,32021.5,48100,28765,
21514.04,21249,33436,20618,
26981.34,26680,39685,26680,
18739.16,18540,27831,18489,
23313.34,23079,34230,23024,
23691.5,23481,34867,23355,
26016.48,25756,38029,25690,
20364.1,20128,30265,20128,
28854.86,28634,44027,24539,
25119.38,24795,39432,23086,
18709.22,18470,27875,18470,
23950.82,23673,35693,23665,
19939.5,19725,29102,19712,
26941.72,26655,39575,26599,
19389.86,19203,28480,19142,
21329.14,21088,31422,21088,
22621.04,22374,33015,22369,
23044.54,22823,34209,22729,
21053.96,21347,30326,20286,
20113.28,19880,29932,19880,
22855.44,22575,34517,22575,
21980.36,21781,31969,21080,
25380.52,25139,38678,24386,
25239.44,24930,38733,24846,
23552.62,23295,34341,23276,
24369.44,24155,36362,24011,
21838.42,21641,33159,20221,
20850.02,20620,30489,20620,
26216.36,25898,39771,25541,
30377.24,30041,44682,30041,
21365.3,21111,32958,21076,
20406.82,20173,29977,20173,
25326.48,24991,38403,24112,
19251.84,19021,28746,19021,
21416.4,21241,32420,20439,
25269.46,24832,40710,23363,
20740.28,20499,30911,20487,
22656.32,22395,33538,22395,
22466.5,22231,32909,22202,
21259.14,21022,31096,21008,
23761.6,23498,34831,23498,
22771.52,22514,33629,22513,
21833.68,21645,32283,21519,
20775.12,20723,29880,20376,
19170.4,18990,28212,18907,
28816.38,28718,47013,23958,
19142.48,18934,28742,18835,
32623.94,32479,50617,27947,
23140.5,22686.5,36426,21426,
23651.46,23404,35737,21777,
22480.7,22212,33489,22212,
22680.44,22426,33450,22418,
22106.3,21857,32416,21856,
23611.32,23468,35074,23204,
19471.36,19255,29568,18887,
22637.9,22408,33567,22336,
24422.18,24169,35961,24161,
18990.58,18770,28089,18770,
18235.72,18008,27454,17579,
20721.26,20578,30594,20389,
28417.46,28090.5,43011,27253,
29209.96,29021,46490,25322,
21203.46,21010,31637,20899,
23817.02,23578.5,34676,23535,
23960.6,23676,35747,23676,
23976.54,23770,36974,20734,
18995.62,18765,28766,18762,
25422.5,25110,39193,25004,
21915.18,21661,32859,21630,
26191.24,25875.5,39657,25471,
20958.94,20726,30755,20726,
20742.32,20505,30680,20503,
20322.14,20139,30831,20000,
28291.44,27941.5,45829,27768,
28938.5,28522,46779,24449,
20958.52,20736,30668,20713,
23765.26,23490,35220,23490,
21864.84,21680,32431,21540,
21916.54,21679,32400,21647,
17812.74,17627.5,26147,17588,
21591.14,21348,31640,21347,
24193.6,23918,36161,23918,
21908.86,21663,32295,21663,
23018.78,22722.5,35159,22610,
24153.84,23867,36359,23867,
24898.8,24608,37078,24608,
23300.06,23014,35196,23014,
18440.22,18398,29355,16561,
20938.14,20824,30622,20592,
40578.38,40686,65809,27137,
22840.04,22637,33757,22522,
20756.74,20550.5,30289,20382,
25318.94,25017,38238,24929,
19499.44,19283,28478,19283,
18770.74,18568,27546,18542,
21449.4,21201,32026,21201,
25651.98,25386,37724,25347,
19979.98,19766,29993,19716,
25382.52,25108,36985,25106,
26501.78,26164,39932,26153,
26070.34,25860,39319,24037,
19977.22,19734,30169,19734,
25456.26,25354.5,38844,22659,
21504.4,21248,32262,21248,
24429.98,24086,37789,23792,
19686.38,19530,29318,19378,
22210.02,21981,32444,21946,
20890.06,20719,30792,20582,
19348.1,19165,29042,19074,
19550.12,19370,29064,19274,
22838.66,22613,34199,20802,
20856.7,20631,30910,20596,
20664.14,20419,30754,20419,
21462.1,21247,31099,21216,
19882.42,19674,29177,19648,
25860.1,25585,38276,25544,
20806.52,20561,31120,20561,
24673.4,24629,39493,21288,
21297.36,21051,31707,21050,
21870.62,21895,33893,20731,
22066.34,21847,32115,21805,
22890.14,22625,34066,22625,
26227.88,25941,38284,25941,
30150,29809,44589,29809,
20880.1,20644,30664,20644,
25051.6,24760,37403,24578,
21398.32,21188,31748,21119,
23795.44,23578,35518,23448,
26544.26,27278.5,41250,25094,
25384.68,25107,36745,25107,
25288.02,25003,37347,24898,
24609.3,24292,38437,24292,
23611.16,23335,35274,23335,
20255.24,20034,29520,20011,
25305.08,25009,37963,25009,
21496.88,21262,31492,21247,
23434.36,23178,34389,23166,
17929,18026,25986,17426,
27492.9,26904,47911,22568,
21421.86,21174,31527,21174,
26688.42,26991.5,41597,25408,
23870.84,23605,35025,23605,
19782.8,19554,29665,19543,
24703.74,24407,37179,24407,
27851.98,28247.5,43785,24318,
23489.4,23230,34379,23228,
18861.34,18645,27759,18644,
22131.3,21926,33324,20791,
23106.66,22884,33897,22805,
22749.12,22499,33556,22475,
21882.48,21635,32130,21635,
20905.2,20682,31506,20627,
25695.24,25472,40063,24354,
19798.14,19561,29128,19558,
20887.38,20736,31643,20521,
20717.08,20469,31203,20469,
21531.62,21290,31621,21290,
19061.26,18856.5,28131,18824,
24575.56,24298,36253,24298,
21630.02,21368,32647,21303,
21131.1,20895,31022,20894,
22037.92,21821,32991,21728,
24366.98,24121,36926,23856,
19397.68,19186,29385,19132,
21035.18,20800,30716,20800,
23590.76,23343,34548,23313,
25949,25718,40745,25222,
28181.82,28114.5,45309,24320,
20392.34,20161,29815,20161,
26843.78,25786,43997,25385,
22951.52,22715,33566,22685,
19958.14,19732,29469,19730,
24950.46,24678,36426,24677,
21024.42,20779,31411,20779,
27644.06,26877,44003,22760,
19639.4,19420,28777,19417,
20618.52,20390,30158,20390,
21651.22,21765,31207,21087,
30136.06,30255.5,48302,26675,
22136.04,21912,32488,21865,
22546.46,22281,33582,22281,
26020.54,26521,46433,16904,
21336.84,21099,31387,21098,
20224.54,19999,29680,19999,
21617.24,21391,32519,20471,
24235.44,23965,36248,23938,
27264.06,27224,40582,25949,
23657,23387,34910,23373,
20020.24,19780,30139,19780,
20221.48,20033,30044,19934,
23876.26,23602,35351,23585,
22823.28,22635,33802,22451,
21838.68,21592,32083,21591,
22526.78,22273,33142,22273,
19389.52,19173,28414,19173,
22186.44,21949.5,33294,21308,
18903.28,18595.5,30610,17622,
23784.02,23585,36449,23132,
25311.94,25785.5,40609,20076,
22389.22,22134,33177,22134,
22072.5,21831,33000,21068,
24133.28,23849,36005,23847,
25264.12,24987,37261,24937,
22493.1,22286,33261,22182,
25259.54,25099,37670,24823,
19994.3,19765,29395,19765,
21176.44,20524.5,34505,18151,
23873.8,23608,35086,23607,
20791.56,20583,30865,20510,
22004.02,21758,32363,21753,
20199,19962,30393,19947,
21614.84,21373,31825,21370,
23394.24,23139,35274,23065,
24726.92,24576,37188,23589,
23617.28,23354,34857,23354,
27260.82,26948,40392,26948,
21133.06,21011.5,31545,20751,
17672.96,17475,25777,17475,
25228.62,24977,38978,24049,
25349.18,25070,37199,25063,
22163.52,22476,35459,19695,
21951.7,21862,33524,20899,
23197.82,22937,33966,22934,
24686.84,24417,36332,24406,
20774.24,20530,31061,20460,
22193.36,22151,37688,18783,
19626.4,19403,29174,19401,
24929.74,24639,37071,24638,
21548.32,21307,32083,21094,
28632.74,28307,42335,28307,
18870.12,18674,28113,18629,
19722.9,19569,30879,17730,
20447.34,20272,30005,20164,
25734.08,25437,38116,25437,
28987.14,28663,42654,28663,
25088.72,24846,37516,24227,
19501.28,19269,28968,19269,
28973.96,28650,42671,28650,
24372.3,24096,35846,24096,
21587.14,21379.5,32563,21283,
20899.06,20768,31052,20544,
23627.82,23363,35343,23340,
22754.44,22517.5,33663,22360,
18821.32,18597,28245,18597,
21145.02,20824,31603,20452,
22285.38,22045,33150,22006,
25089.32,24804,37143,24804,
15412.18,15363.5,25138,13656,
13847.52,13824.5,23717,11100,
14319.34,14102.5,23803,12911,
15670.18,15568,26399,13496,
15554.74,15521,26408,13846,
14524.66,14569,24792,12495,
17839.94,17747,30859,14968,
14797.46,14815.5,24897,12836,
12437.7,12377,21793,10962,
15444.12,15268.5,25674,13669,
18196.98,18452,30812,15546,
14294.82,14112,23837,13133,
15716.06,15449,26735,13800,
13996.64,13892.5,23648,12044,
14433.4,14250.5,24700,12560,
15345.32,15150.5,26131,13635,
19751.16,19345,34270,15951,
14273.98,14066,23975,12205,
18436.04,18504,33931,13761,
14438.02,14377,24410,13194,
15949.72,15869,25915,14528,
16379.42,16142,26848,15213,
14130.54,14019,23266,12575,
11416.54,11331,18984,10398,
15367.82,15264.5,26031,13652,
13964.22,13918.5,23134,12538,
15325.08,15220.5,26331,12877,
13860.02,13482,24185,12189,
14265.3,14152,24215,12586,
15900.08,15777.5,27244,13627,
15915.22,15788,26171,14666,
16305.7,16300.5,26913,15067,
14107.04,13844,23985,13278,
14303.28,14077.5,23022,12805,
11608.14,11434.5,19890,10344,
13029.64,12993,21049,11571,
17068.86,17227.5,29147,14502,
15820.42,15670.5,27114,13898,
11582.94,11424.5,19559,10431,
15127.82,14923.5,26241,12641,
13763.94,13562.5,23387,12569,
14289.04,14192,24685,11805,
12740.24,12611,21125,11403,
15369.4,15147,25954,12824,
14608.3,14401,26370,12050,
17388.52,17734.5,28953,13732,
14500.68,14300.5,24725,12507,
12922.72,12738.5,21246,12096,
13007.74,13153,21944,10100,
15594.66,15434.5,26610,13841,
14137.66,13948,22416,13948,
15365.94,15044,26042,13990,
13209.2,13071.5,23154,10346,
13505.26,13500,23038,11060,
14759.42,14710.5,24826,13491,
14425.26,14283.5,24279,12969,
16698.1,16630.5,28786,13097,
16102.96,16001,26152,14796,
15043.96,14923.5,24175,13410,
16134.68,15989,27113,13849,
15986.24,15746,26453,14106,
14876.14,14697,24872,13237,
19399.98,19559,31723,16767,
12262.96,12099.5,20387,10951,
16748.94,16565.5,27156,15285,
14502.98,14446.5,23761,13453,
14849.9,14805,24117,13489,
15118.28,15424,25950,13504,
16032.7,15998.5,26905,12575,
16056.3,16070,27896,14309,
12851.26,12684.5,21301,11753,
12463.6,12419.5,21209,11620,
12653.64,12446,21727,11716,
19381.84,18401,34697,16303,
14641.52,14453,23196,14431,
15179.14,15074,25679,13170,
18762.74,18795.5,32929,14827,
13144.28,12996,21515,12012,
14470.64,14639,24597,12246,
15516.68,15371,25895,13995,
14513.16,14397.5,23972,12929,
14093,13954,23223,12703,
17354.8,17370,29919,15212,
17874.7,17702,28693,15624,
15207.22,15243,26886,12324,
15317.32,15261,25623,12762,
13564.24,13698.5,22799,11242,
16184.16,16063.5,27086,14356,
15388.74,15444,26586,12977,
12778.4,12646.5,20603,11423,
15333.3,15068,26064,13649,
15451.4,15315,25739,13864,
14123.4,14031,23499,12359,
15078.6,14963.5,24926,12905,
17710.86,17549.5,30289,14884,
13720.8,13611,22713,12409,
15787.68,15650.5,26121,13248,
14015.8,13929,23339,12772,
18600,18345,29940,18345,
14060.62,13909.5,23361,12783,
13204,13144.5,22518,10280,
14040.7,13917,23423,12626,
16217.02,16097,26161,13126,
13583.72,13442.5,22371,11656,
12537.6,12415,20892,11556,
14891.1,14762,24730,13486,
14801.32,14672,23672,13649,
16610.94,16664,27174,14920,
12448.46,12291.5,20289,11526,
17741.7,17737,28887,14591,
17777.26,17514.5,30303,15813,
15004.08,14880,24399,12690,
16203.46,16158.5,27607,13867,
13139.6,12961.5,22646,11695,
17326.76,17294,29767,14631,
13864.2,13935.5,23156,11480,
14646.16,14532.5,23888,13265,
16103.4,15881,25781,15881,
12949.64,12799.5,21802,11912,
15006.92,14809,25344,14028,
15199.48,14988.5,25858,13679,
18446,18341,31078,15958,
13887.66,13638,27831,11667,
16494.24,16340,28928,14139,
13357.48,13307,21991,11466,
12792.9,12732,20766,11619,
15255.22,15153,24866,13398,
17460.8,17243.5,30339,15038,
16624.38,16503.5,29520,14329,
15093.48,14926,25727,13485,
15315.74,15057,25546,14287,
15479.62,15348.5,25566,13936,
14317.38,14244.5,23707,12411,
15573.86,15780,27157,13128,
13869,13765.5,22891,12415,
15710.86,15737,25301,13947,
15995.64,15912.5,27360,12732,
17312.5,17125,27962,16066,
14226.26,14292,23130,12766,
13380.28,13262.5,22652,11944,
17869.1,17738,30664,15118,
14219.14,14200,23572,12428,
13520.34,13591.5,22411,11923,
16866.16,16722,28820,13101,
13927.56,13846.5,23400,11709,
14438.9,14300,25156,13021,
12761.66,12617,21284,11453,
15701.76,15764.5,26795,12825,
18220.06,18251,30328,15490,
18166.18,17763,32153,16032,
14147.6,14039.5,23428,12337,
14386.16,14315.5,23922,12366,
15939.98,15715,27115,14276,
11923.3,11764,20885,9639,
14450.46,14239,24388,12660,
16330.7,16280,26600,14616,
16926.7,17178,27974,13152,
16404.84,16184,27847,14256,
17223.38,17100.5,29026,14948,
13277.94,13244.5,21957,12148,
21639.26,21443,35338,18172,
14478.88,14393,25207,11767,
16726,16706.5,27646,14851,
14874.16,14673.5,25137,13720,
18811.94,18987.5,32002,16261,
15237.12,14944,25925,13793,
15426.1,15125.5,25675,14242,
16454.82,16191.5,28191,14580,
14160.1,14028.5,23782,12622,
14425.2,14325.5,24063,13135,
15504.98,15278.5,26153,12240,
13007.3,12903,21072,12137,
14139,13958.5,24041,12878,
13217.74,13050,22038,12277,
15727.46,15539.5,25908,14371,
14859.9,14637,24776,13932,
18138.26,17719,31343,15530,
12354.58,12252,20982,9963,
14938.16,14787.5,25215,13394,
14782.02,14682,24687,13452,
15038.76,14854.5,24524,14047,
13986.42,13909,23355,12872,
15419.38,15250.5,25701,13756,
18604.72,18645.5,31687,15624,
16187,16363,26878,13685,
12751.82,12771,20997,10534,
14114.46,14026,23855,12358,
17103.14,16911.5,29524,15054,
16248.26,16093,27122,14483,
15164.06,14950.5,25754,13332,
14519.46,14551,24413,11820,
19332.48,19180,30925,17846,
20739.64,20506,30556,20494,
21897.94,21664,32755,21616,
24150.12,23888,36212,22928,
18950.2,18733,27871,18731,
20197.38,19952,30728,19927,
20970.74,20724,31115,20724,
21438.28,21219,31533,21161,
20194.4,19970,29524,19969,
23209.64,22932,35271,22902,
20203.4,19975,29621,19952,
20643.68,20563,30026,20261,
20348.9,20107,30384,20107,
23216.66,22946,34488,22829,
18654.6,18443,27156,18373,
23484.7,23265,34812,23164,
23080.68,22847,35464,21888,
13791.16,13733,24094,10990,
20955.86,20716,30798,20716,
18950.78,19064,32078,15915,
14897.7,14916,24130,12445,
13113.26,13036.5,21468,11976,
14411.98,14259,22891,13692,
15198.06,14948.5,25993,13409,
13983.26,13816.5,23917,11688,
24595.86,24320,36089,24320,
24571.38,24454,36183,24136,
19793.04,19615,29628,19485,
25994.8,25696,38525,25696,
20200.82,19974,29612,19973,
26646.82,26326,40253,26326,
19146.74,18417.5,33301,16139,
23956.48,23783,35813,23534,
16238.28,16246.5,27197,13246,
15928.04,15994,26201,13518,
11662.12,11613,19688,10031,
13557.04,13485,22548,12192,
14643.44,14460,24422,13064,
15881.16,15737.5,27013,12034,
17290.9,17150,30208,13572,
14492.7,14447.5,24375,12525,


22907.96,22933,33268,20713,
21424.58,20885,30824,19907,
20326.82,20013,29850,18633,
27128.16,26887.5,40080,25075,
19523.34,19286,28555,18348,
20546.04,20381.5,29008,19798,
20006.22,19853.5,28579,18849,
20709.64,20518,30291,19053,
20070.82,19876,28928,18546,
23627.62,23546,35346,21156,
22786.68,22518,34681,19224,
20461.2,20100,33561,18677,
24553.2,24350.5,35507,20824,
22253.86,21765,42451,18540,
22174.7,21992,32228,20661,
20564.14,20397.5,29579,19267,
22513.08,22102,41984,18953,
23304.86,23245.5,36429,20419,
21659.48,21431,38292,18145,
25828.5,25528.5,44216,23515,
23191.5,23041,34677,21051,
26339.44,25880.5,46433,22697,
19722.1,19373,31461,16865,
25875.34,25699.5,39068,23645,
19587.44,19497,27518,18615,
23130.34,22829.5,34217,21701,
23791.14,23515.5,34314,22529,
25231.56,24953.5,38351,22809,
20984.8,20789.5,32841,19444,
24986.26,24567.5,43827,20770,
21737.12,21501,37228,18617,
20252.38,20209.5,27018,18734,
23996.78,23729.5,35249,22334,
20547.92,20386,29272,19454,
26102.8,25734.5,39639,24331,
19831.1,19678.5,28580,18840,
21887.42,21761.5,30889,18748,
23410.16,23141.5,33750,21892,
23338.36,23040,35137,21613,
21393.4,21160.5,30267,20192,
20553.66,20499,29871,19342,
21400.04,21121,33230,18417,
21908.16,21725,31969,20820,
23109.52,22983,36979,19695,
20414.46,19799.5,38066,18347,
23645.36,23449,34351,22528,
23859.44,23717.5,36676,21802,
19911.02,19459,32944,17571,
21223.98,20920,30362,20240,
20615.18,19959,41510,19481,
27496.2,27130.5,45134,24142,
22521.48,22309,32798,20647,
20803.9,20533,29571,19939,
23380.28,23353,36982,19476,
20759.04,20211,27530,18953,
20635.12,20326.5,32990,18603,
19939.36,19323.5,38667,17540,
21466.98,21279.5,30186,19638,
22717.8,22521.5,33809,21052,
23079.54,22875,33085,22236,
21621.04,21463.5,30855,20343,
23479.06,23282.5,35086,21983,
23291.96,22980.5,33773,21656,
22098.48,22076,32475,19599,
21139.92,20931.5,29456,20214,
19804.66,19600.5,27972,18888,
22099,21293,45103,19277,
20150.38,19804.5,29079,19008,
27540.64,26729,49229,24206,
21956.5,21571,34805,19289,
22202.06,21892,36153,20079,
21890.42,21496,32685,19920,
22969.92,22752.5,33506,20987,
22346.8,22114.5,31847,20904,
22207.96,21841,35782,20896,
19186.66,18968,29846,18039,
23148.26,22833.5,32553,21756,
24394.26,24124.5,34671,22570,
19493.52,19330.5,27841,18102,
18758.18,18355,28031,17507,
21753.4,21569,32043,20310,
24814.42,24089,44384,21667,
25976,25612.5,46738,21733,
21732.64,21766,31720,19687,
23908.74,23691,34854,22616,
23437.86,23254,36152,21331,
20116.44,19232,36237,18492,
19599,19546.5,28725,18192,
20722.02,20161.5,39662,16759,
21591.32,21421.5,32556,18630,
22972.16,22719,40762,19258,
21508.48,21251,30827,20390,
21496.16,21280.5,30837,20297,
21026.82,20923.5,31271,18301,
19005.92,17492,44483,16803,
25266.66,25689.5,47459,21662,
21175.08,21101,30313,19828,
24125.58,24011,34849,20061,
21858.4,21588.5,32431,19799,
22035.26,21927.5,32656,20234,
18453.76,18406,25877,17306,
21627.3,21472.5,31713,20030,
22588.06,22326.5,36090,19790,
22101.3,21926,31996,20818,
22725.5,22303,36507,18579,
22912.38,22701,36463,19516,
23223.82,22693,38016,20874,
23024.78,22821,33494,20502,
18263.6,18108,29079,14313,
21555.32,21380.5,29918,20743,
27699.3,26691.5,63771,25693,
21885.6,21902,32768,19077,
21083.56,21089,29961,19486,
24669.62,24366.5,39284,20524,
19955.36,19711,28383,19133,
19160.2,19016,26762,18398,
21841.24,21564,32267,20306,
24414.44,24157,37293,22728,
21535.2,21140,32841,19386,
24872.7,25003,34590,22921,
26200.1,25964.5,39829,24242,
23199.46,22804.5,38538,19914,
19593.64,19433,30678,17567,
22378.7,22230.5,36801,19088,
21506.54,21266.5,31832,20003,
21708.3,21188,36949,18559,
20498.3,20356.5,29670,19260,
22688.38,22451.5,32852,21838,
21475.32,21257,30898,20372,
20100.56,19659,29067,18859,
20413.76,20209.5,29284,19217,
21234.14,21021.5,34623,19000,
21593.78,21344.5,30541,20327,
21348.2,21151,29712,19941,
21514.86,21237,30648,20482,
20428.64,20194.5,29058,19699,
25096.34,24925.5,37817,22687,
21151.48,21022.5,31417,19644,
18954.46,17612,38486,16917,
21556.3,21313.5,30836,20235,
20448.72,20477.5,34102,18138,
22622.38,22453.5,32142,21677,
23481.28,23346,34225,20312,
26036.52,25945,37470,23915,
26060.98,25563.5,45339,23917,
21376.3,21241,31076,20003,
24478.02,24229,37540,22322,
21760.18,21652.5,31322,20255,
23477.8,23092.5,35424,21538,
24023.26,23932,38527,19700,
24777.76,24540,36008,22482,
24408.74,23963,37500,21640,
18371.78,17857.5,39895,14851,
22169.3,21951.5,35323,18800,
21454.92,21175,31446,20137,
23538.78,23398,38150,21308,
21993.72,21721,30884,20945,
23301.3,23128,34347,21424,
18553.12,18307,27355,17528,
22707.74,22240,45210,18585,
21896.34,21827,30620,20062,
23575.12,23387,39355,19329,
24423.28,24218,34624,23433,
19980.8,19711.5,30857,18587,
23820.94,23499.5,38044,21107,
25578.4,25279.5,41884,22135,
24302.52,24087,34499,23048,
19608.62,19465,28171,18751,
21762.64,21488.5,33199,18009,
22634.14,22530,33005,21126,
23097.98,22883.5,32986,21863,
22422.08,22220.5,32341,21335,
21346.64,21072,31788,19972,
21784.02,21355.5,41286,18761,
20696.86,20312.5,28717,19498,
20487.72,20142.5,32071,18851,
21022.48,20837,31494,19415,
22123.08,21937,31687,21286,
20655.96,20830.5,28192,18955,
24253.56,23962.5,35634,22449,
21311.06,20900,31976,19069,
21746.4,21538.5,31545,20270,
22092.86,21991.5,32344,20487,
23734.88,23566,37345,20841,
19306.92,19199,29257,17979,
21356.6,21254,30935,19871,
23850.12,23745.5,34274,22470,
25281.08,24849.5,39232,22926,
22674.42,21917,44408,18783,
20832.2,20637,29795,19664,
24739.28,24713.5,43706,21087,
23400.52,23144.5,33726,22440,
20617.9,20432,28703,19915,
25179.1,24944,36799,23671,
21826.86,21638.5,30935,20243,
22148.68,20934.5,44523,18825,
20030.78,19909,29200,18019,
21115.06,20933,29964,19599,
22436.76,22309.5,31855,21236,
26037.48,25674.5,49310,21434,
22762.02,22477,31981,22042,
23168.44,23051.5,33558,21739,
16658.76,15997,45354,14979,
22526.54,22016,31480,20780,
20775.26,20648.5,29053,19673,
20914.48,20717.5,33606,18831,
24369.6,24107.5,37378,22352,
25848.74,25514.5,40080,23232,
23441.2,23243.5,34295,21379,
21436.2,21074.5,30350,20191,
20933.4,20801,30082,19731,
23949.86,23752.5,34957,22307,
22569.14,22378,34994,21286,
22586.44,22481,31902,20200,
22359.18,22142,33088,20213,
19637.54,19507.5,27997,18794,
22805.32,22682,32837,21327,
18596.36,18281.5,31066,16505,
22934.08,22977.5,35907,19861,
18985.36,18168,37446,16500,
22399.02,22231,33129,20756,
22165.18,22052.5,33250,19650,
23750.86,23529,35565,20633,
25106.5,24870,38167,23482,
22332.66,22156.5,32993,20872,
23357.36,22926.5,39262,19429,
20446.56,20313,29761,19348,
18085,17563,34681,15334,
23251.06,22994,34930,20868,
21055.68,20832.5,30826,19394,
22468.02,22471.5,33064,19716,
20515.18,20190.5,30729,18985,
22157.38,21989,31487,20914,
21545.68,20976.5,35933,18871,
23178.08,23045.5,36426,19238,
24042.48,23712,36296,22090,
24434.4,23949,41429,18846,
21290.94,21045,31647,20175,
18228.18,18026,25964,17301,
23106.98,22742,36700,19775,
25156.64,24903,37461,23509,
21653.74,21304.5,36773,20050,
20560.86,20151.5,34328,18600,
23349.56,23138.5,32953,21827,
23742.88,23473,36523,21948,
22191.82,22077.5,31187,20423,
19633.94,18860.5,37723,16822,
19718.94,19558,29063,18254,
24019.24,23530,37647,20627,
21574.6,21371.5,32527,20410,
26785.56,26465,43067,24386,
19668.38,19563,27466,18648,
18637.64,18197.5,30653,16319,
21206,20964,30278,19703,
24138.58,23948.5,38723,21519,
26104.8,25787,42651,23795,
23180.88,23268,37758,19428,
21076.74,21000.5,30820,18685,
25524.36,25129,41768,22657,
24382.3,24247.5,35472,22130,
22378.76,22002,34252,19765,
21473.92,21320,30672,19850,
23370.44,23242.5,34897,21080,
23171.8,22959.5,32934,22246,
20034.1,19894.5,29342,18620,
20317.54,20810,26333,15533,
21970.28,21816,33211,20041,
23314.42,23073.5,36924,21485,
13086.16,12764.5,25076,11989,
12494.56,12339,23117,10797,
12720.56,12470,23641,11246,
12183.64,11833,25902,11011,
12732.7,12479.5,25909,10709,
12639.8,12277,25149,10917,
13646.32,13121.5,30645,12655,
13251.28,12992.5,25134,11081,
11998.7,11840.5,20839,10633,
12756.44,12357,25908,11153,
15496.12,15195,31365,12821,
12554.06,12249,23844,11290,
13956.32,13616,24538,12478,
12966.3,12707,22792,11483,
12956.92,12674,25004,11027,
12821.38,12421,26136,10911,
15718.64,15124.5,35327,14133,
13320.3,13025,24048,11212,
15219.22,14797,34475,13561,
12991.96,12843,24062,11435,
13024.66,12714.5,26275,10519,
14025.28,13796,26933,12349,
13132.8,13039.5,22898,10982,
11104.92,10928.5,18792,9724,
13201.52,12895.5,26685,11703,
12175.38,11937.5,23284,10685,
13694.72,13529,26057,12085,
12932.76,12630.5,24276,11488,
12589.02,12317.5,23883,10320,
13204.36,12972,28175,11117,
13543.62,13289.5,25535,11217,
13275.44,12827.5,26706,11957,
12076.5,11827.5,24498,9976,
13478.72,13207.5,24275,11662,
11116.84,10896,19950,9609,
10907.56,10660,21080,9350,
14664.08,14379,28508,12689,
13821.88,13648.5,27380,12102,
11027.66,10855.5,19689,9893,
13101.98,12884,25318,10978,
12603.04,12356.5,23351,11383,
11428.26,11085,23880,10107,
11930.08,11700,21173,10670,
13055.28,12770.5,25478,11568,
12011.1,11407,27128,10500,
14376.32,14053.5,28736,11829,
12601.9,12446.5,24480,10626,
11739.38,11462,21288,10283,
10614.2,10425,21991,8761,
12481.66,12053,26026,11059,
12925.2,12664,23010,11514,
13003.56,12734,26512,11158,
11589.14,11297,23045,10411,
12383.36,12234,23168,10859,
12675.56,12321.5,24654,11189,
12633.7,12369.5,24314,10845,
13892.66,13393.5,30057,11886,
13999.82,14019.5,25748,11617,
13232.94,12985.5,24118,12034,
13803.38,13543,26562,12442,
13674.36,13420,25982,11836,
13904.06,13740.5,24996,12460,
14889.68,14321.5,31823,13269,
11486.16,11406.5,19868,9975,
13342.92,13078.5,27298,11590,
13018.34,12907.5,23599,11378,
13211.18,12959.5,23405,11025,
13133.34,13101.5,23921,10342,
12778.82,12418.5,27052,11459,
13214.82,12915.5,29494,10996,
12225.18,12108,20983,10968,
11167.74,10960.5,20870,9689,
11816.74,11573,21642,10560,
14021.42,13697.5,32748,12350,
12945.5,12700.5,23294,11675,
13431.42,13133,25806,11551,
14315.86,14184.5,31706,12355,
12290.78,12150,21720,10569,
12392.7,12161.5,24658,10511,
13578.94,13169.5,25489,12441,
12801.1,12440,23981,11543,
12245.16,12057,23270,10182,
12556.24,12224.5,28728,11203,
14261.7,13954.5,28862,12639,
12517.2,12150,26024,11373,
12952.56,12605.5,25235,10971,
12811.14,12580,22421,11119,
13951.74,13559.5,27149,12861,
13159.4,12957,26982,11090,
11403.4,11130,20605,10440,
13137.02,12992,25966,11015,
13319.62,12856.5,25678,11515,
12588.56,12331,23169,11200,
13137.02,12835,24693,11425,
15006.94,14535.5,30393,13228,
11136.72,10908.5,22928,9094,
13556.14,13457,25815,11758,
12125.64,11782.5,23767,10741,
14439.42,13972.5,29942,12482,
13033.64,12771.5,23099,11238,
12167.38,11960.5,22995,10414,
12409.48,12001,23105,11367,
14001.7,13871,25549,11383,
12233.96,12011.5,22399,10758,
11278.2,11086.5,21103,9762,
12838.36,12516,24864,11706,
13044.2,12889,23808,11123,
13669.6,13352.5,26487,12045,
11682.06,11558.5,20888,10166,
14894.1,14685,28425,12237,
14984.1,14903,29058,12268,
12169.44,11885,25191,10072,
13731.14,13296.5,28195,12084,
11760.56,11574,22347,10243,
14278.16,13928.5,29749,12456,
12674.06,12307,23067,11037,
12748.22,12515,23607,11554,
12540.82,12191,26322,11098,
12049,11891,21849,10608,
12694.22,12512,24063,10366,
12986.38,12667,25595,11403,
13077.68,12693.5,31205,11574,
13075.36,13208,25920,10889,
13800.86,13445.5,26616,11281,
12119.38,11778.5,21915,10535,
11690.1,11614,21129,10216,
12738.1,12433,25128,10842,
15219.66,14722,28508,13604,
14127.08,13657,30377,12723,
13420.82,13060,24698,11881,
12586.74,12101.5,25917,10851,
13754.2,13520,24569,11346,
12745.2,12579,23762,10762,
12779.76,12584,27951,10833,
12256.54,12081.5,22655,10416,
13378.92,13171,25072,11622,
13852.88,13591.5,26788,11894,
13695.68,13278,27113,12198,
12564.16,12474,21339,10910,
11968.6,11676.5,22225,11025,
14761.16,14317,30000,12639,
12650.08,12374.5,24033,10766,
11713.66,11504,22762,9819,
13005.86,12376,29006,11667,
12516.48,12359,22349,10671,
10340.02,10019,24847,9333,
11592.5,11369,21445,10272,
13898.04,13774.5,26571,11349,
14471.62,14084.5,30051,11636,
14556.3,14065.5,30936,12636,
12665.52,12392.5,23119,11159,
12084.44,11748.5,24299,10656,
13889.92,13648.5,27079,12648,
11906.8,11729.5,21242,9986,
13299.46,13091.5,24265,10878,
12298.58,11948.5,26958,11231,
13238.92,12823.5,27503,11547,
13880.26,13523.5,29105,12315,
14461.48,14140,28765,12501,
12417.12,12345.5,21953,10672,
16639.04,16221,35526,14655,
12652.08,12241,25260,11391,
13525.54,13098.5,27550,12251,
12857.12,12603.5,25748,10947,
14803.18,14364.5,32316,13352,
12873.88,12525.5,24234,11272,
13457.44,13312.5,25642,11261,
14421.42,14205.5,25579,12073,
12887.72,12681,23393,10990,
13191.12,12864,25080,11692,
13613.54,13415,26167,11883,
11315,11108.5,21093,10125,
12252.74,11917.5,23876,11203,
11918.7,11553.5,21980,10562,
13382.82,13145,25633,12017,
12605.28,12179.5,25393,11302,
15333.54,15087.5,29848,12854,
11560.8,11461.5,21034,9851,
12716.44,12414.5,24223,11338,
13183.62,13059.5,24708,11884,
12967.6,12709,24984,11489,
12039.48,11780.5,23114,10500,
12742.3,12374.5,24867,11048,
14957.86,14824,30843,12992,
13504.16,13092.5,26894,12170,
11781.78,11547,20757,10349,
12721.34,12460.5,24014,11287,
14350.28,14056,30123,12025,
13455.72,13076,27006,12428,
12567.86,12326.5,25117,10869,
12769.72,12482,24706,11290,
14823.52,14506,30875,13352,
21272.28,21121.5,30017,20203,
22267.84,22087,33185,19326,
22854.52,22437.5,36574,20044,
19477.2,19261,27712,18662,
19027.38,18753.5,31191,16621,
20914.88,20634,31611,18972,
21643.04,21424,31235,20272,
20603.98,20403,29453,19898,
18074.56,17160.5,36236,15463,
20610.12,20420,29998,19559,
21660.28,21336.5,31811,20239,
20875.22,20748,30550,18989,
22850.72,22600,33536,21046,
19248.32,19099.5,27537,18311,
23794.9,23534.5,34394,21824,
22673.96,22570,33092,19033,
11620.78,11426,23729,9630,
21462.64,21370.5,30267,20166,
15671.1,15280.5,31673,13603,
12871.24,12569.5,24927,11319,
12141.32,11910.5,21455,10224,
13055.36,12828,23253,11557,
13525.94,13199,24832,12127,
12160.72,11821.5,24182,10476,
24649.92,24527,37005,22456,
24397.44,24323,35411,22718,
20370.98,20321,28950,18966,
24524.46,24096.5,37726,21430,
20940.32,20817,29323,20040,
24549.62,23856.5,39514,20628,
18864.18,18784,32273,15850,
23911.62,23363,36951,21368,
14057.38,13720.5,27225,11951,
12702.36,12241,26068,11281,
10885.92,10718.5,19346,9434,
11882.14,11657,21829,10067,
13402.22,13131.5,24399,11881,
13136.9,12788,27818,11259,
13930.18,13489.5,30352,11985,
13186.88,12875.5,23900,11682,


21132.18,21239,29447,18839,
19694.3,19558,28199,18833,
21267.18,21017.5,31055,19345,
23038.74,22762,32961,21491,
20022.5,19775,29155,18676,
20336.34,20169.5,28581,19097,
21166.56,20936,30123,20098,
20659.2,20457,30585,19102,
19903.88,19693,28591,19114,
24746.28,24438,35346,20775,
20331.3,20197.5,29197,18459,
20058.12,19843,30717,18396,
22687.84,22479.5,32637,21525,
22791.96,22542,34203,21161,
21332.92,21103,31006,20225,
20589.64,20419.5,30215,19549,
26772.68,26720,41984,23753,
22504.74,22233.5,34557,20148,
24820.98,24697.5,37267,22790,
25024.64,24532.5,38911,22996,
22631.86,22234,33206,21015,
27653.42,27045.5,42163,24509,
22822.84,22739.5,33239,19918,
21949.72,21751,31079,20792,
19790.08,19693.5,27705,18217,
22455.36,22287,31912,21068,
22543.92,22331,31803,21327,
21115.36,20870,30336,20383,
20180.52,20001.5,29518,19137,
21107.16,20658.5,35227,18560,
23629.76,23211.5,37228,21826,
21727.84,21740.5,30323,19589,
22363.9,22279.5,33147,20618,
19255.48,19109,27593,18390,
25053.48,24787.5,35709,23530,
19840.58,19619.5,28651,19055,
21374.14,21156.5,30356,20533,
20671.32,20535,29599,19698,
21223.68,21037.5,30575,20018,
22148.48,21967.5,31747,20933,
20640.88,20548,29587,19186,
24380.96,24111.5,34555,22151,
19339.76,19178,28033,18411,
24036.6,23803,35114,21076,
25257.6,24698.5,38066,22846,
20338.04,20202,28780,19295,
24298.32,24138,35643,22071,
22212.76,22050,31842,20377,
19843.2,19782.5,28112,18872,
25170.74,25150.5,39298,23800,
22885.74,22629.5,32930,22024,
23117.32,22953.5,33498,20697,
20263.1,20050.5,29290,19124,
25556.48,25346,37902,23292,
22119.5,21910.5,30749,20988,
20160.16,19878.5,30088,18236,
23244.42,22929.5,33028,20689,
21292.02,21144,29798,19738,
23676.72,23421,34827,20672,
21285.3,21062,30849,20046,
19657.84,19434.5,27977,18467,
22181.8,21991.5,32148,21176,
21019.48,20793.5,30077,19320,
23156.76,22398.5,32073,20699,
19531.1,19296.5,27596,18821,
19213.8,19009.5,27922,18119,
30917.84,30609,45103,28467,
20884.02,20652,30242,19755,
27545.5,27171,42327,26132,
20451.84,20115,29139,18849,
22052.32,21779,32768,19466,
20731.26,20521.5,29192,19424,
22697.08,22474.5,32474,21962,
21250.42,21025.5,30242,20157,
23206.46,22957.5,33749,21826,
18984.22,18874.5,27953,17564,
22466.3,22244,30892,21455,
21911.92,21717.5,31414,20756,
18776.62,18663.5,26361,17314,
19263.96,19074.5,28007,18181,
19911.34,19742,28777,18753,
25385.2,25037.5,39117,23016,
28467.62,27187,47571,24330,
20411.74,20293.5,28717,18374,
20834.72,20626,29819,20097,
24925.52,24760.5,36572,21399,
25673.62,25417,36561,24381,
18681.4,18607,26879,17437,
26096.18,25882.5,39662,23689,
21040,20958,29868,19791,
23502.82,23263,37335,21441,
20509.4,20267,29025,19779,
20612.84,20361,29305,19011,
19345.86,19214.5,27756,17818,
29428.8,29070,44483,28114,
25195.02,24974,40361,22607,
20064.88,19940.5,28291,19151,
22332.18,22171.5,31603,21224,
22129.44,21924.5,31773,20078,
19362.32,18920,27076,18153,
19077.04,19042,27521,17699,
21016.26,20809.5,29966,20122,
21707.88,21506.5,31692,20480,
18495.46,18335.5,26094,17794,
23979.76,23818.5,36507,21812,
23491.48,23443.5,35084,21565,
24154.98,23899.5,35894,22472,
21910.24,21595,30950,19970,
19362.4,18616.5,29126,16103,
21798.42,21569.5,30937,20556,
43634.62,43380,63771,40939,
20123.68,20007,28493,18857,
20503.04,20292,29192,19617,
26173.32,26056.5,39695,23550,
20661.72,20606.5,29432,19180,
18248.62,18054.5,25797,17580,
19257.4,19018.5,27538,18311,
21618.96,21476,30745,19912,
19415.64,19204,28271,18072,
22133.26,21896.5,31859,20594,
21628.98,21454,30744,20460,
25125.84,24789.5,34943,23098,
22039.54,22132,32262,18758,
24448.02,24277.5,35941,22444,
21400.22,21191,30922,20170,
27688.24,27601.5,41381,25824,
20251.42,20042,28941,18592,
20752.78,20579.5,29677,19746,
20603.34,20430.5,29585,19568,
22550.58,22413,32845,20845,
20434.18,20271,29155,19696,
20867.54,20759,30753,19881,
22541.4,22356.5,31827,21003,
21344.44,21201,29811,19804,
20542.08,20404,29876,19693,
20738.24,20530,29595,19732,
25206.62,25035.5,36188,23778,
21293.1,21160.5,30544,19091,
23146,22797,33043,20859,
21027.38,20830,29863,20072,
18140.92,17793,26639,15972,
21440.8,21282,30921,20508,
21723.94,21596.5,31259,20016,
22361.76,22290.5,30988,20816,
25200.72,24742.5,38567,23843,
21210.16,20946.5,29741,20025,
23608.9,23394.5,34151,21685,
20692.02,20539.5,29469,19752,
22472.1,22435,30118,20424,
25128.38,24781,37379,21904,
23412.28,23275,33396,21621,
25498.24,25393.5,37472,23007,
25689.6,25528.5,39895,22624,
22948.54,22681.5,33678,21305,
21785.06,21597.5,30853,20833,
23195.26,22750.5,35057,21635,
23800.36,23556,33746,23094,
21096.82,20827.5,29815,19886,
18591.26,18445.5,26275,17775,
30413.08,30068,45210,28001,
22384.22,22223,30639,21003,
26710.84,26400,39355,23765,
22614.82,22402.5,32214,21226,
20241.42,20119,30386,18319,
23366.2,23208.5,34515,21339,
28422.58,28223,40893,25576,
19906.7,19677.5,28257,18776,
19993.8,19805,28452,18964,
22720.18,22480.5,32766,20679,
23437.26,23121,34012,22166,
21529.82,21319.5,29637,20296,
22303.18,22117,32395,20929,
19439.68,19309,28249,18113,
24149.34,23956.5,37133,21796,
20774.78,20674,29596,19639,
21536.36,21283.5,31795,20621,
22448.9,22279,32822,20920,
21089.02,20877,29802,20296,
20133.26,19975,29089,19120,
22322.96,22114.5,31598,21146,
23426.24,23189,34815,20530,
20326.72,20072,28685,19213,
22485.4,22296.5,32125,21140,
24632.36,24476.5,35592,23431,
19461.68,19267,27859,18556,
20107.54,19955,29144,19177,
20809.24,20585,29745,19418,
24374.46,24090.5,34534,21186,
30086.6,29707,44408,28603,
20933.66,20724,29669,20010,
29097.64,28858.5,43706,27015,
21945.68,21679.5,30979,21161,
19726.12,19538.5,28046,19218,
20512.98,20235.5,29928,19264,
20983.12,20804.5,30459,19789,
27751.82,28691,44523,23408,
20126.54,19960.5,29068,18924,
19158.02,18965,27139,18216,
21849.92,21686,30651,20764,
30752.28,31055,48126,26807,
21641.86,21479.5,30591,20473,
24225.26,23974.5,35288,22750,
28286.68,27989,45354,24386,
20194.38,19942,29197,19350,
18672.16,18547,26315,16882,
20879.42,20568.5,30710,19249,
24380.5,24211.5,35588,22314,
22987.74,22824,35019,20935,
23870.42,23700,33767,22442,
20030.24,19864,28632,19099,
19688.3,19507,28367,18689,
21559.38,21416,30235,19904,
20296.12,20089.5,30018,19467,
19012.52,18809.5,26869,18134,
19980.56,19819.5,29014,18948,
18664.74,18499,26528,17825,
24111.04,23879,34298,22851,
20496.88,20363.5,30227,18516,
24531.68,24285.5,35907,22868,
26769.46,26516.5,37446,24399,
21508.14,21292.5,31046,19916,
22337.46,21755.5,31360,20506,
21806.24,21750.5,31091,19638,
21933.36,21786.5,31614,20398,
22388.32,22175,32475,20820,
24949.2,24892,37424,22106,
20390.28,20190,30090,18997,
21460.74,21211.5,32701,20027,
21644,21409.5,30642,20730,
20915.44,20726.5,29508,19668,
20388.66,20203.5,29026,19182,
21847.04,21806.5,32809,19166,
20095.26,19911,28616,19123,
24150.88,23905,35933,22231,
22959.94,22772,32919,20650,
20253.78,20087,29032,19308,
23358.8,22995.5,35610,20923,
22081.32,21854,32544,20888,
18350.68,18173.5,26592,17364,
26171.84,25766.5,36700,24088,
22246.54,22039,32471,21390,
23085.32,23068.5,36773,20209,
23415.26,23283.5,35193,21416,
23108.74,22825,33466,21774,
19569.42,19461.5,27381,18231,
22872.68,22608.5,33411,20643,
23781.38,23318,36874,22410,
18024.22,17837,25846,16619,
27218.76,27024.5,40379,24518,
20877.3,20659,30362,19436,
27805.58,27393.5,41052,25822,
20252.5,20142,28806,19102,
20825.88,20516,30653,19295,
21560.88,21402,30500,20083,
23064.68,22876,34364,21030,
25485.14,25211.5,37110,23658,
22084.56,21937,31601,20845,
20809.8,20663,29312,19387,
24442.98,24305.5,35649,22846,
24593.94,24379.5,34392,23282,
20616.56,20422,30743,19036,
20150.38,20000,29122,18845,
20990.86,20785,30644,18959,
21865.7,21816,31696,20692,
19161.08,19000.5,27668,18163,
21477.5,21367,32459,18996,
19707.04,19584,28925,18398,
22427.42,22384.5,32741,20856,
13678.3,13531.5,22557,12570,
14871.2,14871,23528,13123,
13429,13260.5,21772,12449,
12481.62,12115,22938,11351,
15977.62,15759.5,25914,14884,
14458.96,14214,23991,13129,
15666.14,15422.5,27607,13862,
14835,14868,25371,12389,
13305.46,13131.5,21473,12258,
14725.22,14409.5,23639,13706,
17195.66,16922,28790,14914,
14148.72,13964.5,23001,13365,
15229.86,14994,24184,13857,
14519.94,14352.5,23522,12997,
15629.7,15607,26654,13249,
14036.78,13812,22912,13183,
18585.24,18441.5,31961,16900,
15450.56,14743,26930,13312,
20409.26,20194.5,34475,18481,
15512.48,15275.5,25411,14445,
15427.48,15202,25819,13824,
15266.58,15101,24473,14404,
14119.86,13947,23326,12781,
12417.18,12295,19860,11375,
14422.66,14200.5,25047,13133,
13552.02,13473,22406,12356,
16050.94,16034,25189,13986,
13621.86,13541,21809,11662,
12616.22,12437.5,20619,11392,
16074.72,15847.5,27803,14261,
14053.34,13826.5,23007,12938,
14281.56,14042.5,22963,13547,
14456.28,14234.5,23770,13227,
13706.26,13494.5,22203,12515,
12226.96,12076.5,19868,11406,
11737.24,11632,18665,10635,
15377.94,15278,25874,13194,
16904.06,16821.5,28396,14813,
11625.84,11506,19404,10154,
14819.38,14847,24259,13267,
14399.34,14197,23113,12767,
15803.74,15975,23786,12682,
13928.56,13752,21877,13124,
15677.26,15466.5,25809,14420,
13790.94,13615,24369,12653,
15046.66,14856,24272,13513,
14436.18,14380.5,23336,12421,
13088.76,12962.5,21218,12099,
10480.96,10228,19327,9277,
15287.9,15146,25483,14463,
15698.92,15541,26245,13939,
14229.2,14357,23730,11792,
13477.3,13337.5,21615,12472,
14213.58,14022,23548,13101,
14084.82,13883,23170,13057,
14558.7,14483,23213,13175,
15848.18,15756,26694,14262,
15295.66,14802.5,25259,13851,
13755.62,13538,21787,12104,
15758.72,15571.5,25627,14692,
15800.78,15618.5,25076,14381,
13602.82,13473.5,22581,12484,
19304.5,18973.5,31823,17500,
13464.04,13353.5,21741,12164,
14868.48,14720,26480,13594,
14075.2,13967.5,22293,12974,
13863.96,13706,21812,13002,
15422.92,15181,23770,12913,
12413.34,12428,20114,10689,
15943.66,15600,28224,14679,
13192.1,13034,21511,12184,
12696.48,12555,20742,11473,
11976.94,11821,18798,11172,
15723.58,15422,30313,14223,
13844.36,13626,22547,12668,
14935.08,14836.5,24941,13026,
12714.76,12375.5,26268,11076,
14015.4,13999,22254,12150,
13196.64,13171.5,21672,12098,
13555.56,13335.5,21829,12368,
15849.08,15628.5,25842,14671,
14355.34,14252,23181,12842,
14414.72,13917.5,25783,12153,
16587.56,16470,27174,15298,
15491.06,15255,24292,14133,
13192.94,13121.5,20692,11985,
16033.26,16059,25592,14236,
15646.96,15667,26153,13723,
16423.1,16365.5,27095,14353,
12791.34,12706.5,20149,11615,
14819.54,14733.5,24645,12109,
14841.4,14685,23904,13504,
15440.62,15377.5,24928,14088,
13959.26,13810.5,23016,12879,
15776.02,15660.5,25791,14155,
15285.02,15175.5,24942,14053,
13642.9,13468.5,21894,12751,
13804.72,13686.5,22825,12551,
16867.36,16720,27031,15599,
13453.94,13286,21024,12046,
13649.4,13482.5,21660,12736,
13818.24,13619.5,22493,12599,
14761.32,14623,22643,13871,
12427.76,12275.5,20310,10848,
12439.26,12277.5,20210,11589,
15051.34,14910,24495,13870,
15626.24,15375,26349,14574,
15822.22,15664,25608,14483,
13876.1,13825.5,21902,12506,
16913.68,16745,26063,15794,
13576.48,12959.5,24267,12265,
15295.32,15103.5,24701,14028,
15510.06,15346.5,25638,14606,
13266.76,13140.5,21456,11640,
16614.28,16316,28748,14689,
13192,13083,21998,11088,
14536.12,14333.5,23563,13778,
15268.8,14945,26921,13630,
12050.42,11869,19709,10448,
15580.44,15346,25069,13100,
15594.38,15417.5,24660,14489,
18541.08,18246.5,31205,17435,
12338.66,12129,21642,10866,
16225.38,15999.5,25337,14592,
12866.8,12688,20486,12092,
12455.58,12221,20696,11378,
15385.14,15305,26878,13362,
14776.44,14548,23603,14199,
13749.68,13615,22566,11849,
14542.86,14284.5,22555,13391,
15538.34,15549.5,26211,13646,
14416.44,14264,24619,13256,
14318.4,14229.5,22864,13159,
14414.64,14204,26366,13057,
13202.54,13058.5,20843,12204,
13590.04,13413,21983,12622,
15810.36,15599.5,26172,14796,
16813.78,16626.5,26133,15040,
14727.86,14521.5,23599,13486,
13779.34,13565,22126,12534,
16949.9,16855.5,27009,15387,
13548.14,13401.5,21726,12397,
13610.42,13366,22426,12366,
15296.36,14988,28073,13385,
13843.26,13635,22186,13126,
13767.46,13508.5,24847,12212,
13321.68,13124,21887,11927,
16411.68,16266.5,26492,14930,
15602.78,15370.5,26690,14626,
17986.28,17733.5,28233,16826,
13032.16,12938.5,20482,11861,
14163.4,13921.5,23863,13044,
15648.96,15502.5,25643,14381,
12716.26,12616.5,19611,11861,
14812.58,14681,23452,12490,
15674.5,15467.5,26397,14565,
16877.68,16512.5,28231,14611,
16067.84,15867,27433,14586,
14519.36,14407,23199,12973,
13127.66,12929.5,21692,12253,
20316.96,19973.5,35495,17897,
15265.76,15341.5,24265,13179,
14588.82,14576.5,24754,11662,
14286.32,14157.5,22808,12963,
17992.42,17647.5,31073,16410,
13349.6,13215,21770,11969,
15333.4,15270.5,25076,13290,
14863.94,14715.5,24699,13662,
13820.3,13685,21315,12669,
12796.82,12660.5,20634,12179,
16736.46,16637,27560,14237,
12291.6,12231.5,19753,10652,
13495.84,13333.5,22369,11992,
13096.68,12899.5,21142,12034,
13899.28,13846,22236,11259,
15356.64,15206,25939,13828,
18326,18184.5,28657,16980,
13047.32,12881,20947,11937,
14063.14,13931.5,22455,12751,
15123.1,14983.5,24133,14207,
15090.98,14910,24763,13593,
14597.8,14464.5,23405,13241,
13617.7,13416.5,21980,12809,
17641.58,17417,29419,15346,
15341.04,15275,24508,13824,
13252.04,13245,20932,11795,
13401.94,13169,22203,12246,
15248.62,15012,26395,12830,
13792.92,13589.5,21643,13152,
15459.88,15345.5,23745,14019,
13250.98,13047,22036,11449,
19344.78,19121,30875,18196,
21722.4,21536,31616,20598,
22785.4,22593.5,33187,20824,
20337.9,20208.5,29683,19023,
19174.54,19025,26722,17821,
21564.9,21319.5,32637,19541,
24009.16,23797,35688,21648,
20351.2,20123,29135,19537,
20756.3,20599.5,29641,19905,
23179.1,22976,36297,21462,
17809.82,17628.5,25799,17034,
20534.58,20403,28630,19580,
22111.06,22002,32338,19633,
22033.86,21892,30803,20381,
19274.14,19208.5,27736,18153,
24252.54,24124,34394,22351,
22937.44,22537.5,33355,21167,
13940.04,13718,23023,13323,
21427,21330,30653,20233,
16079.62,15883,24926,14832,
13685.4,13517,22682,12469,
13297.28,13163,21563,12492,
13498.54,13350,21768,12378,
13812.28,13716,23050,12583,
12768.88,12630,20517,11873,
22056.52,21954,31690,20414,
24421.54,24178,34952,23050,
19141.24,18969.5,27072,17811,
24646.72,24463.5,35094,22778,
21939.28,21732,31322,21043,
27606.8,27336,38636,22991,
18645.76,18616,26816,16349,
22651.94,22593.5,33097,20000,
12741.9,12531,20831,11843,
14929.94,14478,26044,12944,
12391.4,12296.5,20155,11093,
14202.32,14102,22254,12785,
13576.18,13408.5,22348,12502,
15582.2,14971.5,27818,13732,
18388.08,18249.5,30352,16827,
14405.04,14311.5,23720,12486,




Further Data analysis of all test cases 
avg med max min 
AVGs,19656.138,19967.68,40578.38,11416.54,
MEDs,19484.173,19733,40686,11331,
MAXs,30640.036,30289,65809,18984,
MINs,18422.206,19603,30041,9639,


AVGs,18381.128,20108.5,27699.3,10340.02,
MEDs,18112.305,19864.75,27130.5,10019,
MAXs,30523.796,30284.5,63771,18792,
MINs,16480.272,18582,25693,8761,


AVGs,19092.357,19987.18,43634.62,10480.96,
MEDs,18902.522,19793.75,43380,10228,
MAXs,28906.392,28865.5,63771,18665,
MINs,17556.39,18634,40939,9277,



