

Data analysis for each instance 
AVG,MED,MAX,MIN
0.649,0.641,0.966,0.634,
0.68,0.672,1,0.672,
0.659,0.651,1,0.651,
0.651,0.644,0.959,0.644,
0.663,0.655,1,0.655,
0.682,0.674,1,0.674,
0.676,0.668,1,0.668,
0.669,0.661,1,0.661,
0.653,0.645,0.977,0.645,
0.59,0.581,0.927,0.539,
0.665,0.657,1,0.657,
0.659,0.651,1,0.65,
0.665,0.657,0.981,0.657,
0.635,0.628,1,0.559,
0.684,0.676,1,0.676,
0.681,0.673,1,0.673,
0.581,0.583,0.909,0.516,
0.635,0.627,0.988,0.615,
0.633,0.636,0.998,0.598,
0.646,0.638,0.962,0.638,
0.652,0.644,0.971,0.644,
0.609,0.609,0.924,0.576,
0.582,0.573,0.924,0.556,
0.68,0.672,1,0.672,
0.673,0.665,1,0.665,
0.679,0.671,1,0.671,
0.677,0.669,1,0.669,
0.68,0.672,1,0.672,
0.664,0.656,1,0.656,
0.618,0.613,0.949,0.567,
0.636,0.637,1,0.574,
0.66,0.652,0.989,0.652,
0.641,0.634,0.955,0.63,
0.684,0.676,1,0.676,
0.679,0.672,1,0.671,
0.667,0.659,0.984,0.659,
0.677,0.669,1,0.669,
0.671,0.663,0.98,0.663,
0.675,0.668,1,0.667,
0.68,0.673,1,0.672,
0.674,0.667,1,0.666,
0.634,0.626,0.962,0.626,
0.688,0.68,1,0.68,
0.605,0.596,0.949,0.574,
0.595,0.588,0.911,0.571,
0.685,0.677,1,0.677,
0.669,0.661,1,0.661,
0.598,0.593,0.914,0.549,
0.659,0.651,0.966,0.651,
0.633,0.625,1,0.603,
0.668,0.66,0.991,0.66,
0.651,0.643,0.974,0.643,
0.676,0.668,1,0.668,
0.589,0.591,0.917,0.532,
0.643,0.635,0.959,0.635,
0.66,0.657,1,0.632,
0.62,0.613,1,0.574,
0.669,0.661,1,0.661,
0.672,0.664,1,0.664,
0.654,0.646,0.962,0.646,
0.681,0.673,1,0.673,
0.681,0.673,1,0.673,
0.675,0.667,1,0.667,
0.67,0.662,1,0.662,
0.668,0.661,0.971,0.66,
0.677,0.669,0.996,0.669,
0.562,0.56,0.918,0.474,
0.664,0.656,1,0.656,
0.635,0.638,1,0.591,
0.582,0.573,0.9,0.562,
0.644,0.637,0.977,0.611,
0.669,0.661,0.999,0.661,
0.672,0.664,1,0.664,
0.679,0.671,1,0.671,
0.667,0.659,1,0.659,
0.646,0.639,0.983,0.623,
0.651,0.643,0.97,0.643,
0.675,0.667,1,0.667,
0.644,0.636,0.952,0.636,
0.657,0.65,1,0.629,
0.679,0.671,1,0.671,
0.584,0.583,0.909,0.545,
0.636,0.633,1,0.58,
0.668,0.661,1,0.659,
0.677,0.669,0.988,0.669,
0.664,0.656,1,0.656,
0.621,0.616,0.952,0.578,
0.668,0.66,1,0.659,
0.585,0.578,0.902,0.568,
0.666,0.658,1,0.655,
0.638,0.635,1,0.596,
0.681,0.673,1,0.673,
0.681,0.673,1,0.673,
0.658,0.656,0.997,0.643,
0.607,0.62,1,0.553,
0.556,0.554,0.913,0.489,
0.679,0.671,1,0.671,
0.653,0.645,0.966,0.645,
0.659,0.651,0.982,0.651,
0.658,0.65,0.974,0.65,
0.667,0.659,0.982,0.659,
0.657,0.649,0.968,0.649,
0.666,0.658,1,0.658,
0.674,0.666,0.993,0.666,
0.645,0.644,1,0.622,
0.664,0.656,1,0.656,
0.666,0.658,1,0.658,
0.623,0.615,0.939,0.615,
0.577,0.568,0.913,0.548,
0.677,0.67,1,0.669,
0.546,0.54,0.879,0.423,
0.663,0.656,0.991,0.655,
0.68,0.673,1,0.672,
0.659,0.652,1,0.641,
0.683,0.675,1,0.675,
0.657,0.649,0.965,0.649,
0.658,0.65,0.975,0.65,
0.668,0.66,0.995,0.66,
0.665,0.657,1,0.657,
0.682,0.674,0.995,0.674,
0.682,0.674,1,0.674,
0.593,0.589,0.903,0.554,
0.659,0.651,1,0.651,
0.576,0.567,0.904,0.525,
0.666,0.658,1,0.658,
0.609,0.608,0.955,0.57,
0.674,0.666,1,0.666,
0.685,0.677,1,0.677,
0.677,0.669,1,0.669,
0.644,0.636,0.968,0.636,
0.668,0.66,1,0.66,
0.656,0.649,1,0.588,
0.658,0.65,0.985,0.65,
0.671,0.663,1,0.663,
0.682,0.674,1,0.674,
0.68,0.672,1,0.672,
0.673,0.665,1,0.665,
0.668,0.66,1,0.66,
0.577,0.571,0.924,0.514,
0.656,0.648,0.98,0.648,
0.601,0.601,0.936,0.564,
0.685,0.677,1,0.677,
0.673,0.665,1,0.665,
0.663,0.656,0.973,0.656,
0.67,0.662,1,0.662,
0.677,0.669,1,0.669,
0.653,0.645,0.981,0.637,
0.672,0.664,1,0.664,
0.673,0.666,1,0.665,
0.573,0.569,0.892,0.553,
0.673,0.665,1,0.665,
0.645,0.638,0.963,0.634,
0.577,0.57,0.891,0.57,
0.666,0.658,1,0.658,
0.685,0.677,1,0.677,
0.665,0.657,1,0.657,
0.657,0.65,0.967,0.65,
0.665,0.657,0.977,0.657,
0.67,0.662,0.991,0.662,
0.571,0.558,1,0.491,
0.674,0.666,1,0.666,
0.598,0.594,0.924,0.578,
0.671,0.663,0.987,0.663,
0.662,0.654,1,0.654,
0.659,0.651,0.991,0.651,
0.578,0.574,0.912,0.529,
0.67,0.663,0.989,0.662,
0.679,0.671,1,0.671,
0.575,0.573,0.898,0.518,
0.644,0.637,0.952,0.637,
0.676,0.668,1,0.668,
0.682,0.674,1,0.674,
0.663,0.655,1,0.655,
0.568,0.56,0.907,0.535,
0.678,0.67,1,0.67,
0.662,0.654,1,0.654,
0.664,0.656,1,0.656,
0.68,0.672,1,0.672,
0.631,0.624,0.937,0.624,
0.673,0.665,1,0.665,
0.582,0.575,0.891,0.57,
0.679,0.671,1,0.671,
0.631,0.623,0.945,0.623,
0.659,0.65,1,0.637,
0.647,0.639,0.979,0.639,
0.672,0.664,0.981,0.664,
0.649,0.642,0.955,0.642,
0.623,0.616,0.939,0.61,
0.596,0.593,0.944,0.526,
0.637,0.63,0.937,0.63,
0.583,0.578,0.932,0.548,
0.667,0.659,0.98,0.659,
0.674,0.666,1,0.666,
0.684,0.676,1,0.676,
0.669,0.661,1,0.661,
0.636,0.625,1,0.556,
0.682,0.674,1,0.674,
0.686,0.678,1,0.678,
0.676,0.669,0.993,0.668,
0.625,0.619,1,0.57,
0.68,0.672,1,0.672,
0.659,0.651,0.99,0.651,
0.549,0.542,1,0.373,
0.679,0.671,1,0.671,
0.683,0.675,1,0.675,
0.662,0.655,1,0.619,
0.667,0.659,1,0.659,
0.644,0.639,0.962,0.628,
0.676,0.668,1,0.668,
0.626,0.618,0.938,0.618,
0.671,0.663,1,0.663,
0.659,0.651,0.978,0.651,
0.665,0.657,1,0.657,
0.673,0.665,0.993,0.665,
0.677,0.669,1,0.669,
0.674,0.666,0.99,0.666,
0.649,0.644,0.98,0.63,
0.622,0.618,1,0.552,
0.617,0.61,0.94,0.591,
0.533,0.531,0.885,0.48,
0.674,0.666,1,0.666,
0.648,0.641,0.968,0.627,
0.669,0.662,1,0.661,
0.678,0.671,1,0.665,
0.675,0.668,1,0.667,
0.667,0.66,1,0.658,
0.682,0.674,1,0.674,
0.576,0.569,0.944,0.51,
0.656,0.649,0.965,0.649,
0.669,0.662,1,0.661,
0.666,0.658,0.98,0.658,
0.662,0.654,1,0.654,
0.669,0.661,0.989,0.661,
0.653,0.649,1,0.64,
0.629,0.621,0.956,0.596,
0.676,0.668,1,0.668,
0.663,0.655,0.992,0.655,
0.651,0.643,0.977,0.643,
0.685,0.677,1,0.677,
0.592,0.588,0.914,0.579,
0.681,0.673,1,0.673,
0.536,0.534,0.864,0.489,
0.637,0.633,0.987,0.607,
0.677,0.669,1,0.669,
0.676,0.668,1,0.668,
0.66,0.652,0.995,0.648,
0.584,0.576,1,0.496,
0.643,0.635,0.961,0.635,
0.667,0.659,1,0.659,
0.668,0.661,1,0.646,
0.672,0.664,1,0.664,
0.671,0.663,1,0.663,
0.599,0.593,0.942,0.549,
0.653,0.645,0.97,0.645,
0.67,0.662,1,0.662,
0.677,0.669,1,0.669,
0.652,0.645,0.974,0.645,
0.647,0.639,0.964,0.639,
0.678,0.67,1,0.67,
0.676,0.668,1,0.668,
0.664,0.656,1,0.656,
0.652,0.644,0.974,0.644,
0.659,0.651,0.984,0.651,
0.668,0.66,0.99,0.66,
0.65,0.642,0.971,0.642,
0.637,0.634,0.972,0.611,
0.67,0.662,1,0.662,
0.673,0.665,1,0.665,
0.596,0.595,0.97,0.542,
0.548,0.54,0.949,0.467,
0.606,0.6,1,0.552,
0.552,0.548,0.951,0.496,
0.585,0.583,0.986,0.512,
0.575,0.573,0.992,0.459,
0.529,0.518,0.922,0.454,
0.593,0.588,1,0.509,
0.57,0.568,0.991,0.477,
0.587,0.581,0.989,0.529,
0.586,0.579,0.995,0.495,
0.6,0.592,1,0.558,
0.584,0.579,0.98,0.53,
0.598,0.592,1,0.519,
0.579,0.571,0.98,0.524,
0.578,0.574,0.973,0.507,
0.509,0.501,0.891,0.392,
0.586,0.577,1,0.52,
0.553,0.543,1,0.46,
0.584,0.577,0.997,0.54,
0.616,0.613,1,0.563,
0.603,0.595,1,0.556,
0.605,0.599,1,0.552,
0.598,0.591,1,0.544,
0.58,0.573,1,0.497,
0.599,0.593,1,0.531,
0.57,0.567,0.994,0.473,
0.581,0.573,0.984,0.52,
0.586,0.582,1,0.521,
0.526,0.518,0.913,0.458,
0.599,0.593,0.986,0.563,
0.599,0.593,0.993,0.551,
0.59,0.579,1,0.552,
0.609,0.599,0.995,0.571,
0.592,0.585,1,0.533,
0.599,0.599,0.972,0.531,
0.591,0.591,1,0.511,
0.582,0.575,0.997,0.509,
0.584,0.577,0.992,0.535,
0.517,0.516,0.902,0.433,
0.591,0.581,1,0.543,
0.502,0.499,0.909,0.411,
0.579,0.571,0.968,0.531,
0.571,0.567,0.955,0.471,
0.522,0.518,0.947,0.43,
0.602,0.61,1,0.52,
0.569,0.561,0.957,0.523,
0.601,0.592,1,0.555,
0.525,0.525,0.881,0.446,
0.558,0.553,0.961,0.497,
0.616,0.608,0.978,0.608,
0.589,0.584,0.999,0.537,
0.572,0.568,1,0.445,
0.577,0.58,1,0.467,
0.596,0.591,0.993,0.521,
0.59,0.581,1,0.542,
0.563,0.557,1,0.449,
0.605,0.601,0.983,0.555,
0.595,0.589,0.981,0.545,
0.589,0.583,0.988,0.515,
0.59,0.583,1,0.53,
0.599,0.593,0.994,0.545,
0.609,0.612,1,0.522,
0.596,0.589,1,0.542,
0.598,0.592,0.971,0.536,
0.601,0.595,0.995,0.558,
0.611,0.614,1,0.554,
0.552,0.549,0.943,0.494,
0.587,0.58,0.994,0.48,
0.574,0.567,1,0.512,
0.604,0.599,1,0.533,
0.552,0.544,0.953,0.506,
0.588,0.578,1,0.551,
0.489,0.477,0.868,0.426,
0.629,0.621,1,0.618,
0.584,0.574,1,0.535,
0.481,0.482,0.866,0.365,
0.589,0.585,0.982,0.535,
0.58,0.573,1,0.485,
0.567,0.561,0.952,0.516,
0.598,0.597,0.987,0.54,
0.598,0.593,0.996,0.543,
0.504,0.499,0.899,0.429,
0.617,0.611,1,0.552,
0.533,0.527,0.961,0.436,
0.594,0.587,0.989,0.541,
0.578,0.573,0.985,0.5,
0.585,0.577,0.975,0.534,
0.58,0.573,1,0.486,
0.604,0.599,1,0.532,
0.55,0.538,0.966,0.484,
0.571,0.566,0.95,0.532,
0.602,0.592,1,0.555,
0.583,0.573,0.965,0.531,
0.585,0.573,1,0.506,
0.587,0.593,0.99,0.501,
0.605,0.599,0.999,0.537,
0.598,0.588,1,0.556,
0.619,0.61,1,0.61,
0.594,0.586,1,0.53,
0.58,0.579,1,0.46,
0.601,0.595,1,0.551,
0.618,0.614,0.998,0.518,
0.603,0.603,1,0.518,
0.594,0.583,1,0.543,
0.601,0.591,1,0.536,
0.62,0.614,0.994,0.575,
0.545,0.549,0.91,0.494,
0.604,0.595,1,0.564,
0.604,0.604,0.985,0.518,
0.564,0.554,0.963,0.503,
0.611,0.605,1,0.547,
0.586,0.58,1,0.504,
0.599,0.593,1,0.534,
0.581,0.578,1,0.495,
0.589,0.587,0.987,0.498,
0.617,0.612,1,0.579,
0.618,0.609,1,0.609,
0.602,0.595,1,0.558,
0.528,0.52,0.902,0.496,
0.589,0.584,1,0.518,
0.585,0.591,1,0.509,
0.425,0.415,0.863,0.368,
0.524,0.522,0.907,0.452,
0.606,0.602,1,0.539,
0.605,0.601,1,0.542,
0.612,0.607,1,0.534,
0.558,0.554,0.952,0.499,
0.564,0.558,1,0.483,
0.542,0.535,0.927,0.486,
0.592,0.585,1,0.552,
0.602,0.595,0.997,0.565,
0.596,0.597,0.986,0.54,
0.568,0.567,1,0.471,
0.592,0.585,1,0.54,
0.619,0.619,1,0.557,
0.577,0.571,0.984,0.456,
0.545,0.539,0.889,0.508,
0.617,0.617,1,0.567,
0.597,0.585,1,0.545,
0.532,0.518,0.928,0.461,
0.596,0.591,1,0.508,
0.6,0.599,1,0.542,
0.57,0.561,1,0.458,
0.596,0.59,1,0.514,
0.558,0.545,1,0.495,
0.586,0.579,0.988,0.545,
0.576,0.57,1,0.451,
0.549,0.546,0.922,0.496,
0.559,0.548,1,0.504,
0.603,0.601,1,0.523,
0.598,0.598,1,0.526,
0.59,0.581,0.995,0.532,
0.528,0.526,0.944,0.431,
0.591,0.587,1,0.538,
0.609,0.607,1,0.55,
0.605,0.61,1,0.478,
0.586,0.579,1,0.517,
0.577,0.568,0.968,0.524,
0.595,0.587,1,0.547,
0.606,0.599,1,0.543,
0.513,0.508,0.898,0.432,
0.567,0.564,0.939,0.519,
0.59,0.579,1,0.539,
0.527,0.518,0.907,0.476,
0.596,0.591,1,0.538,
0.596,0.589,1,0.55,
0.593,0.583,0.994,0.546,
0.592,0.583,1,0.541,
0.597,0.589,1,0.553,
0.583,0.576,1,0.45,
0.617,0.613,1,0.57,
0.588,0.581,1,0.534,
0.598,0.59,1,0.55,
0.607,0.597,1,0.574,
0.6,0.594,1,0.558,
0.523,0.514,0.913,0.46,
0.584,0.582,0.994,0.468,
0.596,0.589,1,0.55,
0.6,0.592,1,0.55,
0.606,0.601,1,0.572,
0.601,0.597,1,0.548,
0.593,0.585,0.99,0.538,
0.577,0.579,1,0.49,
0.598,0.593,1,0.54,
0.602,0.596,1,0.514,
0.594,0.589,1,0.515,
0.575,0.57,1,0.513,
0.591,0.583,0.986,0.513,
0.539,0.532,0.933,0.484,
0.594,0.593,1,0.509,
0.618,0.613,0.999,0.58,
0.676,0.668,1,0.668,
0.645,0.637,0.968,0.637,
0.663,0.655,1,0.649,
0.678,0.67,1,0.67,
0.651,0.643,0.991,0.643,
0.67,0.662,1,0.662,
0.677,0.669,1,0.669,
0.678,0.67,0.995,0.67,
0.607,0.599,0.947,0.599,
0.683,0.675,1,0.675,
0.68,0.672,1,0.672,
0.654,0.646,0.983,0.646,
0.632,0.625,0.945,0.615,
0.681,0.673,0.995,0.673,
0.674,0.667,1,0.666,
0.592,0.585,0.907,0.568,
0.507,0.502,0.9,0.393,
0.649,0.641,0.96,0.641,
0.525,0.524,0.899,0.455,
0.589,0.592,0.96,0.514,
0.593,0.587,0.991,0.541,
0.614,0.607,0.978,0.57,
0.591,0.584,0.985,0.498,
0.581,0.574,1,0.519,
0.68,0.672,1,0.672,
0.676,0.668,1,0.668,
0.666,0.658,1,0.657,
0.669,0.661,1,0.661,
0.68,0.672,1,0.672,
0.612,0.604,0.926,0.604,
0.516,0.509,0.867,0.467,
0.669,0.662,1,0.661,
0.581,0.577,0.978,0.465,
0.605,0.608,1,0.527,
0.589,0.583,1,0.524,
0.538,0.53,0.938,0.485,
0.578,0.575,0.966,0.52,
0.584,0.581,1,0.473,
0.521,0.515,0.92,0.415,
0.598,0.591,1,0.537,


0.653,0.645,1,0.553,
0.692,0.685,0.997,0.623,
0.656,0.653,0.986,0.503,
0.633,0.621,1,0.529,
0.676,0.669,0.968,0.555,
0.704,0.697,0.999,0.637,
0.699,0.693,0.983,0.607,
0.688,0.684,0.954,0.606,
0.673,0.659,1,0.569,
0.562,0.557,1,0.464,
0.659,0.657,0.938,0.578,
0.641,0.64,0.98,0.525,
0.68,0.664,1,0.579,
0.537,0.53,0.926,0.376,
0.699,0.694,0.993,0.609,
0.7,0.698,0.998,0.615,
0.487,0.469,1,0.373,
0.61,0.604,1,0.463,
0.566,0.546,1,0.378,
0.567,0.565,1,0.453,
0.64,0.629,1,0.563,
0.53,0.517,1,0.393,
0.566,0.55,1,0.442,
0.639,0.626,0.981,0.549,
0.699,0.696,0.964,0.589,
0.671,0.668,0.941,0.571,
0.689,0.673,0.99,0.607,
0.657,0.651,0.949,0.539,
0.673,0.667,0.96,0.554,
0.548,0.54,1,0.439,
0.504,0.485,0.869,0.383,
0.68,0.673,1,0.564,
0.621,0.613,1,0.528,
0.694,0.688,0.997,0.602,
0.639,0.639,0.99,0.519,
0.687,0.683,1,0.59,
0.699,0.7,0.958,0.594,
0.681,0.675,1,0.593,
0.696,0.696,0.948,0.607,
0.703,0.698,0.976,0.599,
0.692,0.687,0.963,0.607,
0.589,0.585,1,0.483,
0.7,0.694,1,0.62,
0.557,0.552,1,0.417,
0.512,0.499,1,0.392,
0.693,0.685,0.992,0.608,
0.663,0.659,0.896,0.571,
0.564,0.554,1,0.446,
0.676,0.667,1,0.608,
0.504,0.498,0.958,0.402,
0.625,0.613,1,0.519,
0.654,0.643,1,0.572,
0.704,0.694,0.981,0.609,
0.51,0.497,1,0.418,
0.658,0.657,1,0.52,
0.623,0.619,0.924,0.546,
0.534,0.53,0.855,0.412,
0.682,0.678,0.988,0.59,
0.666,0.66,0.961,0.545,
0.671,0.663,1,0.601,
0.697,0.689,0.987,0.624,
0.681,0.681,0.999,0.595,
0.68,0.667,0.979,0.589,
0.68,0.685,0.988,0.56,
0.682,0.671,1,0.612,
0.701,0.696,1,0.626,
0.477,0.46,1,0.371,
0.687,0.688,0.975,0.596,
0.505,0.486,0.9,0.381,
0.548,0.548,1,0.45,
0.595,0.602,1,0.464,
0.657,0.661,1,0.526,
0.664,0.663,0.932,0.556,
0.693,0.687,0.917,0.592,
0.588,0.58,0.967,0.494,
0.661,0.651,1,0.52,
0.666,0.657,1,0.579,
0.684,0.677,0.967,0.582,
0.663,0.651,1,0.562,
0.647,0.637,0.947,0.527,
0.697,0.691,0.977,0.61,
0.517,0.507,1,0.407,
0.538,0.531,0.906,0.414,
0.67,0.665,0.949,0.539,
0.681,0.669,1,0.612,
0.659,0.656,0.953,0.572,
0.56,0.546,1,0.47,
0.672,0.665,0.974,0.565,
0.507,0.49,1,0.393,
0.658,0.654,0.991,0.569,
0.549,0.55,0.932,0.379,
0.696,0.691,0.994,0.616,
0.692,0.695,0.984,0.597,
0.679,0.681,1,0.558,
0.436,0.432,0.89,0.32,
0.467,0.452,1,0.376,
0.7,0.692,1,0.639,
0.624,0.617,1,0.495,
0.674,0.671,1,0.605,
0.654,0.649,1,0.556,
0.681,0.673,1,0.586,
0.667,0.66,1,0.604,
0.648,0.641,0.954,0.559,
0.679,0.671,1,0.615,
0.629,0.619,0.952,0.54,
0.627,0.626,0.916,0.512,
0.638,0.633,0.975,0.517,
0.609,0.598,1,0.506,
0.55,0.538,1,0.415,
0.698,0.69,0.967,0.605,
0.409,0.395,1,0.299,
0.656,0.655,1,0.523,
0.702,0.698,0.961,0.624,
0.623,0.616,0.962,0.462,
0.7,0.699,0.954,0.631,
0.675,0.662,1,0.576,
0.662,0.663,1,0.561,
0.639,0.631,1,0.548,
0.685,0.685,0.982,0.592,
0.688,0.676,1,0.59,
0.662,0.652,0.982,0.572,
0.535,0.534,1,0.423,
0.633,0.634,0.92,0.517,
0.506,0.493,1,0.417,
0.648,0.637,0.996,0.549,
0.511,0.492,1,0.39,
0.682,0.677,0.979,0.574,
0.701,0.696,0.975,0.635,
0.693,0.688,0.975,0.56,
0.673,0.669,1,0.556,
0.694,0.686,0.964,0.613,
0.61,0.608,0.936,0.495,
0.677,0.671,1,0.581,
0.687,0.679,0.966,0.61,
0.698,0.698,0.958,0.598,
0.702,0.687,0.987,0.63,
0.665,0.665,0.991,0.51,
0.674,0.671,0.986,0.57,
0.508,0.495,1,0.401,
0.679,0.676,1,0.597,
0.561,0.549,1,0.443,
0.698,0.685,0.977,0.634,
0.687,0.677,0.966,0.588,
0.662,0.654,1,0.565,
0.591,0.582,0.963,0.479,
0.695,0.691,1,0.589,
0.625,0.613,1,0.495,
0.68,0.677,0.98,0.595,
0.66,0.661,0.993,0.552,
0.521,0.51,1,0.425,
0.642,0.637,0.959,0.531,
0.627,0.624,1,0.537,
0.476,0.46,1,0.385,
0.631,0.632,0.982,0.494,
0.7,0.699,0.934,0.6,
0.624,0.609,0.999,0.522,
0.676,0.671,1,0.592,
0.665,0.66,1,0.588,
0.699,0.698,1,0.614,
0.476,0.461,0.931,0.288,
0.676,0.683,0.986,0.524,
0.514,0.502,1,0.402,
0.683,0.682,1,0.592,
0.649,0.627,0.991,0.547,
0.633,0.623,1,0.523,
0.537,0.534,1,0.424,
0.677,0.668,1,0.597,
0.695,0.69,0.989,0.644,
0.539,0.531,1,0.425,
0.644,0.627,1,0.546,
0.671,0.66,0.962,0.574,
0.7,0.7,0.984,0.601,
0.66,0.652,0.994,0.547,
0.495,0.482,1,0.397,
0.702,0.692,0.962,0.619,
0.636,0.627,0.986,0.51,
0.658,0.657,0.928,0.552,
0.7,0.694,0.985,0.629,
0.657,0.647,1,0.575,
0.672,0.667,0.955,0.526,
0.558,0.549,1,0.478,
0.686,0.675,0.932,0.603,
0.622,0.613,1,0.501,
0.662,0.663,0.945,0.507,
0.663,0.654,1,0.574,
0.69,0.692,1,0.584,
0.663,0.653,1,0.573,
0.578,0.571,1,0.454,
0.503,0.49,1,0.423,
0.658,0.649,1,0.58,
0.518,0.506,1,0.411,
0.677,0.673,1,0.578,
0.705,0.704,1,0.604,
0.69,0.687,0.975,0.584,
0.696,0.685,0.995,0.603,
0.532,0.522,0.961,0.405,
0.696,0.688,0.988,0.61,
0.702,0.702,0.961,0.619,
0.691,0.679,1,0.624,
0.521,0.51,0.913,0.398,
0.698,0.696,0.956,0.609,
0.672,0.671,1,0.59,
0.377,0.371,0.924,0.254,
0.699,0.69,0.962,0.617,
0.697,0.688,0.991,0.598,
0.649,0.64,0.942,0.549,
0.644,0.643,0.908,0.564,
0.608,0.597,1,0.479,
0.674,0.675,0.937,0.567,
0.631,0.631,1,0.512,
0.681,0.683,0.974,0.598,
0.644,0.635,1,0.542,
0.663,0.657,0.937,0.552,
0.663,0.669,1,0.541,
0.678,0.676,0.985,0.588,
0.696,0.686,1,0.621,
0.644,0.639,1,0.523,
0.599,0.601,0.997,0.491,
0.575,0.565,1,0.503,
0.423,0.408,1,0.339,
0.665,0.663,0.979,0.586,
0.658,0.659,1,0.545,
0.638,0.629,0.991,0.547,
0.663,0.655,0.996,0.543,
0.684,0.675,0.923,0.598,
0.619,0.617,0.984,0.514,
0.695,0.69,0.944,0.623,
0.509,0.496,1,0.391,
0.649,0.637,1,0.571,
0.684,0.677,0.939,0.544,
0.676,0.669,1,0.582,
0.66,0.657,0.906,0.557,
0.683,0.671,1,0.598,
0.637,0.637,0.9,0.563,
0.59,0.572,1,0.491,
0.679,0.675,0.932,0.595,
0.65,0.639,1,0.54,
0.656,0.645,1,0.538,
0.7,0.698,0.933,0.634,
0.528,0.509,1,0.435,
0.684,0.685,0.972,0.6,
0.509,0.504,1,0.382,
0.584,0.583,1,0.419,
0.7,0.692,0.957,0.624,
0.669,0.661,0.995,0.572,
0.665,0.657,1,0.571,
0.513,0.508,0.957,0.407,
0.652,0.641,1,0.561,
0.633,0.623,0.954,0.54,
0.66,0.649,0.906,0.582,
0.604,0.599,0.968,0.525,
0.698,0.702,0.987,0.606,
0.558,0.554,1,0.416,
0.669,0.659,1,0.577,
0.641,0.633,0.945,0.548,
0.607,0.593,0.961,0.505,
0.62,0.615,1,0.518,
0.674,0.667,1,0.591,
0.626,0.619,0.967,0.552,
0.657,0.65,0.985,0.571,
0.647,0.649,0.979,0.499,
0.656,0.651,1,0.56,
0.651,0.646,1,0.555,
0.677,0.674,1,0.54,
0.656,0.647,1,0.548,
0.631,0.623,1,0.515,
0.658,0.659,0.957,0.557,
0.639,0.636,0.961,0.539,
0.559,0.549,1,0.472,
0.518,0.512,1,0.425,
0.55,0.542,0.995,0.471,
0.453,0.44,1,0.38,
0.518,0.508,1,0.424,
0.512,0.498,1,0.446,
0.444,0.43,1,0.368,
0.545,0.54,0.951,0.433,
0.547,0.542,1,0.448,
0.498,0.483,1,0.42,
0.495,0.488,1,0.395,
0.567,0.565,0.984,0.46,
0.529,0.519,1,0.456,
0.57,0.558,0.959,0.474,
0.517,0.508,1,0.447,
0.499,0.486,1,0.389,
0.419,0.404,1,0.326,
0.554,0.545,0.997,0.466,
0.42,0.411,0.873,0.325,
0.542,0.53,1,0.444,
0.535,0.535,0.985,0.411,
0.544,0.532,0.946,0.468,
0.576,0.562,0.979,0.47,
0.595,0.584,0.994,0.524,
0.531,0.528,0.91,0.437,
0.556,0.55,0.971,0.46,
0.528,0.519,1,0.426,
0.557,0.543,1,0.486,
0.532,0.519,0.963,0.432,
0.445,0.424,1,0.343,
0.535,0.524,1,0.46,
0.514,0.506,1,0.461,
0.515,0.509,0.939,0.403,
0.581,0.575,1,0.512,
0.573,0.563,0.961,0.491,
0.523,0.512,1,0.432,
0.524,0.511,0.977,0.44,
0.51,0.505,1,0.377,
0.572,0.567,1,0.48,
0.46,0.444,1,0.368,
0.554,0.541,0.963,0.487,
0.453,0.444,1,0.347,
0.542,0.53,1,0.465,
0.505,0.495,1,0.44,
0.429,0.412,1,0.369,
0.511,0.502,0.955,0.44,
0.515,0.503,1,0.424,
0.571,0.562,0.942,0.476,
0.447,0.436,1,0.362,
0.473,0.457,1,0.39,
0.568,0.559,1,0.464,
0.524,0.51,1,0.358,
0.523,0.514,0.998,0.426,
0.542,0.533,0.941,0.458,
0.532,0.524,1,0.429,
0.535,0.518,0.982,0.407,
0.46,0.452,0.917,0.318,
0.529,0.522,1,0.427,
0.54,0.53,1,0.455,
0.518,0.501,1,0.419,
0.528,0.525,0.95,0.433,
0.576,0.56,1,0.494,
0.466,0.455,0.947,0.361,
0.569,0.56,0.982,0.457,
0.466,0.455,1,0.366,
0.543,0.529,1,0.429,
0.547,0.541,0.995,0.455,
0.483,0.476,1,0.375,
0.495,0.483,1,0.427,
0.507,0.501,0.964,0.385,
0.572,0.558,1,0.505,
0.507,0.497,1,0.429,
0.549,0.542,0.991,0.465,
0.387,0.374,1,0.29,
0.57,0.556,0.966,0.497,
0.529,0.522,0.958,0.442,
0.372,0.36,1,0.286,
0.562,0.554,1,0.449,
0.487,0.477,0.996,0.384,
0.522,0.51,1,0.452,
0.553,0.538,1,0.461,
0.551,0.542,1,0.464,
0.401,0.384,1,0.294,
0.525,0.512,0.942,0.451,
0.461,0.444,1,0.373,
0.53,0.519,1,0.438,
0.538,0.532,1,0.451,
0.526,0.51,1,0.46,
0.511,0.506,0.996,0.376,
0.557,0.544,0.968,0.46,
0.502,0.496,1,0.372,
0.532,0.524,1,0.451,
0.567,0.552,0.995,0.492,
0.538,0.528,1,0.468,
0.518,0.512,0.986,0.422,
0.51,0.5,1,0.409,
0.544,0.538,1,0.442,
0.543,0.532,0.956,0.449,
0.492,0.485,0.945,0.398,
0.564,0.546,0.965,0.483,
0.534,0.52,0.986,0.472,
0.551,0.544,0.991,0.438,
0.529,0.515,1,0.441,
0.546,0.532,0.986,0.474,
0.539,0.526,0.936,0.477,
0.537,0.518,0.996,0.415,
0.569,0.561,1,0.476,
0.473,0.466,1,0.363,
0.569,0.552,0.978,0.493,
0.518,0.506,1,0.437,
0.483,0.468,1,0.405,
0.506,0.499,0.973,0.355,
0.507,0.5,0.997,0.397,
0.551,0.542,0.969,0.436,
0.503,0.494,0.927,0.407,
0.57,0.562,1,0.449,
0.557,0.544,0.969,0.451,
0.504,0.498,0.933,0.439,
0.562,0.554,0.934,0.48,
0.453,0.444,1,0.37,
0.524,0.509,0.977,0.417,
0.437,0.426,0.914,0.327,
0.406,0.402,1,0.297,
0.468,0.452,1,0.381,
0.56,0.549,0.944,0.473,
0.581,0.573,0.988,0.474,
0.541,0.536,0.995,0.42,
0.52,0.508,1,0.449,
0.475,0.462,0.997,0.359,
0.507,0.495,1,0.414,
0.532,0.534,0.993,0.438,
0.545,0.54,1,0.47,
0.542,0.528,1,0.414,
0.461,0.45,0.918,0.365,
0.554,0.536,0.985,0.476,
0.564,0.552,0.989,0.475,
0.523,0.516,1,0.431,
0.442,0.435,1,0.328,
0.558,0.546,0.994,0.471,
0.546,0.534,0.973,0.47,
0.465,0.453,1,0.365,
0.545,0.534,0.988,0.449,
0.519,0.506,0.968,0.426,
0.467,0.456,0.969,0.371,
0.561,0.547,0.991,0.471,
0.416,0.41,0.941,0.319,
0.543,0.534,1,0.47,
0.509,0.498,0.999,0.356,
0.452,0.44,1,0.377,
0.463,0.452,0.9,0.323,
0.571,0.564,0.967,0.496,
0.53,0.521,0.936,0.452,
0.536,0.523,1,0.457,
0.529,0.522,1,0.441,
0.542,0.534,0.948,0.457,
0.501,0.493,0.957,0.404,
0.499,0.484,0.993,0.43,
0.523,0.516,0.921,0.457,
0.513,0.5,1,0.436,
0.575,0.563,0.985,0.466,
0.459,0.449,0.883,0.366,
0.473,0.46,1,0.385,
0.487,0.476,1,0.422,
0.52,0.51,0.99,0.385,
0.443,0.43,1,0.343,
0.542,0.526,0.998,0.437,
0.536,0.524,0.91,0.468,
0.567,0.556,1,0.498,
0.556,0.546,0.998,0.471,
0.547,0.536,0.986,0.465,
0.49,0.479,0.979,0.425,
0.542,0.529,0.952,0.466,
0.52,0.517,0.989,0.442,
0.563,0.552,0.999,0.497,
0.551,0.538,0.938,0.476,
0.523,0.516,0.874,0.444,
0.448,0.443,1,0.322,
0.558,0.546,1,0.49,
0.541,0.533,0.96,0.469,
0.547,0.538,0.955,0.476,
0.546,0.534,0.999,0.446,
0.552,0.542,0.975,0.454,
0.516,0.506,1,0.45,
0.45,0.438,0.924,0.331,
0.525,0.514,0.995,0.444,
0.573,0.569,0.989,0.469,
0.552,0.544,1,0.439,
0.502,0.489,0.886,0.418,
0.515,0.499,1,0.445,
0.482,0.469,1,0.398,
0.546,0.526,0.98,0.457,
0.49,0.477,1,0.392,
0.693,0.686,0.968,0.615,
0.64,0.633,1,0.556,
0.612,0.601,0.949,0.508,
0.697,0.692,0.973,0.591,
0.624,0.612,1,0.438,
0.673,0.671,0.981,0.539,
0.697,0.692,0.998,0.607,
0.698,0.692,1,0.629,
0.512,0.499,1,0.436,
0.695,0.686,0.975,0.619,
0.7,0.696,0.972,0.619,
0.672,0.672,1,0.57,
0.63,0.628,1,0.502,
0.699,0.693,1,0.628,
0.641,0.636,0.98,0.558,
0.524,0.512,1,0.42,
0.442,0.431,1,0.356,
0.658,0.645,1,0.586,
0.457,0.443,1,0.363,
0.522,0.518,1,0.426,
0.573,0.565,1,0.497,
0.563,0.556,1,0.5,
0.543,0.529,1,0.464,
0.525,0.517,0.987,0.4,
0.679,0.673,0.972,0.6,
0.661,0.661,0.958,0.55,
0.684,0.681,0.993,0.604,
0.666,0.659,0.994,0.564,
0.703,0.696,0.982,0.599,
0.55,0.532,1,0.457,
0.481,0.464,1,0.36,
0.657,0.655,0.928,0.559,
0.52,0.508,1,0.411,
0.509,0.496,0.955,0.443,
0.553,0.541,0.997,0.481,
0.48,0.465,1,0.399,
0.551,0.546,1,0.457,
0.506,0.502,0.99,0.378,
0.437,0.418,1,0.355,
0.57,0.558,0.944,0.492,


0.675,0.674,1,0.558,
0.703,0.697,0.997,0.626,
0.683,0.683,0.986,0.504,
0.671,0.661,1,0.582,
0.696,0.69,0.968,0.584,
0.704,0.695,0.999,0.636,
0.698,0.691,0.983,0.606,
0.688,0.675,0.954,0.599,
0.679,0.673,1,0.597,
0.624,0.611,1,0.509,
0.681,0.679,0.938,0.6,
0.681,0.685,0.98,0.566,
0.686,0.677,1,0.562,
0.652,0.661,0.926,0.466,
0.705,0.705,0.993,0.62,
0.7,0.7,0.998,0.608,
0.567,0.55,1,0.46,
0.64,0.625,1,0.482,
0.666,0.67,1,0.438,
0.642,0.631,1,0.556,
0.674,0.668,1,0.568,
0.616,0.607,1,0.512,
0.629,0.619,1,0.48,
0.692,0.694,0.981,0.607,
0.699,0.694,0.964,0.611,
0.691,0.698,0.941,0.606,
0.695,0.687,0.99,0.61,
0.692,0.684,0.949,0.592,
0.692,0.685,0.96,0.597,
0.638,0.631,1,0.507,
0.628,0.624,0.869,0.507,
0.687,0.685,1,0.586,
0.632,0.623,1,0.525,
0.702,0.7,0.997,0.634,
0.689,0.687,0.99,0.564,
0.687,0.682,1,0.589,
0.704,0.701,0.958,0.608,
0.686,0.683,1,0.605,
0.703,0.698,0.948,0.607,
0.702,0.698,0.976,0.592,
0.691,0.688,0.963,0.591,
0.651,0.645,1,0.562,
0.702,0.693,1,0.627,
0.62,0.607,1,0.494,
0.593,0.591,1,0.418,
0.696,0.685,0.992,0.604,
0.687,0.69,0.896,0.597,
0.626,0.614,1,0.52,
0.678,0.667,1,0.613,
0.554,0.549,0.958,0.464,
0.68,0.683,1,0.55,
0.662,0.655,1,0.557,
0.708,0.7,0.981,0.61,
0.597,0.587,1,0.459,
0.653,0.647,1,0.494,
0.675,0.664,0.924,0.606,
0.644,0.647,0.855,0.444,
0.688,0.683,0.988,0.598,
0.686,0.685,0.961,0.574,
0.677,0.671,1,0.599,
0.7,0.69,0.987,0.637,
0.703,0.697,0.999,0.606,
0.691,0.685,0.979,0.603,
0.693,0.688,0.988,0.599,
0.682,0.671,1,0.611,
0.701,0.697,1,0.63,
0.586,0.577,1,0.48,
0.696,0.7,0.975,0.618,
0.606,0.607,0.9,0.46,
0.617,0.609,1,0.512,
0.657,0.653,1,0.521,
0.687,0.683,1,0.575,
0.684,0.688,0.932,0.581,
0.697,0.689,0.917,0.601,
0.668,0.661,0.967,0.59,
0.678,0.673,1,0.47,
0.679,0.673,1,0.581,
0.692,0.688,0.967,0.585,
0.665,0.658,1,0.559,
0.685,0.679,0.947,0.595,
0.698,0.691,0.977,0.607,
0.583,0.575,1,0.475,
0.649,0.655,0.906,0.511,
0.681,0.673,0.949,0.574,
0.694,0.683,1,0.623,
0.692,0.69,0.953,0.59,
0.633,0.619,1,0.551,
0.684,0.675,0.974,0.595,
0.591,0.584,1,0.449,
0.697,0.693,0.991,0.595,
0.619,0.617,0.932,0.463,
0.698,0.694,0.994,0.616,
0.695,0.696,0.984,0.616,
0.692,0.69,1,0.574,
0.585,0.575,0.89,0.45,
0.512,0.492,1,0.414,
0.7,0.69,1,0.641,
0.657,0.657,1,0.52,
0.686,0.674,1,0.624,
0.675,0.669,1,0.589,
0.681,0.673,1,0.584,
0.675,0.669,1,0.603,
0.687,0.687,0.954,0.589,
0.694,0.683,1,0.629,
0.672,0.665,0.952,0.586,
0.664,0.663,0.916,0.565,
0.676,0.671,0.975,0.588,
0.636,0.635,1,0.506,
0.614,0.607,1,0.5,
0.699,0.689,0.967,0.622,
0.565,0.552,1,0.419,
0.674,0.675,1,0.538,
0.702,0.7,0.961,0.613,
0.657,0.659,0.962,0.517,
0.701,0.698,0.954,0.634,
0.675,0.661,1,0.576,
0.685,0.681,1,0.589,
0.681,0.669,1,0.596,
0.701,0.696,0.982,0.622,
0.693,0.688,1,0.613,
0.704,0.697,0.982,0.635,
0.606,0.601,1,0.497,
0.681,0.677,0.92,0.587,
0.595,0.581,1,0.488,
0.677,0.673,0.996,0.579,
0.636,0.627,1,0.525,
0.701,0.698,0.979,0.596,
0.703,0.7,0.975,0.633,
0.699,0.692,0.975,0.575,
0.673,0.673,1,0.545,
0.697,0.696,0.964,0.582,
0.674,0.666,0.936,0.524,
0.68,0.671,1,0.582,
0.687,0.685,0.966,0.584,
0.698,0.698,0.958,0.602,
0.702,0.688,0.987,0.629,
0.692,0.683,0.991,0.521,
0.68,0.678,0.986,0.59,
0.592,0.582,1,0.522,
0.689,0.681,1,0.61,
0.638,0.629,1,0.555,
0.699,0.69,0.977,0.635,
0.697,0.692,0.966,0.607,
0.68,0.673,1,0.609,
0.669,0.667,0.963,0.555,
0.698,0.695,1,0.575,
0.666,0.662,1,0.537,
0.691,0.682,0.98,0.62,
0.688,0.684,0.993,0.555,
0.591,0.574,1,0.484,
0.684,0.688,0.959,0.553,
0.651,0.647,1,0.549,
0.586,0.579,1,0.447,
0.68,0.677,0.982,0.564,
0.702,0.699,0.934,0.592,
0.667,0.663,0.999,0.559,
0.678,0.67,1,0.596,
0.68,0.675,1,0.583,
0.698,0.697,1,0.614,
0.547,0.54,0.931,0.36,
0.697,0.706,0.986,0.547,
0.597,0.585,1,0.482,
0.688,0.683,1,0.603,
0.687,0.677,0.991,0.588,
0.672,0.663,1,0.5,
0.593,0.581,1,0.458,
0.692,0.681,1,0.606,
0.697,0.689,0.989,0.641,
0.602,0.595,1,0.461,
0.658,0.651,1,0.552,
0.686,0.681,0.962,0.603,
0.699,0.695,0.984,0.607,
0.687,0.683,0.994,0.609,
0.6,0.603,1,0.453,
0.703,0.694,0.962,0.619,
0.689,0.684,0.986,0.586,
0.681,0.685,0.928,0.59,
0.704,0.697,0.985,0.627,
0.66,0.649,1,0.571,
0.699,0.697,0.955,0.545,
0.602,0.595,1,0.458,
0.694,0.686,0.932,0.615,
0.645,0.631,1,0.525,
0.687,0.691,0.945,0.577,
0.677,0.665,1,0.596,
0.691,0.691,1,0.605,
0.673,0.663,1,0.581,
0.635,0.626,1,0.53,
0.565,0.558,1,0.487,
0.658,0.645,1,0.581,
0.59,0.583,1,0.485,
0.688,0.681,1,0.59,
0.705,0.704,1,0.607,
0.695,0.688,0.975,0.596,
0.699,0.692,0.995,0.605,
0.651,0.642,0.961,0.539,
0.696,0.689,0.988,0.611,
0.704,0.701,0.961,0.618,
0.693,0.685,1,0.625,
0.638,0.636,0.913,0.483,
0.703,0.698,0.956,0.622,
0.67,0.664,1,0.562,
0.632,0.653,0.924,0.375,
0.708,0.706,0.962,0.623,
0.7,0.69,0.991,0.615,
0.688,0.688,0.942,0.598,
0.681,0.677,0.908,0.615,
0.647,0.643,1,0.527,
0.696,0.692,0.937,0.561,
0.644,0.639,1,0.494,
0.705,0.702,0.974,0.598,
0.675,0.665,1,0.551,
0.695,0.691,0.937,0.592,
0.677,0.679,1,0.558,
0.702,0.698,0.985,0.617,
0.697,0.689,1,0.628,
0.676,0.681,1,0.538,
0.667,0.654,0.997,0.531,
0.622,0.615,1,0.475,
0.566,0.556,1,0.451,
0.693,0.692,0.979,0.606,
0.667,0.659,1,0.537,
0.675,0.669,0.991,0.585,
0.702,0.696,0.996,0.614,
0.697,0.696,0.923,0.606,
0.676,0.673,0.984,0.536,
0.695,0.688,0.944,0.624,
0.553,0.541,1,0.433,
0.671,0.666,1,0.596,
0.697,0.681,0.939,0.56,
0.684,0.678,1,0.607,
0.685,0.685,0.906,0.577,
0.689,0.686,1,0.609,
0.686,0.682,0.9,0.615,
0.635,0.623,1,0.518,
0.702,0.698,0.932,0.614,
0.673,0.665,1,0.588,
0.677,0.674,1,0.548,
0.701,0.698,0.933,0.633,
0.606,0.597,1,0.501,
0.702,0.7,0.972,0.621,
0.574,0.571,1,0.452,
0.652,0.658,1,0.433,
0.701,0.694,0.957,0.62,
0.704,0.694,0.995,0.611,
0.689,0.677,1,0.599,
0.641,0.631,0.957,0.522,
0.666,0.655,1,0.574,
0.654,0.645,0.954,0.555,
0.693,0.692,0.906,0.623,
0.679,0.671,0.968,0.599,
0.697,0.696,0.987,0.572,
0.613,0.605,1,0.493,
0.67,0.659,1,0.584,
0.682,0.679,0.945,0.596,
0.664,0.66,0.961,0.574,
0.659,0.647,1,0.553,
0.673,0.666,1,0.579,
0.677,0.665,0.967,0.597,
0.684,0.673,0.985,0.586,
0.692,0.685,0.979,0.579,
0.674,0.671,1,0.591,
0.663,0.661,1,0.569,
0.692,0.686,1,0.556,
0.666,0.657,1,0.551,
0.67,0.661,1,0.537,
0.694,0.692,0.957,0.607,
0.69,0.688,0.961,0.584,
0.589,0.58,1,0.494,
0.581,0.576,1,0.47,
0.615,0.607,0.995,0.542,
0.579,0.571,1,0.458,
0.606,0.597,1,0.474,
0.604,0.594,1,0.525,
0.553,0.54,1,0.472,
0.602,0.598,0.951,0.518,
0.588,0.577,1,0.481,
0.587,0.573,1,0.52,
0.584,0.577,1,0.457,
0.599,0.595,0.984,0.507,
0.595,0.587,1,0.504,
0.61,0.603,0.959,0.519,
0.593,0.582,1,0.505,
0.587,0.575,1,0.5,
0.527,0.518,1,0.439,
0.593,0.583,0.997,0.514,
0.488,0.479,0.873,0.413,
0.6,0.592,1,0.517,
0.611,0.603,0.985,0.527,
0.619,0.61,0.946,0.535,
0.612,0.603,0.979,0.499,
0.625,0.613,0.994,0.554,
0.585,0.581,0.91,0.517,
0.614,0.61,0.971,0.523,
0.608,0.597,1,0.517,
0.597,0.581,1,0.512,
0.578,0.575,0.963,0.464,
0.533,0.526,1,0.412,
0.576,0.565,1,0.487,
0.609,0.597,1,0.537,
0.594,0.59,0.939,0.461,
0.613,0.603,1,0.518,
0.61,0.603,0.961,0.506,
0.59,0.574,1,0.494,
0.603,0.596,0.977,0.525,
0.581,0.578,1,0.484,
0.599,0.595,1,0.497,
0.534,0.526,1,0.44,
0.613,0.61,0.963,0.523,
0.552,0.548,1,0.443,
0.596,0.588,1,0.537,
0.573,0.562,1,0.513,
0.5,0.496,1,0.388,
0.615,0.608,0.955,0.525,
0.583,0.569,1,0.467,
0.605,0.597,0.942,0.525,
0.523,0.509,1,0.414,
0.572,0.566,1,0.497,
0.603,0.599,1,0.487,
0.592,0.582,1,0.454,
0.622,0.619,0.998,0.513,
0.616,0.607,0.941,0.509,
0.601,0.603,1,0.515,
0.606,0.603,0.982,0.506,
0.571,0.565,0.917,0.402,
0.567,0.555,1,0.48,
0.596,0.597,1,0.483,
0.596,0.585,1,0.47,
0.591,0.579,0.95,0.487,
0.608,0.595,1,0.543,
0.596,0.591,0.947,0.466,
0.618,0.615,0.982,0.508,
0.578,0.562,1,0.465,
0.609,0.595,1,0.535,
0.603,0.599,0.995,0.488,
0.564,0.552,1,0.463,
0.609,0.599,1,0.513,
0.586,0.575,0.964,0.449,
0.613,0.607,1,0.549,
0.547,0.529,1,0.447,
0.621,0.613,0.991,0.534,
0.502,0.492,1,0.328,
0.614,0.611,0.966,0.538,
0.605,0.599,0.958,0.511,
0.507,0.488,1,0.391,
0.605,0.605,1,0.51,
0.588,0.572,0.996,0.496,
0.583,0.569,1,0.503,
0.605,0.597,1,0.549,
0.614,0.607,1,0.531,
0.545,0.538,1,0.436,
0.604,0.593,0.942,0.524,
0.562,0.556,1,0.484,
0.605,0.595,1,0.523,
0.599,0.596,1,0.505,
0.601,0.588,1,0.508,
0.598,0.585,0.996,0.449,
0.612,0.607,0.968,0.51,
0.555,0.544,1,0.386,
0.578,0.57,1,0.489,
0.603,0.593,0.995,0.5,
0.587,0.583,1,0.489,
0.6,0.589,0.986,0.515,
0.6,0.601,1,0.481,
0.613,0.605,1,0.505,
0.603,0.603,0.956,0.509,
0.598,0.579,0.945,0.54,
0.61,0.603,0.965,0.553,
0.589,0.583,0.986,0.494,
0.611,0.603,0.991,0.53,
0.589,0.575,1,0.471,
0.61,0.601,0.986,0.493,
0.594,0.587,0.936,0.537,
0.603,0.598,0.996,0.5,
0.597,0.588,1,0.518,
0.547,0.538,1,0.437,
0.615,0.604,0.978,0.541,
0.598,0.595,1,0.501,
0.577,0.571,1,0.484,
0.579,0.575,0.973,0.488,
0.612,0.609,0.997,0.507,
0.604,0.588,0.969,0.504,
0.6,0.599,0.927,0.521,
0.604,0.597,1,0.494,
0.614,0.611,0.969,0.5,
0.572,0.56,0.933,0.49,
0.615,0.615,0.934,0.53,
0.542,0.532,1,0.448,
0.609,0.591,0.977,0.542,
0.487,0.471,0.914,0.371,
0.488,0.474,1,0.393,
0.544,0.528,1,0.455,
0.619,0.615,0.944,0.555,
0.602,0.595,0.988,0.493,
0.586,0.573,0.995,0.474,
0.575,0.562,1,0.498,
0.56,0.542,0.997,0.402,
0.568,0.558,1,0.498,
0.595,0.588,0.993,0.475,
0.606,0.602,1,0.521,
0.586,0.576,1,0.514,
0.603,0.598,0.918,0.515,
0.606,0.599,0.985,0.497,
0.601,0.593,0.989,0.502,
0.596,0.589,1,0.503,
0.539,0.53,1,0.408,
0.614,0.601,0.994,0.539,
0.601,0.597,0.973,0.51,
0.564,0.552,1,0.422,
0.624,0.617,0.988,0.49,
0.584,0.573,0.968,0.442,
0.577,0.571,0.969,0.462,
0.609,0.611,0.991,0.507,
0.447,0.442,0.941,0.341,
0.604,0.591,1,0.513,
0.595,0.579,0.999,0.457,
0.553,0.542,1,0.452,
0.571,0.567,0.9,0.464,
0.624,0.617,0.967,0.526,
0.603,0.596,0.936,0.511,
0.621,0.611,1,0.504,
0.593,0.583,1,0.497,
0.589,0.581,0.948,0.479,
0.591,0.587,0.957,0.491,
0.602,0.589,0.993,0.496,
0.61,0.599,0.921,0.531,
0.595,0.591,1,0.497,
0.615,0.613,0.985,0.521,
0.568,0.558,0.883,0.496,
0.546,0.534,1,0.457,
0.576,0.57,1,0.476,
0.59,0.587,0.99,0.459,
0.497,0.487,1,0.376,
0.608,0.605,0.998,0.506,
0.604,0.597,0.91,0.489,
0.582,0.577,1,0.503,
0.612,0.603,0.998,0.499,
0.61,0.603,0.986,0.52,
0.607,0.606,0.979,0.509,
0.608,0.599,0.952,0.532,
0.607,0.603,0.989,0.532,
0.605,0.591,0.999,0.533,
0.617,0.609,0.938,0.529,
0.609,0.604,0.874,0.511,
0.537,0.526,1,0.407,
0.606,0.601,1,0.512,
0.615,0.609,0.96,0.552,
0.592,0.587,0.955,0.487,
0.613,0.607,0.999,0.539,
0.604,0.594,0.975,0.514,
0.605,0.597,1,0.525,
0.54,0.54,0.924,0.401,
0.595,0.595,0.995,0.49,
0.613,0.605,0.989,0.533,
0.591,0.587,1,0.51,
0.59,0.587,0.886,0.487,
0.606,0.594,1,0.554,
0.575,0.566,1,0.509,
0.61,0.595,0.98,0.517,
0.597,0.595,1,0.476,
0.693,0.687,0.968,0.623,
0.658,0.656,1,0.563,
0.682,0.673,0.949,0.59,
0.699,0.692,0.973,0.602,
0.668,0.657,1,0.505,
0.681,0.677,0.981,0.513,
0.701,0.696,0.998,0.605,
0.698,0.691,1,0.63,
0.611,0.603,1,0.482,
0.7,0.689,0.975,0.613,
0.703,0.702,0.972,0.621,
0.676,0.669,1,0.591,
0.652,0.647,1,0.547,
0.699,0.694,1,0.628,
0.678,0.675,0.98,0.587,
0.597,0.593,1,0.494,
0.54,0.526,1,0.478,
0.668,0.659,1,0.592,
0.555,0.548,1,0.44,
0.59,0.585,1,0.513,
0.606,0.605,1,0.509,
0.597,0.59,1,0.531,
0.605,0.597,1,0.529,
0.611,0.604,0.987,0.504,
0.696,0.688,0.972,0.625,
0.688,0.683,0.958,0.574,
0.691,0.685,0.993,0.607,
0.693,0.685,0.994,0.595,
0.702,0.698,0.982,0.6,
0.623,0.622,1,0.509,
0.584,0.579,1,0.439,
0.68,0.679,0.928,0.553,
0.582,0.577,1,0.44,
0.604,0.595,0.955,0.496,
0.611,0.605,0.997,0.533,
0.541,0.53,1,0.457,
0.571,0.563,1,0.491,
0.612,0.605,0.99,0.512,
0.561,0.55,1,0.463,
0.613,0.601,0.944,0.541,




Further Data analysis of all test cases 
avg med max min 
AVGs,0.623,0.62,0.688,0.425,
MEDs,0.616,0.616,0.68,0.415,
MAXs,0.981,1,1,0.863,
MINs,0.585,0.579,0.68,0.365,


AVGs,0.588,0.571,0.705,0.372,
MEDs,0.58,0.562,0.704,0.36,
MAXs,0.981,0.998,1,0.855,
MINs,0.491,0.48,0.644,0.254,


AVGs,0.636,0.631,0.708,0.447,
MEDs,0.629,0.623,0.706,0.442,
MAXs,0.981,0.998,1,0.855,
MINs,0.535,0.531,0.641,0.328,



