

Data analysis for each instance 
AVG,MED,MAX,MIN
0.325,0.35,0.451,0,
0.323,0.342,0.442,0,
0.32,0.349,0.446,0,
0.331,0.339,0.451,0,
0.308,0.332,0.422,0,
0.33,0.348,0.46,0,
0.323,0.352,0.414,0,
0.295,0.326,0.44,0,
0.329,0.359,0.468,0,
0.327,0.365,0.436,0,
0.306,0.345,0.391,0,
0.323,0.358,0.422,0,
0.321,0.347,0.44,0,
0.331,0.355,0.477,0,
0.309,0.333,0.412,0,
0.33,0.359,0.432,0,
0.32,0.349,0.402,0,
0.33,0.35,0.436,0,
0.325,0.35,0.428,0,
0.317,0.354,0.407,0,
0.313,0.34,0.402,0,
0.314,0.344,0.521,0,
0.317,0.332,0.42,0,
0.325,0.329,0.454,0,
0.32,0.347,0.486,0,
0.34,0.359,0.437,0,
0.321,0.342,0.432,0,
0.316,0.344,0.442,0,
0.326,0.358,0.42,0,
0.332,0.36,0.428,0,
0.321,0.33,0.434,0,
0.313,0.336,0.451,0,
0.31,0.335,0.412,0,
0.32,0.354,0.44,0,
0.317,0.337,0.424,0,
0.322,0.348,0.419,0,
0.311,0.335,0.412,0,
0.318,0.353,0.414,0,
0.329,0.352,0.433,0,
0.319,0.336,0.45,0,
0.319,0.36,0.477,0,
0.314,0.334,0.478,0,
0.328,0.346,0.446,0,
0.318,0.342,0.446,0,
0.325,0.365,0.426,0,
0.318,0.331,0.411,0,
0.318,0.333,0.44,0,
0.323,0.354,0.426,0,
0.313,0.327,0.449,0,
0.327,0.35,0.478,0,
0.32,0.348,0.479,0,
0.332,0.363,0.44,0,
0.326,0.344,0.428,0,
0.316,0.349,0.463,0,
0.325,0.333,0.459,0,
0.31,0.334,0.408,0,
0.339,0.357,0.45,0,
0.323,0.355,0.423,0,
0.311,0.354,0.38,0,
0.314,0.348,0.41,0,
0.317,0.345,0.431,0,
0.316,0.328,0.421,0,
0.33,0.368,0.441,0,
0.292,0.305,0.432,0,
0.324,0.335,0.431,0,
0.317,0.341,0.483,0,
0.319,0.349,0.444,0,
0.319,0.353,0.438,0,
0.309,0.338,0.482,0,
0.311,0.317,0.446,0,
0.317,0.346,0.437,0,
0.331,0.367,0.432,0,
0.314,0.338,0.43,0,
0.331,0.357,0.427,0,
0.312,0.317,0.43,0,
0.33,0.349,0.439,0,
0.328,0.347,0.443,0,
0.321,0.336,0.466,0,
0.312,0.357,0.399,0,
0.33,0.353,0.445,0,
0.333,0.351,0.452,0,
0.304,0.332,0.417,0,
0.314,0.347,0.453,0,
0.332,0.362,0.467,0,
0.325,0.336,0.455,0,
0.32,0.349,0.458,0,
0.312,0.322,0.45,0,
0.33,0.349,0.467,0,
0.313,0.352,0.407,0,
0.315,0.334,0.438,0,
0.311,0.348,0.413,0,
0.322,0.348,0.431,0,
0.318,0.346,0.446,0,
0.318,0.333,0.424,0,
0.329,0.366,0.425,0,
0.326,0.343,0.404,0,
0.336,0.356,0.432,0,
0.332,0.353,0.438,0,
0.318,0.34,0.485,0,
0.313,0.337,0.466,0,
0.317,0.345,0.463,0,
0.326,0.352,0.445,0,
0.321,0.345,0.421,0,
0.328,0.349,0.417,0,
0.323,0.345,0.478,0,
0.324,0.345,0.447,0,
0.316,0.342,0.39,0,
0.323,0.339,0.437,0,
0.326,0.338,0.438,0,
0.32,0.348,0.415,0,
0.322,0.34,0.425,0,
0.327,0.355,0.449,0,
0.328,0.359,0.434,0,
0.335,0.35,0.473,0,
0.31,0.335,0.429,0,
0.32,0.338,0.46,0,
0.303,0.307,0.419,0,
0.328,0.359,0.464,0,
0.324,0.345,0.462,0,
0.318,0.339,0.419,0,
0.33,0.366,0.455,0,
0.32,0.342,0.435,0,
0.324,0.346,0.443,0,
0.319,0.34,0.416,0,
0.312,0.344,0.424,0,
0.321,0.349,0.401,0,
0.333,0.346,0.438,0,
0.315,0.325,0.435,0,
0.323,0.341,0.443,0,
0.311,0.331,0.425,0,
0.328,0.352,0.442,0,
0.331,0.37,0.437,0,
0.339,0.359,0.452,0,
0.313,0.347,0.437,0,
0.298,0.322,0.419,0,
0.318,0.346,0.452,0,
0.324,0.346,0.458,0,
0.314,0.33,0.444,0,
0.324,0.353,0.4,0,
0.316,0.334,0.44,0,
0.327,0.356,0.448,0,
0.318,0.334,0.422,0,
0.321,0.353,0.416,0,
0.315,0.333,0.415,0,
0.311,0.34,0.405,0,
0.292,0.301,0.397,0,
0.314,0.327,0.421,0,
0.325,0.34,0.435,0,
0.325,0.354,0.444,0,
0.326,0.353,0.42,0,
0.319,0.344,0.432,0,
0.321,0.352,0.41,0,
0.313,0.317,0.495,0,
0.304,0.312,0.486,0,
0.302,0.309,0.474,0,
0.325,0.358,0.422,0,
0.325,0.357,0.462,0,
0.321,0.355,0.487,0,
0.323,0.334,0.455,0,
0.326,0.342,0.436,0,
0.33,0.345,0.443,0,
0.302,0.317,0.414,0,
0.33,0.358,0.438,0,
0.317,0.349,0.418,0,
0.325,0.351,0.485,0,
0.328,0.348,0.517,0,
0.327,0.343,0.438,0,
0.323,0.345,0.454,0,
0.31,0.322,0.406,0,
0.33,0.343,0.476,0,
0.33,0.354,0.491,0,
0.334,0.37,0.437,0,
0.318,0.318,0.455,0,
0.311,0.336,0.439,0,
0.316,0.343,0.418,0,
0.329,0.338,0.469,0,
0.328,0.347,0.459,0,
0.315,0.349,0.404,0,
0.313,0.339,0.438,0,
0.314,0.347,0.415,0,
0.318,0.339,0.447,0,
0.315,0.314,0.495,0,
0.323,0.353,0.433,0,
0.315,0.334,0.433,0,
0.304,0.334,0.419,0,
0.323,0.361,0.411,0,
0.312,0.34,0.426,0,
0.312,0.354,0.459,0,
0.305,0.329,0.414,0,
0.326,0.346,0.442,0,
0.326,0.348,0.411,0,
0.312,0.356,0.389,0,
0.303,0.319,0.435,0,
0.325,0.347,0.431,0,
0.327,0.34,0.492,0,
0.313,0.329,0.458,0,
0.329,0.357,0.443,0,
0.318,0.336,0.443,0,
0.337,0.37,0.431,0,
0.323,0.338,0.416,0,
0.339,0.37,0.451,0,
0.318,0.339,0.42,0,
0.325,0.354,0.496,0,
0.304,0.34,0.384,0,
0.331,0.351,0.457,0,
0.322,0.335,0.448,0,
0.331,0.348,0.434,0,
0.318,0.343,0.424,0,
0.313,0.326,0.458,0,
0.329,0.354,0.456,0,
0.315,0.337,0.444,0,
0.314,0.344,0.454,0,
0.313,0.339,0.44,0,
0.33,0.334,0.477,0,
0.319,0.34,0.455,0,
0.323,0.329,0.452,0,
0.327,0.356,0.43,0,
0.31,0.332,0.399,0,
0.334,0.37,0.446,0,
0.328,0.328,0.474,0,
0.315,0.349,0.441,0,
0.32,0.337,0.424,0,
0.31,0.332,0.466,0,
0.331,0.355,0.451,0,
0.33,0.355,0.446,0,
0.308,0.335,0.459,0,
0.309,0.335,0.415,0,
0.318,0.347,0.432,0,
0.327,0.354,0.406,0,
0.328,0.353,0.438,0,
0.322,0.347,0.434,0,
0.312,0.337,0.431,0,
0.313,0.318,0.441,0,
0.32,0.336,0.427,0,
0.332,0.352,0.435,0,
0.333,0.363,0.444,0,
0.328,0.337,0.454,0,
0.319,0.346,0.43,0,
0.325,0.356,0.44,0,
0.318,0.342,0.44,0,
0.327,0.354,0.438,0,
0.319,0.343,0.437,0,
0.323,0.343,0.422,0,
0.327,0.349,0.442,0,
0.318,0.344,0.455,0,
0.338,0.367,0.431,0,
0.329,0.352,0.468,0,
0.319,0.34,0.473,0,
0.332,0.36,0.451,0,
0.313,0.328,0.433,0,
0.326,0.35,0.449,0,
0.318,0.339,0.435,0,
0.33,0.357,0.453,0,
0.318,0.352,0.433,0,
0.33,0.347,0.437,0,
0.321,0.348,0.439,0,
0.294,0.329,0.39,0,
0.322,0.341,0.455,0,
0.317,0.35,0.415,0,
0.331,0.349,0.472,0,
0.326,0.353,0.416,0,
0.319,0.34,0.434,0,
0.324,0.352,0.448,0,
0.316,0.354,0.403,0,
0.326,0.348,0.461,0,
0.326,0.339,0.441,0,
0.327,0.374,0.425,0,
0.323,0.346,0.447,0,
0.32,0.336,0.407,0,
0.305,0.335,0.478,0,
0.319,0.35,0.41,0,
0.333,0.352,0.456,0,
0.307,0.325,0.446,0,
0.303,0.328,0.381,0,
0.315,0.335,0.427,0,
0.328,0.339,0.467,0,
0.319,0.346,0.421,0,
0.317,0.338,0.425,0,
0.328,0.339,0.501,0,
0.315,0.351,0.413,0,
0.332,0.359,0.422,0,
0.306,0.332,0.435,0,
0.324,0.35,0.43,0,
0.327,0.35,0.428,0,
0.326,0.342,0.428,0,
0.33,0.351,0.443,0,
0.33,0.347,0.419,0,
0.33,0.366,0.409,0,
0.319,0.337,0.439,0,
0.32,0.338,0.413,0,
0.331,0.371,0.418,0,
0.34,0.361,0.446,0,
0.321,0.345,0.433,0,
0.321,0.355,0.409,0,
0.311,0.346,0.393,0,
0.325,0.354,0.463,0,
0.326,0.354,0.461,0,
0.322,0.338,0.471,0,
0.307,0.324,0.432,0,
0.319,0.338,0.441,0,
0.319,0.352,0.414,0,
0.323,0.341,0.456,0,
0.313,0.334,0.486,0,
0.318,0.329,0.419,0,
0.328,0.354,0.449,0,
0.314,0.349,0.442,0,
0.311,0.326,0.446,0,
0.321,0.359,0.424,0,
0.312,0.34,0.415,0,
0.33,0.365,0.45,0,
0.327,0.355,0.412,0,
0.329,0.362,0.42,0,
0.306,0.32,0.441,0,
0.31,0.326,0.425,0,
0.315,0.339,0.418,0,
0.32,0.343,0.431,0,
0.322,0.334,0.431,0,
0.327,0.347,0.452,0,
0.324,0.358,0.445,0,
0.328,0.358,0.426,0,
0.32,0.328,0.435,0,
0.316,0.331,0.419,0,
0.32,0.336,0.475,0,
0.33,0.345,0.433,0,
0.316,0.34,0.432,0,
0.332,0.361,0.442,0,
0.324,0.345,0.42,0,
0.318,0.355,0.415,0,
0.335,0.364,0.428,0,
0.315,0.326,0.44,0,
0.321,0.342,0.448,0,
0.32,0.345,0.436,0,
0.301,0.343,0.382,0,
0.325,0.358,0.426,0,
0.319,0.353,0.393,0,
0.317,0.347,0.459,0,
0.329,0.362,0.443,0,
0.33,0.342,0.448,0,
0.327,0.366,0.407,0,
0.306,0.331,0.468,0,
0.331,0.357,0.438,0,
0.315,0.345,0.394,0,
0.327,0.357,0.431,0,
0.284,0.326,0.361,0,
0.323,0.361,0.417,0,
0.323,0.354,0.497,0,
0.327,0.352,0.448,0,
0.316,0.324,0.471,0,
0.324,0.36,0.419,0,
0.312,0.326,0.478,0,
0.323,0.349,0.446,0,
0.324,0.361,0.415,0,
0.331,0.362,0.424,0,
0.311,0.346,0.396,0,
0.309,0.344,0.426,0,
0.324,0.343,0.421,0,
0.317,0.329,0.48,0,
0.317,0.341,0.433,0,
0.317,0.35,0.427,0,
0.319,0.342,0.416,0,
0.316,0.325,0.428,0,
0.314,0.33,0.452,0,
0.323,0.322,0.447,0,
0.327,0.361,0.434,0,
0.313,0.343,0.42,0,
0.316,0.348,0.455,0,
0.316,0.326,0.423,0,
0.328,0.355,0.449,0,
0.318,0.319,0.441,0,
0.318,0.338,0.446,0,
0.336,0.357,0.461,0,
0.306,0.341,0.433,0,
0.318,0.362,0.441,0,
0.329,0.351,0.424,0,
0.322,0.337,0.446,0,
0.334,0.345,0.471,0,
0.328,0.355,0.415,0,
0.317,0.34,0.465,0,
0.333,0.355,0.458,0,
0.321,0.334,0.466,0,
0.325,0.344,0.418,0,
0.317,0.34,0.417,0,
0.316,0.349,0.45,0,
0.308,0.347,0.425,0,
0.322,0.351,0.437,0,
0.327,0.36,0.447,0,
0.321,0.345,0.424,0,
0.312,0.316,0.464,0,
0.302,0.341,0.375,0,
0.329,0.351,0.437,0,
0.315,0.339,0.431,0,
0.318,0.359,0.406,0,
0.331,0.353,0.458,0,
0.324,0.343,0.423,0,
0.307,0.318,0.437,0,
0.329,0.344,0.466,0,
0.32,0.337,0.451,0,
0.311,0.336,0.464,0,
0.315,0.339,0.399,0,
0.306,0.329,0.43,0,
0.313,0.35,0.391,0,
0.329,0.344,0.47,0,
0.32,0.333,0.44,0,
0.321,0.348,0.437,0,
0.32,0.343,0.41,0,
0.308,0.332,0.432,0,
0.312,0.329,0.422,0,
0.329,0.352,0.451,0,
0.332,0.357,0.437,0,
0.312,0.319,0.467,0,
0.31,0.336,0.424,0,
0.336,0.361,0.434,0,
0.318,0.335,0.461,0,
0.309,0.344,0.472,0,
0.316,0.341,0.428,0,
0.325,0.342,0.428,0,
0.319,0.34,0.464,0,
0.312,0.347,0.392,0,
0.324,0.338,0.455,0,
0.32,0.353,0.444,0,
0.324,0.347,0.437,0,
0.329,0.358,0.434,0,
0.319,0.34,0.462,0,
0.331,0.373,0.396,0,
0.328,0.357,0.441,0,
0.313,0.323,0.444,0,
0.328,0.341,0.445,0,
0.326,0.357,0.45,0,
0.315,0.333,0.415,0,
0.322,0.339,0.461,0,
0.326,0.328,0.492,0,
0.326,0.332,0.443,0,
0.327,0.356,0.44,0,
0.319,0.339,0.423,0,
0.327,0.344,0.449,0,
0.333,0.351,0.467,0,
0.31,0.329,0.399,0,
0.32,0.339,0.419,0,
0.32,0.336,0.451,0,
0.308,0.33,0.439,0,
0.328,0.353,0.419,0,
0.329,0.353,0.443,0,
0.319,0.35,0.408,0,
0.34,0.372,0.424,0,
0.32,0.348,0.442,0,
0.329,0.356,0.449,0,
0.323,0.348,0.433,0,
0.329,0.36,0.461,0,
0.325,0.348,0.45,0,
0.33,0.355,0.407,0,
0.313,0.342,0.433,0,
0.32,0.357,0.443,0,
0.307,0.325,0.459,0,
0.316,0.352,0.389,0,
0.311,0.343,0.444,0,
0.308,0.335,0.428,0,
0.338,0.363,0.446,0,
0.317,0.333,0.446,0,
0.32,0.342,0.445,0,
0.307,0.323,0.458,0,
0.343,0.381,0.427,0,
0.328,0.372,0.433,0,
0.325,0.342,0.483,0,
0.325,0.36,0.411,0,
0.32,0.334,0.433,0,
0.328,0.362,0.434,0,
0.32,0.353,0.414,0,
0.323,0.344,0.433,0,
0.325,0.349,0.427,0,
0.33,0.344,0.434,0,
0.317,0.358,0.434,0,
0.322,0.347,0.443,0,
0.307,0.337,0.429,0,
0.324,0.363,0.411,0,
0.324,0.351,0.433,0,
0.314,0.332,0.43,0,
0.323,0.35,0.42,0,
0.323,0.346,0.431,0,
0.313,0.316,0.44,0,
0.333,0.365,0.444,0,
0.33,0.355,0.423,0,
0.316,0.347,0.412,0,
0.314,0.334,0.422,0,
0.322,0.36,0.44,0,
0.326,0.355,0.432,0,
0.33,0.357,0.444,0,
0.322,0.346,0.509,0,
0.323,0.363,0.437,0,
0.317,0.343,0.407,0,
0.334,0.371,0.425,0,
0.32,0.34,0.47,0,
0.327,0.358,0.439,0,
0.324,0.362,0.467,0,
0.319,0.334,0.439,0,
0.333,0.355,0.454,0,
0.313,0.337,0.462,0,
0.333,0.354,0.439,0,
0.334,0.355,0.487,0,
0.329,0.341,0.464,0,
0.319,0.338,0.48,0,
0.324,0.345,0.464,0,
0.315,0.351,0.448,0,
0.322,0.342,0.48,0,
0.316,0.336,0.419,0,
0.316,0.336,0.415,0,
0.321,0.341,0.402,0,
0.319,0.347,0.414,0,
0.323,0.349,0.482,0,
0.325,0.372,0.394,0,
0.323,0.336,0.472,0,
0.311,0.335,0.427,0,
0.329,0.367,0.462,0,
0.318,0.335,0.416,0,
0.315,0.328,0.445,0,
0.327,0.365,0.432,0,
0.325,0.334,0.455,0,
0.318,0.336,0.431,0,
0.305,0.331,0.407,0,
0.32,0.353,0.422,0,
0.314,0.339,0.439,0,
0.315,0.337,0.439,0,
0.318,0.342,0.423,0,
0.308,0.325,0.439,0,
0.32,0.334,0.479,0,
0.315,0.34,0.436,0,
0.328,0.353,0.454,0,
0.323,0.347,0.455,0,
0.314,0.326,0.487,0,
0.32,0.35,0.416,0,
0.321,0.334,0.446,0,
0.329,0.367,0.44,0,
0.308,0.323,0.441,0,
0.303,0.313,0.428,0,
0.333,0.348,0.46,0,
0.321,0.363,0.411,0,
0.312,0.334,0.408,0,
0.317,0.343,0.427,0,
0.284,0.293,0.428,0,
0.321,0.341,0.465,0,
0.309,0.332,0.422,0,
0.315,0.327,0.435,0,
0.316,0.326,0.44,0,
0.317,0.332,0.462,0,
0.32,0.337,0.449,0,
0.324,0.338,0.433,0,
0.316,0.322,0.482,0,
0.313,0.342,0.459,0,
0.32,0.332,0.463,0,
0.312,0.332,0.421,0,
0.311,0.31,0.441,0,
0.303,0.322,0.426,0,
0.317,0.352,0.452,0,
0.32,0.342,0.47,0,
0.324,0.349,0.442,0,
0.31,0.335,0.416,0,
0.315,0.343,0.435,0,
0.314,0.319,0.446,0,
0.31,0.315,0.412,0,
0.32,0.343,0.476,0,
0.317,0.334,0.484,0,
0.311,0.329,0.452,0,
0.305,0.338,0.424,0,
0.307,0.33,0.434,0,
0.305,0.314,0.468,0,
0.313,0.329,0.453,0,
0.299,0.297,0.423,0,
0.313,0.319,0.459,0,
0.308,0.335,0.438,0,
0.314,0.337,0.473,0,
0.303,0.333,0.413,0,
0.315,0.332,0.424,0,
0.295,0.31,0.42,0,
0.298,0.306,0.404,0,
0.325,0.346,0.461,0,
0.302,0.331,0.439,0,
0.303,0.309,0.463,0,
0.321,0.346,0.425,0,
0.306,0.325,0.424,0,
0.317,0.326,0.483,0,
0.295,0.314,0.443,0,
0.334,0.344,0.49,0,
0.324,0.33,0.51,0,
0.308,0.331,0.406,0,
0.308,0.328,0.454,0,
0.313,0.334,0.435,0,
0.305,0.342,0.397,0,
0.302,0.314,0.435,0,
0.311,0.321,0.466,0,
0.312,0.334,0.428,0,
0.311,0.329,0.472,0,
0.298,0.341,0.445,0,
0.312,0.319,0.462,0,
0.315,0.339,0.462,0,
0.321,0.35,0.422,0,
0.305,0.319,0.426,0,
0.316,0.332,0.466,0,
0.297,0.308,0.434,0,
0.309,0.347,0.42,0,
0.324,0.342,0.44,0,
0.305,0.32,0.449,0,
0.302,0.328,0.441,0,
0.318,0.331,0.466,0,
0.316,0.315,0.463,0,
0.299,0.301,0.436,0,
0.313,0.329,0.421,0,
0.306,0.322,0.443,0,
0.315,0.326,0.46,0,
0.325,0.354,0.476,0,
0.303,0.333,0.419,0,
0.311,0.328,0.473,0,
0.318,0.351,0.415,0,
0.309,0.335,0.44,0,
0.309,0.304,0.465,0,
0.312,0.328,0.451,0,
0.315,0.334,0.443,0,
0.316,0.334,0.461,0,
0.311,0.33,0.434,0,
0.295,0.305,0.447,0,
0.301,0.31,0.446,0,
0.314,0.334,0.435,0,
0.298,0.329,0.479,0,
0.307,0.335,0.445,0,
0.316,0.323,0.464,0,
0.308,0.339,0.418,0,
0.317,0.337,0.489,0,
0.317,0.353,0.461,0,
0.327,0.339,0.449,0,
0.316,0.331,0.454,0,
0.302,0.333,0.492,0,
0.309,0.328,0.485,0,
0.318,0.332,0.472,0,
0.307,0.33,0.431,0,
0.31,0.308,0.469,0,
0.304,0.335,0.393,0,
0.311,0.333,0.438,0,
0.294,0.304,0.427,0,
0.298,0.309,0.407,0,
0.314,0.334,0.433,0,
0.321,0.349,0.465,0,
0.309,0.329,0.45,0,
0.322,0.345,0.447,0,
0.314,0.347,0.439,0,
0.322,0.329,0.546,0,
0.325,0.344,0.441,0,
0.329,0.359,0.461,0,
0.322,0.35,0.433,0,
0.312,0.33,0.45,0,
0.315,0.315,0.45,0,
0.305,0.324,0.445,0,
0.316,0.335,0.468,0,
0.305,0.336,0.453,0,
0.319,0.34,0.446,0,
0.301,0.332,0.436,0,
0.315,0.318,0.482,0,
0.315,0.322,0.47,0,
0.323,0.324,0.435,0,
0.31,0.321,0.442,0,
0.278,0.276,0.412,0,
0.318,0.337,0.452,0,
0.301,0.323,0.507,0,
0.309,0.329,0.477,0,
0.311,0.339,0.464,0,
0.319,0.338,0.434,0,
0.29,0.297,0.43,0,
0.319,0.319,0.443,0,
0.301,0.307,0.449,0,
0.324,0.333,0.466,0,
0.299,0.304,0.461,0,
0.309,0.336,0.439,0,
0.309,0.325,0.462,0,
0.323,0.333,0.497,0,
0.295,0.307,0.488,0,
0.316,0.322,0.477,0,
0.306,0.338,0.432,0,
0.321,0.345,0.449,0,
0.322,0.341,0.484,0,
0.308,0.325,0.406,0,
0.322,0.34,0.447,0,
0.304,0.331,0.435,0,
0.311,0.318,0.46,0,
0.3,0.31,0.399,0,
0.315,0.349,0.435,0,
0.314,0.347,0.439,0,
0.325,0.344,0.434,0,
0.324,0.344,0.478,0,
0.319,0.335,0.491,0,
0.316,0.342,0.448,0,
0.32,0.348,0.439,0,
0.313,0.331,0.449,0,
0.297,0.321,0.394,0,
0.311,0.32,0.436,0,
0.312,0.335,0.416,0,
0.3,0.31,0.403,0,
0.31,0.323,0.479,0,
0.302,0.319,0.528,0,
0.324,0.339,0.466,0,
0.305,0.333,0.41,0,
0.299,0.318,0.473,0,
0.308,0.33,0.431,0,
0.313,0.32,0.459,0,
0.316,0.319,0.456,0,
0.317,0.337,0.449,0,
0.301,0.325,0.426,0,
0.31,0.329,0.478,0,
0.311,0.32,0.454,0,
0.295,0.289,0.434,0,
0.315,0.334,0.43,0,
0.313,0.338,0.509,0,
0.312,0.329,0.446,0,
0.319,0.333,0.485,0,
0.315,0.331,0.464,0,
0.316,0.339,0.477,0,
0.317,0.326,0.455,0,
0.296,0.304,0.469,0,
0.323,0.364,0.443,0,
0.303,0.321,0.436,0,
0.298,0.305,0.457,0,
0.319,0.34,0.46,0,
0.329,0.357,0.448,0,
0.304,0.301,0.441,0,
0.307,0.326,0.424,0,
0.302,0.328,0.42,0,
0.307,0.311,0.437,0,
0.308,0.323,0.418,0,
0.326,0.344,0.456,0,
0.308,0.334,0.448,0,
0.325,0.339,0.465,0,
0.301,0.318,0.396,0,
0.306,0.317,0.434,0,
0.308,0.325,0.455,0,
0.301,0.309,0.474,0,
0.317,0.325,0.413,0,
0.317,0.333,0.457,0,
0.303,0.318,0.503,0,
0.324,0.337,0.462,0,
0.312,0.351,0.449,0,
0.312,0.325,0.449,0,
0.312,0.321,0.432,0,
0.311,0.307,0.46,0,
0.296,0.318,0.439,0,
0.314,0.32,0.48,0,
0.307,0.318,0.445,0,
0.318,0.33,0.468,0,
0.323,0.336,0.463,0,
0.319,0.349,0.494,0,
0.318,0.327,0.461,0,
0.314,0.336,0.465,0,
0.293,0.316,0.419,0,
0.321,0.358,0.444,0,
0.314,0.314,0.45,0,
0.315,0.331,0.469,0,
0.315,0.337,0.454,0,
0.324,0.347,0.476,0,
0.315,0.345,0.443,0,
0.312,0.326,0.493,0,
0.31,0.334,0.472,0,
0.309,0.322,0.469,0,
0.306,0.311,0.436,0,
0.308,0.324,0.434,0,
0.299,0.291,0.464,0,
0.293,0.301,0.431,0,
0.307,0.301,0.456,0,
0.299,0.307,0.459,0,
0.332,0.359,0.454,0,
0.314,0.345,0.448,0,
0.3,0.324,0.43,0,
0.313,0.322,0.492,0,
0.306,0.32,0.412,0,
0.302,0.331,0.401,0,
0.311,0.313,0.462,0,
0.322,0.332,0.455,0,
0.305,0.306,0.466,0,
0.316,0.307,0.457,0,
0.319,0.329,0.466,0,
0.316,0.318,0.476,0,
0.306,0.321,0.436,0,
0.314,0.328,0.425,0,
0.303,0.322,0.489,0,
0.307,0.312,0.457,0,
0.309,0.33,0.463,0,
0.326,0.357,0.42,0,
0.317,0.335,0.465,0,
0.307,0.341,0.429,0,
0.306,0.327,0.462,0,
0.31,0.323,0.445,0,
0.312,0.321,0.478,0,
0.314,0.332,0.46,0,
0.303,0.307,0.432,0,
0.314,0.322,0.461,0,
0.315,0.348,0.418,0,
0.308,0.319,0.444,0,
0.304,0.334,0.442,0,
0.309,0.324,0.453,0,
0.313,0.344,0.473,0,
0.314,0.358,0.417,0,
0.295,0.297,0.498,0,
0.309,0.322,0.434,0,
0.305,0.319,0.435,0,
0.32,0.338,0.434,0,
0.302,0.33,0.404,0,
0.306,0.323,0.425,0,
0.311,0.307,0.455,0,
0.317,0.334,0.472,0,
0.323,0.337,0.464,0,
0.312,0.341,0.454,0,
0.324,0.335,0.476,0,
0.307,0.312,0.442,0,
0.314,0.323,0.467,0,
0.305,0.341,0.407,0,
0.323,0.344,0.436,0,
0.316,0.329,0.436,0,
0.316,0.342,0.453,0,
0.309,0.332,0.409,0,
0.314,0.315,0.478,0,
0.319,0.332,0.486,0,
0.31,0.349,0.46,0,
0.308,0.319,0.443,0,
0.311,0.321,0.423,0,
0.308,0.318,0.474,0,
0.308,0.34,0.431,0,
0.302,0.326,0.376,0,
0.305,0.318,0.46,0,
0.3,0.291,0.469,0,
0.295,0.333,0.393,0,
0.315,0.326,0.428,0,
0.314,0.322,0.47,0,
0.297,0.302,0.412,0,
0.324,0.349,0.442,0,
0.316,0.321,0.463,0,
0.309,0.315,0.444,0,
0.309,0.321,0.443,0,
0.308,0.324,0.467,0,
0.316,0.315,0.451,0,
0.314,0.342,0.491,0,
0.283,0.315,0.444,0,
0.298,0.329,0.44,0,
0.306,0.314,0.49,0,
0.316,0.324,0.447,0,
0.3,0.317,0.45,0,
0.315,0.332,0.441,0,
0.313,0.332,0.458,0,
0.301,0.297,0.465,0,
0.291,0.3,0.455,0,
0.316,0.324,0.491,0,
0.311,0.325,0.437,0,
0.31,0.329,0.412,0,
0.301,0.324,0.459,0,
0.288,0.31,0.389,0,
0.314,0.332,0.458,0,
0.318,0.34,0.429,0,
0.299,0.323,0.424,0,
0.306,0.315,0.466,0,
0.302,0.299,0.454,0,
0.318,0.339,0.438,0,
0.305,0.307,0.438,0,
0.317,0.322,0.444,0,
0.304,0.32,0.509,0,
0.322,0.34,0.457,0,
0.305,0.322,0.39,0,
0.314,0.342,0.453,0,
0.318,0.34,0.435,0,
0.306,0.34,0.414,0,
0.311,0.327,0.497,0,
0.317,0.339,0.429,0,
0.308,0.325,0.459,0,
0.324,0.363,0.426,0,
0.311,0.331,0.466,0,
0.301,0.331,0.424,0,
0.316,0.343,0.412,0,
0.32,0.349,0.44,0,
0.312,0.333,0.446,0,
0.305,0.318,0.417,0,
0.298,0.321,0.473,0,
0.305,0.322,0.458,0,
0.307,0.315,0.455,0,
0.318,0.333,0.489,0,
0.299,0.324,0.434,0,
0.316,0.339,0.438,0,
0.305,0.319,0.429,0,
0.312,0.329,0.464,0,
0.301,0.315,0.455,0,
0.316,0.328,0.48,0,
0.318,0.335,0.422,0,
0.295,0.306,0.407,0,
0.312,0.331,0.429,0,
0.303,0.316,0.441,0,
0.311,0.321,0.446,0,
0.314,0.331,0.449,0,
0.312,0.34,0.439,0,
0.315,0.35,0.442,0,
0.324,0.339,0.421,0,
0.307,0.309,0.451,0,
0.301,0.298,0.478,0,
0.319,0.336,0.481,0,
0.312,0.345,0.444,0,
0.326,0.343,0.443,0,
0.305,0.32,0.416,0,
0.316,0.336,0.448,0,
0.313,0.338,0.414,0,
0.312,0.323,0.46,0,
0.306,0.328,0.404,0,
0.317,0.329,0.47,0,
0.327,0.351,0.441,0,
0.322,0.33,0.438,0,
0.317,0.321,0.439,0,
0.305,0.33,0.41,0,
0.315,0.34,0.422,0,
0.317,0.339,0.45,0,
0.308,0.331,0.49,0,
0.313,0.324,0.469,0,
0.32,0.335,0.455,0,
0.299,0.317,0.417,0,
0.317,0.336,0.439,0,
0.315,0.336,0.462,0,
0.313,0.338,0.416,0,
0.325,0.343,0.451,0,
0.306,0.32,0.438,0,
0.318,0.34,0.471,0,
0.323,0.356,0.426,0,
0.303,0.312,0.523,0,
0.307,0.321,0.43,0,
0.327,0.343,0.431,0,
0.322,0.323,0.491,0,
0.314,0.327,0.43,0,
0.317,0.345,0.425,0,
0.325,0.345,0.469,0,
0.327,0.353,0.399,0,
0.329,0.352,0.433,0,
0.32,0.343,0.432,0,
0.324,0.36,0.406,0,
0.321,0.34,0.426,0,
0.303,0.327,0.406,0,
0.318,0.348,0.44,0,
0.32,0.352,0.389,0,
0.323,0.361,0.405,0,
0.327,0.338,0.485,0,
0.33,0.354,0.487,0,
0.314,0.32,0.441,0,
0.304,0.326,0.447,0,
0.328,0.343,0.42,0,
0.322,0.355,0.428,0,
0.33,0.348,0.454,0,
0.32,0.33,0.472,0,
0.332,0.363,0.408,0,
0.329,0.346,0.481,0,
0.328,0.361,0.403,0,
0.312,0.332,0.425,0,
0.312,0.325,0.437,0,
0.317,0.337,0.468,0,
0.322,0.352,0.454,0,
0.34,0.369,0.432,0,
0.322,0.346,0.422,0,
0.303,0.314,0.443,0,
0.307,0.335,0.416,0,
0.323,0.361,0.411,0,
0.326,0.348,0.489,0,
0.304,0.308,0.463,0,
0.315,0.312,0.489,0,
0.328,0.336,0.448,0,
0.318,0.334,0.434,0,
0.313,0.334,0.493,0,
0.313,0.327,0.438,0,
0.306,0.314,0.435,0,
0.302,0.324,0.482,0,
0.306,0.317,0.478,0,
0.29,0.316,0.414,0,
0.316,0.332,0.421,0,
0.326,0.345,0.466,0,
0.323,0.352,0.432,0,
0.318,0.341,0.421,0,
0.318,0.345,0.418,0,
0.323,0.353,0.474,0,
0.304,0.338,0.385,0,
0.327,0.346,0.457,0,
0.318,0.354,0.418,0,
0.324,0.351,0.448,0,
0.314,0.352,0.426,0,
0.327,0.357,0.436,0,
0.328,0.347,0.462,0,
0.315,0.341,0.426,0,
0.318,0.342,0.436,0,
0.325,0.352,0.428,0,
0.313,0.328,0.435,0,
0.327,0.349,0.441,0,
0.315,0.337,0.503,0,
0.314,0.315,0.44,0,
0.316,0.349,0.437,0,
0.309,0.321,0.46,0,
0.319,0.328,0.471,0,
0.313,0.319,0.494,0,
0.293,0.309,0.433,0,
0.3,0.31,0.487,0,
0.311,0.317,0.454,0,
0.317,0.32,0.441,0,
0.322,0.343,0.462,0,
0.308,0.328,0.416,0,
0.299,0.315,0.458,0,
0.315,0.328,0.436,0,
0.312,0.334,0.429,0,
0.301,0.335,0.41,0,


-0.015,-0.007,0,-0.054,
-0.014,-0.006,0,-0.09,
-0.024,-0.013,0,-0.095,
-0.008,-0.006,0,-0.029,
-0.013,-0.006,0,-0.052,
-0.04,-0.021,0,-0.128,
-0.014,-0.009,0,-0.043,
-0.021,-0.009,0,-0.097,
-0.013,-0.005,0,-0.062,
-0.008,-0.003,0.013,-0.059,
-0.019,-0.005,0,-0.08,
-0.003,-0.003,0,-0.006,
-0.021,-0.003,0,-0.133,
-0.004,-0.003,0,-0.008,
-0.024,-0.015,0,-0.095,
-0.01,-0.002,0,-0.059,
-0.007,-0.002,0,-0.032,
-0.008,-0.009,0,-0.013,
-0.031,-0.02,0,-0.09,
-0.023,-0.007,0,-0.093,
-0.017,-0.005,0,-0.059,
-0.014,-0.007,0,-0.054,
0,0.002,0.01,-0.015,
-0.001,0,0,-0.003,
-0.011,-0.005,0,-0.062,
-0.028,-0.02,0,-0.08,
-0.014,-0.006,0.006,-0.071,
-0.019,-0.005,0,-0.1,
-0.01,-0.003,0,-0.051,
-0.039,-0.022,0,-0.129,
-0.024,-0.009,0,-0.088,
-0.006,0,0.017,-0.034,
-0.006,0,0,-0.048,
-0.008,-0.002,0,-0.067,
-0.005,-0.003,0,-0.021,
0.014,0.006,0.079,0,
0,-0.002,0.068,-0.029,
-0.021,-0.012,0,-0.065,
0.005,0.003,0.028,0,
-0.022,-0.006,0,-0.113,
-0.025,-0.018,0,-0.064,
-0.054,-0.039,0,-0.131,
-0.015,-0.009,0,-0.059,
-0.025,-0.009,0,-0.125,
-0.025,-0.015,0,-0.095,
-0.037,-0.02,0,-0.114,
-0.008,-0.003,0,-0.035,
-0.012,-0.003,0,-0.051,
-0.006,-0.006,0,-0.009,
-0.021,-0.002,0.003,-0.161,
-0.009,-0.003,0,-0.049,
-0.013,-0.003,0,-0.045,
-0.01,-0.005,0,-0.038,
-0.033,-0.026,0,-0.07,
-0.038,-0.012,0,-0.183,
-0.054,-0.041,0,-0.157,
-0.073,-0.076,0,-0.184,
-0.023,-0.003,0.003,-0.101,
0.008,-0.003,0.077,-0.038,
0.005,0.003,0.072,-0.029,
-0.035,-0.025,0.086,-0.206,
-0.05,-0.028,0,-0.171,
-0.013,-0.009,0,-0.044,
-0.034,-0.012,0.038,-0.146,
-0.014,-0.006,0,-0.072,
-0.039,-0.018,0,-0.108,
-0.039,-0.019,0,-0.155,
-0.022,-0.003,0,-0.111,
-0.018,-0.012,0,-0.051,
-0.025,-0.019,0.008,-0.063,
-0.012,-0.003,0,-0.059,
-0.018,-0.007,0,-0.076,
-0.014,-0.012,0,-0.028,
-0.021,-0.01,0,-0.083,
-0.014,-0.003,0,-0.061,
-0.011,-0.003,0,-0.043,
-0.013,-0.002,0,-0.065,
-0.004,-0.003,0,-0.015,
-0.008,-0.009,0,-0.01,
-0.018,-0.006,0,-0.102,
-0.009,-0.009,0,-0.015,
-0.024,-0.018,0,-0.072,
-0.002,0,0.047,-0.062,
-0.01,-0.003,0,-0.04,
-0.03,-0.007,0,-0.124,
-0.019,-0.003,0,-0.067,
-0.009,0,0,-0.079,
-0.043,-0.015,0,-0.138,
-0.03,-0.019,0,-0.09,
0,0,0.003,0,
-0.011,-0.003,0,-0.078,
-0.007,0,0,-0.032,
-0.019,-0.006,0,-0.097,
-0.019,-0.012,0,-0.051,
-0.018,-0.009,0,-0.085,
-0.004,-0.003,0,-0.008,
-0.05,-0.034,0,-0.184,
-0.021,-0.003,0,-0.105,
-0.026,-0.015,0,-0.092,
-0.004,-0.003,0,-0.008,
-0.033,-0.005,0,-0.16,
-0.017,-0.002,0.003,-0.109,
-0.007,-0.003,0.054,-0.07,
-0.032,-0.009,0,-0.116,
-0.044,-0.018,0,-0.149,
-0.033,-0.007,0,-0.117,
0.009,0.009,0.106,-0.068,
-0.01,-0.006,0,-0.032,
-0.025,-0.012,0,-0.155,
-0.003,-0.003,0,-0.003,
-0.002,0,0,-0.021,
-0.014,-0.012,0,-0.038,
-0.04,-0.012,0,-0.178,
-0.014,-0.006,0,-0.075,
-0.003,-0.003,0,-0.005,
-0.024,-0.007,0,-0.126,
-0.025,-0.009,0,-0.135,
-0.013,-0.003,0,-0.074,
-0.018,-0.01,0,-0.07,
-0.031,-0.009,0,-0.155,
-0.036,-0.015,0,-0.186,
-0.025,-0.015,0,-0.067,
-0.026,-0.012,0,-0.11,
-0.004,-0.003,0,-0.015,
-0.021,-0.012,0,-0.103,
-0.021,-0.018,0,-0.055,
-0.025,-0.013,0,-0.093,
-0.02,-0.015,0,-0.049,
-0.022,-0.015,0,-0.064,
-0.004,-0.002,0,-0.018,
-0.021,-0.007,0,-0.102,
-0.011,-0.012,0,-0.025,
-0.045,-0.026,0,-0.151,
-0.021,-0.015,0,-0.053,
0.021,-0.002,0.088,-0.003,
-0.023,-0.009,0,-0.088,
-0.042,-0.021,0,-0.127,
-0.032,-0.012,0,-0.093,
-0.005,-0.003,0,-0.016,
-0.015,-0.006,0,-0.078,
-0.011,-0.009,0,-0.028,
-0.023,-0.005,0,-0.153,
-0.008,0,0,-0.054,
-0.015,-0.015,0,-0.025,
-0.001,0,0,-0.01,
0.005,0.006,0.012,-0.012,
-0.012,-0.005,0.03,-0.054,
-0.005,-0.003,0,-0.02,
-0.036,-0.015,0,-0.112,
-0.018,-0.017,0,-0.045,
-0.021,-0.018,0,-0.054,
-0.048,-0.04,0,-0.092,
-0.03,-0.024,0,-0.072,
-0.029,-0.026,0,-0.063,
-0.004,-0.003,0,-0.009,
-0.018,-0.018,0.003,-0.045,
-0.018,-0.015,0,-0.043,
-0.018,-0.01,0,-0.054,
-0.022,-0.012,0,-0.083,
-0.066,-0.036,0,-0.207,
-0.039,-0.017,0,-0.209,
-0.001,0.002,0.006,-0.012,
-0.022,-0.007,0.023,-0.155,
-0.009,-0.006,0,-0.029,
-0.025,-0.003,0,-0.146,
-0.003,-0.003,0,-0.005,
-0.021,-0.007,0,-0.082,
-0.008,0,0,-0.04,
0.004,0.003,0.006,0,
-0.005,-0.003,0,-0.021,
-0.02,-0.009,0,-0.077,
-0.014,-0.007,0,-0.049,
-0.004,-0.003,0,-0.01,
-0.014,-0.01,0,-0.029,
0,0,0.003,0,
-0.006,0,0.003,-0.037,
-0.005,-0.003,0,-0.021,
-0.011,-0.002,0,-0.049,
-0.048,-0.024,0,-0.143,
-0.011,-0.003,0,-0.062,
-0.028,-0.009,0,-0.102,
-0.006,-0.006,0,-0.01,
-0.029,-0.009,0,-0.092,
-0.019,-0.012,0,-0.069,
-0.064,-0.056,0,-0.173,
-0.02,-0.009,0.033,-0.12,
0.005,0.003,0.027,0,
-0.002,-0.003,0.066,-0.079,
-0.003,-0.003,0,-0.003,
-0.009,0,0,-0.054,
-0.009,-0.009,0,-0.023,
0.009,0,0.083,0,
-0.01,0.002,0.006,-0.056,
-0.013,-0.007,0,-0.038,
-0.028,-0.01,0,-0.093,
-0.021,-0.018,0,-0.044,
-0.043,-0.034,0,-0.135,
-0.009,0,0,-0.083,
-0.013,-0.005,0,-0.043,
-0.024,-0.013,0,-0.082,
-0.022,-0.012,0,-0.07,
-0.009,-0.002,0,-0.05,
-0.028,-0.012,0,-0.126,
-0.015,0.002,0.009,-0.113,
-0.017,-0.009,0,-0.082,
-0.023,-0.018,0,-0.052,
-0.043,-0.012,0,-0.212,
-0.02,-0.009,0,-0.083,
-0.018,-0.003,0,-0.135,
-0.02,-0.009,0,-0.052,
-0.04,-0.029,0.062,-0.133,
-0.001,0,0,-0.005,
-0.017,-0.01,0,-0.064,
-0.023,-0.022,0,-0.045,
-0.02,-0.006,0,-0.105,
-0.013,-0.009,0,-0.043,
-0.008,-0.003,0,-0.035,
0.002,0.013,0.051,-0.066,
-0.021,-0.006,0.012,-0.13,
-0.008,-0.009,0,-0.01,
-0.018,-0.007,0,-0.087,
-0.021,-0.005,0,-0.11,
-0.014,-0.007,0,-0.064,
-0.016,-0.006,0,-0.089,
-0.031,-0.028,0,-0.083,
-0.018,-0.006,0,-0.09,
-0.003,-0.003,0,-0.005,
0,0,0,0,
-0.001,0,0,-0.003,
-0.013,-0.003,0,-0.056,
-0.052,-0.025,0,-0.209,
-0.012,0,0,-0.09,
-0.026,-0.013,0,-0.11,
-0,-0.003,0.026,-0.023,
-0.017,-0.003,0,-0.074,
-0.015,-0.009,0,-0.075,
-0.007,0,0,-0.035,
-0.008,-0.002,0,-0.065,
-0.014,-0.007,0,-0.051,
-0.015,-0.007,0.025,-0.082,
-0.022,-0.018,0,-0.051,
-0.006,0,0,-0.048,
-0.028,-0.01,0,-0.105,
0.003,0.003,0.005,0,
-0,0,0.031,-0.026,
-0.024,-0.005,0,-0.087,
-0.016,-0.012,0,-0.072,
-0.005,-0.003,0,-0.026,
-0.011,-0.009,0,-0.029,
-0.014,0,0,-0.064,
-0.025,-0.012,0,-0.08,
-0.014,-0.005,0,-0.051,
-0.012,-0.006,0,-0.067,
-0.002,-0.003,0,-0.003,
-0.009,-0.003,0,-0.062,
-0.04,-0.025,0.002,-0.132,
0.003,-0.015,0.124,-0.067,
-0.006,-0.002,0,-0.037,
-0.013,-0.006,0,-0.043,
-0.005,0,0,-0.041,
-0.029,-0.029,0,-0.065,
-0.024,-0.009,0.008,-0.09,
-0.013,-0.007,0,-0.04,
-0.002,0.003,0.003,-0.031,
-0.026,-0.015,0,-0.072,
-0.019,-0.009,0,-0.114,
-0.009,-0.006,0,-0.035,
-0.028,-0.006,0,-0.105,
-0.002,-0.003,0.005,-0.006,
-0.032,-0.016,0,-0.1,
-0.038,-0.009,0,-0.218,
-0.015,-0.005,0,-0.054,
-0.034,-0.012,0,-0.129,
-0.019,-0.002,0,-0.152,
-0.01,-0.003,0,-0.07,
-0.024,-0.005,0,-0.092,
-0.051,-0.057,0,-0.088,
-0.024,-0.015,0,-0.1,
-0,0,0,-0.003,
-0.019,-0.01,0,-0.057,
-0.041,-0.022,0,-0.131,
-0.018,-0.004,0,-0.128,
-0.015,-0.009,0,-0.057,
-0.013,-0.006,0,-0.065,
-0.056,-0.041,0,-0.186,
-0.033,-0.027,0,-0.082,
-0.013,-0.006,0,-0.05,
-0.022,-0.009,0,-0.09,
-0.014,-0.003,0,-0.052,
-0.054,-0.03,0,-0.185,
-0.032,-0.01,0,-0.114,
-0.053,-0.029,0,-0.197,
-0.006,-0.003,0,-0.025,
-0.014,-0.01,0,-0.061,
-0.027,-0.015,0.005,-0.123,
-0.019,0,0,-0.062,
-0.036,-0.013,0,-0.116,
-0.009,-0.004,0,-0.029,
-0.015,-0.003,0,-0.1,
-0.02,-0.005,0.026,-0.067,
-0.009,0,0.003,-0.074,
-0.027,0,0,-0.162,
-0.018,-0.003,0,-0.1,
-0.008,-0.006,0,-0.021,
-0.023,-0.007,0,-0.095,
-0.038,-0.03,0,-0.137,
-0.015,-0.006,0,-0.085,
-0.011,-0.009,0.037,-0.079,
-0.035,-0.018,0,-0.111,
-0.013,-0.009,0,-0.046,
-0.013,-0.003,0,-0.055,
-0.031,-0.017,0,-0.126,
-0.025,-0.007,0,-0.107,
-0.034,-0.027,0,-0.116,
-0.031,-0.012,0,-0.108,
-0.012,-0.009,0,-0.033,
-0.024,-0.005,0,-0.123,
0.005,0.006,0.01,-0.003,
-0.02,-0.012,0,-0.068,
-0.023,-0.007,0,-0.121,
-0.002,-0.006,0.057,-0.026,
-0.005,0,0,-0.04,
-0.018,-0.01,0,-0.068,
-0.045,-0.009,0,-0.236,
-0.037,-0.032,0,-0.087,
-0.033,-0.009,0,-0.124,
-0.012,-0.007,0,-0.059,
-0.03,-0.01,0,-0.141,
-0.008,0,0,-0.051,
-0.028,-0.018,0,-0.091,
-0.019,-0.007,0,-0.07,
-0.009,-0.006,0,-0.029,
-0.007,0,0,-0.035,
-0.021,-0.004,0,-0.083,
-0.016,-0.006,0,-0.045,
-0.002,0.006,0.094,-0.178,
-0.037,-0.015,0,-0.196,
-0.026,-0.009,0,-0.125,
-0.032,-0.018,0,-0.148,
-0.036,-0.01,0,-0.122,
-0.034,-0.016,0,-0.112,
-0.01,-0.002,0.05,-0.08,
-0.022,-0.022,0,-0.057,
0.009,0,0.105,-0.051,
-0.016,-0.007,0,-0.087,
-0.002,0,0,-0.013,
-0.037,-0.013,0,-0.098,
-0.054,-0.043,0,-0.173,
-0.04,-0.025,0,-0.159,
0.002,0.003,0.003,0,
-0.026,-0.019,0,-0.072,
0.004,-0.003,0.055,-0.003,
-0.005,0,0.003,-0.032,
-0.028,-0.013,0,-0.112,
0.002,0.002,0.068,-0.069,
-0.01,-0.006,0,-0.038,
-0.008,-0.003,0,-0.036,
-0.043,-0.036,0,-0.11,
-0.034,-0.028,0,-0.11,
-0.015,-0.015,0,-0.033,
-0.025,-0.005,0,-0.119,
-0.023,-0.006,0,-0.075,
-0.017,0,0,-0.116,
-0.035,-0.039,0,-0.088,
-0.009,-0.005,0,-0.038,
-0.01,0.002,0.003,-0.069,
-0.037,-0.018,0,-0.131,
-0.015,-0.003,0,-0.088,
-0.019,0,0,-0.143,
-0.009,0.002,0.003,-0.077,
-0.025,-0.009,0,-0.084,
-0.01,-0.006,0.013,-0.069,
-0.016,-0.018,0,-0.035,
-0.027,-0.015,0,-0.131,
-0.03,-0.012,0,-0.125,
-0.007,0,0,-0.057,
-0.008,-0.006,0.015,-0.029,
-0.003,0,0,-0.023,
-0.029,-0.011,0,-0.129,
-0.007,0,0,-0.052,
-0.014,-0.003,0,-0.102,
-0.015,-0.005,0,-0.062,
-0.021,-0.009,0,-0.095,
-0.013,-0.006,0,-0.05,
-0.001,0,0,-0.008,
-0.013,-0.009,0,-0.054,
0.01,0,0.061,0,
-0.011,-0.005,0,-0.047,
-0.016,-0.006,0,-0.068,
-0.011,-0.009,0,-0.029,
-0.017,-0.007,0,-0.072,
-0.061,-0.037,0,-0.255,
-0.016,-0.009,0,-0.05,
-0.024,-0.005,0,-0.078,
-0.005,-0.004,0.087,-0.064,
-0.037,-0.037,0,-0.087,
-0.014,-0.005,0,-0.08,
-0.034,-0.006,0,-0.142,
-0.025,-0.02,0,-0.064,
-0.028,-0.019,0.003,-0.092,
-0.032,-0.013,0,-0.121,
-0.009,0,0,-0.055,
-0.005,-0.006,0,-0.013,
-0.004,0,0,-0.033,
-0.026,-0.021,0,-0.062,
-0.004,-0.006,0.038,-0.029,
-0.019,-0.006,0.035,-0.128,
-0.021,-0.009,0,-0.1,
-0.018,-0.013,0,-0.046,
0.001,0,0.003,0,
-0.006,-0.002,0,-0.029,
-0.021,0,0,-0.095,
-0.02,-0.009,0,-0.061,
0.006,0.003,0.039,-0.009,
-0.016,-0.012,0,-0.042,
-0.009,-0.003,0,-0.043,
-0.019,-0.011,0,-0.059,
-0.013,-0.012,0,-0.023,
-0.011,-0.003,0,-0.072,
-0.01,0.003,0.02,-0.107,
-0.015,-0.003,0,-0.087,
-0.053,-0.043,0,-0.139,
-0.016,-0.006,0,-0.074,
-0.019,-0.01,0,-0.048,
-0.007,0,0.003,-0.062,
-0.011,-0.002,0,-0.059,
-0.021,-0.009,0,-0.117,
-0.009,-0.005,0,-0.035,
-0.027,-0.013,0.114,-0.153,
-0.004,0,0,-0.036,
-0.031,-0.015,0,-0.133,
-0.032,-0.016,0,-0.121,
-0.013,-0.006,0,-0.071,
-0.026,-0.009,0,-0.128,
-0.041,-0.014,0,-0.143,
-0.024,-0.009,0,-0.099,
-0.007,-0.002,0.025,-0.045,
-0.026,-0.007,0,-0.088,
-0.015,-0.007,0,-0.046,
-0.009,-0.003,0,-0.04,
-0.026,-0.005,0,-0.149,
-0.013,-0.007,0.025,-0.066,
-0.001,-0.003,0.022,-0.006,
-0.008,-0.006,0,-0.02,
-0.013,-0.006,0.005,-0.059,
-0.019,-0.016,0,-0.067,
-0.009,-0.003,0,-0.055,
-0.021,-0.003,0.015,-0.109,
-0.029,-0.009,0,-0.138,
-0.003,-0.003,0,-0.005,
-0.025,-0.015,0.055,-0.18,
-0.014,-0.003,0,-0.09,
-0.015,-0.005,0,-0.085,
-0.013,-0.005,0,-0.051,
-0.013,-0.003,0,-0.046,
-0.029,-0.019,0,-0.074,
-0.025,-0.005,0,-0.106,
-0.016,-0.003,0,-0.051,
-0.004,0,0,-0.036,
-0.019,0.006,0.012,-0.153,
-0.033,-0.015,0,-0.108,
-0.014,-0.009,0,-0.04,
-0.026,-0.009,0,-0.085,
-0.05,-0.019,0,-0.182,
-0.029,-0.015,0,-0.087,
-0.03,-0.015,0,-0.082,
-0.018,-0.006,0,-0.076,
-0.033,-0.024,0,-0.099,
-0.002,-0.003,0,-0.003,
-0.033,-0.013,0,-0.136,
-0.017,-0.009,0.009,-0.076,
0,0,0.003,0,
-0.009,-0.006,0.058,-0.12,
-0.031,-0.012,0,-0.121,
-0.027,-0.014,0,-0.092,
-0.024,-0.009,0,-0.071,
0.007,0.003,0.035,0,
-0.02,-0.007,0,-0.113,
-0.015,-0.005,0,-0.067,
-0.042,-0.041,0,-0.131,
-0.014,-0.01,0,-0.043,
-0.008,-0.006,0.017,-0.059,
-0.015,0,0,-0.136,
-0.024,-0.01,0,-0.117,
-0.009,-0.006,0.008,-0.04,
-0.009,-0.012,0.047,-0.032,
-0.012,-0.005,0,-0.064,
-0.031,-0.022,0,-0.117,
-0.02,-0.009,0.003,-0.085,
-0.034,-0.005,0,-0.121,
-0.048,-0.009,0,-0.236,
-0.035,-0.019,0,-0.081,
-0.012,-0.006,0,-0.063,
-0.005,0,0.036,-0.078,
-0.038,-0.017,0,-0.123,
-0.02,-0.003,0,-0.131,
-0.021,-0.013,0,-0.098,
-0.003,-0.003,0,-0.005,
-0.058,-0.043,0,-0.145,
-0.028,-0.007,0,-0.15,
-0.015,-0.006,0,-0.089,
-0.017,-0.012,0,-0.08,
-0.02,-0.003,0,-0.143,
-0.031,-0.019,0,-0.102,
-0.019,-0.009,0,-0.072,
-0.055,-0.02,0,-0.188,
-0.032,-0.018,0,-0.152,
-0.014,-0.004,0,-0.054,
-0.028,-0.016,0,-0.096,
-0.014,-0.006,0,-0.061,
-0.006,0.002,0.005,-0.04,
-0.008,-0.004,0,-0.043,
-0.016,-0.006,0,-0.096,
-0.03,-0.012,0,-0.127,
-0.005,-0.005,0,-0.009,
-0.003,0,0,-0.02,
-0.029,-0.01,0,-0.107,
-0.029,-0.02,0,-0.102,
0.002,0,0.022,-0.003,
-0.026,-0.015,0.02,-0.097,
-0.023,-0.013,0,-0.054,
-0.008,-0.006,0,-0.021,
-0.027,-0.023,0,-0.07,
-0.004,-0.003,0,-0.009,
-0.005,0.003,0.059,-0.119,
-0.027,-0.009,0,-0.088,
-0.009,-0.006,0,-0.04,
-0.011,-0.005,0,-0.059,
-0.02,-0.005,0,-0.067,
-0.025,-0.009,0,-0.1,
-0.028,-0.022,0,-0.105,
-0.033,-0.01,0,-0.209,
-0.007,-0.006,0,-0.013,
-0.013,-0.003,0,-0.078,
-0.007,-0.006,0,-0.015,
-0.007,-0.005,0,-0.026,
-0.019,-0.009,0,-0.069,
-0.008,-0.007,0.227,-0.252,
-0.02,-0.006,0,-0.085,
-0.006,0.003,0.003,-0.082,
-0.022,-0.015,0,-0.069,
-0.023,-0.006,0,-0.134,
-0.06,-0.013,0,-0.243,
-0.003,-0.003,0,-0.003,
-0.009,-0.003,0,-0.061,
-0.007,-0.005,0,-0.019,
-0.011,-0.003,0,-0.06,
-0,0,0,-0.003,
-0.014,-0.009,0,-0.04,
-0.016,-0.006,0,-0.064,
0.005,-0.003,0.07,-0.003,
-0.009,0,0,-0.088,
-0.022,-0.003,0,-0.102,
-0.003,0,0,-0.019,
-0.029,-0.01,0,-0.13,
-0.014,-0.012,0,-0.039,
-0.016,-0.003,0,-0.076,
-0.04,-0.037,0,-0.092,
-0.019,-0.007,0,-0.064,
-0.006,-0.006,0,-0.011,
-0.017,-0.006,0,-0.1,
-0,0,0,-0.003,
-0.018,-0.002,0,-0.053,
-0.005,-0.006,0,-0.006,
-0.036,-0.017,0,-0.169,
-0.004,0,0,-0.03,
-0.019,0.002,0.003,-0.191,
-0.015,-0.009,0,-0.055,
-0.002,-0.003,0,-0.003,
0,0,0.003,-0.003,
-0.003,-0.003,0,-0.005,
-0.014,0,0.038,-0.13,
-0.015,-0.009,0.018,-0.055,
-0.02,-0.006,0.027,-0.142,
-0.011,-0.003,0,-0.065,
-0.019,-0.003,0,-0.105,
-0.002,-0.003,0.005,-0.003,
-0.023,-0.01,0,-0.109,
-0.006,-0.006,0,-0.008,
-0.004,0,0,-0.019,
-0.011,-0.006,0,-0.05,
-0.009,-0.009,0,-0.016,
-0.003,-0.003,0,-0.003,
-0.008,-0.006,0,-0.027,
-0.008,-0.002,0,-0.05,
-0.01,-0.009,0,-0.027,
0.004,0,0.037,-0.012,
-0.018,-0.006,0,-0.067,
-0.015,-0.005,0,-0.055,
-0.006,-0.003,0,-0.038,
-0.002,0,0,-0.018,
-0.01,-0.009,0,-0.029,
-0.011,-0.003,0,-0.074,
-0.012,-0.003,0,-0.044,
0.004,-0.003,0.062,-0.003,
-0.016,-0.006,0,-0.074,
0.011,0,0.139,-0.074,
-0.019,-0.003,0,-0.087,
-0.006,-0.003,0.003,-0.036,
-0.012,-0.003,0,-0.062,
0.01,0.003,0.066,0,
-0.006,-0.006,0,-0.008,
-0.005,-0.005,0,-0.018,
-0.017,-0.005,0,-0.076,
-0,0,0,-0.005,
-0.01,-0.006,0,-0.045,
-0.018,-0.007,0,-0.058,
-0.021,-0.005,0,-0.084,
-0.003,-0.003,0,-0.005,
-0.017,-0.006,0,-0.095,
-0.002,0,0,-0.016,
-0.018,-0.009,0,-0.097,
-0.005,-0.003,0,-0.027,
-0.016,-0.006,0,-0.098,
-0.024,-0.006,0,-0.102,
-0.001,-0.003,0.061,-0.055,
-0.025,-0.003,0,-0.156,
-0.019,0,0.005,-0.1,
-0.014,-0.005,0.029,-0.087,
-0.025,-0.006,0,-0.069,
-0.021,-0.002,0,-0.147,
-0.008,-0.003,0.097,-0.131,
-0.01,-0.003,0,-0.075,
-0.007,-0.003,0,-0.03,
-0.02,-0.003,0,-0.129,
-0.016,-0.003,0,-0.086,
-0.007,-0.003,0,-0.033,
-0.01,-0.006,0,-0.038,
0.002,0,0.016,0,
-0.014,-0.007,0,-0.047,
-0.014,-0.006,0,-0.087,
-0.006,-0.003,0,-0.04,
-0.031,-0.01,0,-0.116,
-0.001,0,0,-0.009,
-0.026,-0.013,0,-0.062,
-0.004,0.003,0.059,-0.068,
-0.014,-0.009,0.016,-0.047,
-0.024,-0.009,0,-0.077,
-0.024,-0.004,0,-0.119,
-0.002,-0.003,0,-0.003,
-0.003,-0.003,0,-0.012,
-0.004,0,0,-0.03,
-0.035,-0.015,0,-0.129,
-0.011,-0.003,0,-0.052,
-0.01,-0.006,0,-0.047,
-0.011,-0.006,0,-0.055,
-0.047,-0.026,0,-0.17,
-0,0,0,-0.003,
-0.005,-0.003,0,-0.027,
-0.031,-0.003,0,-0.128,
-0.018,-0.014,0,-0.05,
-0.027,-0.007,0,-0.147,
-0.004,0,0,-0.034,
-0.017,-0.009,0,-0.082,
-0.039,-0.018,0,-0.117,
-0.045,-0.027,0,-0.098,
-0.017,-0.009,0,-0.09,
0.015,0.003,0.083,-0.024,
-0.005,-0.003,0,-0.016,
-0.014,-0.009,0,-0.066,
-0.032,-0.01,0,-0.144,
-0.018,-0.009,0,-0.082,
-0.001,-0.003,0.016,-0.006,
-0.019,-0.003,0,-0.119,
-0.005,-0.003,0,-0.012,
-0.008,0.002,0.059,-0.084,
-0.003,-0.003,0,-0.006,
-0.011,-0.006,0,-0.069,
-0.015,-0.003,0,-0.117,
-0.052,-0.058,0,-0.097,
-0.021,-0.006,0,-0.151,
-0.006,-0.003,0,-0.044,
-0.011,-0.012,0,-0.019,
-0.006,-0.006,0,-0.011,
-0.003,-0.003,0,-0.011,
0,0,0,0,
-0.036,-0.019,0,-0.117,
-0.018,-0.005,0,-0.092,
-0.015,-0.002,0,-0.119,
-0.015,-0.007,0,-0.066,
-0.001,-0.003,0.052,-0.024,
-0.007,-0.005,0.013,-0.033,
-0.027,-0.013,0,-0.105,
-0.012,-0.006,0,-0.053,
-0.02,-0.006,0,-0.114,
-0.003,-0.003,0,-0.008,
-0.013,-0.003,0,-0.092,
0.01,0,0.108,-0.018,
-0.005,0,0,-0.043,
-0.015,-0.012,0.029,-0.055,
-0.013,-0.009,0,-0.047,
-0.032,-0.012,0,-0.089,
-0.007,-0.003,0.003,-0.039,
-0.03,-0.015,0,-0.138,
-0.043,-0.018,0,-0.123,
-0.048,-0.01,0,-0.275,
0.002,-0.003,0.041,-0.006,
-0.032,-0.015,0,-0.131,
-0.005,0,0,-0.043,
-0.022,-0.006,0,-0.102,
-0.008,-0.006,0,-0.029,
-0.009,-0.002,0,-0.053,
-0.019,-0.009,0,-0.066,
-0.016,-0.009,0,-0.076,
-0.01,-0.003,0,-0.041,
-0.002,0,0,-0.018,
-0.005,-0.003,0,-0.021,
-0.045,-0.015,0,-0.138,
-0.007,-0.002,0,-0.033,
-0,0,0,-0.003,
-0.005,0,0,-0.044,
-0.028,-0.022,0,-0.077,
-0.018,-0.015,0,-0.047,
-0.024,-0.005,0.003,-0.101,
-0.008,-0.003,0,-0.06,
-0.004,-0.003,0,-0.012,
-0.048,-0.029,0,-0.201,
-0.022,-0.013,0,-0.074,
-0.003,-0.003,0,-0.008,
-0.022,-0.019,0,-0.061,
0,0,0,0,
0.004,-0.003,0.05,-0.003,
-0.006,-0.006,0,-0.011,
-0.007,-0.003,0,-0.029,
0.002,0,0.022,0,
-0.018,-0.002,0,-0.126,
-0.01,-0.002,0,-0.05,
-0.018,0,0,-0.126,
-0.027,-0.01,0,-0.111,
-0.012,0,0,-0.087,
-0.006,0,0,-0.044,
-0.003,-0.003,0,-0.006,
-0.009,-0.009,0,-0.018,
-0.034,-0.04,0,-0.064,
-0.018,-0.003,0,-0.112,
-0,0,0,-0.003,
-0.019,0.002,0.003,-0.111,
-0.029,-0.003,0,-0.138,
-0.012,-0.006,0,-0.069,
-0.012,-0.007,0.04,-0.054,
-0.03,-0.021,0,-0.074,
-0.04,-0.021,0,-0.114,
-0.026,-0.007,0,-0.1,
-0.052,-0.03,0,-0.168,
0.002,0.003,0.003,0,
-0.017,-0.006,0,-0.07,
-0.01,-0.003,0,-0.063,
0.004,-0.003,0.059,-0.003,
-0.027,-0.003,0,-0.12,
-0.008,-0.003,0,-0.047,
-0.026,-0.007,0,-0.131,
-0.005,-0.003,0,-0.021,
-0.031,-0.017,0,-0.095,
-0.004,-0.006,0.027,-0.027,
-0.039,-0.01,0,-0.202,
-0.006,-0.006,0,-0.011,
-0.014,-0.009,0,-0.066,
0,0,0.016,-0.015,
-0.013,-0.009,0,-0.047,
-0.036,-0.027,0,-0.087,
-0.01,-0.007,0.003,-0.044,
-0.005,-0.003,0,-0.021,
-0.012,-0.003,0,-0.095,
-0.021,-0.005,0,-0.069,
-0.021,-0.009,0,-0.12,
0.013,0.003,0.102,0,
-0.04,-0.017,0,-0.138,
-0.035,-0.017,0,-0.153,
0.016,0,0.14,0,
-0.018,-0.01,0,-0.052,
-0.008,-0.003,0,-0.043,
-0.014,0,0,-0.095,
-0.014,-0.012,0,-0.029,
-0.008,-0.003,0,-0.05,
-0.005,0,0,-0.024,
-0.008,-0.006,0,-0.037,
-0.011,-0.003,0,-0.043,
-0.009,-0.009,0,-0.014,
-0.011,-0.003,0,-0.079,
-0.025,-0.009,0,-0.135,
-0.003,-0.003,0,-0.005,
-0.007,-0.003,0,-0.036,
-0.013,-0.009,0,-0.05,
-0.015,-0.006,0,-0.063,
-0.003,-0.003,0,-0.006,
-0.006,-0.006,0,-0.011,
-0.002,-0.003,0,-0.003,
-0.006,-0.006,0,-0.011,
-0.008,-0.006,0,-0.034,
0.001,0.003,0.003,-0.008,
-0.015,-0.003,0,-0.097,
-0.029,-0.007,0,-0.154,
-0.01,-0.006,0.003,-0.036,
-0.015,-0.006,0,-0.092,
-0.006,-0.003,0,-0.022,
-0.001,0,0,-0.005,
-0.012,-0.006,0,-0.064,
-0.017,-0.012,0,-0.055,
-0.011,-0.003,0.024,-0.069,
-0.011,-0.004,0,-0.055,
-0.033,-0.022,0,-0.095,
-0.005,-0.002,0,-0.036,
-0.019,-0.007,0,-0.087,
-0.019,-0.007,0,-0.095,
-0.007,-0.006,0,-0.027,
-0,0,0,-0.003,
-0.026,-0.006,0,-0.136,
-0.003,-0.003,0,-0.006,
-0.009,-0.005,0,-0.034,
-0.003,-0.003,0,-0.012,
-0.005,-0.003,0,-0.021,
-0.007,0,0.008,-0.074,
-0.022,-0.01,0,-0.074,
-0.007,0,0,-0.063,
-0.01,-0.006,0,-0.054,
-0.04,-0.01,0,-0.161,
-0.004,0,0,-0.033,
-0.007,-0.006,0,-0.022,
-0.015,-0.006,0,-0.069,
-0.005,-0.006,0,-0.006,
0.02,0.009,0.094,0,
-0.02,-0.006,0,-0.077,
-0.004,-0.003,0,-0.014,
-0.021,-0.003,0.003,-0.107,
-0.02,-0.012,0,-0.058,
-0.015,-0.005,0,-0.077,
-0.015,-0.003,0,-0.09,
-0.006,-0.003,0,-0.029,
-0.003,-0.003,0,-0.006,
-0.023,-0.004,0,-0.151,
-0.026,-0.01,0,-0.123,
-0.015,-0.005,0,-0.068,
-0.003,-0.003,0,-0.003,
-0.01,0,0,-0.08,
0.01,0,0.076,0,
-0.005,-0.003,0,-0.027,
-0.003,-0.003,0,-0.003,
-0.012,-0.006,0,-0.074,
0.011,0.003,0.076,0,
-0.01,-0.003,0,-0.05,
-0.016,-0.006,0,-0.095,
-0.008,-0.002,0.003,-0.044,
-0.011,-0.003,0,-0.05,
-0.012,-0.012,0,-0.019,
-0.013,-0.006,0,-0.055,
0,0,0,0,
-0.009,-0.009,0,-0.016,
0.003,0.003,0.117,-0.089,
-0.02,-0.009,0,-0.123,
-0.013,-0.003,0,-0.079,
0,0.002,0.003,-0.009,
-0.007,-0.006,0,-0.011,
-0.012,-0.003,0,-0.047,
-0.011,-0.012,0,-0.019,
-0.004,0,0,-0.044,
-0.02,-0.006,0,-0.082,
-0.018,-0.006,0,-0.084,
-0.029,-0.007,0,-0.147,
0.007,0,0.082,-0.014,
-0.019,-0.006,0,-0.105,
-0.042,-0.017,0,-0.137,
-0.003,-0.006,0.023,-0.009,
0.003,0,0.032,-0.003,
-0.015,-0.005,0,-0.092,
-0.007,-0.006,0,-0.015,
-0.009,-0.003,0,-0.058,
-0.026,-0.003,0,-0.167,
-0.01,-0.003,0,-0.066,
-0.01,-0.003,0,-0.042,
-0.008,0,0,-0.073,
-0.019,-0.007,0,-0.058,
-0.01,0,0,-0.074,
-0.025,-0.006,0,-0.156,
-0.013,-0.007,0,-0.039,
-0.004,-0.003,0,-0.021,
-0.02,-0.007,0,-0.09,
-0.046,-0.027,0,-0.163,
-0.017,-0.009,0,-0.05,
-0.018,-0.006,0.008,-0.109,
-0.028,-0.012,0,-0.142,
-0.02,-0.013,0,-0.05,
-0.012,-0.009,0,-0.033,
-0.009,-0.003,0,-0.061,
-0.027,-0.024,0,-0.103,
-0.006,-0.006,0,-0.011,
-0.02,-0.002,0,-0.119,
-0.022,-0.006,0,-0.097,
-0.045,-0.029,0,-0.116,
-0.002,-0.003,0,-0.003,
-0.018,-0.006,0,-0.095,
-0.006,-0.006,0,-0.011,
-0.013,0,0,-0.075,
-0.023,-0.012,0,-0.077,
-0.011,-0.003,0,-0.052,
-0.005,-0.003,0,-0.027,
-0.017,-0.003,0,-0.082,
-0.017,-0.005,0,-0.097,
-0.017,-0.006,0,-0.112,
-0.017,-0.009,0,-0.088,
-0.034,-0.012,0,-0.158,
-0.018,-0.003,0.012,-0.097,
-0.006,0,0,-0.055,
-0.016,-0.006,0,-0.112,
-0.015,-0.006,0,-0.071,
-0.025,-0.01,0,-0.079,
-0.018,-0.006,0,-0.119,
-0.003,-0.003,0,-0.006,
-0.003,-0.003,0,-0.005,
-0,0,0.003,-0.009,
0.003,-0.003,0.055,-0.003,
0.005,0,0.064,-0.024,
-0.003,-0.003,0,-0.005,
-0.022,-0.003,0,-0.117,
-0.003,-0.003,0,-0.008,
-0.003,-0.003,0,-0.006,
-0.018,-0.005,0,-0.066,
-0.023,-0.007,0,-0.107,
-0.003,-0.003,0,-0.006,
-0.006,-0.006,0,-0.008,
-0.008,-0.006,0,-0.032,
-0.048,-0.025,0,-0.119,
-0.022,-0.013,0,-0.097,
-0.004,-0.003,0,-0.018,
-0.019,-0.013,0,-0.054,
-0.033,-0.017,0,-0.131,
-0.018,-0.003,0,-0.119,
-0.02,-0.006,0,-0.072,
-0.004,-0.003,0,-0.013,
-0.013,-0.007,0,-0.038,
-0.018,-0.01,0,-0.08,
-0.004,-0.003,0.023,-0.032,
-0.012,-0.003,0.012,-0.053,
0.001,0,0.06,-0.045,
-0.019,-0.003,0,-0.118,
-0.007,-0.003,0,-0.038,
-0.011,-0.003,0,-0.057,
-0.032,-0.003,0,-0.144,
-0.019,-0.009,0,-0.111,
0,0,0.003,0,
-0.019,-0.01,0,-0.1,
-0.04,-0.028,0.003,-0.165,
-0.026,-0.02,0,-0.069,
-0.043,-0.015,0,-0.148,
-0.032,-0.007,0,-0.132,
-0.015,-0.006,0,-0.062,
-0.012,-0.003,0,-0.065,
-0.029,-0.015,0,-0.088,
-0.043,-0.003,0,-0.231,
-0.038,-0.018,0,-0.124,
-0.017,-0.006,0.003,-0.114,
-0.035,-0.019,0,-0.106,
-0.042,-0.026,0,-0.151,
-0,-0.003,0.014,-0.003,
-0.027,-0.021,0,-0.072,
-0.013,-0.004,0,-0.049,
-0.012,-0.003,0,-0.061,
-0.001,0,0,-0.003,
-0.029,-0.01,0,-0.147,
-0.006,-0.003,0,-0.035,
-0.022,-0.017,0,-0.055,
-0.012,-0.006,0,-0.047,
-0.014,-0.006,0,-0.063,
-0.013,-0.002,0,-0.055,
-0.007,-0.006,0.033,-0.071,
-0.018,-0.013,0,-0.055,
-0.023,-0.018,0.094,-0.19,
-0.027,-0.009,0.003,-0.129,
-0.018,-0.003,0,-0.085,
-0.018,-0.006,0,-0.121,
-0.006,0,0.005,-0.062,
-0.018,-0.009,0.02,-0.064,
-0.003,0.002,0.013,-0.051,
0.011,-0.003,0.128,-0.01,
-0.014,-0.004,0,-0.054,
-0.016,-0.009,0,-0.068,
-0.047,-0.037,0,-0.128,
-0.029,-0.005,0,-0.172,
-0.032,-0.007,0,-0.188,
-0.009,-0.006,0,-0.041,
-0.013,-0.003,0,-0.071,
-0.016,-0.007,0,-0.072,
-0.016,-0.003,0,-0.11,
-0.004,0,0,-0.035,
-0.024,-0.01,0,-0.096,
-0.013,-0.005,0,-0.053,
-0.006,-0.003,0,-0.038,
-0.027,-0.009,0,-0.117,
-0.01,-0.006,0,-0.039,
-0.02,-0.01,0,-0.066,
-0.003,-0.003,0,-0.006,
-0.012,-0.003,0,-0.057,
-0.025,-0.009,0,-0.069,
-0.01,-0.006,0,-0.045,
-0.002,-0.003,0,-0.003,
-0.004,0,0,-0.022,
-0.007,-0.003,0.008,-0.032,
-0.023,-0.007,0,-0.129,
-0.015,-0.006,0,-0.092,
-0.012,-0.003,0,-0.05,
-0.008,-0.006,0,-0.044,




Further Data analysis of all test cases 
avg med max min 
AVGs,0.317,0.317,0.343,0.278,
MEDs,0.338,0.339,0.381,0.276,
MAXs,0.442,0.44,0.546,0.361,
MINs,0,0,0,0,


AVGs,-0.016,-0.015,0.021,-0.073,
MEDs,-0.008,-0.006,0.013,-0.076,
MAXs,0.006,0,0.227,0,
MINs,-0.071,-0.065,0,-0.275,



