

Data analysis for each instance 
AVG,MED,MAX,MIN
0.673,0.666,1,0.647,
0.676,0.669,0.992,0.669,
0.629,0.622,0.951,0.62,
0.661,0.654,0.973,0.654,
0.626,0.622,0.941,0.615,
0.694,0.687,0.978,0.687,
0.642,0.635,0.937,0.63,
0.667,0.659,0.997,0.659,
0.662,0.654,0.997,0.654,
0.625,0.629,0.97,0.591,
0.667,0.662,1,0.657,
0.667,0.661,0.987,0.657,
0.667,0.66,0.979,0.66,
0.644,0.645,1,0.542,
0.685,0.678,1,0.676,
0.633,0.626,0.928,0.626,
0.609,0.607,0.943,0.524,
0.638,0.631,0.98,0.625,
0.643,0.645,1,0.603,
0.653,0.647,0.973,0.645,
0.663,0.656,0.989,0.655,
0.652,0.661,0.992,0.594,
0.637,0.629,0.991,0.611,
0.68,0.672,1,0.672,
0.65,0.643,0.965,0.641,
0.681,0.674,1,0.673,
0.678,0.672,0.998,0.668,
0.683,0.676,0.998,0.674,
0.673,0.665,1,0.665,
0.65,0.645,0.991,0.552,
0.637,0.629,1,0.585,
0.583,0.576,0.87,0.576,
0.651,0.643,0.969,0.643,
0.682,0.674,0.995,0.674,
0.681,0.674,1,0.672,
0.678,0.672,0.996,0.669,
0.677,0.669,0.997,0.669,
0.663,0.656,0.968,0.656,
0.673,0.667,1,0.664,
0.664,0.673,0.956,0.64,
0.669,0.661,0.995,0.661,
0.644,0.636,0.972,0.636,
0.684,0.678,0.995,0.656,
0.627,0.621,0.956,0.603,
0.652,0.644,1,0.641,
0.686,0.678,1,0.678,
0.67,0.664,1,0.66,
0.631,0.625,0.958,0.584,
0.684,0.676,1,0.676,
0.659,0.651,1,0.642,
0.679,0.671,0.998,0.671,
0.648,0.641,1,0.639,
0.681,0.673,1,0.673,
0.631,0.622,0.956,0.6,
0.591,0.584,0.883,0.584,
0.66,0.655,1,0.63,
0.621,0.61,1,0.574,
0.671,0.663,1,0.663,
0.675,0.667,0.998,0.667,
0.664,0.657,0.973,0.656,
0.684,0.676,1,0.676,
0.683,0.675,1,0.675,
0.677,0.669,1,0.669,
0.676,0.67,1,0.667,
0.689,0.688,0.991,0.676,
0.679,0.673,1,0.67,
0.592,0.59,0.966,0.492,
0.644,0.637,0.967,0.634,
0.645,0.642,1,0.552,
0.609,0.597,0.959,0.564,
0.662,0.655,1,0.609,
0.671,0.663,1,0.663,
0.677,0.669,0.998,0.669,
0.682,0.674,1,0.674,
0.673,0.669,1,0.662,
0.659,0.651,1,0.639,
0.665,0.658,0.985,0.656,
0.677,0.67,0.996,0.669,
0.676,0.668,1,0.668,
0.628,0.62,0.945,0.605,
0.669,0.664,0.988,0.658,
0.648,0.641,0.981,0.622,
0.628,0.624,1,0.545,
0.67,0.664,1,0.661,
0.676,0.669,0.984,0.668,
0.662,0.654,0.987,0.654,
0.649,0.643,1,0.561,
0.66,0.652,1,0.652,
0.624,0.616,0.961,0.613,
0.667,0.659,1,0.658,
0.66,0.653,1,0.642,
0.682,0.674,1,0.674,
0.676,0.668,1,0.668,
0.658,0.652,0.999,0.648,
0.617,0.61,1,0.606,
0.606,0.597,0.979,0.512,
0.682,0.675,0.998,0.674,
0.642,0.635,0.952,0.635,
0.658,0.652,0.975,0.648,
0.65,0.643,0.961,0.642,
0.681,0.674,1,0.673,
0.683,0.675,1,0.675,
0.669,0.661,1,0.661,
0.679,0.671,1,0.671,
0.655,0.646,1,0.643,
0.664,0.656,1,0.656,
0.671,0.663,0.999,0.663,
0.66,0.652,0.996,0.652,
0.591,0.589,0.941,0.531,
0.684,0.68,1,0.672,
0.596,0.598,0.967,0.399,
0.677,0.671,1,0.667,
0.685,0.679,1,0.673,
0.639,0.631,0.965,0.629,
0.671,0.664,0.98,0.664,
0.668,0.661,0.98,0.66,
0.641,0.634,0.957,0.634,
0.68,0.673,1,0.672,
0.619,0.612,0.929,0.611,
0.686,0.679,1,0.679,
0.664,0.655,1,0.655,
0.63,0.625,0.95,0.581,
0.639,0.631,0.965,0.631,
0.637,0.634,0.972,0.567,
0.663,0.655,0.994,0.655,
0.605,0.596,0.935,0.589,
0.65,0.645,0.969,0.64,
0.68,0.673,0.994,0.672,
0.678,0.673,1,0.668,
0.565,0.559,0.848,0.557,
0.668,0.662,0.993,0.659,
0.668,0.661,1,0.608,
0.649,0.642,0.962,0.641,
0.672,0.664,1,0.664,
0.69,0.683,1,0.682,
0.669,0.662,0.982,0.662,
0.675,0.668,1,0.667,
0.667,0.659,0.997,0.659,
0.621,0.619,0.994,0.536,
0.671,0.663,0.999,0.663,
0.64,0.641,0.991,0.606,
0.687,0.68,1,0.679,
0.672,0.664,1,0.664,
0.683,0.676,0.997,0.676,
0.677,0.669,1,0.669,
0.672,0.664,0.987,0.664,
0.667,0.659,0.995,0.654,
0.674,0.667,1,0.665,
0.67,0.664,1,0.66,
0.618,0.635,0.959,0.584,
0.676,0.669,0.979,0.669,
0.639,0.632,0.944,0.63,
0.605,0.597,0.945,0.597,
0.67,0.662,1,0.662,
0.624,0.617,0.91,0.617,
0.667,0.659,1,0.659,
0.636,0.629,0.931,0.628,
0.682,0.674,1,0.674,
0.682,0.686,0.989,0.663,
0.574,0.561,1,0.471,
0.667,0.659,0.981,0.659,
0.628,0.635,0.979,0.598,
0.682,0.674,1,0.674,
0.639,0.632,0.958,0.631,
0.653,0.645,0.983,0.645,
0.62,0.629,0.975,0.541,
0.673,0.666,0.986,0.666,
0.653,0.646,0.961,0.646,
0.622,0.616,0.936,0.584,
0.656,0.65,0.963,0.648,
0.674,0.667,0.995,0.666,
0.681,0.673,1,0.673,
0.647,0.64,0.975,0.639,
0.614,0.608,0.957,0.582,
0.68,0.672,1,0.671,
0.66,0.655,1,0.649,
0.646,0.638,0.973,0.638,
0.681,0.673,1,0.673,
0.657,0.65,0.969,0.649,
0.678,0.67,1,0.67,
0.603,0.596,0.911,0.595,
0.682,0.674,1,0.674,
0.647,0.64,0.968,0.638,
0.66,0.653,1,0.646,
0.657,0.65,0.996,0.648,
0.685,0.677,1,0.677,
0.659,0.652,0.966,0.652,
0.637,0.631,1,0.619,
0.622,0.621,1,0.537,
0.653,0.646,0.955,0.646,
0.607,0.583,0.995,0.574,
0.68,0.673,0.995,0.672,
0.676,0.668,0.997,0.668,
0.684,0.677,0.999,0.677,
0.663,0.655,0.991,0.655,
0.628,0.611,1,0.517,
0.668,0.66,0.978,0.66,
0.684,0.676,1,0.676,
0.675,0.678,0.972,0.657,
0.624,0.627,1,0.552,
0.681,0.674,1,0.673,
0.655,0.647,0.976,0.647,
0.529,0.538,0.943,0.343,
0.68,0.672,1,0.672,
0.682,0.674,1,0.674,
0.665,0.658,1,0.63,
0.652,0.645,0.975,0.644,
0.661,0.66,0.984,0.629,
0.678,0.67,1,0.67,
0.636,0.628,0.956,0.628,
0.673,0.667,1,0.663,
0.676,0.668,1,0.667,
0.675,0.67,1,0.664,
0.677,0.669,0.994,0.669,
0.675,0.667,0.993,0.667,
0.68,0.672,0.996,0.672,
0.634,0.627,0.952,0.609,
0.618,0.607,1,0.576,
0.642,0.636,0.984,0.624,
0.613,0.624,0.983,0.486,
0.673,0.665,0.997,0.665,
0.669,0.662,1,0.638,
0.67,0.662,1,0.662,
0.663,0.656,0.978,0.655,
0.676,0.67,1,0.667,
0.67,0.666,1,0.659,
0.673,0.665,0.988,0.665,
0.608,0.589,0.99,0.521,
0.674,0.667,0.991,0.667,
0.674,0.667,1,0.665,
0.68,0.672,1,0.672,
0.636,0.628,0.956,0.628,
0.674,0.667,0.992,0.666,
0.663,0.656,1,0.654,
0.665,0.661,1,0.634,
0.678,0.67,1,0.67,
0.675,0.667,1,0.667,
0.66,0.656,0.985,0.648,
0.666,0.659,0.972,0.659,
0.614,0.608,0.949,0.585,
0.682,0.674,1,0.674,
0.61,0.619,0.977,0.542,
0.655,0.652,1,0.623,
0.665,0.657,0.974,0.657,
0.68,0.672,1,0.672,
0.621,0.614,0.929,0.612,
0.589,0.587,1,0.498,
0.671,0.663,0.996,0.663,
0.619,0.612,0.92,0.612,
0.672,0.664,1,0.657,
0.677,0.669,1,0.669,
0.652,0.645,0.971,0.644,
0.636,0.631,0.996,0.572,
0.643,0.638,0.944,0.634,
0.675,0.667,1,0.667,
0.68,0.672,1,0.672,
0.661,0.655,0.989,0.639,
0.623,0.616,0.926,0.616,
0.678,0.67,0.999,0.67,
0.677,0.669,0.995,0.669,
0.619,0.613,0.934,0.611,
0.671,0.667,0.997,0.659,
0.66,0.653,0.988,0.652,
0.666,0.659,0.985,0.655,
0.633,0.625,0.95,0.625,
0.669,0.659,1,0.647,
0.672,0.665,1,0.664,
0.676,0.668,1,0.668,
0.613,0.611,1,0.543,
0.55,0.55,0.942,0.441,
0.602,0.593,1,0.542,
0.588,0.585,0.99,0.506,
0.585,0.584,0.994,0.521,
0.586,0.588,1,0.504,
0.578,0.575,0.999,0.485,
0.575,0.575,0.968,0.499,
0.567,0.564,0.993,0.5,
0.595,0.589,0.989,0.527,
0.584,0.591,0.988,0.499,
0.598,0.59,0.997,0.549,
0.588,0.577,1,0.516,
0.592,0.587,1,0.509,
0.548,0.541,0.938,0.477,
0.587,0.579,0.999,0.521,
0.555,0.544,0.964,0.448,
0.505,0.497,0.848,0.431,
0.543,0.546,1,0.406,
0.56,0.558,0.947,0.512,
0.612,0.609,0.995,0.558,
0.61,0.601,1,0.567,
0.605,0.601,0.997,0.539,
0.588,0.583,0.977,0.535,
0.59,0.587,1,0.524,
0.604,0.601,1,0.542,
0.582,0.579,1,0.489,
0.572,0.556,0.998,0.503,
0.589,0.585,1,0.52,
0.546,0.542,0.936,0.468,
0.594,0.589,0.977,0.547,
0.606,0.606,1,0.56,
0.588,0.577,1,0.554,
0.621,0.611,1,0.556,
0.576,0.567,0.987,0.513,
0.619,0.617,1,0.55,
0.586,0.591,1,0.498,
0.568,0.562,0.973,0.499,
0.592,0.584,1,0.533,
0.576,0.568,0.999,0.481,
0.589,0.58,1,0.537,
0.552,0.548,0.953,0.456,
0.568,0.562,0.942,0.509,
0.592,0.583,1,0.494,
0.548,0.54,0.989,0.452,
0.6,0.613,1,0.474,
0.586,0.578,1,0.506,
0.608,0.599,1,0.569,
0.577,0.583,0.973,0.448,
0.58,0.574,0.99,0.515,
0.542,0.535,0.86,0.535,
0.59,0.577,1,0.537,
0.567,0.561,0.993,0.444,
0.584,0.583,0.996,0.478,
0.594,0.593,1,0.543,
0.591,0.585,0.995,0.532,
0.58,0.577,1,0.455,
0.607,0.603,0.986,0.558,
0.615,0.609,0.988,0.548,
0.595,0.589,1,0.511,
0.604,0.595,1,0.533,
0.589,0.581,0.984,0.524,
0.603,0.608,0.986,0.521,
0.556,0.548,0.924,0.496,
0.617,0.61,1,0.563,
0.61,0.608,1,0.566,
0.603,0.601,0.98,0.548,
0.568,0.579,0.974,0.507,
0.578,0.577,0.97,0.453,
0.576,0.576,1,0.513,
0.601,0.593,0.996,0.549,
0.568,0.566,0.967,0.53,
0.582,0.573,1,0.539,
0.555,0.527,0.994,0.467,
0.631,0.623,1,0.622,
0.59,0.586,0.998,0.512,
0.551,0.552,0.966,0.435,
0.582,0.576,0.953,0.532,
0.588,0.595,1,0.498,
0.589,0.583,0.983,0.531,
0.562,0.558,0.929,0.501,
0.602,0.597,0.993,0.543,
0.576,0.577,0.993,0.505,
0.623,0.617,1,0.545,
0.566,0.567,1,0.458,
0.598,0.595,1,0.498,
0.526,0.531,0.884,0.436,
0.593,0.589,0.993,0.526,
0.549,0.55,0.948,0.463,
0.62,0.614,1,0.554,
0.572,0.562,0.972,0.509,
0.589,0.583,0.981,0.528,
0.564,0.561,0.939,0.494,
0.575,0.571,0.951,0.492,
0.585,0.579,1,0.491,
0.567,0.562,0.938,0.512,
0.604,0.599,1,0.507,
0.595,0.591,0.99,0.542,
0.621,0.613,1,0.613,
0.571,0.565,0.949,0.519,
0.57,0.567,0.972,0.444,
0.599,0.595,1,0.539,
0.608,0.603,0.98,0.492,
0.592,0.585,0.975,0.508,
0.594,0.588,0.989,0.547,
0.602,0.597,1,0.545,
0.559,0.554,0.894,0.516,
0.599,0.601,0.98,0.538,
0.548,0.541,0.893,0.507,
0.609,0.609,0.992,0.501,
0.577,0.569,0.984,0.513,
0.615,0.61,1,0.52,
0.584,0.582,0.994,0.499,
0.58,0.573,1,0.516,
0.582,0.581,1,0.492,
0.599,0.602,1,0.496,
0.613,0.609,1,0.555,
0.625,0.616,1,0.616,
0.594,0.587,1,0.546,
0.546,0.54,0.923,0.511,
0.588,0.579,1,0.529,
0.593,0.591,1,0.513,
0.49,0.481,0.983,0.412,
0.568,0.562,0.996,0.487,
0.607,0.605,1,0.521,
0.615,0.612,0.999,0.559,
0.584,0.58,0.951,0.512,
0.562,0.554,0.976,0.484,
0.556,0.552,0.987,0.479,
0.577,0.571,0.984,0.516,
0.585,0.575,0.975,0.546,
0.597,0.592,0.986,0.538,
0.595,0.591,0.985,0.516,
0.573,0.581,1,0.483,
0.606,0.601,1,0.542,
0.621,0.622,1,0.551,
0.581,0.578,0.994,0.463,
0.595,0.589,0.961,0.552,
0.582,0.585,0.946,0.522,
0.578,0.573,0.978,0.516,
0.577,0.573,0.99,0.488,
0.599,0.598,0.992,0.523,
0.603,0.607,1,0.532,
0.585,0.58,1,0.455,
0.595,0.591,1,0.5,
0.574,0.568,1,0.518,
0.584,0.577,0.974,0.524,
0.586,0.589,1,0.479,
0.596,0.597,0.992,0.506,
0.565,0.552,1,0.499,
0.596,0.592,0.987,0.52,
0.601,0.599,1,0.517,
0.582,0.573,0.99,0.521,
0.52,0.514,0.911,0.421,
0.593,0.584,1,0.519,
0.614,0.612,1,0.549,
0.585,0.594,0.967,0.455,
0.589,0.581,1,0.512,
0.578,0.573,0.973,0.501,
0.602,0.601,0.996,0.551,
0.613,0.607,1,0.514,
0.55,0.546,0.957,0.447,
0.58,0.579,0.958,0.515,
0.592,0.583,1,0.546,
0.56,0.565,0.952,0.484,
0.588,0.577,1,0.532,
0.601,0.589,1,0.555,
0.584,0.575,1,0.517,
0.585,0.579,0.983,0.522,
0.584,0.581,0.975,0.532,
0.565,0.556,0.952,0.446,
0.617,0.612,1,0.576,
0.588,0.581,1,0.536,
0.562,0.555,0.938,0.522,
0.607,0.599,1,0.555,
0.596,0.587,0.994,0.559,
0.573,0.56,0.991,0.491,
0.589,0.584,1,0.475,
0.592,0.586,1,0.531,
0.599,0.595,1,0.545,
0.586,0.579,0.955,0.547,
0.594,0.591,0.991,0.546,
0.6,0.593,1,0.535,
0.587,0.589,1,0.493,
0.589,0.595,0.978,0.498,
0.602,0.603,0.991,0.497,
0.592,0.588,1,0.518,
0.579,0.573,1,0.51,
0.584,0.579,0.975,0.521,
0.551,0.544,0.936,0.485,
0.595,0.596,1,0.484,
0.611,0.606,0.977,0.564,
0.657,0.65,0.968,0.649,
0.642,0.635,0.96,0.634,
0.667,0.66,1,0.633,
0.68,0.672,1,0.672,
0.657,0.649,1,0.648,
0.58,0.573,0.86,0.573,
0.68,0.673,1,0.671,
0.684,0.676,1,0.676,
0.652,0.644,0.99,0.643,
0.682,0.674,1,0.674,
0.684,0.681,0.994,0.671,
0.652,0.644,0.973,0.644,
0.673,0.665,1,0.662,
0.664,0.656,0.967,0.654,
0.674,0.668,1,0.665,
0.608,0.603,0.935,0.577,
0.561,0.559,0.981,0.447,
0.661,0.653,0.971,0.653,
0.584,0.587,0.988,0.49,
0.614,0.615,0.996,0.513,
0.608,0.605,0.995,0.555,
0.62,0.613,0.984,0.588,
0.578,0.569,0.989,0.51,
0.585,0.577,1,0.489,
0.682,0.674,1,0.674,
0.679,0.675,0.999,0.667,
0.668,0.663,1,0.658,
0.675,0.667,1,0.667,
0.631,0.624,0.925,0.624,
0.637,0.629,0.961,0.629,
0.559,0.538,0.973,0.472,
0.669,0.664,1,0.657,
0.59,0.59,0.987,0.481,
0.608,0.61,1,0.516,
0.585,0.583,0.987,0.503,
0.577,0.574,0.96,0.519,
0.593,0.585,0.989,0.529,
0.585,0.58,0.996,0.444,
0.568,0.564,0.993,0.446,
0.595,0.593,1,0.514,


0.682,0.681,0.989,0.595,
0.709,0.695,0.995,0.674,
0.653,0.652,0.942,0.594,
0.651,0.643,1,0.591,
0.655,0.649,0.932,0.613,
0.695,0.69,0.993,0.66,
0.663,0.656,0.96,0.618,
0.687,0.681,1,0.638,
0.678,0.679,1,0.624,
0.602,0.591,1,0.512,
0.653,0.652,0.97,0.534,
0.622,0.614,1,0.548,
0.68,0.677,1,0.597,
0.535,0.526,0.962,0.469,
0.695,0.693,0.964,0.657,
0.654,0.649,0.916,0.621,
0.522,0.508,1,0.405,
0.635,0.629,1,0.556,
0.58,0.575,0.975,0.44,
0.593,0.588,1,0.517,
0.658,0.655,1,0.598,
0.552,0.538,1,0.477,
0.6,0.59,0.997,0.527,
0.663,0.655,0.991,0.608,
0.678,0.673,0.964,0.638,
0.676,0.667,0.992,0.633,
0.687,0.677,1,0.648,
0.659,0.653,1,0.581,
0.685,0.677,0.987,0.638,
0.57,0.565,1,0.502,
0.549,0.538,0.977,0.437,
0.631,0.628,0.939,0.573,
0.649,0.642,1,0.592,
0.701,0.694,1,0.639,
0.659,0.655,0.997,0.586,
0.689,0.685,0.992,0.658,
0.696,0.695,1,0.604,
0.692,0.685,1,0.63,
0.687,0.681,0.976,0.629,
0.677,0.67,0.94,0.624,
0.68,0.674,0.99,0.644,
0.617,0.609,0.938,0.544,
0.682,0.671,1,0.635,
0.582,0.577,0.992,0.484,
0.54,0.521,0.988,0.476,
0.687,0.681,0.978,0.637,
0.66,0.653,0.969,0.59,
0.583,0.573,1,0.533,
0.696,0.685,0.983,0.671,
0.523,0.505,0.999,0.482,
0.627,0.623,1,0.556,
0.68,0.675,0.966,0.616,
0.702,0.694,0.99,0.666,
0.58,0.57,1,0.507,
0.63,0.613,0.877,0.555,
0.637,0.631,0.955,0.566,
0.498,0.484,0.95,0.431,
0.695,0.688,0.993,0.651,
0.683,0.675,0.977,0.621,
0.684,0.68,1,0.646,
0.694,0.687,0.999,0.654,
0.676,0.669,0.995,0.639,
0.691,0.689,0.994,0.615,
0.685,0.681,0.998,0.607,
0.701,0.696,1,0.665,
0.71,0.702,0.993,0.677,
0.507,0.501,0.978,0.412,
0.677,0.668,0.963,0.621,
0.54,0.532,0.949,0.454,
0.576,0.571,1,0.484,
0.622,0.609,0.981,0.57,
0.661,0.653,0.993,0.584,
0.684,0.679,1,0.641,
0.691,0.685,0.967,0.64,
0.633,0.627,0.969,0.58,
0.643,0.633,0.99,0.566,
0.675,0.667,1,0.633,
0.677,0.671,1,0.618,
0.695,0.69,0.984,0.649,
0.644,0.631,1,0.587,
0.706,0.698,1,0.658,
0.549,0.528,1,0.468,
0.557,0.544,0.978,0.474,
0.695,0.69,0.988,0.647,
0.682,0.672,1,0.646,
0.654,0.645,0.951,0.592,
0.612,0.619,0.983,0.492,
0.682,0.676,0.986,0.612,
0.507,0.494,1,0.413,
0.661,0.665,0.96,0.577,
0.597,0.597,0.997,0.484,
0.699,0.693,0.999,0.657,
0.695,0.69,0.951,0.651,
0.688,0.688,1,0.605,
0.401,0.378,0.969,0.359,
0.524,0.522,1,0.462,
0.691,0.69,1,0.645,
0.657,0.651,1,0.566,
0.653,0.649,0.968,0.609,
0.657,0.651,1,0.591,
0.701,0.694,0.968,0.658,
0.688,0.685,0.994,0.617,
0.621,0.611,0.972,0.552,
0.685,0.683,0.997,0.638,
0.632,0.638,0.979,0.54,
0.631,0.629,0.972,0.543,
0.631,0.622,1,0.57,
0.65,0.643,1,0.555,
0.601,0.591,1,0.511,
0.704,0.699,0.978,0.672,
0.447,0.434,1,0.399,
0.646,0.647,0.979,0.554,
0.698,0.696,0.975,0.644,
0.612,0.613,1,0.498,
0.685,0.679,1,0.643,
0.686,0.681,1,0.639,
0.66,0.653,1,0.596,
0.652,0.648,0.981,0.598,
0.668,0.658,1,0.592,
0.671,0.669,0.918,0.612,
0.666,0.66,0.999,0.619,
0.56,0.552,1,0.507,
0.625,0.621,0.93,0.551,
0.56,0.55,1,0.492,
0.659,0.653,1,0.598,
0.549,0.542,0.96,0.461,
0.68,0.673,1,0.623,
0.695,0.687,1,0.656,
0.699,0.695,0.983,0.65,
0.597,0.583,0.915,0.549,
0.693,0.69,0.993,0.657,
0.629,0.621,0.994,0.549,
0.67,0.663,0.969,0.642,
0.692,0.69,0.949,0.649,
0.69,0.686,0.957,0.647,
0.691,0.683,1,0.663,
0.659,0.652,0.938,0.599,
0.679,0.671,0.979,0.628,
0.507,0.451,1,0.419,
0.678,0.671,1,0.628,
0.6,0.592,1,0.516,
0.703,0.694,0.992,0.677,
0.688,0.683,0.999,0.577,
0.678,0.673,1,0.622,
0.585,0.579,0.995,0.532,
0.688,0.684,1,0.637,
0.652,0.649,1,0.585,
0.689,0.681,0.974,0.645,
0.654,0.647,0.997,0.584,
0.566,0.556,1,0.485,
0.653,0.647,1,0.6,
0.612,0.607,0.883,0.526,
0.455,0.434,1,0.403,
0.636,0.631,0.979,0.57,
0.66,0.657,0.912,0.606,
0.623,0.615,0.992,0.536,
0.655,0.648,0.935,0.609,
0.681,0.679,0.991,0.622,
0.709,0.709,0.993,0.657,
0.471,0.457,0.947,0.388,
0.674,0.665,0.98,0.626,
0.57,0.567,1,0.493,
0.696,0.692,0.99,0.667,
0.649,0.641,1,0.591,
0.637,0.63,1,0.565,
0.577,0.57,1,0.463,
0.7,0.695,1,0.661,
0.676,0.669,0.961,0.649,
0.611,0.607,1,0.501,
0.647,0.642,0.966,0.604,
0.684,0.677,1,0.636,
0.698,0.693,0.98,0.664,
0.664,0.659,1,0.59,
0.541,0.539,1,0.45,
0.717,0.707,0.995,0.661,
0.645,0.637,0.984,0.585,
0.654,0.647,0.928,0.623,
0.702,0.695,0.984,0.674,
0.71,0.698,1,0.657,
0.672,0.667,0.981,0.613,
0.582,0.569,0.931,0.512,
0.699,0.691,0.994,0.641,
0.65,0.644,1,0.579,
0.654,0.651,0.953,0.58,
0.655,0.647,0.989,0.611,
0.695,0.687,0.976,0.649,
0.664,0.661,1,0.596,
0.614,0.613,0.959,0.522,
0.521,0.51,0.996,0.419,
0.67,0.663,0.987,0.631,
0.559,0.552,1,0.478,
0.694,0.692,1,0.661,
0.698,0.693,1,0.643,
0.683,0.679,1,0.641,
0.692,0.688,1,0.631,
0.535,0.534,0.974,0.455,
0.689,0.683,1,0.619,
0.698,0.692,0.981,0.647,
0.698,0.694,1,0.665,
0.538,0.532,0.974,0.449,
0.705,0.7,0.994,0.676,
0.671,0.664,0.976,0.629,
0.342,0.333,1,0.285,
0.717,0.706,0.985,0.664,
0.7,0.692,0.994,0.667,
0.646,0.637,0.947,0.579,
0.656,0.649,0.967,0.581,
0.626,0.615,1,0.573,
0.667,0.661,0.985,0.615,
0.674,0.661,1,0.618,
0.704,0.7,0.989,0.659,
0.676,0.669,0.99,0.633,
0.667,0.656,0.986,0.616,
0.701,0.695,1,0.652,
0.672,0.667,1,0.629,
0.688,0.682,1,0.653,
0.646,0.641,0.969,0.597,
0.608,0.597,1,0.555,
0.584,0.567,1,0.527,
0.463,0.45,1,0.384,
0.672,0.667,1,0.612,
0.674,0.671,0.98,0.617,
0.656,0.653,0.963,0.565,
0.663,0.655,1,0.621,
0.673,0.666,0.963,0.626,
0.615,0.614,0.979,0.485,
0.686,0.684,0.955,0.65,
0.519,0.508,1,0.433,
0.657,0.655,1,0.572,
0.682,0.681,0.978,0.624,
0.699,0.692,0.987,0.647,
0.647,0.645,0.929,0.575,
0.693,0.686,1,0.657,
0.647,0.645,0.936,0.541,
0.626,0.613,1,0.551,
0.692,0.688,0.977,0.626,
0.621,0.631,0.98,0.506,
0.66,0.654,0.983,0.61,
0.691,0.683,0.975,0.662,
0.553,0.534,1,0.466,
0.681,0.671,0.987,0.598,
0.59,0.58,1,0.542,
0.614,0.605,0.976,0.563,
0.672,0.661,1,0.626,
0.655,0.649,0.953,0.585,
0.655,0.649,0.968,0.559,
0.516,0.512,0.993,0.447,
0.677,0.67,1,0.625,
0.591,0.583,0.887,0.512,
0.668,0.664,0.972,0.589,
0.64,0.629,0.986,0.573,
0.68,0.675,0.966,0.649,
0.604,0.593,1,0.506,
0.666,0.657,0.953,0.641,
0.627,0.619,0.944,0.56,
0.604,0.593,0.962,0.551,
0.62,0.622,1,0.522,
0.671,0.667,1,0.613,
0.604,0.593,1,0.549,
0.667,0.659,1,0.625,
0.636,0.627,1,0.575,
0.688,0.683,1,0.635,
0.648,0.646,1,0.56,
0.677,0.67,1,0.631,
0.677,0.669,1,0.63,
0.627,0.643,0.821,0.506,
0.662,0.657,0.988,0.607,
0.643,0.637,0.977,0.57,
0.538,0.524,0.983,0.483,
0.5,0.489,1,0.429,
0.537,0.524,0.998,0.491,
0.468,0.451,1,0.414,
0.475,0.46,1,0.413,
0.504,0.49,0.981,0.438,
0.451,0.435,1,0.417,
0.51,0.501,0.961,0.426,
0.545,0.534,1,0.458,
0.489,0.477,1,0.456,
0.498,0.488,1,0.428,
0.516,0.502,1,0.462,
0.511,0.504,1,0.451,
0.55,0.54,0.946,0.486,
0.49,0.476,0.948,0.422,
0.487,0.476,1,0.436,
0.421,0.409,1,0.38,
0.466,0.458,0.856,0.384,
0.425,0.41,0.918,0.378,
0.509,0.502,0.948,0.45,
0.504,0.495,1,0.444,
0.53,0.518,1,0.474,
0.556,0.548,0.979,0.468,
0.581,0.572,0.979,0.491,
0.511,0.504,0.972,0.453,
0.528,0.518,0.995,0.471,
0.523,0.518,0.997,0.447,
0.536,0.527,1,0.467,
0.507,0.495,0.985,0.438,
0.451,0.44,0.975,0.372,
0.502,0.491,1,0.438,
0.506,0.498,0.996,0.459,
0.506,0.496,0.965,0.45,
0.571,0.56,0.99,0.515,
0.553,0.545,0.986,0.462,
0.521,0.508,0.999,0.464,
0.501,0.487,0.972,0.448,
0.498,0.489,0.961,0.424,
0.573,0.565,0.998,0.513,
0.503,0.493,1,0.435,
0.544,0.537,0.991,0.488,
0.477,0.475,0.962,0.394,
0.526,0.513,0.953,0.455,
0.484,0.469,0.991,0.436,
0.476,0.468,1,0.393,
0.504,0.498,0.949,0.427,
0.506,0.498,1,0.44,
0.557,0.544,0.99,0.502,
0.48,0.462,1,0.43,
0.464,0.448,1,0.409,
0.496,0.486,0.884,0.45,
0.506,0.498,0.978,0.434,
0.504,0.497,1,0.44,
0.518,0.507,0.969,0.454,
0.508,0.494,0.97,0.453,
0.512,0.501,1,0.445,
0.475,0.464,0.92,0.399,
0.518,0.517,1,0.424,
0.538,0.524,1,0.449,
0.514,0.504,0.991,0.464,
0.516,0.506,0.976,0.443,
0.545,0.533,1,0.489,
0.455,0.439,0.973,0.4,
0.529,0.52,0.925,0.443,
0.498,0.489,0.993,0.421,
0.55,0.536,0.989,0.481,
0.533,0.522,1,0.428,
0.493,0.474,0.985,0.431,
0.463,0.45,1,0.418,
0.479,0.47,0.961,0.375,
0.564,0.554,0.964,0.502,
0.514,0.506,0.974,0.457,
0.539,0.53,0.994,0.481,
0.406,0.394,1,0.357,
0.546,0.534,0.991,0.489,
0.522,0.514,1,0.452,
0.417,0.395,1,0.361,
0.548,0.535,0.997,0.445,
0.497,0.485,0.961,0.422,
0.511,0.498,1,0.44,
0.492,0.479,0.933,0.429,
0.533,0.526,0.978,0.449,
0.42,0.404,1,0.37,
0.488,0.473,0.951,0.421,
0.454,0.441,0.997,0.391,
0.504,0.494,0.985,0.42,
0.498,0.491,0.885,0.44,
0.513,0.504,1,0.47,
0.472,0.466,0.934,0.396,
0.553,0.536,0.983,0.485,
0.486,0.48,0.942,0.401,
0.512,0.497,1,0.46,
0.514,0.5,0.924,0.451,
0.498,0.489,1,0.412,
0.5,0.494,0.987,0.429,
0.481,0.476,0.92,0.393,
0.521,0.515,1,0.462,
0.526,0.522,1,0.454,
0.477,0.461,0.96,0.416,
0.527,0.515,1,0.464,
0.525,0.513,1,0.464,
0.536,0.524,0.976,0.472,
0.5,0.48,1,0.42,
0.531,0.517,1,0.465,
0.547,0.544,0.977,0.462,
0.53,0.516,0.981,0.474,
0.493,0.486,0.898,0.418,
0.499,0.486,0.991,0.422,
0.508,0.494,0.887,0.453,
0.512,0.499,1,0.451,
0.471,0.46,1,0.387,
0.51,0.497,0.994,0.424,
0.493,0.482,1,0.443,
0.522,0.514,0.988,0.457,
0.486,0.475,0.992,0.429,
0.554,0.546,0.971,0.482,
0.531,0.518,0.986,0.478,
0.493,0.481,0.944,0.424,
0.554,0.544,0.991,0.476,
0.459,0.453,0.957,0.388,
0.506,0.492,0.987,0.437,
0.426,0.411,0.963,0.389,
0.465,0.47,1,0.37,
0.492,0.484,1,0.42,
0.539,0.53,0.985,0.472,
0.565,0.552,1,0.489,
0.486,0.473,0.919,0.412,
0.492,0.481,1,0.449,
0.448,0.433,1,0.403,
0.516,0.508,1,0.462,
0.52,0.514,0.982,0.455,
0.527,0.518,0.997,0.444,
0.517,0.502,1,0.449,
0.485,0.481,0.951,0.415,
0.538,0.538,0.986,0.444,
0.528,0.52,0.972,0.463,
0.501,0.492,1,0.436,
0.472,0.46,1,0.42,
0.505,0.488,0.939,0.435,
0.524,0.514,0.955,0.465,
0.466,0.453,1,0.402,
0.523,0.512,1,0.432,
0.524,0.516,0.987,0.44,
0.455,0.439,1,0.404,
0.532,0.527,0.972,0.445,
0.415,0.399,0.988,0.377,
0.533,0.521,1,0.476,
0.52,0.51,0.993,0.444,
0.461,0.449,1,0.39,
0.459,0.449,0.968,0.382,
0.537,0.526,1,0.479,
0.51,0.5,0.974,0.445,
0.511,0.497,1,0.455,
0.518,0.502,1,0.458,
0.547,0.538,0.977,0.466,
0.484,0.471,0.971,0.434,
0.455,0.434,0.974,0.406,
0.508,0.499,0.955,0.447,
0.489,0.473,1,0.434,
0.567,0.56,1,0.49,
0.451,0.427,0.959,0.394,
0.486,0.476,1,0.411,
0.473,0.457,1,0.412,
0.516,0.504,0.993,0.438,
0.442,0.425,1,0.385,
0.506,0.494,0.994,0.445,
0.53,0.522,0.971,0.446,
0.504,0.495,0.933,0.431,
0.529,0.52,1,0.443,
0.533,0.526,1,0.457,
0.465,0.455,0.956,0.387,
0.531,0.518,0.992,0.46,
0.513,0.5,0.997,0.463,
0.518,0.507,0.942,0.462,
0.532,0.522,0.984,0.472,
0.51,0.507,0.918,0.439,
0.475,0.455,1,0.412,
0.558,0.544,0.984,0.496,
0.518,0.504,0.97,0.462,
0.529,0.522,0.977,0.446,
0.517,0.505,0.995,0.453,
0.517,0.504,0.967,0.453,
0.492,0.478,0.99,0.449,
0.467,0.456,0.975,0.396,
0.493,0.484,1,0.429,
0.558,0.548,1,0.495,
0.539,0.528,0.998,0.475,
0.503,0.49,0.935,0.443,
0.498,0.487,1,0.454,
0.463,0.457,0.94,0.4,
0.522,0.51,0.992,0.467,
0.464,0.446,1,0.421,
0.676,0.667,0.966,0.64,
0.65,0.642,0.983,0.609,
0.647,0.637,0.982,0.602,
0.699,0.691,0.993,0.662,
0.608,0.601,0.957,0.539,
0.593,0.589,0.879,0.55,
0.689,0.683,0.992,0.65,
0.699,0.695,0.972,0.669,
0.507,0.491,1,0.448,
0.695,0.688,0.981,0.661,
0.722,0.708,1,0.672,
0.663,0.659,0.977,0.602,
0.669,0.663,0.991,0.605,
0.687,0.677,0.976,0.649,
0.68,0.675,0.988,0.623,
0.6,0.594,1,0.516,
0.477,0.462,1,0.413,
0.675,0.667,0.991,0.632,
0.487,0.471,1,0.426,
0.509,0.492,1,0.455,
0.565,0.556,0.995,0.503,
0.563,0.548,1,0.492,
0.509,0.496,1,0.45,
0.517,0.518,0.999,0.437,
0.689,0.679,0.988,0.656,
0.677,0.672,1,0.603,
0.684,0.679,0.985,0.64,
0.62,0.611,0.923,0.546,
0.655,0.649,0.925,0.622,
0.577,0.558,1,0.492,
0.549,0.542,1,0.477,
0.675,0.665,0.959,0.609,
0.506,0.496,1,0.431,
0.478,0.466,0.969,0.424,
0.544,0.533,0.999,0.451,
0.505,0.492,0.986,0.437,
0.541,0.532,1,0.477,
0.48,0.471,1,0.416,
0.464,0.448,1,0.405,
0.55,0.54,0.995,0.476,


0.599,0.592,0.868,0.551,
0.702,0.698,1,0.666,
0.676,0.675,1,0.63,
0.562,0.56,0.807,0.521,
0.709,0.705,1,0.64,
0.69,0.685,1,0.653,
0.698,0.694,1,0.652,
0.697,0.691,0.963,0.639,
0.664,0.659,0.947,0.624,
0.635,0.625,0.918,0.584,
0.585,0.58,0.814,0.541,
0.605,0.603,0.877,0.55,
0.64,0.634,0.928,0.606,
0.539,0.535,0.781,0.438,
0.671,0.669,0.942,0.637,
0.703,0.702,1,0.648,
0.627,0.615,1,0.534,
0.619,0.613,0.898,0.516,
0.637,0.633,0.955,0.57,
0.568,0.567,0.865,0.475,
0.645,0.637,0.95,0.598,
0.568,0.554,0.912,0.483,
0.665,0.661,1,0.576,
0.553,0.549,0.784,0.515,
0.683,0.675,1,0.627,
0.648,0.641,0.927,0.611,
0.65,0.645,0.929,0.602,
0.555,0.55,0.786,0.516,
0.663,0.655,0.944,0.634,
0.505,0.496,0.83,0.462,
0.607,0.601,0.977,0.53,
0.672,0.67,1,0.591,
0.637,0.634,0.954,0.568,
0.66,0.653,0.935,0.638,
0.631,0.626,0.9,0.586,
0.693,0.686,1,0.66,
0.666,0.659,0.935,0.638,
0.612,0.607,0.879,0.579,
0.638,0.63,0.914,0.597,
0.693,0.685,1,0.649,
0.683,0.677,1,0.635,
0.693,0.691,1,0.61,
0.588,0.582,0.838,0.564,
0.611,0.601,1,0.563,
0.655,0.654,0.988,0.552,
0.59,0.586,0.838,0.56,
0.679,0.671,0.923,0.623,
0.65,0.639,0.983,0.605,
0.652,0.646,0.928,0.621,
0.63,0.629,0.986,0.582,
0.593,0.593,0.87,0.518,
0.7,0.695,0.998,0.648,
0.682,0.673,0.968,0.652,
0.62,0.616,0.945,0.564,
0.679,0.675,1,0.626,
0.619,0.614,0.87,0.584,
0.573,0.566,0.816,0.515,
0.695,0.689,0.987,0.647,
0.715,0.707,1,0.663,
0.64,0.634,0.966,0.584,
0.635,0.629,0.892,0.593,
0.656,0.649,0.941,0.633,
0.645,0.643,0.913,0.602,
0.711,0.689,0.976,0.641,
0.68,0.671,0.996,0.643,
0.707,0.698,0.975,0.667,
0.64,0.633,1,0.585,
0.686,0.671,1,0.62,
0.542,0.534,0.813,0.484,
0.545,0.536,0.852,0.502,
0.62,0.615,0.914,0.577,
0.621,0.613,0.884,0.577,
0.683,0.677,0.958,0.637,
0.658,0.653,0.938,0.615,
0.667,0.659,0.919,0.618,
0.662,0.655,0.969,0.592,
0.659,0.653,0.974,0.618,
0.611,0.607,0.871,0.573,
0.66,0.653,0.934,0.614,
0.66,0.653,0.921,0.623,
0.643,0.638,0.9,0.608,
0.57,0.567,0.892,0.497,
0.611,0.585,0.979,0.533,
0.648,0.639,0.9,0.615,
0.594,0.589,0.86,0.564,
0.701,0.694,1,0.658,
0.676,0.66,0.983,0.615,
0.652,0.645,0.941,0.592,
0.647,0.644,1,0.571,
0.643,0.638,0.916,0.613,
0.581,0.573,0.895,0.518,
0.674,0.667,0.963,0.65,
0.657,0.655,0.91,0.597,
0.627,0.623,0.895,0.571,
0.64,0.63,0.969,0.607,
0.525,0.51,0.843,0.456,
0.644,0.639,0.913,0.607,
0.6,0.595,0.906,0.544,
0.677,0.673,1,0.617,
0.575,0.562,0.815,0.539,
0.717,0.715,0.99,0.648,
0.671,0.665,0.973,0.631,
0.595,0.592,0.837,0.56,
0.576,0.57,0.831,0.551,
0.687,0.681,0.979,0.635,
0.648,0.639,0.947,0.614,
0.65,0.639,0.966,0.599,
0.645,0.629,0.99,0.545,
0.619,0.592,0.881,0.479,
0.71,0.702,0.985,0.68,
0.643,0.638,1,0.585,
0.596,0.589,0.86,0.554,
0.68,0.673,0.958,0.645,
0.664,0.659,0.972,0.594,
0.685,0.679,0.978,0.648,
0.657,0.649,0.94,0.62,
0.586,0.585,0.861,0.54,
0.593,0.589,0.824,0.534,
0.623,0.617,0.893,0.595,
0.605,0.6,0.854,0.559,
0.602,0.595,0.87,0.573,
0.606,0.6,0.889,0.542,
0.69,0.698,1,0.596,
0.62,0.618,0.974,0.547,
0.663,0.654,0.962,0.619,
0.639,0.636,1,0.569,
0.67,0.664,0.96,0.632,
0.637,0.629,0.897,0.605,
0.665,0.66,0.933,0.623,
0.66,0.651,1,0.603,
0.697,0.693,1,0.663,
0.609,0.603,0.865,0.57,
0.698,0.688,1,0.645,
0.693,0.69,0.969,0.639,
0.659,0.657,0.919,0.611,
0.692,0.684,0.986,0.663,
0.682,0.674,0.98,0.621,
0.684,0.677,1,0.645,
0.578,0.569,0.882,0.533,
0.687,0.679,0.986,0.647,
0.542,0.532,0.817,0.504,
0.675,0.665,0.96,0.645,
0.643,0.639,0.923,0.598,
0.627,0.62,0.9,0.593,
0.595,0.592,0.857,0.556,
0.679,0.672,0.989,0.646,
0.624,0.617,0.906,0.558,
0.652,0.645,0.942,0.629,
0.623,0.619,0.911,0.568,
0.588,0.579,0.926,0.545,
0.623,0.618,0.896,0.582,
0.675,0.67,1,0.629,
0.639,0.631,1,0.568,
0.654,0.652,0.929,0.608,
0.693,0.686,1,0.659,
0.616,0.61,0.884,0.583,
0.704,0.698,1,0.668,
0.616,0.612,0.894,0.565,
0.71,0.703,1,0.664,
0.642,0.639,0.947,0.582,
0.694,0.69,1,0.635,
0.652,0.643,1,0.598,
0.645,0.638,0.927,0.613,
0.647,0.647,0.94,0.572,
0.617,0.615,0.885,0.533,
0.645,0.641,0.975,0.579,
0.571,0.565,0.826,0.533,
0.7,0.693,1,0.673,
0.645,0.641,1,0.577,
0.667,0.661,1,0.601,
0.645,0.64,0.924,0.593,
0.677,0.671,0.945,0.639,
0.612,0.608,0.897,0.577,
0.555,0.548,0.913,0.469,
0.699,0.69,0.993,0.673,
0.683,0.671,0.984,0.63,
0.695,0.685,1,0.632,
0.691,0.683,0.98,0.653,
0.673,0.665,0.973,0.646,
0.624,0.619,0.87,0.576,
0.664,0.661,1,0.557,
0.667,0.663,0.921,0.631,
0.661,0.656,0.951,0.629,
0.69,0.688,0.966,0.647,
0.682,0.677,1,0.607,
0.666,0.661,0.968,0.631,
0.603,0.597,0.877,0.57,
0.599,0.593,0.894,0.538,
0.67,0.665,0.996,0.636,
0.67,0.665,1,0.627,
0.666,0.657,1,0.618,
0.643,0.636,0.921,0.616,
0.682,0.676,0.972,0.659,
0.564,0.56,0.803,0.529,
0.656,0.651,0.938,0.612,
0.626,0.608,0.974,0.528,
0.685,0.679,0.969,0.636,
0.634,0.628,0.888,0.609,
0.682,0.677,0.985,0.65,
0.582,0.577,0.955,0.508,
0.678,0.671,0.946,0.617,
0.678,0.671,1,0.639,
0.571,0.558,1,0.49,
0.642,0.636,0.914,0.612,
0.622,0.618,0.889,0.567,
0.691,0.683,0.968,0.642,
0.695,0.693,1,0.61,
0.561,0.56,0.837,0.506,
0.683,0.679,0.956,0.637,
0.637,0.63,0.942,0.588,
0.693,0.692,0.958,0.648,
0.648,0.643,0.925,0.597,
0.602,0.595,0.847,0.578,
0.587,0.583,0.855,0.557,
0.598,0.591,0.863,0.561,
0.644,0.637,0.916,0.622,
0.678,0.671,1,0.625,
0.657,0.655,0.989,0.59,
0.671,0.663,1,0.616,
0.652,0.645,1,0.587,
0.645,0.641,0.925,0.607,
0.68,0.665,0.973,0.628,
0.595,0.587,0.883,0.553,
0.568,0.565,0.812,0.539,
0.674,0.665,0.969,0.638,
0.658,0.655,0.963,0.592,
0.719,0.716,1,0.681,
0.596,0.587,0.953,0.551,
0.613,0.607,0.891,0.578,
0.676,0.673,0.955,0.61,
0.631,0.625,0.894,0.585,
0.691,0.684,1,0.653,
0.652,0.646,0.946,0.622,
0.691,0.685,0.936,0.639,
0.621,0.618,0.913,0.573,
0.58,0.573,0.827,0.557,
0.579,0.575,0.833,0.52,
0.695,0.69,1,0.623,
0.699,0.692,1,0.659,
0.649,0.642,1,0.595,
0.617,0.613,0.887,0.588,
0.633,0.631,1,0.56,
0.657,0.644,0.998,0.577,
0.668,0.663,0.949,0.63,
0.553,0.545,0.778,0.509,
0.687,0.679,1,0.641,
0.628,0.62,0.969,0.605,
0.616,0.61,0.906,0.574,
0.648,0.659,1,0.544,
0.651,0.647,0.888,0.615,
0.663,0.663,0.939,0.608,
0.708,0.703,1,0.674,
0.678,0.669,1,0.628,
0.682,0.679,1,0.63,
0.613,0.601,0.843,0.57,
0.6,0.595,0.834,0.562,
0.581,0.575,0.842,0.535,
0.658,0.655,0.957,0.62,
0.577,0.571,0.842,0.547,
0.68,0.673,0.992,0.628,
0.591,0.589,0.846,0.527,
0.661,0.659,0.961,0.587,
0.588,0.581,0.893,0.551,
0.648,0.643,0.931,0.61,
0.642,0.635,0.93,0.615,
0.64,0.629,0.942,0.603,
0.59,0.585,0.851,0.563,
0.587,0.585,0.882,0.533,
0.549,0.544,0.894,0.497,
0.593,0.583,0.968,0.536,
0.558,0.55,0.913,0.501,
0.524,0.514,0.899,0.496,
0.597,0.585,0.982,0.544,
0.591,0.585,0.924,0.547,
0.517,0.508,0.908,0.488,
0.617,0.613,1,0.539,
0.609,0.601,0.994,0.554,
0.573,0.567,0.968,0.531,
0.555,0.548,0.917,0.478,
0.581,0.573,0.95,0.528,
0.547,0.542,0.921,0.484,
0.618,0.613,0.978,0.572,
0.588,0.581,1,0.519,
0.538,0.529,0.893,0.491,
0.543,0.543,0.942,0.464,
0.58,0.589,1,0.496,
0.596,0.591,0.918,0.549,
0.589,0.577,1,0.533,
0.596,0.587,0.977,0.553,
0.6,0.596,0.95,0.541,
0.613,0.603,1,0.534,
0.63,0.624,1,0.577,
0.562,0.554,0.904,0.508,
0.593,0.586,0.958,0.541,
0.61,0.602,0.973,0.548,
0.574,0.569,0.969,0.531,
0.53,0.524,0.856,0.475,
0.553,0.542,1,0.504,
0.516,0.51,0.876,0.449,
0.527,0.52,0.868,0.489,
0.599,0.589,0.961,0.541,
0.595,0.589,0.988,0.55,
0.614,0.607,1,0.569,
0.557,0.553,0.91,0.495,
0.525,0.518,0.876,0.458,
0.62,0.615,1,0.533,
0.594,0.585,0.964,0.535,
0.545,0.56,0.95,0.461,
0.613,0.603,0.985,0.542,
0.609,0.615,1,0.528,
0.617,0.611,1,0.573,
0.603,0.597,0.99,0.559,
0.511,0.503,0.916,0.473,
0.519,0.514,0.828,0.481,
0.579,0.577,0.975,0.5,
0.618,0.609,0.978,0.547,
0.535,0.526,0.901,0.497,
0.569,0.561,0.972,0.537,
0.614,0.609,1,0.569,
0.565,0.56,0.9,0.475,
0.581,0.575,0.924,0.497,
0.622,0.615,1,0.571,
0.569,0.56,0.928,0.527,
0.596,0.587,0.959,0.536,
0.549,0.544,0.856,0.485,
0.584,0.58,0.968,0.51,
0.565,0.556,0.926,0.508,
0.587,0.581,0.964,0.546,
0.623,0.621,0.99,0.576,
0.542,0.534,0.903,0.496,
0.604,0.599,1,0.547,
0.614,0.609,1,0.537,
0.547,0.54,0.98,0.494,
0.601,0.592,0.986,0.563,
0.561,0.554,0.924,0.515,
0.518,0.509,1,0.42,
0.455,0.451,0.758,0.413,
0.593,0.587,0.93,0.512,
0.615,0.605,1,0.566,
0.595,0.584,1,0.545,
0.555,0.546,0.863,0.518,
0.503,0.512,0.892,0.395,
0.597,0.589,0.945,0.543,
0.582,0.577,0.968,0.52,
0.485,0.48,0.843,0.426,
0.625,0.623,1,0.521,
0.523,0.514,0.84,0.475,
0.512,0.506,0.854,0.469,
0.604,0.598,1,0.53,
0.614,0.607,1,0.552,
0.479,0.459,0.968,0.418,
0.573,0.563,0.921,0.517,
0.579,0.57,0.932,0.529,
0.513,0.506,0.822,0.479,
0.613,0.611,1,0.537,
0.585,0.579,0.965,0.532,
0.602,0.593,1,0.509,
0.601,0.593,0.979,0.557,
0.61,0.61,1,0.529,
0.561,0.556,0.948,0.509,
0.611,0.605,1,0.538,
0.547,0.54,0.911,0.489,
0.519,0.518,0.85,0.451,
0.632,0.627,1,0.556,
0.521,0.513,0.854,0.489,
0.59,0.581,0.956,0.534,
0.56,0.554,0.889,0.529,
0.533,0.526,0.871,0.481,
0.596,0.589,0.974,0.524,
0.595,0.588,0.965,0.526,
0.549,0.546,0.841,0.505,
0.574,0.562,0.95,0.514,
0.633,0.631,1,0.537,
0.613,0.608,0.99,0.545,
0.581,0.572,1,0.524,
0.573,0.569,1,0.507,
0.613,0.607,1,0.56,
0.578,0.569,0.935,0.538,
0.508,0.5,0.858,0.481,
0.571,0.562,0.971,0.515,
0.556,0.548,0.918,0.502,
0.581,0.571,0.888,0.529,
0.586,0.584,0.917,0.503,
0.57,0.564,0.929,0.468,
0.609,0.601,0.979,0.558,
0.615,0.607,0.977,0.567,
0.566,0.561,0.896,0.515,
0.6,0.598,1,0.527,
0.604,0.592,0.978,0.562,
0.596,0.591,0.963,0.56,
0.497,0.492,0.833,0.418,
0.57,0.565,0.943,0.494,
0.58,0.572,0.919,0.553,
0.603,0.595,0.971,0.558,
0.605,0.606,1,0.514,
0.486,0.478,0.898,0.42,
0.46,0.454,0.719,0.4,
0.576,0.575,0.94,0.507,
0.592,0.594,1,0.517,
0.585,0.573,1,0.524,
0.596,0.587,0.97,0.548,
0.577,0.571,0.934,0.501,
0.58,0.573,0.945,0.519,
0.539,0.53,0.864,0.506,
0.568,0.558,0.953,0.523,
0.579,0.574,0.967,0.532,
0.618,0.608,1,0.563,
0.597,0.587,1,0.542,
0.558,0.552,0.929,0.503,
0.574,0.566,0.937,0.509,
0.595,0.591,0.943,0.532,
0.522,0.514,0.957,0.476,
0.591,0.586,0.951,0.535,
0.546,0.53,0.988,0.48,
0.616,0.611,0.995,0.556,
0.615,0.611,0.979,0.554,
0.521,0.514,0.866,0.452,
0.555,0.548,0.882,0.487,
0.575,0.573,0.955,0.501,
0.585,0.579,0.968,0.545,
0.599,0.593,0.951,0.556,
0.552,0.546,0.917,0.504,
0.608,0.605,0.925,0.546,
0.59,0.58,0.981,0.55,
0.588,0.577,1,0.513,
0.6,0.597,0.933,0.509,
0.49,0.485,0.788,0.45,
0.598,0.595,0.967,0.539,
0.576,0.568,0.947,0.514,
0.584,0.585,0.967,0.504,
0.512,0.516,0.897,0.435,
0.568,0.565,0.91,0.499,
0.533,0.524,0.927,0.468,
0.514,0.508,0.869,0.466,
0.592,0.599,0.951,0.49,
0.527,0.522,0.877,0.484,
0.575,0.568,0.925,0.525,
0.519,0.513,0.83,0.488,
0.585,0.577,1,0.512,
0.595,0.59,0.972,0.515,
0.559,0.552,0.909,0.509,
0.601,0.594,1,0.549,
0.552,0.546,0.862,0.499,
0.625,0.619,1,0.546,
0.584,0.571,0.965,0.536,
0.609,0.601,0.976,0.554,
0.588,0.579,0.971,0.534,
0.6,0.595,0.969,0.545,
0.584,0.578,1,0.543,
0.616,0.614,1,0.545,
0.538,0.532,0.87,0.502,
0.532,0.528,0.959,0.464,
0.557,0.55,0.913,0.513,
0.608,0.601,0.968,0.536,
0.563,0.556,0.919,0.503,
0.515,0.506,0.809,0.465,
0.502,0.495,0.811,0.474,
0.596,0.587,1,0.55,
0.551,0.544,0.858,0.504,
0.608,0.601,1,0.567,
0.695,0.688,1,0.66,
0.665,0.661,1,0.598,
0.636,0.631,0.897,0.597,
0.69,0.682,0.974,0.634,
0.678,0.673,0.957,0.613,
0.677,0.666,1,0.63,
0.653,0.648,0.935,0.619,
0.699,0.694,0.992,0.66,
0.643,0.637,1,0.6,
0.602,0.597,0.846,0.58,
0.673,0.667,0.935,0.629,
0.691,0.691,1,0.62,
0.64,0.635,0.903,0.594,
0.699,0.69,1,0.668,
0.699,0.695,0.987,0.652,
0.588,0.579,0.977,0.533,
0.571,0.562,0.981,0.544,
0.676,0.667,1,0.639,
0.468,0.45,0.873,0.419,
0.589,0.581,0.958,0.537,
0.619,0.611,1,0.565,
0.588,0.583,0.946,0.523,
0.523,0.515,0.864,0.489,
0.534,0.528,0.842,0.505,
0.612,0.608,0.866,0.576,
0.681,0.676,0.979,0.63,
0.646,0.639,0.925,0.623,
0.621,0.613,0.939,0.577,
0.709,0.698,1,0.67,
0.665,0.655,1,0.608,
0.55,0.542,0.854,0.483,
0.637,0.629,0.941,0.566,
0.462,0.457,0.748,0.415,
0.602,0.597,0.995,0.507,
0.636,0.635,1,0.55,
0.595,0.589,1,0.537,
0.566,0.562,0.9,0.503,
0.593,0.585,1,0.508,
0.612,0.605,1,0.564,
0.595,0.589,0.974,0.534,




Further Data analysis of all test cases 
avg med max min 
AVGs,0.627,0.628,0.694,0.49,
MEDs,0.622,0.624,0.688,0.481,
MAXs,0.983,0.995,1,0.848,
MINs,0.586,0.599,0.687,0.343,


AVGs,0.587,0.582,0.722,0.342,
MEDs,0.578,0.574,0.709,0.333,
MAXs,0.982,0.992,1,0.821,
MINs,0.524,0.504,0.677,0.285,


AVGs,0.615,0.613,0.719,0.455,
MEDs,0.608,0.607,0.716,0.45,
MAXs,0.939,0.953,1,0.719,
MINs,0.562,0.558,0.681,0.395,



