

Data analysis for each instance 
AVG,MED,MAX,MIN
0.434,0.386,0.85,0.356,
0.449,0.403,0.867,0.37,
0.431,0.39,0.813,0.365,
0.453,0.409,0.872,0.383,
0.455,0.402,0.893,0.375,
0.383,0.327,0.787,0.319,
0.454,0.404,0.864,0.363,
0.486,0.436,0.921,0.412,
0.413,0.366,0.868,0.317,
0.428,0.377,0.905,0.34,
0.486,0.439,0.917,0.423,
0.446,0.405,0.842,0.377,
0.425,0.374,0.829,0.351,
0.399,0.352,0.815,0.319,
0.43,0.388,0.826,0.351,
0.436,0.388,0.846,0.361,
0.456,0.407,0.874,0.381,
0.395,0.357,0.758,0.329,
0.406,0.365,0.784,0.333,
0.486,0.43,0.915,0.413,
0.47,0.416,0.908,0.393,
0.423,0.383,0.83,0.357,
0.411,0.366,0.826,0.349,
0.393,0.351,0.81,0.301,
0.471,0.42,0.888,0.399,
0.444,0.404,0.862,0.369,
0.387,0.339,0.807,0.312,
0.476,0.427,0.912,0.393,
0.463,0.413,0.902,0.385,
0.439,0.395,0.835,0.373,
0.437,0.395,0.84,0.371,
0.378,0.332,0.813,0.31,
0.361,0.314,0.769,0.278,
0.47,0.425,0.889,0.392,
0.398,0.354,0.779,0.324,
0.432,0.389,0.853,0.363,
0.4,0.352,0.811,0.34,
0.39,0.358,0.81,0.295,
0.456,0.414,0.892,0.366,
0.392,0.348,0.806,0.332,
0.469,0.428,0.905,0.371,
0.494,0.443,0.94,0.406,
0.383,0.338,0.777,0.313,
0.426,0.381,0.829,0.353,
0.41,0.367,0.829,0.342,
0.44,0.403,0.836,0.371,
0.418,0.372,0.812,0.34,
0.43,0.386,0.853,0.34,
0.416,0.371,0.839,0.35,
0.385,0.342,0.811,0.3,
0.445,0.397,0.867,0.377,
0.491,0.441,0.928,0.417,
0.446,0.401,0.861,0.386,
0.429,0.385,0.842,0.348,
0.452,0.403,0.875,0.386,
0.461,0.413,0.871,0.385,
0.4,0.356,0.808,0.33,
0.45,0.408,0.867,0.377,
0.428,0.388,0.848,0.341,
0.42,0.373,0.828,0.363,
0.386,0.349,0.755,0.316,
0.374,0.329,0.795,0.291,
0.42,0.383,0.827,0.348,
0.419,0.381,0.808,0.331,
0.425,0.389,0.828,0.337,
0.387,0.345,0.811,0.309,
0.465,0.416,0.89,0.397,
0.389,0.345,0.775,0.317,
0.456,0.401,0.889,0.388,
0.45,0.405,0.866,0.361,
0.47,0.422,0.903,0.394,
0.445,0.405,0.865,0.374,
0.424,0.378,0.827,0.366,
0.412,0.367,0.819,0.336,
0.459,0.412,0.874,0.395,
0.442,0.396,0.862,0.362,
0.418,0.371,0.825,0.359,
0.439,0.396,0.86,0.358,
0.44,0.392,0.885,0.353,
0.481,0.43,0.929,0.404,
0.425,0.38,0.832,0.347,
0.461,0.413,0.865,0.389,
0.385,0.338,0.805,0.331,
0.474,0.426,0.887,0.4,
0.452,0.414,0.873,0.375,
0.439,0.395,0.889,0.333,
0.444,0.404,0.874,0.36,
0.396,0.345,0.805,0.31,
0.395,0.343,0.822,0.327,
0.458,0.407,0.872,0.393,
0.491,0.443,0.931,0.421,
0.446,0.398,0.863,0.376,
0.429,0.386,0.866,0.355,
0.391,0.355,0.788,0.314,
0.391,0.344,0.81,0.335,
0.454,0.407,0.881,0.378,
0.455,0.408,0.879,0.383,
0.425,0.382,0.823,0.356,
0.381,0.339,0.788,0.3,
0.443,0.39,0.894,0.366,
0.476,0.431,0.933,0.38,
0.435,0.388,0.84,0.371,
0.366,0.327,0.745,0.296,
0.414,0.365,0.88,0.309,
0.425,0.391,0.822,0.341,
0.432,0.39,0.833,0.36,
0.393,0.347,0.797,0.313,
0.469,0.424,0.904,0.395,
0.452,0.402,0.875,0.373,
0.406,0.36,0.823,0.32,
0.42,0.376,0.816,0.341,
0.404,0.366,0.775,0.339,
0.399,0.359,0.781,0.321,
0.453,0.406,0.883,0.377,
0.464,0.422,0.896,0.386,
0.395,0.353,0.79,0.336,
0.412,0.367,0.832,0.34,
0.378,0.338,0.744,0.325,
0.384,0.341,0.795,0.299,
0.41,0.36,0.862,0.328,
0.495,0.449,0.937,0.414,
0.403,0.362,0.819,0.334,
0.435,0.39,0.848,0.368,
0.446,0.403,0.87,0.375,
0.448,0.399,0.861,0.366,
0.46,0.411,0.894,0.387,
0.4,0.358,0.776,0.309,
0.469,0.423,0.894,0.394,
0.467,0.42,0.885,0.392,
0.454,0.411,0.866,0.381,
0.425,0.378,0.857,0.363,
0.396,0.363,0.801,0.322,
0.41,0.368,0.81,0.334,
0.379,0.34,0.772,0.306,
0.481,0.426,0.91,0.422,
0.388,0.333,0.815,0.291,
0.404,0.348,0.851,0.311,
0.426,0.384,0.821,0.36,
0.39,0.341,0.785,0.317,
0.381,0.339,0.766,0.299,
0.379,0.334,0.812,0.299,
0.412,0.364,0.858,0.322,
0.367,0.327,0.755,0.291,
0.399,0.358,0.818,0.319,
0.398,0.354,0.796,0.32,
0.452,0.409,0.873,0.375,
0.497,0.449,0.933,0.422,
0.445,0.397,0.867,0.381,
0.433,0.382,0.865,0.364,
0.421,0.377,0.824,0.354,
0.354,0.308,0.808,0.28,
0.471,0.426,0.894,0.4,
0.455,0.404,0.876,0.382,
0.412,0.364,0.814,0.338,
0.42,0.368,0.849,0.349,
0.436,0.393,0.831,0.374,
0.432,0.395,0.844,0.345,
0.433,0.389,0.851,0.355,
0.422,0.377,0.814,0.347,
0.451,0.41,0.843,0.38,
0.492,0.439,0.94,0.416,
0.43,0.387,0.829,0.354,
0.389,0.338,0.802,0.315,
0.401,0.352,0.8,0.341,
0.37,0.323,0.793,0.289,
0.499,0.445,0.952,0.423,
0.405,0.358,0.809,0.341,
0.398,0.357,0.78,0.321,
0.463,0.414,0.878,0.388,
0.444,0.398,0.86,0.363,
0.432,0.389,0.84,0.364,
0.405,0.367,0.795,0.338,
0.393,0.348,0.798,0.322,
0.428,0.388,0.835,0.358,
0.408,0.362,0.801,0.337,
0.425,0.376,0.858,0.349,
0.38,0.336,0.773,0.307,
0.443,0.398,0.849,0.366,
0.441,0.394,0.863,0.364,
0.377,0.337,0.768,0.304,
0.477,0.43,0.941,0.398,
0.418,0.378,0.824,0.349,
0.464,0.422,0.868,0.397,
0.457,0.411,0.89,0.379,
0.396,0.346,0.785,0.327,
0.459,0.409,0.877,0.384,
0.388,0.342,0.781,0.327,
0.377,0.336,0.798,0.282,
0.391,0.352,0.791,0.302,
0.441,0.399,0.856,0.359,
0.411,0.364,0.818,0.344,
0.382,0.339,0.761,0.317,
0.447,0.398,0.856,0.376,
0.394,0.346,0.798,0.322,
0.439,0.396,0.869,0.343,
0.393,0.348,0.818,0.318,
0.45,0.404,0.887,0.368,
0.445,0.394,0.882,0.383,
0.453,0.401,0.877,0.381,
0.441,0.392,0.862,0.372,
0.454,0.41,0.885,0.384,
0.381,0.341,0.78,0.299,
0.453,0.407,0.876,0.373,
0.371,0.33,0.765,0.298,
0.431,0.38,0.849,0.35,
0.422,0.374,0.886,0.344,
0.485,0.431,0.937,0.405,
0.43,0.383,0.832,0.362,
0.442,0.395,0.873,0.377,
0.416,0.368,0.829,0.335,
0.468,0.417,0.898,0.407,
0.472,0.426,0.897,0.392,
0.433,0.387,0.848,0.356,
0.427,0.382,0.83,0.351,
0.411,0.352,0.896,0.319,
0.455,0.404,0.891,0.368,
0.429,0.389,0.838,0.366,
0.435,0.39,0.865,0.351,
0.453,0.405,0.877,0.393,
0.398,0.362,0.775,0.316,
0.377,0.336,0.772,0.308,
0.448,0.399,0.852,0.381,
0.424,0.376,0.822,0.358,
0.37,0.323,0.795,0.287,
0.449,0.404,0.854,0.377,
0.462,0.419,0.883,0.389,
0.409,0.358,0.825,0.342,
0.481,0.429,0.913,0.411,
0.458,0.413,0.869,0.387,
0.361,0.323,0.742,0.29,
0.487,0.439,0.929,0.395,
0.43,0.377,0.844,0.357,
0.439,0.396,0.849,0.357,
0.394,0.35,0.823,0.32,
0.432,0.4,0.847,0.34,
0.412,0.362,0.835,0.352,
0.418,0.366,0.836,0.353,
0.481,0.431,0.933,0.402,
0.468,0.417,0.903,0.399,
0.433,0.38,0.837,0.366,
0.472,0.425,0.917,0.393,
0.39,0.348,0.778,0.315,
0.433,0.389,0.832,0.363,
0.43,0.38,0.832,0.362,
0.406,0.363,0.801,0.337,
0.424,0.378,0.831,0.366,
0.392,0.345,0.793,0.318,
0.418,0.378,0.833,0.347,
0.382,0.335,0.773,0.32,
0.366,0.316,0.812,0.293,
0.448,0.407,0.865,0.364,
0.453,0.392,0.9,0.375,
0.454,0.402,0.882,0.396,
0.379,0.336,0.756,0.324,
0.472,0.42,0.904,0.398,
0.467,0.418,0.877,0.401,
0.443,0.393,0.853,0.382,
0.442,0.403,0.852,0.362,
0.345,0.288,0.843,0.282,
0.458,0.412,0.87,0.393,
0.467,0.421,0.895,0.388,
0.464,0.417,0.88,0.398,
0.439,0.391,0.866,0.364,
0.421,0.378,0.834,0.353,
0.461,0.408,0.905,0.38,
0.432,0.385,0.859,0.354,
0.419,0.378,0.836,0.341,
0.484,0.434,0.931,0.407,
0.492,0.439,0.937,0.417,
0.462,0.421,0.887,0.37,
0.451,0.41,0.883,0.369,
0.425,0.379,0.837,0.352,
0.418,0.37,0.845,0.345,
0.468,0.422,0.882,0.41,
0.4,0.355,0.812,0.335,
0.378,0.33,0.826,0.295,
0.409,0.357,0.856,0.332,
0.48,0.432,0.903,0.397,
0.446,0.406,0.855,0.366,
0.429,0.39,0.874,0.323,
0.38,0.333,0.799,0.312,
0.479,0.432,0.905,0.416,
0.451,0.408,0.842,0.362,
0.417,0.377,0.832,0.341,
0.396,0.353,0.787,0.333,
0.421,0.374,0.842,0.35,
0.483,0.429,0.939,0.41,
0.46,0.405,0.909,0.369,
0.377,0.336,0.769,0.315,
0.397,0.349,0.816,0.312,
0.467,0.415,0.912,0.388,
0.431,0.388,0.853,0.35,
0.495,0.447,0.928,0.424,
0.452,0.409,0.869,0.379,
0.394,0.355,0.803,0.32,
0.411,0.374,0.818,0.34,
0.398,0.352,0.809,0.321,
0.404,0.357,0.81,0.335,
0.388,0.345,0.799,0.317,
0.459,0.411,0.893,0.386,
0.438,0.39,0.859,0.368,
0.418,0.37,0.847,0.35,
0.433,0.391,0.827,0.364,
0.413,0.368,0.882,0.323,
0.394,0.349,0.79,0.309,
0.455,0.415,0.865,0.388,
0.41,0.365,0.818,0.341,
0.462,0.413,0.893,0.387,
0.461,0.414,0.892,0.4,
0.472,0.431,0.9,0.409,
0.39,0.348,0.789,0.306,
0.459,0.411,0.883,0.381,
0.431,0.391,0.847,0.35,
0.403,0.359,0.818,0.331,
0.51,0.46,0.959,0.435,
0.447,0.405,0.87,0.356,
0.452,0.405,0.868,0.385,
0.473,0.426,0.9,0.398,
0.39,0.347,0.81,0.306,
0.434,0.385,0.844,0.367,
0.466,0.423,0.887,0.39,
0.474,0.433,0.883,0.404,
0.394,0.342,0.824,0.32,
0.38,0.337,0.767,0.309,
0.478,0.424,0.936,0.384,
0.409,0.371,0.804,0.332,
0.452,0.409,0.865,0.372,
0.369,0.329,0.757,0.295,
0.382,0.338,0.761,0.316,
0.483,0.436,0.901,0.408,
0.359,0.311,0.814,0.287,
0.449,0.399,0.863,0.383,
0.46,0.411,0.886,0.383,
0.37,0.332,0.743,0.317,
0.389,0.353,0.793,0.3,
0.377,0.339,0.754,0.3,
0.41,0.368,0.821,0.338,
0.433,0.386,0.852,0.362,
0.455,0.408,0.86,0.392,
0.471,0.426,0.892,0.4,
0.426,0.385,0.824,0.333,
0.364,0.311,0.759,0.302,
0.497,0.452,0.943,0.425,
0.454,0.413,0.89,0.374,
0.457,0.408,0.895,0.387,
0.479,0.427,0.911,0.414,
0.422,0.377,0.89,0.329,
0.384,0.34,0.797,0.318,
0.442,0.392,0.884,0.354,
0.465,0.409,0.913,0.386,
0.42,0.386,0.813,0.345,
0.404,0.361,0.805,0.324,
0.375,0.327,0.775,0.306,
0.465,0.423,0.877,0.394,
0.461,0.41,0.888,0.383,
0.459,0.406,0.901,0.371,
0.458,0.405,0.891,0.388,
0.393,0.346,0.814,0.309,
0.439,0.397,0.867,0.355,
0.467,0.418,0.905,0.395,
0.384,0.338,0.812,0.301,
0.451,0.403,0.876,0.385,
0.451,0.406,0.883,0.367,
0.426,0.385,0.833,0.354,
0.393,0.344,0.807,0.329,
0.401,0.352,0.87,0.32,
0.484,0.439,0.907,0.405,
0.442,0.4,0.841,0.371,
0.468,0.418,0.898,0.399,
0.449,0.406,0.885,0.365,
0.439,0.392,0.857,0.377,
0.456,0.409,0.858,0.397,
0.435,0.393,0.847,0.356,
0.347,0.308,0.712,0.272,
0.405,0.357,0.849,0.329,
0.475,0.423,0.892,0.411,
0.397,0.349,0.803,0.328,
0.463,0.418,0.899,0.394,
0.426,0.385,0.826,0.356,
0.441,0.392,0.849,0.377,
0.441,0.399,0.838,0.365,
0.413,0.374,0.83,0.317,
0.471,0.425,0.923,0.39,
0.446,0.393,0.877,0.377,
0.471,0.419,0.923,0.392,
0.462,0.411,0.888,0.385,
0.469,0.425,0.892,0.385,
0.454,0.417,0.858,0.381,
0.415,0.366,0.831,0.358,
0.387,0.344,0.775,0.322,
0.384,0.34,0.795,0.318,
0.483,0.434,0.91,0.411,
0.442,0.4,0.858,0.37,
0.424,0.385,0.825,0.357,
0.466,0.416,0.894,0.395,
0.383,0.34,0.767,0.314,
0.433,0.387,0.853,0.355,
0.417,0.372,0.797,0.359,
0.372,0.328,0.752,0.298,
0.445,0.401,0.845,0.37,
0.482,0.43,0.924,0.396,
0.454,0.402,0.87,0.381,
0.442,0.396,0.852,0.355,
0.355,0.306,0.797,0.281,
0.383,0.335,0.798,0.322,
0.458,0.402,0.884,0.393,
0.461,0.418,0.873,0.384,
0.425,0.378,0.888,0.335,
0.478,0.422,0.936,0.398,
0.445,0.399,0.876,0.373,
0.451,0.404,0.873,0.374,
0.391,0.348,0.797,0.313,
0.402,0.359,0.805,0.324,
0.448,0.398,0.881,0.381,
0.467,0.42,0.907,0.367,
0.47,0.43,0.883,0.389,
0.434,0.391,0.836,0.358,
0.389,0.352,0.773,0.319,
0.454,0.409,0.861,0.38,
0.44,0.397,0.838,0.38,
0.415,0.374,0.817,0.342,
0.399,0.347,0.858,0.297,
0.453,0.403,0.868,0.377,
0.451,0.39,0.907,0.374,
0.463,0.412,0.893,0.392,
0.451,0.408,0.853,0.374,
0.442,0.393,0.853,0.378,
0.443,0.395,0.851,0.367,
0.439,0.399,0.852,0.363,
0.374,0.336,0.765,0.291,
0.47,0.424,0.911,0.375,
0.468,0.422,0.891,0.388,
0.464,0.424,0.888,0.39,
0.471,0.412,0.926,0.389,
0.382,0.34,0.763,0.31,
0.486,0.433,0.933,0.406,
0.406,0.355,0.865,0.326,
0.453,0.405,0.909,0.374,
0.417,0.372,0.822,0.348,
0.469,0.418,0.888,0.376,
0.418,0.373,0.842,0.326,
0.397,0.349,0.797,0.334,
0.43,0.387,0.852,0.349,
0.443,0.403,0.848,0.375,
0.418,0.372,0.862,0.337,
0.43,0.38,0.855,0.363,
0.47,0.421,0.916,0.393,
0.428,0.39,0.827,0.347,
0.438,0.387,0.871,0.352,
0.384,0.342,0.774,0.301,
0.384,0.34,0.795,0.306,
0.433,0.384,0.858,0.361,
0.469,0.42,0.907,0.394,
0.442,0.39,0.856,0.382,
0.397,0.353,0.811,0.317,
0.439,0.396,0.842,0.368,
0.441,0.403,0.865,0.369,
0.46,0.417,0.875,0.382,
0.38,0.337,0.804,0.312,
0.464,0.417,0.91,0.379,
0.459,0.416,0.883,0.384,
0.431,0.384,0.841,0.365,
0.389,0.341,0.783,0.326,
0.449,0.406,0.859,0.356,
0.48,0.43,0.916,0.403,
0.38,0.337,0.792,0.31,
0.481,0.431,0.919,0.404,
0.371,0.328,0.772,0.294,
0.39,0.346,0.831,0.317,
0.464,0.423,0.891,0.396,
0.368,0.325,0.741,0.297,
0.427,0.382,0.844,0.359,
0.458,0.413,0.872,0.403,
0.39,0.346,0.797,0.306,
0.398,0.353,0.789,0.317,
0.458,0.416,0.879,0.374,
0.428,0.376,0.849,0.358,
0.459,0.409,0.88,0.398,
0.371,0.325,0.787,0.295,
0.402,0.36,0.801,0.342,
0.438,0.396,0.846,0.374,
0.497,0.449,0.94,0.427,
0.395,0.351,0.821,0.32,
0.382,0.339,0.751,0.314,
0.43,0.379,0.895,0.355,
0.465,0.419,0.886,0.392,
0.431,0.39,0.838,0.343,
0.427,0.384,0.84,0.334,
0.446,0.397,0.871,0.374,
0.49,0.435,0.927,0.409,
0.441,0.396,0.884,0.349,
0.383,0.336,0.794,0.314,
0.396,0.351,0.794,0.321,
0.452,0.403,0.875,0.382,
0.47,0.423,0.9,0.4,
0.396,0.345,0.836,0.311,
0.371,0.322,0.775,0.298,
0.373,0.332,0.749,0.302,
0.445,0.396,0.867,0.367,
0.468,0.424,0.931,0.381,
0.467,0.414,0.917,0.372,
0.404,0.361,0.816,0.316,
0.455,0.404,0.874,0.387,
0.449,0.406,0.865,0.378,
0.399,0.356,0.849,0.308,
0.445,0.392,0.869,0.375,
0.446,0.391,0.89,0.377,
0.46,0.417,0.881,0.383,
0.382,0.34,0.783,0.297,
0.445,0.399,0.85,0.374,
0.384,0.337,0.755,0.32,
0.376,0.335,0.783,0.311,
0.417,0.375,0.835,0.345,
0.374,0.33,0.804,0.304,
0.449,0.395,0.902,0.377,
0.425,0.387,0.828,0.351,
0.418,0.372,0.835,0.341,
0.449,0.401,0.879,0.385,
0.45,0.405,0.867,0.366,
0.401,0.353,0.798,0.329,
0.411,0.367,0.806,0.35,
0.338,0.291,0.757,0.256,
0.43,0.386,0.848,0.332,
0.429,0.385,0.85,0.337,
0.39,0.344,0.807,0.321,
0.376,0.328,0.785,0.312,
0.466,0.412,0.88,0.381,
0.451,0.404,0.854,0.377,
0.422,0.378,0.828,0.345,
0.459,0.412,0.895,0.386,
0.411,0.368,0.831,0.331,
0.455,0.405,0.879,0.394,
0.455,0.41,0.895,0.378,
0.446,0.401,0.866,0.361,
0.416,0.364,0.896,0.322,
0.362,0.309,0.797,0.29,
0.402,0.359,0.858,0.314,
0.369,0.324,0.791,0.302,
0.415,0.364,0.863,0.336,
0.452,0.399,0.901,0.382,
0.413,0.363,0.851,0.342,
0.38,0.331,0.797,0.317,
0.391,0.345,0.834,0.31,
0.397,0.346,0.851,0.324,
0.371,0.326,0.795,0.288,
0.429,0.384,0.882,0.342,
0.393,0.345,0.831,0.314,
0.361,0.316,0.788,0.298,
0.378,0.342,0.788,0.308,
0.447,0.399,0.88,0.37,
0.417,0.366,0.86,0.346,
0.421,0.367,0.864,0.356,
0.447,0.398,0.906,0.364,
0.413,0.358,0.891,0.34,
0.435,0.396,0.88,0.347,
0.361,0.308,0.802,0.288,
0.377,0.32,0.814,0.304,
0.416,0.369,0.844,0.347,
0.417,0.364,0.861,0.351,
0.424,0.381,0.864,0.355,
0.433,0.39,0.877,0.337,
0.377,0.329,0.813,0.293,
0.431,0.378,0.88,0.354,
0.427,0.378,0.877,0.353,
0.393,0.346,0.837,0.32,
0.436,0.387,0.888,0.351,
0.442,0.389,0.876,0.373,
0.421,0.375,0.866,0.342,
0.372,0.329,0.803,0.29,
0.466,0.412,0.93,0.394,
0.375,0.332,0.79,0.303,
0.388,0.34,0.789,0.318,
0.385,0.34,0.793,0.317,
0.436,0.382,0.861,0.362,
0.449,0.395,0.929,0.37,
0.416,0.371,0.85,0.342,
0.405,0.365,0.848,0.319,
0.369,0.327,0.776,0.288,
0.489,0.438,0.963,0.391,
0.425,0.378,0.839,0.347,
0.417,0.367,0.854,0.341,
0.339,0.294,0.726,0.268,
0.443,0.405,0.895,0.348,
0.414,0.373,0.851,0.332,
0.427,0.384,0.872,0.34,
0.37,0.329,0.78,0.301,
0.475,0.424,0.955,0.386,
0.451,0.396,0.927,0.368,
0.414,0.367,0.855,0.327,
0.438,0.386,0.895,0.355,
0.439,0.391,0.895,0.339,
0.427,0.379,0.888,0.354,
0.432,0.385,0.875,0.347,
0.371,0.324,0.779,0.302,
0.388,0.336,0.833,0.309,
0.45,0.399,0.895,0.377,
0.411,0.353,0.856,0.333,
0.455,0.406,0.907,0.368,
0.449,0.399,0.903,0.371,
0.378,0.332,0.786,0.294,
0.373,0.319,0.857,0.301,
0.358,0.312,0.781,0.294,
0.437,0.387,0.89,0.368,
0.425,0.379,0.871,0.337,
0.434,0.384,0.902,0.367,
0.393,0.349,0.827,0.31,
0.423,0.364,0.884,0.342,
0.408,0.359,0.834,0.327,
0.407,0.365,0.827,0.323,
0.399,0.349,0.819,0.328,
0.352,0.312,0.801,0.272,
0.426,0.378,0.866,0.347,
0.436,0.38,0.898,0.368,
0.403,0.367,0.834,0.324,
0.388,0.337,0.811,0.308,
0.359,0.31,0.78,0.29,
0.412,0.358,0.861,0.324,
0.379,0.33,0.817,0.309,
0.423,0.378,0.835,0.355,
0.447,0.402,0.889,0.361,
0.472,0.411,0.967,0.392,
0.464,0.407,0.92,0.384,
0.461,0.411,0.919,0.373,
0.391,0.348,0.816,0.302,
0.373,0.326,0.81,0.296,
0.475,0.421,0.943,0.397,
0.354,0.31,0.762,0.271,
0.351,0.304,0.755,0.288,
0.392,0.343,0.87,0.312,
0.398,0.347,0.832,0.332,
0.388,0.339,0.817,0.322,
0.372,0.326,0.793,0.293,
0.426,0.379,0.848,0.353,
0.405,0.356,0.832,0.336,
0.358,0.315,0.789,0.284,
0.433,0.388,0.873,0.347,
0.413,0.365,0.862,0.344,
0.39,0.347,0.812,0.321,
0.362,0.318,0.77,0.289,
0.364,0.324,0.786,0.29,
0.367,0.331,0.788,0.282,
0.455,0.4,0.92,0.378,
0.394,0.346,0.817,0.315,
0.381,0.331,0.837,0.312,
0.459,0.411,0.922,0.382,
0.388,0.339,0.794,0.307,
0.438,0.396,0.893,0.349,
0.368,0.327,0.773,0.3,
0.332,0.294,0.711,0.26,
0.439,0.381,0.909,0.371,
0.361,0.318,0.755,0.305,
0.421,0.376,0.858,0.339,
0.429,0.376,0.85,0.362,
0.338,0.287,0.791,0.264,
0.399,0.352,0.828,0.323,
0.37,0.329,0.771,0.303,
0.43,0.383,0.877,0.334,
0.381,0.343,0.809,0.29,
0.42,0.372,0.857,0.342,
0.432,0.382,0.856,0.364,
0.381,0.331,0.83,0.302,
0.385,0.344,0.791,0.308,
0.437,0.393,0.871,0.355,
0.441,0.393,0.901,0.367,
0.356,0.309,0.752,0.279,
0.422,0.372,0.872,0.347,
0.457,0.41,0.91,0.373,
0.428,0.382,0.882,0.351,
0.402,0.354,0.823,0.332,
0.401,0.357,0.824,0.325,
0.324,0.266,0.801,0.257,
0.444,0.384,0.908,0.369,
0.441,0.396,0.88,0.369,
0.392,0.336,0.841,0.324,
0.377,0.322,0.833,0.293,
0.358,0.323,0.764,0.278,
0.428,0.376,0.875,0.366,
0.453,0.404,0.904,0.383,
0.352,0.307,0.768,0.291,
0.408,0.348,0.895,0.333,
0.449,0.399,0.913,0.367,
0.386,0.341,0.802,0.319,
0.338,0.306,0.738,0.254,
0.368,0.318,0.801,0.303,
0.422,0.369,0.867,0.341,
0.419,0.366,0.858,0.339,
0.35,0.299,0.765,0.287,
0.35,0.299,0.815,0.278,
0.376,0.325,0.84,0.297,
0.444,0.39,0.894,0.378,
0.398,0.351,0.832,0.331,
0.395,0.35,0.815,0.326,
0.381,0.339,0.791,0.313,
0.393,0.342,0.819,0.325,
0.428,0.371,0.868,0.356,
0.439,0.388,0.865,0.364,
0.434,0.384,0.909,0.359,
0.385,0.331,0.808,0.314,
0.413,0.367,0.856,0.332,
0.372,0.321,0.815,0.285,
0.378,0.329,0.829,0.312,
0.452,0.394,0.916,0.366,
0.386,0.339,0.799,0.318,
0.428,0.373,0.882,0.349,
0.347,0.305,0.757,0.269,
0.411,0.367,0.858,0.332,
0.41,0.365,0.835,0.334,
0.443,0.391,0.895,0.367,
0.413,0.365,0.853,0.339,
0.361,0.318,0.783,0.28,
0.424,0.378,0.858,0.359,
0.435,0.387,0.883,0.357,
0.381,0.329,0.838,0.308,
0.379,0.338,0.801,0.303,
0.439,0.387,0.906,0.363,
0.438,0.39,0.885,0.363,
0.389,0.345,0.825,0.317,
0.376,0.325,0.834,0.297,
0.429,0.381,0.865,0.36,
0.43,0.383,0.87,0.36,
0.402,0.36,0.813,0.325,
0.365,0.321,0.78,0.302,
0.444,0.401,0.88,0.366,
0.455,0.409,0.916,0.367,
0.411,0.358,0.869,0.345,
0.412,0.364,0.835,0.343,
0.398,0.348,0.883,0.316,
0.44,0.389,0.87,0.375,
0.443,0.393,0.89,0.377,
0.433,0.381,0.881,0.351,
0.417,0.374,0.859,0.328,
0.363,0.311,0.808,0.289,
0.38,0.338,0.795,0.307,
0.451,0.396,0.904,0.383,
0.431,0.386,0.863,0.353,
0.395,0.349,0.83,0.309,
0.38,0.332,0.791,0.313,
0.378,0.335,0.785,0.313,
0.423,0.374,0.883,0.349,
0.415,0.365,0.866,0.33,
0.422,0.375,0.873,0.335,
0.419,0.373,0.863,0.341,
0.438,0.383,0.906,0.367,
0.434,0.385,0.891,0.351,
0.418,0.369,0.867,0.326,
0.396,0.347,0.825,0.314,
0.403,0.356,0.848,0.326,
0.36,0.316,0.766,0.298,
0.427,0.368,0.871,0.356,
0.348,0.304,0.729,0.271,
0.363,0.319,0.808,0.291,
0.406,0.356,0.819,0.337,
0.434,0.38,0.889,0.358,
0.404,0.356,0.849,0.33,
0.403,0.349,0.823,0.338,
0.376,0.323,0.802,0.301,
0.376,0.33,0.82,0.313,
0.445,0.396,0.895,0.365,
0.407,0.362,0.824,0.342,
0.464,0.411,0.918,0.385,
0.41,0.358,0.857,0.349,
0.366,0.327,0.798,0.292,
0.433,0.386,0.873,0.348,
0.415,0.368,0.853,0.341,
0.39,0.348,0.81,0.312,
0.366,0.315,0.78,0.293,
0.419,0.382,0.833,0.342,
0.442,0.394,0.917,0.359,
0.395,0.353,0.824,0.328,
0.436,0.384,0.895,0.349,
0.429,0.379,0.865,0.349,
0.433,0.384,0.876,0.363,
0.436,0.387,0.9,0.344,
0.424,0.381,0.859,0.346,
0.351,0.311,0.75,0.271,
0.411,0.364,0.828,0.349,
0.424,0.377,0.858,0.346,
0.417,0.365,0.842,0.339,
0.358,0.316,0.758,0.29,
0.377,0.33,0.806,0.305,
0.367,0.328,0.773,0.289,
0.462,0.406,0.947,0.374,
0.398,0.358,0.824,0.319,
0.362,0.324,0.766,0.292,
0.436,0.387,0.88,0.372,
0.357,0.308,0.774,0.292,
0.42,0.38,0.854,0.333,
0.411,0.365,0.892,0.318,
0.344,0.303,0.724,0.276,
0.438,0.388,0.884,0.35,
0.424,0.379,0.882,0.351,
0.387,0.334,0.84,0.312,
0.375,0.332,0.803,0.295,
0.362,0.32,0.745,0.305,
0.416,0.371,0.858,0.346,
0.423,0.374,0.866,0.354,
0.348,0.302,0.762,0.272,
0.389,0.346,0.829,0.31,
0.438,0.389,0.877,0.363,
0.391,0.349,0.782,0.326,
0.393,0.341,0.856,0.324,
0.347,0.31,0.734,0.27,
0.383,0.339,0.792,0.313,
0.448,0.399,0.891,0.373,
0.424,0.37,0.859,0.349,
0.423,0.366,0.861,0.356,
0.401,0.355,0.834,0.326,
0.412,0.362,0.879,0.336,
0.407,0.363,0.831,0.333,
0.415,0.372,0.854,0.331,
0.386,0.348,0.823,0.292,
0.446,0.397,0.91,0.366,
0.458,0.402,0.916,0.387,
0.428,0.378,0.877,0.353,
0.456,0.406,0.916,0.384,
0.353,0.304,0.781,0.275,
0.406,0.355,0.817,0.331,
0.424,0.376,0.833,0.36,
0.406,0.36,0.84,0.339,
0.395,0.347,0.813,0.324,
0.377,0.33,0.795,0.315,
0.409,0.371,0.811,0.323,
0.388,0.342,0.818,0.318,
0.379,0.328,0.8,0.313,
0.409,0.365,0.851,0.344,
0.372,0.317,0.797,0.306,
0.379,0.329,0.861,0.292,
0.446,0.392,0.907,0.37,
0.437,0.392,0.873,0.368,
0.433,0.383,0.857,0.368,
0.368,0.317,0.793,0.29,
0.342,0.295,0.78,0.271,
0.348,0.299,0.763,0.279,
0.438,0.387,0.868,0.366,
0.349,0.308,0.756,0.285,
0.425,0.381,0.857,0.351,
0.462,0.408,0.932,0.376,
0.418,0.374,0.848,0.344,
0.465,0.41,0.938,0.385,
0.412,0.364,0.874,0.326,
0.432,0.383,0.869,0.357,
0.413,0.372,0.838,0.338,
0.385,0.342,0.834,0.307,
0.394,0.344,0.826,0.331,
0.417,0.365,0.828,0.348,
0.421,0.367,0.877,0.352,
0.443,0.387,0.917,0.365,
0.35,0.307,0.732,0.281,
0.394,0.347,0.829,0.31,
0.432,0.389,0.868,0.349,
0.432,0.384,0.902,0.332,
0.405,0.356,0.843,0.335,
0.401,0.359,0.824,0.329,
0.369,0.326,0.791,0.294,
0.451,0.399,0.929,0.364,
0.408,0.361,0.843,0.332,
0.373,0.328,0.814,0.296,
0.402,0.35,0.847,0.335,
0.365,0.315,0.77,0.304,
0.401,0.356,0.82,0.337,
0.471,0.421,0.929,0.382,
0.408,0.351,0.863,0.332,
0.438,0.38,0.901,0.365,
0.366,0.322,0.791,0.293,
0.361,0.318,0.78,0.292,
0.447,0.397,0.895,0.383,
0.446,0.392,0.909,0.361,
0.428,0.378,0.891,0.354,
0.406,0.356,0.844,0.327,
0.394,0.349,0.806,0.327,
0.387,0.332,0.828,0.317,
0.361,0.312,0.776,0.296,
0.336,0.29,0.733,0.278,
0.413,0.368,0.853,0.33,
0.443,0.394,0.891,0.367,
0.395,0.344,0.834,0.316,
0.416,0.373,0.855,0.334,
0.406,0.358,0.847,0.314,
0.469,0.411,0.948,0.381,
0.443,0.4,0.888,0.369,
0.407,0.362,0.831,0.341,
0.363,0.315,0.758,0.289,
0.445,0.393,0.896,0.374,
0.434,0.385,0.871,0.352,
0.405,0.351,0.86,0.331,
0.456,0.403,0.958,0.382,
0.417,0.373,0.852,0.338,
0.451,0.403,0.922,0.378,
0.386,0.334,0.796,0.323,
0.427,0.382,0.864,0.356,
0.42,0.369,0.854,0.351,
0.418,0.367,0.858,0.343,
0.359,0.319,0.752,0.269,
0.38,0.34,0.801,0.3,
0.409,0.358,0.849,0.331,
0.43,0.381,0.883,0.344,
0.364,0.328,0.758,0.289,
0.415,0.366,0.861,0.339,
0.415,0.355,0.886,0.344,
0.464,0.406,0.936,0.394,
0.415,0.366,0.85,0.352,
0.422,0.38,0.834,0.346,
0.362,0.318,0.783,0.29,
0.415,0.368,0.862,0.332,
0.368,0.329,0.786,0.284,
0.386,0.341,0.794,0.326,
0.433,0.379,0.889,0.366,
0.429,0.381,0.89,0.346,
0.443,0.396,0.905,0.353,
0.387,0.343,0.793,0.32,
0.379,0.328,0.803,0.307,
0.471,0.417,0.955,0.4,
0.457,0.404,0.895,0.39,
0.46,0.415,0.919,0.39,
0.425,0.376,0.875,0.34,
0.368,0.321,0.777,0.29,
0.424,0.381,0.881,0.35,
0.426,0.383,0.854,0.336,
0.374,0.33,0.803,0.292,
0.397,0.348,0.81,0.325,
0.484,0.43,0.934,0.406,
0.454,0.407,0.875,0.379,
0.432,0.387,0.844,0.367,
0.401,0.353,0.84,0.329,
0.408,0.363,0.817,0.344,
0.451,0.409,0.852,0.386,
0.4,0.361,0.807,0.328,
0.467,0.416,0.9,0.398,
0.399,0.36,0.781,0.329,
0.405,0.358,0.823,0.337,
0.432,0.385,0.836,0.356,
0.466,0.422,0.901,0.383,
0.429,0.381,0.848,0.364,
0.457,0.41,0.892,0.384,
0.496,0.446,0.946,0.419,
0.432,0.392,0.836,0.367,
0.386,0.342,0.782,0.317,
0.436,0.387,0.86,0.363,
0.415,0.364,0.847,0.34,
0.45,0.402,0.877,0.373,
0.423,0.378,0.828,0.347,
0.418,0.366,0.879,0.337,
0.422,0.381,0.83,0.352,
0.443,0.393,0.868,0.366,
0.449,0.411,0.86,0.38,
0.411,0.368,0.803,0.351,
0.441,0.393,0.849,0.366,
0.42,0.36,0.897,0.34,
0.416,0.367,0.824,0.336,
0.452,0.409,0.877,0.375,
0.452,0.404,0.896,0.37,
0.412,0.366,0.829,0.342,
0.333,0.293,0.735,0.261,
0.411,0.365,0.843,0.341,
0.434,0.39,0.835,0.355,
0.393,0.341,0.824,0.325,
0.381,0.336,0.779,0.324,
0.375,0.327,0.804,0.296,
0.432,0.377,0.883,0.347,
0.444,0.401,0.92,0.366,
0.4,0.35,0.818,0.328,
0.4,0.358,0.829,0.325,
0.453,0.399,0.912,0.382,
0.428,0.369,0.869,0.353,
0.431,0.38,0.843,0.358,
0.444,0.393,0.914,0.38,
0.379,0.331,0.833,0.295,
0.41,0.357,0.827,0.342,
0.424,0.378,0.842,0.363,
0.401,0.357,0.806,0.324,
0.461,0.407,0.911,0.387,
0.37,0.323,0.793,0.303,
0.437,0.401,0.845,0.353,
0.469,0.42,0.907,0.396,
0.443,0.399,0.873,0.339,
0.458,0.405,0.876,0.397,
0.468,0.422,0.913,0.384,
0.428,0.384,0.837,0.348,
0.455,0.415,0.87,0.355,
0.382,0.335,0.764,0.324,
0.389,0.342,0.801,0.319,
0.406,0.361,0.793,0.351,
0.403,0.356,0.806,0.331,
0.426,0.382,0.853,0.352,
0.42,0.376,0.848,0.345,
0.352,0.312,0.749,0.275,
0.363,0.31,0.809,0.291,
0.457,0.404,0.909,0.383,
0.441,0.391,0.877,0.373,
0.46,0.416,0.905,0.376,
0.39,0.341,0.882,0.308,
0.404,0.364,0.814,0.326,
0.471,0.414,0.952,0.401,
0.446,0.399,0.885,0.369,
0.428,0.372,0.873,0.348,
0.37,0.331,0.798,0.283,
0.355,0.306,0.766,0.292,
0.393,0.35,0.789,0.319,
0.449,0.4,0.89,0.371,
0.39,0.348,0.8,0.305,


0.514,0.466,1,0.378,
0.508,0.458,0.954,0.418,
0.495,0.437,1,0.394,
0.525,0.476,1,0.433,
0.505,0.475,0.945,0.406,
0.488,0.44,0.969,0.381,
0.505,0.47,1,0.394,
0.52,0.472,0.923,0.442,
0.464,0.416,0.935,0.319,
0.471,0.435,0.98,0.328,
0.503,0.463,0.871,0.413,
0.491,0.467,0.918,0.355,
0.483,0.434,0.938,0.388,
0.506,0.457,1,0.404,
0.47,0.424,0.871,0.401,
0.485,0.435,0.945,0.399,
0.518,0.455,1,0.399,
0.459,0.422,0.895,0.354,
0.544,0.52,0.945,0.46,
0.496,0.431,0.935,0.4,
0.544,0.504,0.991,0.448,
0.489,0.447,1,0.353,
0.466,0.419,0.956,0.326,
0.475,0.427,0.986,0.356,
0.508,0.467,1,0.408,
0.518,0.454,0.98,0.42,
0.494,0.446,0.995,0.371,
0.527,0.48,0.921,0.437,
0.489,0.443,0.901,0.39,
0.485,0.445,0.922,0.369,
0.471,0.43,0.953,0.366,
0.458,0.402,1,0.34,
0.467,0.422,0.943,0.338,
0.511,0.449,0.969,0.423,
0.486,0.41,0.996,0.37,
0.526,0.492,0.933,0.423,
0.463,0.413,0.96,0.368,
0.46,0.409,0.976,0.323,
0.493,0.439,1,0.382,
0.512,0.45,1,0.423,
0.537,0.48,1,0.447,
0.562,0.512,1,0.463,
0.488,0.438,0.953,0.385,
0.512,0.495,1,0.344,
0.516,0.459,1,0.441,
0.493,0.452,0.883,0.389,
0.459,0.415,0.923,0.356,
0.495,0.444,0.94,0.412,
0.481,0.43,0.882,0.384,
0.443,0.391,0.944,0.286,
0.51,0.471,0.92,0.418,
0.535,0.487,0.972,0.443,
0.493,0.44,1,0.375,
0.509,0.476,1,0.357,
0.518,0.467,0.954,0.438,
0.531,0.476,1,0.453,
0.53,0.489,0.953,0.432,
0.511,0.463,1,0.414,
0.488,0.437,0.964,0.384,
0.456,0.403,0.94,0.359,
0.471,0.427,0.981,0.352,
0.46,0.397,0.975,0.374,
0.5,0.455,1,0.38,
0.503,0.446,1,0.4,
0.501,0.448,1,0.344,
0.504,0.461,0.985,0.394,
0.52,0.467,0.996,0.42,
0.483,0.422,1,0.373,
0.523,0.49,0.901,0.427,
0.508,0.454,0.995,0.419,
0.52,0.476,1,0.418,
0.51,0.466,0.941,0.417,
0.48,0.445,0.971,0.282,
0.494,0.454,0.968,0.357,
0.51,0.458,0.974,0.416,
0.505,0.452,1,0.39,
0.481,0.433,0.884,0.403,
0.485,0.425,0.942,0.387,
0.509,0.452,1,0.431,
0.505,0.454,0.969,0.414,
0.519,0.488,0.906,0.423,
0.503,0.454,0.929,0.411,
0.483,0.432,1,0.353,
0.516,0.473,0.936,0.439,
0.504,0.476,0.927,0.408,
0.529,0.482,0.998,0.396,
0.505,0.45,1,0.39,
0.497,0.461,0.968,0.372,
0.501,0.445,1,0.407,
0.524,0.475,0.963,0.427,
0.527,0.477,1,0.411,
0.516,0.463,1,0.377,
0.484,0.423,0.949,0.399,
0.472,0.402,0.961,0.372,
0.465,0.413,0.947,0.386,
0.496,0.436,1,0.403,
0.501,0.458,0.942,0.381,
0.469,0.43,0.86,0.355,
0.514,0.468,0.927,0.407,
0.472,0.416,0.988,0.37,
0.556,0.508,0.986,0.464,
0.52,0.473,1,0.398,
0.474,0.426,0.867,0.376,
0.501,0.444,0.954,0.386,
0.502,0.444,1,0.416,
0.483,0.425,0.919,0.38,
0.506,0.452,0.998,0.393,
0.511,0.465,0.917,0.402,
0.486,0.444,0.948,0.38,
0.455,0.412,0.856,0.337,
0.494,0.449,0.97,0.392,
0.483,0.445,1,0.352,
0.49,0.43,1,0.399,
0.508,0.456,1,0.389,
0.507,0.472,0.929,0.408,
0.472,0.435,0.921,0.339,
0.462,0.409,0.997,0.376,
0.458,0.405,0.896,0.356,
0.478,0.425,0.994,0.379,
0.459,0.415,0.937,0.352,
0.554,0.514,0.986,0.454,
0.461,0.403,0.974,0.354,
0.495,0.438,0.988,0.391,
0.514,0.461,1,0.412,
0.503,0.454,0.982,0.404,
0.507,0.455,1,0.392,
0.455,0.415,0.923,0.354,
0.545,0.5,1,0.436,
0.507,0.454,1,0.393,
0.518,0.462,0.971,0.416,
0.493,0.452,0.985,0.377,
0.477,0.433,0.951,0.378,
0.5,0.463,0.941,0.394,
0.515,0.475,0.927,0.413,
0.544,0.495,0.988,0.462,
0.459,0.413,0.989,0.343,
0.452,0.392,0.971,0.348,
0.475,0.428,0.969,0.378,
0.486,0.432,0.974,0.346,
0.48,0.434,0.97,0.363,
0.533,0.49,0.968,0.439,
0.465,0.414,1,0.319,
0.468,0.407,0.992,0.384,
0.511,0.462,1,0.362,
0.507,0.457,0.957,0.402,
0.536,0.503,1,0.398,
0.528,0.482,1,0.414,
0.523,0.473,1,0.411,
0.492,0.439,0.988,0.392,
0.464,0.419,0.918,0.366,
0.391,0.339,0.914,0.278,
0.516,0.467,0.954,0.43,
0.507,0.456,1,0.395,
0.498,0.448,0.96,0.413,
0.468,0.416,0.942,0.365,
0.502,0.451,0.985,0.41,
0.5,0.456,0.961,0.36,
0.514,0.476,1,0.401,
0.499,0.456,0.98,0.379,
0.483,0.442,0.926,0.379,
0.512,0.463,0.971,0.42,
0.49,0.446,0.98,0.405,
0.493,0.436,1,0.412,
0.509,0.453,0.966,0.41,
0.454,0.404,0.955,0.317,
0.543,0.49,1,0.446,
0.484,0.418,1,0.372,
0.451,0.403,0.873,0.359,
0.515,0.479,0.948,0.417,
0.483,0.438,0.891,0.383,
0.472,0.435,0.919,0.367,
0.5,0.444,0.991,0.383,
0.515,0.456,0.987,0.397,
0.496,0.438,1,0.403,
0.451,0.398,0.958,0.349,
0.507,0.46,0.978,0.396,
0.496,0.448,0.972,0.379,
0.508,0.472,0.95,0.415,
0.499,0.445,1,0.385,
0.508,0.455,1,0.381,
0.509,0.458,0.984,0.376,
0.504,0.469,1,0.35,
0.51,0.464,0.986,0.355,
0.504,0.46,0.96,0.399,
0.479,0.433,0.943,0.371,
0.505,0.454,0.953,0.383,
0.455,0.401,0.931,0.366,
0.442,0.39,0.94,0.339,
0.495,0.443,0.986,0.353,
0.505,0.439,0.992,0.409,
0.489,0.449,0.922,0.389,
0.467,0.419,0.956,0.365,
0.513,0.45,1,0.428,
0.514,0.465,0.961,0.394,
0.52,0.47,0.983,0.427,
0.48,0.424,0.964,0.375,
0.471,0.416,0.946,0.384,
0.507,0.458,1,0.41,
0.509,0.465,1,0.406,
0.501,0.452,0.941,0.412,
0.525,0.496,0.922,0.421,
0.509,0.455,0.958,0.419,
0.518,0.454,1,0.395,
0.459,0.412,0.965,0.351,
0.498,0.447,1,0.413,
0.467,0.411,0.99,0.344,
0.512,0.473,0.97,0.424,
0.488,0.427,1,0.395,
0.474,0.419,0.946,0.393,
0.499,0.443,0.986,0.381,
0.509,0.453,1,0.414,
0.494,0.434,0.966,0.41,
0.507,0.461,0.974,0.414,
0.5,0.438,1,0.403,
0.471,0.424,1,0.31,
0.496,0.462,0.959,0.404,
0.482,0.438,0.921,0.396,
0.53,0.472,1,0.434,
0.512,0.474,0.958,0.406,
0.464,0.412,0.955,0.362,
0.466,0.426,0.899,0.375,
0.527,0.479,1,0.438,
0.487,0.442,0.93,0.395,
0.45,0.387,0.996,0.34,
0.485,0.45,0.961,0.373,
0.521,0.475,0.981,0.392,
0.488,0.432,0.976,0.354,
0.533,0.495,0.958,0.432,
0.511,0.461,0.941,0.435,
0.46,0.41,0.878,0.36,
0.521,0.475,1,0.436,
0.486,0.454,1,0.363,
0.474,0.42,0.882,0.402,
0.495,0.446,0.959,0.394,
0.49,0.438,1,0.391,
0.496,0.436,0.972,0.397,
0.475,0.423,1,0.383,
0.52,0.472,1,0.428,
0.515,0.47,0.968,0.427,
0.494,0.446,0.942,0.372,
0.543,0.501,0.997,0.473,
0.508,0.467,0.916,0.397,
0.494,0.45,0.98,0.369,
0.512,0.472,0.964,0.397,
0.497,0.456,1,0.385,
0.493,0.441,0.97,0.408,
0.492,0.435,1,0.36,
0.482,0.423,0.992,0.364,
0.47,0.416,1,0.342,
0.435,0.382,0.994,0.322,
0.504,0.468,0.934,0.389,
0.509,0.447,1,0.415,
0.515,0.466,0.958,0.411,
0.47,0.406,1,0.338,
0.533,0.478,0.995,0.414,
0.522,0.467,1,0.449,
0.502,0.44,1,0.406,
0.514,0.461,0.961,0.431,
0.374,0.313,1,0.275,
0.502,0.459,0.941,0.405,
0.503,0.455,0.985,0.392,
0.52,0.464,1,0.434,
0.518,0.46,1,0.429,
0.517,0.472,0.986,0.416,
0.531,0.483,1,0.442,
0.483,0.439,0.976,0.32,
0.487,0.439,0.99,0.321,
0.56,0.52,0.993,0.459,
0.523,0.479,1,0.435,
0.524,0.484,0.971,0.403,
0.521,0.481,1,0.391,
0.453,0.391,1,0.367,
0.508,0.464,0.994,0.4,
0.526,0.462,1,0.444,
0.458,0.398,1,0.352,
0.468,0.417,1,0.337,
0.459,0.423,0.943,0.337,
0.552,0.51,0.998,0.431,
0.506,0.456,0.986,0.426,
0.492,0.445,0.903,0.378,
0.478,0.432,0.984,0.375,
0.506,0.447,0.979,0.422,
0.516,0.466,1,0.393,
0.48,0.442,0.908,0.352,
0.486,0.437,0.956,0.332,
0.49,0.433,0.973,0.416,
0.54,0.49,0.987,0.449,
0.518,0.469,0.989,0.424,
0.473,0.428,0.955,0.374,
0.457,0.413,0.962,0.34,
0.519,0.477,0.949,0.417,
0.478,0.432,0.991,0.345,
0.538,0.495,1,0.445,
0.489,0.44,0.956,0.407,
0.513,0.463,0.992,0.4,
0.49,0.445,0.983,0.356,
0.472,0.413,1,0.378,
0.491,0.433,1,0.384,
0.465,0.412,0.942,0.359,
0.516,0.475,1,0.388,
0.52,0.47,1,0.401,
0.497,0.448,1,0.364,
0.486,0.433,0.934,0.405,
0.451,0.377,0.983,0.334,
0.518,0.477,0.973,0.402,
0.535,0.483,0.981,0.445,
0.484,0.424,1,0.386,
0.505,0.455,1,0.392,
0.525,0.47,0.984,0.44,
0.52,0.472,0.973,0.42,
0.471,0.444,0.939,0.35,
0.508,0.464,0.932,0.427,
0.487,0.436,1,0.345,
0.465,0.419,0.924,0.366,
0.555,0.505,0.991,0.474,
0.515,0.458,1,0.433,
0.49,0.443,0.865,0.425,
0.512,0.455,0.966,0.429,
0.504,0.432,1,0.372,
0.507,0.443,1,0.412,
0.512,0.464,1,0.391,
0.534,0.481,0.978,0.453,
0.488,0.445,0.955,0.382,
0.508,0.461,0.944,0.433,
0.553,0.515,0.999,0.451,
0.497,0.446,0.949,0.39,
0.499,0.458,0.94,0.38,
0.485,0.44,0.944,0.367,
0.479,0.429,0.967,0.38,
0.538,0.498,0.96,0.423,
0.437,0.376,1,0.346,
0.5,0.453,0.92,0.42,
0.529,0.487,0.982,0.441,
0.483,0.444,0.908,0.361,
0.464,0.412,1,0.359,
0.487,0.438,1,0.361,
0.476,0.407,1,0.333,
0.487,0.436,1,0.376,
0.498,0.454,0.959,0.413,
0.502,0.465,0.957,0.363,
0.491,0.419,1,0.4,
0.457,0.395,0.978,0.36,
0.544,0.49,1,0.437,
0.504,0.46,1,0.362,
0.495,0.447,1,0.393,
0.523,0.482,0.962,0.446,
0.463,0.431,0.951,0.353,
0.477,0.422,0.996,0.37,
0.49,0.438,1,0.397,
0.529,0.488,1,0.429,
0.477,0.438,0.899,0.384,
0.491,0.447,1,0.368,
0.454,0.401,0.934,0.353,
0.519,0.468,0.956,0.45,
0.51,0.446,1,0.419,
0.527,0.473,1,0.443,
0.517,0.47,0.999,0.404,
0.462,0.418,0.95,0.348,
0.486,0.44,0.998,0.343,
0.522,0.48,0.97,0.448,
0.466,0.416,0.952,0.348,
0.514,0.468,1,0.413,
0.527,0.457,1,0.434,
0.486,0.434,0.974,0.372,
0.433,0.392,0.932,0.308,
0.456,0.406,0.967,0.372,
0.526,0.473,0.967,0.462,
0.503,0.445,1,0.414,
0.518,0.477,1,0.35,
0.515,0.476,0.949,0.41,
0.506,0.459,0.965,0.425,
0.508,0.452,1,0.419,
0.494,0.438,1,0.394,
0.457,0.397,0.931,0.378,
0.448,0.418,0.926,0.307,
0.519,0.479,1,0.415,
0.518,0.477,0.971,0.396,
0.552,0.504,1,0.446,
0.493,0.439,1,0.385,
0.481,0.445,0.97,0.38,
0.486,0.439,0.912,0.392,
0.528,0.469,0.995,0.417,
0.527,0.472,0.963,0.437,
0.503,0.455,1,0.405,
0.528,0.473,1,0.438,
0.521,0.462,1,0.432,
0.498,0.448,0.945,0.397,
0.502,0.451,0.957,0.412,
0.495,0.435,1,0.401,
0.472,0.437,0.927,0.334,
0.48,0.429,0.965,0.348,
0.525,0.476,1,0.4,
0.513,0.471,0.987,0.394,
0.483,0.437,0.929,0.384,
0.524,0.484,0.987,0.426,
0.501,0.461,0.962,0.404,
0.516,0.473,1,0.404,
0.467,0.403,1,0.372,
0.468,0.409,0.968,0.333,
0.478,0.43,0.892,0.373,
0.527,0.488,0.955,0.439,
0.505,0.456,0.979,0.409,
0.487,0.439,0.903,0.411,
0.431,0.369,0.985,0.321,
0.488,0.438,0.968,0.375,
0.511,0.473,0.948,0.41,
0.502,0.467,0.873,0.409,
0.489,0.417,0.988,0.355,
0.546,0.506,0.966,0.438,
0.508,0.47,0.919,0.397,
0.542,0.502,1,0.459,
0.503,0.452,1,0.363,
0.516,0.485,0.931,0.407,
0.517,0.458,0.95,0.429,
0.513,0.458,0.949,0.421,
0.522,0.477,1,0.413,
0.472,0.431,0.858,0.391,
0.49,0.44,0.914,0.415,
0.504,0.449,1,0.406,
0.499,0.43,1,0.413,
0.476,0.424,0.958,0.371,
0.451,0.398,0.952,0.344,
0.536,0.484,1,0.437,
0.531,0.481,0.957,0.463,
0.511,0.471,0.96,0.401,
0.502,0.462,1,0.362,
0.524,0.482,0.951,0.402,
0.536,0.503,0.959,0.405,
0.471,0.43,0.89,0.36,
0.475,0.414,0.935,0.388,
0.533,0.491,1,0.437,
0.523,0.479,0.999,0.421,
0.52,0.473,1,0.413,
0.494,0.439,0.989,0.396,
0.467,0.439,0.947,0.328,
0.508,0.456,0.969,0.404,
0.462,0.411,1,0.347,
0.505,0.471,0.951,0.402,
0.504,0.449,1,0.387,
0.533,0.482,0.977,0.459,
0.436,0.386,0.861,0.322,
0.522,0.484,0.937,0.422,
0.5,0.453,1,0.4,
0.499,0.438,1,0.405,
0.449,0.403,0.95,0.354,
0.482,0.44,0.985,0.392,
0.531,0.482,0.98,0.44,
0.475,0.419,0.983,0.363,
0.477,0.428,0.91,0.389,
0.459,0.414,0.967,0.334,
0.474,0.408,0.969,0.38,
0.45,0.402,0.896,0.364,
0.524,0.469,0.962,0.448,
0.512,0.453,1,0.403,
0.491,0.426,0.995,0.35,
0.491,0.434,1,0.356,
0.505,0.466,1,0.392,
0.508,0.479,0.898,0.378,
0.452,0.397,0.959,0.364,
0.514,0.467,1,0.412,
0.526,0.491,0.969,0.432,
0.502,0.459,0.942,0.41,
0.47,0.415,0.936,0.396,
0.496,0.452,0.983,0.39,
0.52,0.477,1,0.425,
0.462,0.413,1,0.32,
0.538,0.477,1,0.451,
0.468,0.416,0.992,0.367,
0.475,0.425,0.999,0.34,
0.51,0.46,1,0.421,
0.471,0.424,0.939,0.362,
0.501,0.453,0.979,0.399,
0.497,0.449,0.973,0.396,
0.509,0.467,0.981,0.361,
0.457,0.407,0.963,0.325,
0.509,0.455,1,0.408,
0.499,0.459,0.919,0.402,
0.516,0.459,0.972,0.434,
0.464,0.416,0.971,0.366,
0.481,0.45,0.913,0.364,
0.511,0.462,0.926,0.407,
0.539,0.493,1,0.434,
0.48,0.422,1,0.386,
0.486,0.439,1,0.359,
0.479,0.439,0.977,0.338,
0.526,0.479,1,0.406,
0.516,0.457,0.997,0.438,
0.469,0.417,0.909,0.375,
0.496,0.449,0.925,0.402,
0.531,0.483,1,0.42,
0.492,0.457,0.941,0.342,
0.447,0.406,0.935,0.342,
0.493,0.444,0.973,0.395,
0.512,0.459,1,0.375,
0.511,0.459,0.998,0.421,
0.463,0.406,0.962,0.347,
0.502,0.46,0.93,0.427,
0.488,0.453,0.946,0.367,
0.532,0.492,0.925,0.455,
0.507,0.473,0.906,0.406,
0.521,0.464,1,0.43,
0.487,0.429,1,0.381,
0.525,0.468,0.989,0.45,
0.497,0.449,0.91,0.408,
0.448,0.392,0.928,0.368,
0.503,0.457,1,0.397,
0.528,0.477,0.99,0.429,
0.507,0.46,0.999,0.406,
0.486,0.44,0.979,0.348,
0.491,0.453,0.899,0.401,
0.459,0.408,0.847,0.385,
0.504,0.456,0.977,0.383,
0.46,0.417,0.88,0.352,
0.469,0.418,1,0.345,
0.508,0.453,0.989,0.412,
0.502,0.459,1,0.367,
0.481,0.455,0.892,0.385,
0.495,0.453,1,0.359,
0.488,0.459,0.863,0.402,
0.489,0.44,1,0.378,
0.468,0.408,1,0.328,
0.421,0.359,1,0.309,
0.493,0.436,0.964,0.385,
0.512,0.469,0.946,0.415,
0.481,0.43,1,0.394,
0.453,0.393,0.959,0.359,
0.511,0.451,0.939,0.432,
0.498,0.442,0.988,0.412,
0.486,0.431,1,0.38,
0.52,0.488,0.97,0.394,
0.497,0.438,1,0.401,
0.509,0.462,0.938,0.415,
0.51,0.465,0.979,0.41,
0.523,0.47,0.939,0.438,
0.447,0.4,0.967,0.293,
0.456,0.391,0.979,0.339,
0.443,0.389,0.898,0.382,
0.434,0.384,0.936,0.334,
0.459,0.4,0.907,0.34,
0.506,0.45,1,0.42,
0.463,0.409,0.923,0.359,
0.49,0.431,0.985,0.373,
0.48,0.433,0.976,0.352,
0.49,0.425,1,0.385,
0.471,0.431,0.968,0.35,
0.471,0.425,0.911,0.371,
0.455,0.398,0.965,0.361,
0.432,0.382,0.998,0.309,
0.487,0.434,1,0.392,
0.484,0.432,0.959,0.376,
0.495,0.441,1,0.38,
0.509,0.455,1,0.423,
0.497,0.447,0.961,0.415,
0.464,0.42,1,0.338,
0.479,0.419,1,0.358,
0.441,0.376,0.988,0.341,
0.476,0.421,0.959,0.367,
0.475,0.434,0.915,0.391,
0.477,0.43,0.943,0.371,
0.502,0.465,0.999,0.391,
0.491,0.449,0.979,0.392,
0.436,0.386,0.939,0.318,
0.493,0.439,1,0.39,
0.494,0.438,1,0.397,
0.456,0.384,0.99,0.337,
0.498,0.443,0.984,0.394,
0.489,0.439,0.903,0.406,
0.477,0.433,0.956,0.373,
0.481,0.44,1,0.366,
0.509,0.458,0.985,0.417,
0.483,0.441,1,0.363,
0.444,0.4,0.919,0.34,
0.461,0.397,0.959,0.37,
0.482,0.433,1,0.374,
0.496,0.436,0.994,0.395,
0.464,0.402,1,0.354,
0.486,0.439,1,0.392,
0.415,0.371,0.846,0.316,
0.526,0.475,1,0.421,
0.451,0.397,0.941,0.342,
0.5,0.453,1,0.381,
0.431,0.389,0.899,0.323,
0.485,0.438,0.958,0.372,
0.475,0.432,0.95,0.375,
0.479,0.421,0.984,0.397,
0.464,0.414,0.933,0.3,
0.524,0.468,0.987,0.438,
0.503,0.447,1,0.405,
0.46,0.43,0.884,0.358,
0.493,0.446,0.993,0.387,
0.5,0.451,0.988,0.397,
0.486,0.438,0.991,0.387,
0.478,0.424,0.967,0.392,
0.465,0.423,0.936,0.333,
0.454,0.393,1,0.361,
0.484,0.427,1,0.405,
0.463,0.404,0.973,0.351,
0.492,0.444,0.993,0.394,
0.493,0.448,0.979,0.386,
0.473,0.408,0.945,0.393,
0.416,0.362,0.964,0.317,
0.44,0.384,0.928,0.339,
0.481,0.423,1,0.397,
0.498,0.438,1,0.398,
0.491,0.435,0.992,0.394,
0.459,0.423,1,0.335,
0.478,0.433,1,0.357,
0.478,0.421,0.936,0.39,
0.486,0.425,1,0.396,
0.483,0.447,1,0.312,
0.423,0.363,0.996,0.324,
0.481,0.425,1,0.373,
0.494,0.435,1,0.411,
0.473,0.417,1,0.386,
0.476,0.428,1,0.352,
0.43,0.363,0.965,0.293,
0.485,0.418,0.979,0.373,
0.475,0.422,0.986,0.353,
0.456,0.403,1,0.351,
0.491,0.437,1,0.385,
0.512,0.475,0.994,0.394,
0.497,0.448,1,0.402,
0.506,0.455,0.957,0.412,
0.45,0.414,0.921,0.321,
0.475,0.404,0.992,0.37,
0.499,0.446,0.952,0.412,
0.468,0.415,1,0.363,
0.474,0.42,0.974,0.362,
0.433,0.379,0.99,0.327,
0.498,0.448,0.982,0.42,
0.457,0.422,0.901,0.331,
0.47,0.405,0.972,0.383,
0.478,0.436,1,0.361,
0.467,0.41,1,0.365,
0.455,0.399,1,0.332,
0.476,0.429,0.96,0.35,
0.455,0.399,0.934,0.362,
0.441,0.396,0.946,0.355,
0.462,0.413,1,0.335,
0.459,0.387,1,0.356,
0.471,0.416,0.988,0.376,
0.509,0.45,1,0.416,
0.475,0.416,0.952,0.384,
0.443,0.395,0.983,0.338,
0.493,0.445,0.96,0.372,
0.488,0.443,1,0.355,
0.474,0.414,0.992,0.382,
0.475,0.433,0.904,0.392,
0.421,0.354,1,0.339,
0.494,0.441,1,0.399,
0.429,0.383,0.89,0.33,
0.477,0.421,1,0.373,
0.478,0.421,1,0.371,
0.403,0.343,0.972,0.298,
0.474,0.42,0.991,0.395,
0.448,0.398,0.915,0.372,
0.476,0.425,1,0.359,
0.506,0.473,0.966,0.404,
0.479,0.427,0.978,0.393,
0.482,0.405,1,0.373,
0.448,0.395,1,0.346,
0.442,0.399,0.919,0.334,
0.479,0.429,0.983,0.381,
0.504,0.465,0.985,0.381,
0.444,0.394,0.912,0.331,
0.46,0.405,0.95,0.367,
0.503,0.463,0.954,0.425,
0.459,0.397,1,0.373,
0.461,0.409,0.967,0.359,
0.463,0.442,0.943,0.339,
0.39,0.33,1,0.274,
0.48,0.414,1,0.393,
0.49,0.435,1,0.399,
0.466,0.411,1,0.367,
0.443,0.388,1,0.33,
0.475,0.426,0.976,0.374,
0.507,0.468,0.965,0.403,
0.494,0.452,0.914,0.414,
0.446,0.4,0.909,0.357,
0.452,0.393,0.995,0.354,
0.507,0.455,0.991,0.421,
0.458,0.413,0.891,0.376,
0.45,0.391,1,0.346,
0.456,0.414,0.978,0.332,
0.485,0.437,1,0.393,
0.483,0.431,1,0.392,
0.471,0.405,0.969,0.349,
0.427,0.364,1,0.327,
0.448,0.4,0.979,0.302,
0.478,0.428,0.972,0.35,
0.447,0.382,1,0.327,
0.463,0.411,0.918,0.368,
0.429,0.377,0.943,0.322,
0.474,0.43,0.983,0.344,
0.475,0.419,0.976,0.382,
0.497,0.436,1,0.397,
0.471,0.423,0.987,0.384,
0.476,0.423,0.965,0.391,
0.458,0.403,0.967,0.339,
0.45,0.386,0.966,0.367,
0.443,0.395,0.953,0.351,
0.494,0.44,0.998,0.416,
0.43,0.379,0.865,0.337,
0.483,0.435,1,0.382,
0.455,0.386,0.99,0.36,
0.492,0.446,1,0.377,
0.428,0.374,0.939,0.319,
0.498,0.435,1,0.41,
0.443,0.408,0.912,0.344,
0.486,0.456,0.944,0.354,
0.469,0.414,0.921,0.393,
0.477,0.426,0.968,0.395,
0.455,0.403,0.996,0.322,
0.489,0.45,1,0.353,
0.49,0.444,0.991,0.374,
0.498,0.453,0.948,0.367,
0.474,0.41,0.979,0.373,
0.439,0.387,0.972,0.318,
0.481,0.428,0.951,0.405,
0.51,0.456,1,0.426,
0.471,0.419,0.971,0.373,
0.436,0.381,0.933,0.33,
0.476,0.406,0.971,0.383,
0.509,0.457,0.966,0.413,
0.469,0.406,0.946,0.37,
0.457,0.404,0.963,0.36,
0.452,0.385,1,0.331,
0.491,0.443,0.96,0.36,
0.491,0.451,0.983,0.4,
0.507,0.465,0.965,0.408,
0.481,0.436,1,0.382,
0.439,0.39,0.93,0.307,
0.481,0.43,0.975,0.352,
0.487,0.426,1,0.391,
0.494,0.423,1,0.392,
0.474,0.413,0.954,0.39,
0.428,0.358,1,0.32,
0.458,0.391,0.983,0.373,
0.461,0.387,1,0.362,
0.482,0.413,1,0.373,
0.462,0.419,0.981,0.362,
0.472,0.406,0.998,0.392,
0.473,0.421,0.947,0.337,
0.503,0.449,0.961,0.426,
0.453,0.401,1,0.358,
0.458,0.389,0.973,0.362,
0.465,0.402,1,0.355,
0.418,0.37,0.875,0.319,
0.47,0.425,0.894,0.378,
0.407,0.352,0.893,0.313,
0.445,0.386,1,0.36,
0.475,0.428,0.966,0.38,
0.488,0.442,0.994,0.395,
0.474,0.426,0.965,0.374,
0.469,0.426,0.936,0.354,
0.492,0.438,0.977,0.375,
0.462,0.4,1,0.33,
0.489,0.429,0.971,0.393,
0.46,0.408,1,0.329,
0.477,0.432,0.958,0.341,
0.472,0.417,1,0.355,
0.471,0.408,1,0.36,
0.462,0.423,0.907,0.347,
0.459,0.395,1,0.341,
0.471,0.431,0.934,0.353,
0.451,0.393,0.938,0.359,
0.46,0.417,0.937,0.37,
0.509,0.454,1,0.415,
0.449,0.394,0.937,0.36,
0.487,0.441,1,0.387,
0.502,0.46,1,0.392,
0.477,0.424,1,0.367,
0.482,0.436,0.959,0.377,
0.449,0.388,0.994,0.351,
0.455,0.401,0.923,0.367,
0.474,0.421,0.978,0.374,
0.464,0.418,0.907,0.367,
0.474,0.42,1,0.372,
0.444,0.381,0.929,0.346,
0.484,0.418,0.992,0.39,
0.468,0.419,0.991,0.368,
0.512,0.485,0.986,0.349,
0.47,0.435,1,0.355,
0.436,0.399,0.907,0.315,
0.481,0.424,1,0.406,
0.443,0.396,0.953,0.339,
0.483,0.427,1,0.395,
0.462,0.422,0.962,0.348,
0.458,0.416,1,0.328,
0.483,0.428,1,0.398,
0.495,0.445,1,0.365,
0.449,0.394,0.941,0.359,
0.463,0.4,1,0.352,
0.434,0.389,0.818,0.342,
0.452,0.401,1,0.351,
0.495,0.435,0.958,0.4,
0.433,0.372,0.977,0.31,
0.462,0.399,1,0.347,
0.491,0.459,1,0.342,
0.445,0.397,0.968,0.333,
0.433,0.385,0.97,0.301,
0.447,0.404,0.896,0.353,
0.443,0.384,0.962,0.339,
0.475,0.418,0.974,0.376,
0.482,0.422,1,0.397,
0.502,0.456,1,0.393,
0.472,0.426,0.962,0.369,
0.456,0.4,0.972,0.321,
0.465,0.405,1,0.361,
0.467,0.421,0.936,0.376,
0.481,0.438,1,0.358,
0.478,0.433,0.932,0.39,
0.517,0.47,1,0.436,
0.476,0.446,0.873,0.37,
0.5,0.45,1,0.399,
0.424,0.36,0.981,0.305,
0.478,0.42,0.95,0.382,
0.453,0.401,0.907,0.365,
0.487,0.419,0.969,0.389,
0.454,0.398,0.969,0.371,
0.476,0.423,0.987,0.365,
0.442,0.388,0.905,0.358,
0.428,0.374,0.938,0.306,
0.487,0.445,0.964,0.359,
0.48,0.426,0.94,0.394,
0.457,0.414,0.97,0.335,
0.435,0.381,0.957,0.336,
0.498,0.447,0.971,0.409,
0.504,0.461,1,0.407,
0.472,0.41,1,0.385,
0.44,0.381,1,0.304,
0.396,0.339,0.957,0.301,
0.423,0.366,0.93,0.315,
0.485,0.425,1,0.409,
0.426,0.376,0.919,0.345,
0.48,0.435,1,0.368,
0.513,0.466,1,0.397,
0.487,0.431,0.973,0.395,
0.502,0.459,0.966,0.414,
0.458,0.395,0.993,0.354,
0.459,0.402,0.953,0.374,
0.475,0.417,0.977,0.381,
0.463,0.412,0.986,0.37,
0.488,0.438,1,0.398,
0.439,0.379,0.852,0.351,
0.469,0.419,0.982,0.364,
0.503,0.45,1,0.383,
0.446,0.389,0.986,0.329,
0.479,0.428,0.947,0.375,
0.504,0.454,1,0.401,
0.476,0.417,1,0.363,
0.461,0.4,0.961,0.37,
0.44,0.398,0.919,0.304,
0.412,0.36,0.888,0.335,
0.517,0.457,1,0.435,
0.47,0.405,1,0.372,
0.456,0.383,0.999,0.356,
0.465,0.401,1,0.367,
0.467,0.414,0.96,0.332,
0.467,0.406,1,0.36,
0.509,0.448,1,0.421,
0.468,0.416,0.955,0.378,
0.501,0.459,1,0.388,
0.47,0.427,1,0.356,
0.475,0.417,0.973,0.358,
0.465,0.409,1,0.355,
0.489,0.439,0.946,0.405,
0.479,0.433,0.949,0.389,
0.466,0.419,1,0.343,
0.44,0.392,0.942,0.338,
0.429,0.372,0.934,0.335,
0.44,0.39,0.975,0.316,
0.452,0.404,0.924,0.369,
0.462,0.396,1,0.339,
0.491,0.434,0.984,0.39,
0.45,0.393,0.903,0.367,
0.468,0.416,0.977,0.358,
0.464,0.426,0.935,0.359,
0.5,0.45,0.983,0.384,
0.493,0.436,0.978,0.356,
0.451,0.394,0.961,0.369,
0.45,0.386,0.969,0.347,
0.472,0.428,0.925,0.385,
0.482,0.436,1,0.359,
0.47,0.416,0.975,0.347,
0.501,0.452,1,0.384,
0.468,0.407,1,0.371,
0.493,0.435,1,0.408,
0.452,0.389,1,0.348,
0.462,0.404,1,0.359,
0.476,0.415,1,0.408,
0.459,0.413,0.945,0.353,
0.44,0.392,0.896,0.353,
0.455,0.4,0.949,0.33,
0.466,0.409,1,0.351,
0.48,0.417,0.984,0.37,
0.423,0.362,0.888,0.32,
0.481,0.422,0.981,0.392,
0.457,0.403,1,0.325,
0.495,0.451,0.978,0.413,
0.487,0.427,1,0.393,
0.474,0.445,0.868,0.389,
0.46,0.405,1,0.343,
0.464,0.419,0.915,0.356,
0.468,0.423,1,0.3,
0.46,0.401,0.956,0.364,
0.475,0.415,1,0.35,
0.504,0.455,0.962,0.412,
0.499,0.443,1,0.393,
0.475,0.417,0.981,0.369,
0.416,0.37,0.867,0.325,
0.488,0.442,0.968,0.381,
0.5,0.441,1,0.404,
0.5,0.455,0.934,0.413,
0.484,0.415,1,0.37,
0.431,0.375,0.94,0.319,
0.462,0.404,1,0.363,
0.48,0.43,0.967,0.356,
0.437,0.398,0.921,0.325,
0.45,0.387,1,0.314,
0.537,0.481,1,0.461,
0.485,0.432,0.943,0.387,
0.508,0.464,0.956,0.426,
0.495,0.448,0.934,0.403,
0.464,0.414,0.912,0.375,
0.521,0.464,1,0.434,
0.471,0.421,0.972,0.354,
0.518,0.465,1,0.427,
0.459,0.406,0.943,0.356,
0.477,0.425,0.966,0.386,
0.483,0.433,0.988,0.386,
0.524,0.475,1,0.416,
0.498,0.453,1,0.399,
0.507,0.465,0.983,0.399,
0.535,0.494,0.97,0.442,
0.489,0.433,1,0.396,
0.512,0.466,0.972,0.373,
0.509,0.456,0.965,0.428,
0.459,0.42,0.926,0.324,
0.506,0.457,0.98,0.411,
0.46,0.411,0.94,0.385,
0.471,0.414,0.977,0.385,
0.516,0.472,1,0.411,
0.482,0.435,0.894,0.38,
0.543,0.495,0.999,0.453,
0.476,0.415,1,0.365,
0.503,0.454,1,0.406,
0.482,0.421,0.999,0.374,
0.48,0.423,0.955,0.4,
0.503,0.445,1,0.393,
0.5,0.448,1,0.41,
0.496,0.468,0.907,0.395,
0.456,0.418,0.909,0.366,
0.502,0.43,1,0.406,
0.543,0.493,1,0.436,
0.473,0.418,0.964,0.371,
0.443,0.378,1,0.341,
0.496,0.445,0.962,0.415,
0.491,0.445,0.999,0.395,
0.483,0.418,1,0.401,
0.444,0.383,0.896,0.369,
0.467,0.412,1,0.342,
0.507,0.461,0.929,0.424,
0.475,0.418,1,0.361,
0.481,0.429,0.953,0.369,
0.481,0.421,0.964,0.374,
0.413,0.363,0.912,0.313,
0.461,0.405,0.901,0.375,
0.498,0.444,1,0.4,
0.471,0.435,0.939,0.336,
0.513,0.476,0.958,0.393,
0.476,0.435,0.954,0.374,
0.506,0.461,0.898,0.448,
0.501,0.451,0.989,0.411,
0.508,0.462,1,0.387,
0.54,0.496,1,0.436,
0.495,0.443,0.978,0.409,
0.488,0.426,0.942,0.361,
0.491,0.43,0.993,0.406,
0.484,0.432,0.941,0.394,
0.515,0.464,0.997,0.395,
0.478,0.424,0.925,0.382,
0.487,0.439,0.951,0.385,
0.51,0.459,1,0.42,
0.48,0.417,1,0.397,
0.455,0.41,0.905,0.365,
0.444,0.393,0.928,0.328,
0.498,0.436,0.966,0.395,
0.466,0.404,1,0.369,
0.495,0.454,0.989,0.382,
0.442,0.387,0.955,0.328,
0.449,0.398,0.951,0.357,
0.514,0.46,0.995,0.437,
0.477,0.415,0.991,0.387,
0.487,0.441,0.924,0.37,
0.46,0.412,0.974,0.342,
0.455,0.403,0.968,0.363,
0.458,0.409,0.888,0.37,
0.487,0.423,1,0.369,
0.471,0.419,0.998,0.38,


0.459,0.419,0.906,0.333,
0.478,0.417,1,0.382,
0.427,0.372,0.905,0.328,
0.49,0.444,0.957,0.401,
0.489,0.433,1,0.388,
0.456,0.402,0.989,0.344,
0.472,0.426,0.93,0.372,
0.474,0.435,0.928,0.376,
0.444,0.37,0.967,0.327,
0.429,0.365,0.987,0.348,
0.468,0.396,0.974,0.375,
0.452,0.409,0.884,0.337,
0.44,0.383,0.882,0.33,
0.508,0.441,1,0.394,
0.437,0.387,0.937,0.333,
0.446,0.374,1,0.347,
0.484,0.427,0.989,0.382,
0.426,0.385,0.861,0.312,
0.468,0.399,0.992,0.375,
0.481,0.419,1,0.374,
0.46,0.402,1,0.318,
0.452,0.4,0.978,0.326,
0.465,0.406,0.949,0.348,
0.45,0.395,1,0.32,
0.481,0.43,0.966,0.366,
0.476,0.406,1,0.378,
0.468,0.411,1,0.334,
0.476,0.418,0.955,0.394,
0.442,0.39,0.909,0.336,
0.459,0.403,0.922,0.356,
0.441,0.397,0.936,0.342,
0.448,0.395,0.985,0.325,
0.442,0.38,0.954,0.344,
0.478,0.438,0.928,0.368,
0.464,0.404,0.991,0.368,
0.478,0.418,1,0.369,
0.459,0.402,0.972,0.353,
0.427,0.366,0.972,0.341,
0.443,0.389,0.905,0.346,
0.49,0.449,0.949,0.362,
0.477,0.445,0.942,0.376,
0.48,0.415,0.954,0.389,
0.475,0.424,1,0.349,
0.454,0.409,0.931,0.362,
0.498,0.439,0.991,0.378,
0.458,0.398,0.979,0.346,
0.456,0.399,1,0.35,
0.483,0.433,0.977,0.376,
0.451,0.412,0.968,0.333,
0.444,0.392,0.957,0.337,
0.447,0.397,0.895,0.348,
0.471,0.42,0.88,0.392,
0.453,0.394,0.976,0.342,
0.473,0.419,0.948,0.351,
0.476,0.416,1,0.361,
0.463,0.404,0.965,0.382,
0.504,0.447,0.977,0.418,
0.476,0.416,0.971,0.382,
0.459,0.404,0.928,0.364,
0.429,0.373,0.929,0.346,
0.422,0.352,1,0.323,
0.437,0.373,0.967,0.32,
0.465,0.414,0.958,0.335,
0.439,0.383,0.923,0.352,
0.435,0.384,0.953,0.313,
0.493,0.444,0.987,0.364,
0.445,0.38,0.979,0.36,
0.452,0.393,0.955,0.324,
0.494,0.441,0.981,0.406,
0.48,0.445,0.899,0.385,
0.505,0.448,0.968,0.401,
0.461,0.394,1,0.361,
0.457,0.391,1,0.351,
0.496,0.446,0.967,0.373,
0.462,0.41,0.891,0.366,
0.451,0.386,0.916,0.359,
0.441,0.391,0.887,0.368,
0.472,0.425,1,0.365,
0.455,0.411,0.953,0.353,
0.463,0.398,1,0.382,
0.425,0.375,0.914,0.33,
0.462,0.404,0.95,0.357,
0.442,0.378,0.977,0.33,
0.479,0.419,1,0.378,
0.449,0.408,0.894,0.349,
0.489,0.429,1,0.396,
0.47,0.418,0.889,0.329,
0.467,0.388,1,0.359,
0.487,0.432,0.946,0.405,
0.469,0.413,0.943,0.385,
0.483,0.416,0.979,0.397,
0.466,0.401,0.992,0.363,
0.44,0.371,0.99,0.331,
0.453,0.384,0.979,0.352,
0.44,0.383,0.968,0.326,
0.466,0.404,0.918,0.374,
0.468,0.406,1,0.342,
0.452,0.4,0.909,0.368,
0.493,0.458,0.935,0.357,
0.44,0.391,0.903,0.344,
0.512,0.456,0.988,0.434,
0.46,0.405,0.934,0.348,
0.449,0.395,0.976,0.339,
0.456,0.398,0.98,0.363,
0.432,0.392,0.894,0.314,
0.473,0.423,0.948,0.36,
0.473,0.406,0.979,0.357,
0.467,0.404,1,0.375,
0.453,0.406,0.926,0.374,
0.442,0.384,1,0.335,
0.427,0.366,0.885,0.319,
0.432,0.385,0.928,0.33,
0.47,0.417,0.951,0.367,
0.453,0.398,0.957,0.363,
0.476,0.42,0.936,0.375,
0.431,0.364,0.927,0.318,
0.457,0.394,0.931,0.368,
0.441,0.372,0.94,0.336,
0.466,0.403,0.999,0.342,
0.427,0.386,0.962,0.317,
0.495,0.428,0.985,0.392,
0.426,0.362,0.985,0.331,
0.46,0.411,0.915,0.371,
0.455,0.402,0.918,0.369,
0.454,0.4,0.924,0.349,
0.467,0.422,0.955,0.36,
0.42,0.39,0.831,0.307,
0.488,0.443,0.991,0.397,
0.483,0.423,0.95,0.413,
0.468,0.42,0.971,0.377,
0.463,0.42,1,0.342,
0.447,0.392,1,0.347,
0.438,0.388,0.938,0.321,
0.485,0.422,1,0.335,
0.473,0.404,1,0.352,
0.44,0.38,1,0.329,
0.426,0.369,0.935,0.306,
0.441,0.398,0.884,0.36,
0.439,0.378,0.938,0.336,
0.44,0.374,1,0.34,
0.496,0.434,1,0.383,
0.453,0.394,0.982,0.298,
0.45,0.385,0.96,0.344,
0.488,0.458,0.924,0.35,
0.473,0.422,0.983,0.365,
0.467,0.398,0.992,0.383,
0.474,0.417,0.971,0.361,
0.482,0.439,0.963,0.341,
0.462,0.403,0.992,0.377,
0.445,0.398,0.913,0.325,
0.401,0.348,0.914,0.314,
0.501,0.448,0.999,0.403,
0.447,0.393,0.946,0.318,
0.462,0.407,0.974,0.345,
0.443,0.386,0.95,0.33,
0.462,0.391,1,0.354,
0.455,0.405,1,0.333,
0.457,0.405,0.901,0.34,
0.487,0.424,1,0.337,
0.468,0.413,1,0.367,
0.467,0.415,0.952,0.364,
0.47,0.406,1,0.366,
0.45,0.38,0.94,0.357,
0.479,0.433,0.97,0.372,
0.421,0.361,0.954,0.308,
0.487,0.447,0.965,0.387,
0.45,0.397,0.947,0.356,
0.436,0.383,0.938,0.331,
0.449,0.4,0.905,0.359,
0.419,0.355,0.915,0.315,
0.413,0.361,0.881,0.333,
0.494,0.439,0.958,0.374,
0.444,0.386,0.943,0.334,
0.447,0.398,0.895,0.343,
0.438,0.394,0.884,0.275,
0.459,0.4,0.953,0.321,
0.482,0.425,1,0.379,
0.446,0.403,0.881,0.349,
0.445,0.409,0.889,0.351,
0.457,0.396,0.972,0.352,
0.501,0.437,0.986,0.405,
0.452,0.398,0.953,0.338,
0.463,0.4,0.972,0.367,
0.441,0.385,0.948,0.359,
0.431,0.389,0.861,0.341,
0.476,0.414,1,0.375,
0.451,0.395,0.956,0.339,
0.451,0.392,1,0.323,
0.499,0.446,1,0.399,
0.462,0.418,0.889,0.36,
0.439,0.393,1,0.317,
0.443,0.389,0.933,0.344,
0.465,0.41,0.934,0.37,
0.484,0.437,1,0.369,
0.493,0.445,0.932,0.38,
0.475,0.412,1,0.369,
0.464,0.403,0.934,0.356,
0.45,0.389,0.878,0.342,
0.485,0.419,0.991,0.396,
0.46,0.408,0.898,0.377,
0.47,0.412,0.956,0.401,
0.463,0.404,0.952,0.363,
0.456,0.4,0.945,0.357,
0.43,0.371,0.961,0.331,
0.446,0.399,0.905,0.367,
0.449,0.394,1,0.353,
0.478,0.421,1,0.379,
0.458,0.398,0.887,0.367,
0.458,0.401,0.95,0.361,
0.478,0.429,0.943,0.37,
0.493,0.431,0.966,0.395,
0.462,0.405,0.957,0.365,
0.47,0.407,1,0.372,
0.441,0.378,0.938,0.338,
0.463,0.4,0.993,0.363,
0.461,0.398,0.973,0.349,
0.456,0.418,0.966,0.326,
0.496,0.435,0.982,0.381,
0.502,0.448,0.978,0.414,
0.455,0.402,1,0.339,
0.439,0.375,0.942,0.306,
0.471,0.409,0.992,0.377,
0.434,0.387,0.902,0.34,
0.429,0.382,0.938,0.323,
0.471,0.404,1,0.368,
0.479,0.429,0.952,0.389,
0.461,0.414,1,0.344,
0.494,0.444,1,0.383,
0.472,0.423,0.937,0.372,
0.426,0.368,0.948,0.29,
0.486,0.434,0.954,0.405,
0.447,0.387,0.898,0.373,
0.438,0.376,0.881,0.343,
0.456,0.389,0.979,0.345,
0.439,0.392,0.863,0.36,
0.454,0.404,0.928,0.363,
0.432,0.388,0.939,0.298,
0.492,0.422,0.998,0.386,
0.45,0.392,0.977,0.336,
0.465,0.426,1,0.343,
0.465,0.415,0.938,0.347,
0.481,0.441,0.937,0.392,
0.461,0.408,0.953,0.347,
0.452,0.392,0.994,0.346,
0.483,0.425,0.998,0.349,
0.45,0.398,0.926,0.35,
0.475,0.416,0.955,0.36,
0.435,0.374,0.901,0.318,
0.422,0.365,0.952,0.321,
0.414,0.361,0.992,0.311,
0.496,0.45,0.967,0.38,
0.445,0.4,0.945,0.351,
0.474,0.422,1,0.377,
0.426,0.38,0.882,0.323,
0.469,0.411,0.97,0.376,
0.483,0.438,0.919,0.374,
0.438,0.377,0.901,0.341,
0.482,0.44,1,0.358,
0.374,0.313,1,0.275,
0.476,0.419,1,0.383,
0.459,0.404,0.93,0.379,
0.451,0.401,0.938,0.36,
0.451,0.393,0.866,0.349,
0.463,0.417,1,0.349,
0.481,0.426,0.941,0.378,
0.445,0.387,0.933,0.365,
0.469,0.401,0.999,0.373,
0.488,0.431,0.956,0.394,
0.465,0.404,0.92,0.379,
0.482,0.426,1,0.347,
0.494,0.433,0.998,0.394,
0.404,0.341,0.904,0.315,
0.461,0.392,1,0.348,
0.467,0.409,0.961,0.367,
0.456,0.398,0.969,0.372,
0.443,0.388,0.995,0.342,
0.432,0.375,0.946,0.329,
0.486,0.43,1,0.402,
0.47,0.423,0.908,0.393,
0.464,0.419,1,0.352,
0.443,0.386,1,0.327,
0.469,0.41,0.919,0.393,
0.459,0.401,0.957,0.385,
0.475,0.417,0.974,0.344,
0.441,0.382,1,0.316,
0.453,0.397,1,0.33,
0.48,0.418,0.988,0.389,
0.482,0.424,1,0.369,
0.445,0.382,1,0.33,
0.436,0.377,0.975,0.343,
0.452,0.399,0.944,0.369,
0.46,0.413,0.894,0.382,
0.47,0.407,0.964,0.379,
0.468,0.413,0.961,0.363,
0.484,0.428,1,0.385,
0.464,0.389,0.992,0.367,
0.449,0.385,0.976,0.353,
0.43,0.374,0.945,0.306,
0.421,0.367,0.955,0.309,
0.465,0.422,0.898,0.318,
0.473,0.429,0.957,0.355,
0.456,0.406,0.982,0.335,
0.449,0.4,0.921,0.35,
0.445,0.387,0.985,0.353,
0.499,0.436,1,0.395,
0.476,0.409,0.957,0.396,
0.429,0.371,0.922,0.343,
0.475,0.422,0.983,0.381,
0.48,0.435,1,0.381,
0.476,0.423,0.945,0.39,
0.43,0.372,0.92,0.325,
0.494,0.43,0.988,0.399,
0.447,0.389,0.971,0.322,
0.47,0.408,1,0.358,
0.477,0.413,1,0.376,
0.461,0.407,0.879,0.368,
0.466,0.424,0.91,0.367,
0.495,0.45,0.953,0.384,
0.459,0.401,0.961,0.358,
0.455,0.403,0.866,0.377,
0.47,0.426,0.91,0.368,
0.48,0.422,0.969,0.389,
0.44,0.376,0.984,0.314,
0.465,0.413,1,0.361,
0.483,0.425,0.997,0.363,
0.457,0.402,0.959,0.342,
0.463,0.407,1,0.34,
0.469,0.412,0.964,0.373,
0.454,0.401,0.914,0.339,
0.494,0.44,0.99,0.403,
0.408,0.344,1,0.304,
0.464,0.412,1,0.369,
0.474,0.418,0.984,0.377,
0.457,0.392,0.915,0.367,
0.453,0.394,0.976,0.328,
0.449,0.406,0.947,0.314,
0.461,0.404,0.968,0.34,
0.436,0.388,0.921,0.359,
0.468,0.414,0.941,0.371,
0.47,0.421,0.951,0.378,
0.434,0.383,0.904,0.358,
0.445,0.394,0.919,0.377,
0.489,0.422,0.984,0.392,
0.447,0.393,0.903,0.344,
0.447,0.39,0.947,0.357,
0.465,0.395,0.989,0.374,
0.438,0.378,0.963,0.339,
0.469,0.414,1,0.368,
0.448,0.413,0.954,0.344,
0.481,0.418,0.934,0.395,
0.449,0.381,1,0.328,
0.464,0.415,0.964,0.352,
0.431,0.383,0.95,0.33,
0.472,0.412,0.965,0.368,
0.454,0.395,0.96,0.342,
0.466,0.42,0.939,0.36,
0.475,0.407,1,0.37,
0.435,0.379,0.946,0.315,
0.43,0.377,0.943,0.322,
0.456,0.408,0.912,0.359,
0.436,0.371,1,0.336,
0.45,0.383,0.974,0.316,
0.477,0.422,0.951,0.381,
0.459,0.389,0.951,0.339,
0.413,0.363,0.875,0.287,
0.444,0.391,0.962,0.34,
0.474,0.422,0.931,0.353,
0.458,0.411,0.916,0.369,
0.475,0.419,0.995,0.368,
0.483,0.431,0.919,0.395,
0.425,0.368,0.872,0.337,
0.46,0.404,0.92,0.352,
0.442,0.379,0.949,0.345,
0.427,0.381,0.907,0.307,
0.424,0.363,0.93,0.335,
0.475,0.417,0.989,0.382,
0.475,0.416,1,0.368,
0.505,0.449,0.995,0.385,
0.46,0.415,0.882,0.367,
0.482,0.43,1,0.373,
0.47,0.4,1,0.381,
0.475,0.425,0.994,0.378,
0.48,0.426,0.951,0.385,
0.466,0.411,0.951,0.371,
0.476,0.412,0.96,0.371,
0.471,0.413,0.958,0.372,
0.462,0.394,1,0.366,
0.454,0.408,0.94,0.342,
0.45,0.409,0.919,0.352,
0.463,0.414,1,0.336,
0.439,0.357,1,0.325,
0.478,0.41,0.984,0.398,
0.475,0.411,1,0.368,
0.454,0.401,0.901,0.374,
0.479,0.429,0.96,0.366,
0.456,0.389,1,0.355,
0.474,0.422,0.963,0.35,
0.443,0.389,0.951,0.329,
0.442,0.387,0.935,0.344,
0.43,0.379,0.908,0.334,
0.479,0.419,0.983,0.38,
0.479,0.406,0.955,0.355,
0.463,0.406,0.908,0.37,
0.423,0.359,0.991,0.323,
0.458,0.402,0.968,0.355,
0.469,0.406,0.941,0.366,
0.477,0.418,1,0.373,
0.483,0.418,0.989,0.381,
0.497,0.447,0.98,0.368,
0.466,0.409,1,0.372,
0.47,0.407,0.97,0.388,
0.464,0.408,0.98,0.309,
0.461,0.406,0.977,0.359,
0.456,0.384,0.964,0.351,
0.476,0.412,1,0.367,
0.47,0.419,0.964,0.394,
0.458,0.388,1,0.354,
0.448,0.407,0.918,0.33,
0.479,0.416,0.997,0.366,
0.456,0.4,0.99,0.356,
0.464,0.415,1,0.328,
0.438,0.387,0.963,0.315,
0.47,0.418,0.97,0.371,
0.483,0.423,1,0.385,
0.476,0.431,0.947,0.384,
0.479,0.424,0.984,0.382,
0.461,0.407,0.956,0.369,
0.475,0.423,1,0.366,
0.437,0.411,0.842,0.3,
0.434,0.385,0.919,0.345,
0.474,0.411,0.955,0.398,
0.494,0.435,1,0.402,
0.487,0.441,0.97,0.382,
0.477,0.409,1,0.382,
0.462,0.4,0.986,0.334,
0.475,0.415,0.993,0.381,
0.46,0.399,1,0.334,
0.471,0.413,0.989,0.366,
0.456,0.402,0.997,0.364,
0.488,0.445,0.968,0.386,
0.432,0.37,0.948,0.325,
0.462,0.396,0.98,0.354,
0.459,0.409,0.907,0.37,
0.447,0.4,0.89,0.361,
0.432,0.374,0.998,0.299,
0.438,0.37,0.988,0.307,
0.498,0.443,0.982,0.411,
0.463,0.404,1,0.364,
0.478,0.421,1,0.366,
0.439,0.375,0.969,0.35,
0.444,0.382,0.97,0.356,
0.435,0.382,0.889,0.337,
0.468,0.4,1,0.364,
0.454,0.401,0.982,0.34,
0.453,0.382,0.987,0.347,
0.466,0.421,0.926,0.355,
0.483,0.422,0.958,0.398,
0.468,0.424,0.937,0.359,
0.449,0.393,0.961,0.351,
0.487,0.432,0.986,0.397,
0.47,0.423,0.961,0.373,
0.438,0.389,0.891,0.354,
0.454,0.4,0.942,0.352,
0.451,0.389,0.958,0.363,
0.453,0.404,0.94,0.34,
0.429,0.364,0.957,0.339,
0.485,0.44,0.915,0.383,
0.451,0.394,1,0.342,
0.445,0.386,0.984,0.347,
0.475,0.411,0.948,0.378,
0.441,0.395,0.963,0.29,
0.446,0.393,0.936,0.369,
0.47,0.403,1,0.384,
0.462,0.411,0.978,0.302,
0.452,0.392,0.932,0.357,
0.471,0.419,0.987,0.376,
0.445,0.397,0.925,0.351,
0.464,0.408,1,0.362,
0.438,0.373,0.977,0.326,
0.459,0.403,1,0.336,
0.439,0.375,0.926,0.348,
0.468,0.417,0.956,0.361,
0.434,0.37,0.995,0.32,
0.479,0.445,0.941,0.347,
0.458,0.398,1,0.353,
0.464,0.408,0.948,0.362,
0.47,0.416,0.929,0.368,
0.43,0.382,0.878,0.328,
0.468,0.422,0.911,0.337,
0.474,0.42,0.927,0.388,
0.451,0.409,1,0.324,
0.445,0.393,0.939,0.342,
0.459,0.415,0.996,0.331,
0.45,0.379,0.978,0.351,
0.502,0.441,1,0.404,
0.482,0.432,0.956,0.388,
0.466,0.416,0.953,0.346,
0.456,0.386,0.97,0.358,
0.451,0.397,0.978,0.351,
0.463,0.403,1,0.341,
0.494,0.432,0.986,0.39,
0.457,0.399,0.965,0.352,
0.466,0.411,0.902,0.372,
0.47,0.407,0.976,0.362,
0.448,0.398,0.964,0.33,
0.455,0.396,0.953,0.368,
0.499,0.438,0.978,0.405,
0.467,0.402,1,0.382,
0.461,0.402,0.987,0.356,
0.453,0.391,0.938,0.365,
0.443,0.373,1,0.327,
0.438,0.38,0.986,0.322,
0.437,0.382,1,0.334,
0.461,0.412,0.974,0.347,
0.466,0.397,1,0.38,
0.415,0.362,0.894,0.334,
0.457,0.39,1,0.343,
0.459,0.41,0.972,0.36,
0.457,0.396,1,0.37,
0.458,0.393,0.95,0.344,
0.441,0.397,0.939,0.341,
0.424,0.357,1,0.325,
0.452,0.404,0.936,0.351,
0.467,0.408,0.921,0.378,
0.479,0.422,0.963,0.378,
0.456,0.392,0.942,0.357,
0.481,0.426,1,0.384,
0.453,0.395,0.957,0.351,
0.446,0.392,0.98,0.336,
0.469,0.413,0.954,0.354,
0.455,0.414,0.956,0.31,
0.463,0.399,0.944,0.372,
0.465,0.405,1,0.358,
0.485,0.439,0.944,0.363,
0.458,0.406,1,0.338,
0.436,0.378,0.95,0.325,
0.432,0.369,0.978,0.337,
0.42,0.36,0.964,0.333,
0.45,0.404,0.942,0.346,
0.462,0.407,0.914,0.376,
0.417,0.359,0.915,0.312,
0.461,0.412,1,0.325,
0.439,0.381,1,0.333,
0.459,0.4,0.991,0.334,
0.437,0.382,0.998,0.3,
0.443,0.38,0.94,0.322,
0.406,0.358,0.859,0.287,
0.434,0.365,0.965,0.331,
0.418,0.349,0.999,0.28,
0.44,0.379,0.958,0.328,
0.44,0.394,0.885,0.318,
0.448,0.397,0.967,0.337,
0.463,0.414,0.981,0.342,
0.465,0.404,0.984,0.326,
0.448,0.386,0.983,0.363,
0.436,0.37,1,0.316,
0.456,0.381,1,0.316,
0.426,0.356,0.961,0.33,
0.42,0.362,0.936,0.313,
0.444,0.387,0.964,0.341,
0.46,0.387,1,0.366,
0.407,0.341,0.954,0.304,
0.457,0.387,0.961,0.368,
0.455,0.391,0.956,0.357,
0.426,0.358,1,0.311,
0.479,0.412,1,0.345,
0.446,0.39,0.955,0.341,
0.435,0.384,0.942,0.343,
0.435,0.371,0.959,0.329,
0.467,0.399,0.965,0.362,
0.451,0.396,0.989,0.363,
0.418,0.375,0.848,0.324,
0.438,0.382,0.965,0.323,
0.425,0.37,0.867,0.342,
0.473,0.413,0.962,0.367,
0.438,0.376,0.997,0.327,
0.443,0.384,0.987,0.343,
0.412,0.341,1,0.301,
0.473,0.415,0.992,0.378,
0.434,0.374,0.955,0.351,
0.441,0.385,0.94,0.346,
0.423,0.359,0.928,0.337,
0.452,0.397,0.935,0.347,
0.439,0.387,0.964,0.33,
0.446,0.386,1,0.336,
0.456,0.389,1,0.354,
0.471,0.403,0.996,0.358,
0.455,0.399,0.929,0.364,
0.439,0.368,0.967,0.339,
0.451,0.385,0.985,0.359,
0.467,0.41,0.995,0.382,
0.448,0.404,0.916,0.355,
0.437,0.379,0.913,0.358,
0.445,0.396,1,0.338,
0.439,0.381,0.979,0.319,
0.439,0.367,0.932,0.36,
0.45,0.386,0.955,0.364,
0.468,0.409,0.975,0.379,
0.444,0.387,0.965,0.349,
0.447,0.385,0.96,0.343,
0.414,0.356,0.965,0.296,
0.439,0.397,0.923,0.323,
0.442,0.386,0.948,0.351,
0.459,0.41,0.968,0.349,
0.452,0.399,0.906,0.372,
0.439,0.377,0.933,0.341,
0.434,0.374,0.983,0.329,
0.415,0.365,0.9,0.323,
0.416,0.355,0.916,0.326,
0.404,0.358,0.896,0.282,
0.409,0.348,1,0.3,
0.433,0.362,0.977,0.328,
0.424,0.37,0.887,0.324,
0.426,0.367,0.957,0.314,
0.444,0.385,0.949,0.344,
0.414,0.363,0.974,0.297,
0.44,0.381,0.988,0.356,
0.444,0.381,0.989,0.359,
0.436,0.386,0.965,0.301,
0.465,0.41,0.992,0.352,
0.467,0.411,0.917,0.381,
0.456,0.393,0.968,0.358,
0.478,0.429,0.98,0.383,
0.422,0.364,0.907,0.31,
0.456,0.396,1,0.343,
0.455,0.395,0.966,0.358,
0.442,0.369,0.982,0.355,
0.451,0.4,1,0.32,
0.423,0.36,0.981,0.306,
0.47,0.42,0.988,0.347,
0.427,0.364,0.959,0.323,
0.429,0.36,0.99,0.309,
0.445,0.384,0.972,0.353,
0.427,0.374,0.942,0.31,
0.432,0.377,0.979,0.314,
0.467,0.406,1,0.365,
0.465,0.417,0.905,0.381,
0.416,0.353,0.883,0.33,
0.421,0.361,0.935,0.316,
0.442,0.393,0.98,0.315,
0.45,0.383,0.98,0.343,
0.466,0.413,0.944,0.38,
0.442,0.39,0.943,0.329,
0.447,0.377,1,0.323,
0.471,0.41,1,0.342,
0.437,0.379,0.942,0.332,
0.451,0.394,0.981,0.354,
0.448,0.391,1,0.337,
0.416,0.36,0.931,0.315,
0.451,0.385,0.966,0.355,
0.408,0.34,1,0.294,
0.427,0.366,0.974,0.335,
0.421,0.378,0.87,0.318,
0.386,0.324,0.967,0.287,
0.435,0.379,0.947,0.339,
0.401,0.346,0.866,0.298,
0.433,0.384,0.972,0.328,
0.467,0.416,0.984,0.36,
0.433,0.359,1,0.325,
0.451,0.389,0.979,0.318,
0.425,0.366,0.983,0.305,
0.438,0.369,1,0.321,
0.441,0.39,1,0.335,
0.461,0.393,1,0.36,
0.43,0.372,0.956,0.303,
0.436,0.372,0.964,0.331,
0.478,0.417,1,0.378,
0.418,0.356,0.966,0.327,
0.429,0.368,1,0.313,
0.425,0.352,0.993,0.32,
0.384,0.32,1,0.276,
0.442,0.382,0.863,0.344,
0.44,0.38,0.957,0.352,
0.432,0.385,0.92,0.344,
0.467,0.392,0.999,0.348,
0.44,0.373,0.992,0.319,
0.45,0.395,0.927,0.338,
0.426,0.361,0.858,0.349,
0.431,0.384,0.92,0.325,
0.451,0.382,1,0.358,
0.471,0.411,1,0.384,
0.43,0.369,0.94,0.346,
0.445,0.388,0.978,0.358,
0.432,0.382,0.96,0.324,
0.443,0.383,0.967,0.355,
0.457,0.394,0.988,0.34,
0.446,0.384,0.995,0.325,
0.412,0.35,0.993,0.305,
0.431,0.369,0.99,0.336,
0.459,0.387,1,0.377,
0.417,0.364,0.88,0.332,
0.454,0.385,1,0.376,
0.437,0.37,1,0.335,
0.462,0.403,1,0.342,
0.463,0.402,1,0.367,
0.445,0.383,0.959,0.329,
0.446,0.387,0.924,0.369,
0.447,0.388,1,0.329,
0.46,0.393,1,0.353,
0.473,0.414,1,0.385,
0.419,0.359,0.956,0.33,
0.454,0.396,0.98,0.347,
0.403,0.34,0.938,0.31,
0.441,0.388,0.932,0.345,
0.44,0.386,0.946,0.318,
0.445,0.381,0.934,0.331,
0.421,0.356,0.962,0.324,
0.443,0.377,0.916,0.314,
0.421,0.35,1,0.338,
0.463,0.412,1,0.329,
0.428,0.366,1,0.329,
0.439,0.365,1,0.328,
0.435,0.368,1,0.331,
0.437,0.372,0.944,0.341,
0.435,0.368,1,0.324,
0.438,0.389,0.936,0.33,
0.425,0.358,1,0.298,
0.441,0.372,1,0.34,
0.436,0.384,0.906,0.342,
0.443,0.381,0.989,0.353,
0.434,0.362,1,0.316,
0.401,0.338,0.979,0.303,
0.467,0.399,0.961,0.386,
0.47,0.407,1,0.357,
0.441,0.372,0.984,0.356,
0.414,0.368,0.9,0.318,
0.432,0.372,0.988,0.34,
0.462,0.406,1,0.336,
0.451,0.385,1,0.348,
0.45,0.392,0.976,0.355,
0.439,0.35,0.991,0.32,
0.413,0.358,0.958,0.28,
0.461,0.394,1,0.336,
0.459,0.405,0.975,0.34,
0.426,0.37,0.897,0.34,
0.418,0.362,0.993,0.307,
0.402,0.331,0.999,0.271,
0.428,0.358,1,0.316,
0.444,0.379,0.989,0.343,
0.421,0.363,0.914,0.315,
0.437,0.364,1,0.356,
0.438,0.387,1,0.314,
0.446,0.388,0.976,0.325,
0.443,0.392,1,0.332,
0.433,0.377,0.962,0.304,
0.45,0.395,1,0.349,
0.44,0.381,1,0.318,
0.408,0.346,1,0.305,
0.451,0.391,0.962,0.368,
0.416,0.352,1,0.292,
0.429,0.375,0.968,0.312,
0.419,0.361,0.892,0.314,
0.462,0.407,1,0.35,
0.464,0.413,1,0.367,
0.428,0.37,0.913,0.333,
0.466,0.404,1,0.367,
0.446,0.388,0.992,0.336,
0.446,0.387,0.941,0.35,
0.434,0.38,0.99,0.333,
0.44,0.391,0.926,0.352,
0.418,0.365,0.895,0.297,
0.454,0.396,0.951,0.333,
0.443,0.377,1,0.335,
0.416,0.358,0.906,0.311,
0.45,0.386,1,0.351,
0.433,0.374,0.927,0.341,
0.419,0.36,0.917,0.338,
0.458,0.405,0.968,0.345,
0.439,0.366,1,0.339,
0.453,0.406,0.954,0.361,
0.449,0.399,0.914,0.355,
0.437,0.377,0.982,0.344,
0.446,0.379,1,0.362,
0.427,0.385,0.876,0.336,
0.439,0.383,0.952,0.341,
0.445,0.384,1,0.331,
0.412,0.363,0.853,0.302,
0.436,0.377,0.959,0.347,
0.419,0.358,0.955,0.328,
0.448,0.401,0.987,0.324,
0.437,0.37,1,0.313,
0.469,0.42,0.988,0.363,
0.459,0.418,0.984,0.321,
0.444,0.387,0.9,0.353,
0.448,0.385,0.962,0.357,
0.43,0.36,0.941,0.339,
0.442,0.386,0.98,0.361,
0.441,0.393,1,0.292,
0.421,0.369,0.959,0.336,
0.455,0.392,0.997,0.348,
0.435,0.38,0.986,0.334,
0.439,0.383,0.93,0.354,
0.458,0.395,0.991,0.349,
0.433,0.377,0.952,0.326,
0.433,0.376,0.956,0.328,
0.45,0.394,0.944,0.343,
0.415,0.351,1,0.327,
0.441,0.379,0.994,0.318,
0.443,0.385,0.953,0.326,
0.404,0.354,0.872,0.277,
0.405,0.346,1,0.299,
0.424,0.379,0.868,0.319,
0.425,0.358,0.952,0.328,
0.449,0.392,1,0.337,
0.421,0.374,0.857,0.33,
0.451,0.405,0.994,0.335,
0.434,0.37,0.984,0.33,
0.426,0.365,1,0.33,
0.427,0.37,0.981,0.33,
0.438,0.391,0.899,0.358,
0.458,0.412,0.99,0.361,
0.456,0.402,0.921,0.365,
0.465,0.412,0.998,0.366,
0.456,0.393,1,0.33,
0.463,0.404,0.989,0.362,
0.431,0.365,0.992,0.35,
0.424,0.368,0.893,0.299,
0.422,0.365,0.902,0.336,
0.452,0.402,0.928,0.347,
0.431,0.365,0.971,0.324,
0.455,0.396,0.985,0.363,
0.434,0.375,1,0.337,
0.411,0.343,0.938,0.299,
0.461,0.419,0.963,0.35,
0.43,0.379,0.917,0.303,
0.466,0.408,0.997,0.36,
0.444,0.389,1,0.317,
0.455,0.393,0.999,0.342,
0.442,0.385,0.959,0.322,
0.446,0.386,0.99,0.339,
0.427,0.359,0.972,0.317,
0.404,0.337,1,0.292,
0.41,0.354,0.911,0.293,
0.437,0.372,0.924,0.326,
0.416,0.366,0.948,0.302,
0.444,0.396,0.957,0.343,
0.461,0.407,0.972,0.357,
0.436,0.389,0.917,0.302,
0.467,0.411,0.96,0.369,
0.453,0.405,0.998,0.326,
0.451,0.399,0.943,0.342,
0.415,0.368,0.863,0.319,
0.465,0.414,1,0.347,
0.428,0.37,0.932,0.34,
0.419,0.368,0.872,0.331,
0.43,0.376,1,0.328,
0.44,0.384,0.975,0.346,
0.428,0.36,1,0.314,
0.439,0.374,0.948,0.326,
0.447,0.399,0.907,0.349,
0.448,0.399,0.945,0.366,
0.435,0.368,1,0.325,
0.397,0.336,0.96,0.299,
0.398,0.337,0.909,0.295,
0.462,0.397,0.993,0.354,
0.424,0.367,0.881,0.335,
0.443,0.377,0.987,0.359,
0.438,0.364,0.944,0.346,
0.427,0.368,1,0.287,
0.421,0.372,0.889,0.334,
0.468,0.397,0.981,0.378,
0.434,0.387,0.939,0.339,
0.443,0.369,0.964,0.348,
0.455,0.4,0.983,0.321,
0.466,0.4,1,0.374,
0.44,0.366,0.939,0.354,
0.444,0.386,0.941,0.356,
0.433,0.376,0.901,0.326,
0.421,0.366,0.989,0.305,
0.42,0.351,1,0.323,
0.39,0.323,0.949,0.284,
0.464,0.411,1,0.352,
0.444,0.372,1,0.336,
0.436,0.368,0.965,0.348,
0.45,0.401,0.932,0.341,
0.422,0.364,0.909,0.327,
0.447,0.401,0.937,0.337,
0.458,0.399,0.978,0.363,
0.463,0.392,1,0.36,
0.469,0.413,0.961,0.364,
0.44,0.386,0.898,0.347,
0.462,0.403,1,0.344,
0.424,0.371,0.886,0.338,
0.443,0.379,0.964,0.351,
0.442,0.371,1,0.341,
0.462,0.418,0.983,0.33,
0.436,0.385,0.944,0.302,
0.45,0.404,0.954,0.342,
0.407,0.364,0.909,0.291,
0.433,0.374,0.936,0.349,
0.439,0.386,0.941,0.309,
0.429,0.366,0.924,0.318,
0.421,0.369,0.917,0.318,
0.425,0.369,1,0.296,
0.418,0.369,0.92,0.298,
0.462,0.405,0.982,0.359,
0.418,0.357,0.927,0.323,
0.445,0.389,0.971,0.345,
0.425,0.373,0.947,0.322,
0.451,0.387,0.974,0.356,
0.46,0.402,0.975,0.341,
0.447,0.399,1,0.34,
0.42,0.357,0.988,0.323,
0.435,0.365,1,0.329,
0.459,0.431,0.955,0.309,
0.435,0.374,1,0.313,
0.445,0.399,0.948,0.335,
0.465,0.408,1,0.335,
0.436,0.381,0.919,0.327,
0.426,0.36,1,0.332,
0.4,0.358,0.861,0.294,
0.473,0.413,0.988,0.378,
0.463,0.397,0.965,0.383,
0.458,0.403,0.987,0.355,
0.438,0.373,0.958,0.343,
0.429,0.359,1,0.313,
0.428,0.376,0.893,0.32,
0.462,0.403,1,0.369,
0.406,0.339,0.982,0.309,
0.441,0.388,0.958,0.342,
0.497,0.444,0.981,0.405,
0.47,0.416,0.913,0.361,
0.448,0.392,0.902,0.347,
0.48,0.435,1,0.355,
0.44,0.372,0.925,0.355,
0.468,0.418,0.972,0.354,
0.477,0.427,0.964,0.388,
0.468,0.402,0.931,0.381,
0.425,0.382,0.951,0.296,
0.452,0.393,0.964,0.358,
0.418,0.37,0.891,0.323,
0.491,0.447,0.916,0.386,
0.438,0.391,0.867,0.333,
0.465,0.417,0.912,0.364,
0.499,0.448,0.979,0.401,
0.436,0.374,0.888,0.342,
0.482,0.435,0.963,0.365,
0.482,0.425,1,0.357,
0.457,0.398,0.985,0.359,
0.453,0.408,0.881,0.328,
0.413,0.363,0.866,0.322,
0.444,0.394,0.972,0.324,
0.5,0.449,0.947,0.37,
0.453,0.388,1,0.359,
0.472,0.409,0.997,0.391,
0.425,0.373,0.887,0.334,
0.436,0.383,0.883,0.352,
0.46,0.403,1,0.315,
0.469,0.408,0.963,0.37,
0.46,0.416,0.955,0.35,
0.467,0.415,0.956,0.374,
0.432,0.371,0.937,0.349,
0.413,0.354,0.913,0.322,
0.438,0.387,0.958,0.332,
0.443,0.392,0.912,0.337,
0.452,0.408,0.958,0.337,
0.399,0.333,0.87,0.32,
0.477,0.416,0.992,0.359,
0.447,0.398,0.93,0.333,
0.454,0.391,0.982,0.355,
0.43,0.362,1,0.33,
0.417,0.358,0.924,0.311,
0.458,0.383,1,0.365,
0.453,0.4,0.966,0.344,
0.442,0.392,0.94,0.355,
0.463,0.404,1,0.367,
0.413,0.361,0.914,0.288,
0.432,0.373,0.988,0.322,
0.466,0.394,0.983,0.362,
0.45,0.404,0.915,0.335,
0.459,0.393,0.986,0.361,
0.494,0.442,0.983,0.392,
0.449,0.383,1,0.353,
0.465,0.418,0.933,0.338,
0.446,0.396,0.915,0.304,
0.457,0.416,0.922,0.35,
0.457,0.41,1,0.353,
0.432,0.39,0.9,0.325,
0.475,0.422,0.961,0.386,
0.436,0.372,0.976,0.315,
0.475,0.409,0.991,0.373,
0.428,0.39,0.856,0.338,
0.45,0.392,1,0.34,
0.45,0.394,0.965,0.362,
0.428,0.374,0.927,0.333,
0.447,0.396,0.898,0.327,
0.412,0.352,0.982,0.299,
0.446,0.38,0.967,0.347,
0.422,0.356,0.887,0.331,
0.454,0.394,0.959,0.347,
0.428,0.359,0.974,0.323,
0.419,0.365,0.893,0.329,
0.472,0.414,1,0.373,
0.465,0.403,1,0.379,
0.462,0.4,1,0.346,
0.419,0.354,1,0.309,
0.436,0.379,1,0.339,
0.416,0.339,1,0.315,
0.448,0.385,0.875,0.36,
0.452,0.4,0.977,0.35,


0.478,0.433,0.92,0.363,
0.477,0.425,0.958,0.365,
0.444,0.382,0.875,0.357,
0.503,0.444,1,0.393,
0.472,0.422,0.96,0.349,
0.455,0.395,1,0.343,
0.463,0.428,0.948,0.347,
0.501,0.445,1,0.401,
0.458,0.396,1,0.342,
0.506,0.458,1,0.355,
0.49,0.427,1,0.399,
0.463,0.396,1,0.364,
0.451,0.385,1,0.301,
0.49,0.415,0.99,0.379,
0.469,0.412,1,0.354,
0.464,0.419,0.95,0.348,
0.502,0.448,0.974,0.394,
0.453,0.389,1,0.372,
0.479,0.427,1,0.386,
0.491,0.443,0.989,0.403,
0.518,0.482,0.989,0.399,
0.444,0.384,0.951,0.334,
0.478,0.423,1,0.326,
0.433,0.368,0.968,0.317,
0.504,0.448,0.992,0.392,
0.492,0.44,0.938,0.41,
0.458,0.409,0.958,0.353,
0.506,0.46,1,0.413,
0.478,0.402,1,0.369,
0.494,0.441,1,0.392,
0.484,0.428,1,0.374,
0.492,0.444,0.994,0.379,
0.462,0.405,1,0.322,
0.489,0.423,1,0.364,
0.49,0.444,1,0.382,
0.492,0.431,0.98,0.354,
0.506,0.445,1,0.359,
0.463,0.403,1,0.344,
0.461,0.409,0.982,0.346,
0.48,0.428,0.964,0.352,
0.476,0.431,0.977,0.335,
0.525,0.466,0.993,0.436,
0.498,0.442,0.977,0.369,
0.519,0.469,0.977,0.417,
0.497,0.443,0.982,0.337,
0.495,0.431,1,0.413,
0.485,0.436,0.952,0.39,
0.519,0.473,1,0.404,
0.451,0.399,1,0.331,
0.475,0.411,1,0.361,
0.483,0.428,1,0.375,
0.507,0.456,1,0.392,
0.475,0.43,0.9,0.375,
0.493,0.448,0.982,0.385,
0.486,0.429,0.97,0.4,
0.481,0.435,0.905,0.395,
0.521,0.477,1,0.387,
0.486,0.426,0.98,0.378,
0.469,0.408,1,0.356,
0.487,0.426,1,0.385,
0.451,0.397,0.913,0.349,
0.462,0.39,1,0.324,
0.496,0.455,0.989,0.357,
0.463,0.415,0.924,0.35,
0.456,0.418,1,0.3,
0.492,0.44,1,0.373,
0.491,0.424,1,0.387,
0.468,0.409,1,0.344,
0.508,0.455,1,0.382,
0.516,0.455,1,0.417,
0.54,0.488,0.974,0.414,
0.476,0.419,0.952,0.399,
0.451,0.401,0.906,0.327,
0.51,0.452,1,0.398,
0.482,0.423,1,0.38,
0.494,0.432,0.999,0.373,
0.493,0.436,1,0.403,
0.454,0.417,0.912,0.305,
0.471,0.414,0.967,0.36,
0.487,0.452,0.95,0.363,
0.467,0.409,1,0.357,
0.483,0.419,1,0.378,
0.508,0.467,0.999,0.397,
0.489,0.432,0.936,0.416,
0.481,0.423,1,0.378,
0.498,0.451,0.969,0.415,
0.503,0.446,0.96,0.415,
0.48,0.431,0.961,0.332,
0.5,0.457,0.943,0.351,
0.488,0.427,1,0.378,
0.501,0.451,0.987,0.398,
0.472,0.423,0.906,0.365,
0.476,0.417,1,0.301,
0.474,0.413,1,0.378,
0.479,0.412,1,0.359,
0.498,0.431,0.985,0.406,
0.472,0.414,0.927,0.368,
0.494,0.427,1,0.354,
0.517,0.483,1,0.375,
0.477,0.413,1,0.346,
0.525,0.474,1,0.427,
0.471,0.414,0.97,0.357,
0.495,0.444,1,0.352,
0.49,0.433,1,0.351,
0.449,0.404,0.926,0.359,
0.505,0.44,1,0.398,
0.502,0.451,1,0.373,
0.497,0.444,0.969,0.404,
0.478,0.414,1,0.364,
0.463,0.413,0.934,0.378,
0.468,0.425,1,0.354,
0.449,0.41,0.871,0.33,
0.495,0.436,0.923,0.385,
0.496,0.451,0.952,0.379,
0.462,0.4,1,0.35,
0.49,0.424,1,0.38,
0.482,0.42,1,0.39,
0.477,0.409,1,0.35,
0.496,0.45,1,0.366,
0.439,0.381,1,0.319,
0.518,0.458,1,0.424,
0.465,0.396,1,0.345,
0.478,0.415,1,0.359,
0.496,0.454,0.98,0.362,
0.466,0.406,1,0.361,
0.538,0.491,0.991,0.424,
0.47,0.403,1,0.358,
0.509,0.455,0.976,0.39,
0.498,0.447,0.978,0.404,
0.481,0.412,1,0.364,
0.485,0.449,0.907,0.399,
0.463,0.405,0.948,0.357,
0.469,0.406,1,0.36,
0.496,0.447,0.967,0.388,
0.487,0.437,0.946,0.404,
0.458,0.407,0.994,0.35,
0.483,0.428,1,0.335,
0.471,0.413,1,0.383,
0.5,0.448,1,0.406,
0.445,0.386,0.977,0.344,
0.513,0.463,0.991,0.406,
0.438,0.381,0.935,0.333,
0.459,0.395,1,0.355,
0.5,0.442,0.99,0.387,
0.51,0.457,1,0.385,
0.499,0.445,1,0.409,
0.497,0.446,0.987,0.4,
0.503,0.442,0.96,0.38,
0.482,0.43,1,0.371,
0.476,0.417,1,0.348,
0.389,0.308,1,0.293,
0.5,0.441,1,0.374,
0.487,0.44,0.948,0.374,
0.471,0.415,1,0.353,
0.472,0.413,1,0.354,
0.465,0.414,0.943,0.38,
0.485,0.432,0.942,0.383,
0.49,0.446,0.899,0.4,
0.517,0.469,0.964,0.406,
0.471,0.413,0.916,0.384,
0.477,0.414,1,0.391,
0.493,0.438,0.994,0.395,
0.478,0.423,0.95,0.369,
0.502,0.449,1,0.401,
0.453,0.399,1,0.321,
0.524,0.479,0.991,0.423,
0.463,0.392,0.962,0.368,
0.47,0.419,1,0.352,
0.502,0.458,1,0.372,
0.472,0.421,1,0.371,
0.481,0.425,1,0.377,
0.477,0.41,1,0.376,
0.491,0.421,1,0.36,
0.473,0.411,0.975,0.351,
0.466,0.406,1,0.353,
0.52,0.483,1,0.349,
0.488,0.442,0.968,0.36,
0.472,0.42,1,0.334,
0.489,0.432,0.975,0.384,
0.49,0.433,0.952,0.414,
0.501,0.439,1,0.359,
0.469,0.406,0.92,0.383,
0.479,0.42,1,0.37,
0.498,0.435,1,0.391,
0.467,0.415,1,0.349,
0.491,0.44,0.955,0.388,
0.48,0.415,1,0.39,
0.459,0.409,0.971,0.347,
0.491,0.454,0.945,0.376,
0.485,0.416,1,0.388,
0.467,0.403,0.99,0.359,
0.486,0.422,1,0.363,
0.478,0.438,0.843,0.403,
0.482,0.439,0.947,0.349,
0.492,0.433,1,0.379,
0.466,0.404,0.956,0.364,
0.466,0.418,1,0.314,
0.456,0.393,1,0.337,
0.484,0.42,0.969,0.369,
0.498,0.45,1,0.394,
0.507,0.471,1,0.372,
0.496,0.455,1,0.373,
0.494,0.448,0.981,0.38,
0.485,0.424,1,0.364,
0.455,0.406,0.952,0.345,
0.431,0.388,0.953,0.298,
0.486,0.427,0.996,0.382,
0.472,0.418,0.958,0.368,
0.478,0.42,1,0.342,
0.474,0.406,1,0.367,
0.508,0.455,0.996,0.395,
0.476,0.409,1,0.379,
0.465,0.43,0.903,0.355,
0.461,0.405,0.927,0.352,
0.454,0.382,0.993,0.311,
0.5,0.445,1,0.38,
0.492,0.434,1,0.365,
0.523,0.494,0.984,0.391,
0.504,0.439,1,0.391,
0.45,0.399,0.956,0.343,
0.487,0.426,1,0.355,
0.495,0.438,0.951,0.398,
0.481,0.411,1,0.379,
0.455,0.39,1,0.327,
0.473,0.431,0.886,0.375,
0.508,0.449,1,0.4,
0.51,0.463,0.974,0.39,
0.497,0.451,0.981,0.396,
0.477,0.41,1,0.377,
0.467,0.416,1,0.321,
0.504,0.464,0.984,0.387,
0.471,0.412,0.985,0.368,
0.47,0.405,1,0.364,
0.481,0.419,1,0.379,
0.472,0.427,0.935,0.348,
0.473,0.425,1,0.369,
0.444,0.399,0.94,0.341,
0.499,0.454,0.94,0.393,
0.492,0.432,1,0.371,
0.457,0.405,0.874,0.365,
0.503,0.461,1,0.386,
0.498,0.434,1,0.401,
0.458,0.402,1,0.368,
0.48,0.424,1,0.374,
0.511,0.445,0.993,0.388,
0.466,0.398,1,0.364,
0.493,0.424,0.967,0.396,
0.446,0.391,1,0.31,
0.467,0.417,0.957,0.347,
0.444,0.373,1,0.316,
0.51,0.457,1,0.366,
0.49,0.443,0.959,0.384,
0.478,0.441,0.98,0.351,
0.422,0.388,0.798,0.35,
0.495,0.428,1,0.398,
0.475,0.43,0.878,0.398,
0.454,0.39,0.942,0.344,
0.487,0.428,0.947,0.365,
0.384,0.314,0.971,0.261,
0.481,0.425,0.985,0.386,
0.487,0.429,1,0.384,
0.511,0.47,0.947,0.4,
0.469,0.409,0.987,0.338,
0.467,0.429,0.944,0.348,
0.5,0.444,0.991,0.379,
0.452,0.393,1,0.342,
0.488,0.43,1,0.359,
0.526,0.47,1,0.413,
0.487,0.429,0.971,0.396,
0.485,0.425,0.967,0.353,
0.509,0.457,0.981,0.368,
0.456,0.4,0.912,0.373,
0.473,0.42,0.976,0.381,
0.484,0.426,0.973,0.382,
0.452,0.386,0.997,0.336,
0.46,0.391,0.988,0.354,
0.459,0.387,1,0.333,
0.508,0.454,0.997,0.394,
0.494,0.426,1,0.379,
0.472,0.424,0.953,0.351,
0.47,0.412,0.985,0.31,
0.504,0.449,1,0.371,
0.479,0.426,0.945,0.358,
0.479,0.416,1,0.364,
0.466,0.427,0.972,0.335,
0.504,0.445,0.993,0.41,
0.525,0.469,1,0.412,
0.498,0.435,0.996,0.404,
0.452,0.394,0.944,0.366,
0.466,0.406,1,0.313,
0.468,0.403,1,0.37,
0.474,0.426,1,0.369,
0.527,0.471,0.975,0.408,
0.515,0.451,1,0.384,
0.523,0.477,0.972,0.393,
0.488,0.438,1,0.371,
0.47,0.422,0.936,0.324,
0.459,0.412,0.884,0.375,
0.461,0.416,1,0.339,
0.49,0.446,0.927,0.38,
0.476,0.433,0.916,0.374,
0.456,0.406,0.973,0.367,
0.468,0.411,1,0.33,
0.465,0.392,1,0.35,
0.502,0.439,0.985,0.381,
0.504,0.467,1,0.373,
0.471,0.42,0.997,0.356,
0.487,0.444,0.954,0.346,
0.468,0.407,0.954,0.386,
0.495,0.433,1,0.364,
0.47,0.413,1,0.339,
0.496,0.433,1,0.406,
0.474,0.429,0.946,0.379,
0.466,0.41,0.951,0.375,
0.514,0.459,0.951,0.427,
0.468,0.416,0.961,0.356,
0.477,0.408,1,0.38,
0.494,0.426,1,0.384,
0.465,0.424,0.932,0.282,
0.483,0.439,0.86,0.368,
0.499,0.441,0.993,0.415,
0.509,0.46,1,0.407,
0.479,0.432,1,0.326,
0.465,0.405,0.984,0.359,
0.537,0.501,1,0.415,
0.497,0.442,1,0.419,
0.465,0.415,0.929,0.382,
0.492,0.449,1,0.362,
0.486,0.435,1,0.366,
0.51,0.444,1,0.409,
0.443,0.377,0.971,0.335,
0.48,0.42,1,0.389,
0.494,0.431,1,0.375,
0.466,0.401,1,0.319,
0.468,0.428,0.95,0.347,
0.501,0.432,0.971,0.405,
0.475,0.421,0.981,0.37,
0.451,0.396,0.974,0.344,
0.476,0.422,1,0.355,
0.471,0.4,1,0.36,
0.458,0.417,0.889,0.354,
0.461,0.403,1,0.336,
0.521,0.477,0.984,0.379,
0.485,0.436,0.971,0.387,
0.469,0.428,0.895,0.363,
0.514,0.457,1,0.406,
0.475,0.399,1,0.363,
0.497,0.443,0.968,0.384,
0.503,0.469,0.931,0.375,
0.493,0.428,0.946,0.404,
0.478,0.428,0.984,0.305,
0.512,0.46,0.99,0.382,
0.471,0.416,1,0.341,
0.496,0.426,1,0.396,
0.494,0.44,0.98,0.353,
0.498,0.444,0.994,0.394,
0.484,0.426,0.972,0.402,
0.443,0.377,1,0.334,
0.482,0.421,1,0.374,
0.497,0.431,1,0.411,
0.479,0.423,0.993,0.332,
0.476,0.43,0.905,0.376,
0.486,0.43,0.999,0.378,
0.492,0.439,1,0.363,
0.452,0.383,1,0.336,
0.45,0.388,1,0.356,
0.487,0.431,1,0.373,
0.474,0.42,0.906,0.374,
0.503,0.45,0.95,0.392,
0.498,0.451,1,0.396,
0.498,0.436,1,0.409,
0.46,0.396,0.952,0.358,
0.447,0.4,0.902,0.339,
0.467,0.399,1,0.364,
0.451,0.398,1,0.323,
0.505,0.432,0.983,0.388,
0.511,0.454,0.971,0.356,
0.501,0.442,0.955,0.398,
0.461,0.418,0.94,0.335,
0.455,0.405,0.876,0.349,
0.465,0.418,0.907,0.385,
0.481,0.428,1,0.377,
0.483,0.414,1,0.391,
0.496,0.459,0.934,0.403,
0.481,0.412,0.996,0.39,
0.501,0.439,0.935,0.411,
0.483,0.428,0.974,0.404,
0.486,0.428,1,0.374,
0.508,0.46,0.97,0.426,
0.474,0.411,1,0.364,
0.468,0.4,0.973,0.321,
0.508,0.457,0.991,0.408,
0.502,0.454,0.953,0.382,
0.479,0.429,1,0.355,
0.492,0.435,1,0.383,
0.491,0.453,0.975,0.374,
0.475,0.412,0.952,0.355,
0.438,0.385,0.923,0.322,
0.488,0.433,1,0.374,
0.479,0.421,1,0.373,
0.499,0.433,1,0.411,
0.48,0.429,1,0.363,
0.469,0.409,1,0.358,
0.43,0.369,1,0.319,
0.495,0.443,1,0.379,
0.493,0.432,1,0.385,
0.485,0.429,0.969,0.382,
0.476,0.43,1,0.293,
0.529,0.481,1,0.425,
0.475,0.421,0.971,0.379,
0.48,0.432,0.899,0.393,
0.496,0.476,0.943,0.376,
0.476,0.401,1,0.373,
0.474,0.42,1,0.356,
0.504,0.451,0.995,0.403,
0.48,0.426,0.982,0.381,
0.482,0.44,0.931,0.366,
0.492,0.448,1,0.346,
0.469,0.412,0.941,0.38,
0.465,0.408,0.989,0.356,
0.461,0.429,0.844,0.347,
0.459,0.392,1,0.359,
0.475,0.414,0.953,0.369,
0.518,0.472,0.965,0.403,
0.488,0.433,1,0.37,
0.485,0.412,0.97,0.377,
0.495,0.432,1,0.4,
0.485,0.435,0.941,0.388,
0.481,0.421,1,0.34,
0.482,0.427,1,0.386,
0.486,0.426,0.977,0.386,
0.49,0.441,0.949,0.4,
0.481,0.435,0.974,0.353,
0.503,0.433,0.961,0.394,
0.479,0.43,1,0.342,
0.498,0.435,1,0.393,
0.504,0.435,0.973,0.401,
0.478,0.415,1,0.362,
0.505,0.477,0.97,0.375,
0.486,0.421,1,0.39,
0.462,0.405,1,0.36,
0.533,0.485,1,0.401,
0.479,0.442,0.961,0.361,
0.455,0.394,0.947,0.361,
0.475,0.413,1,0.368,
0.487,0.428,1,0.379,
0.504,0.46,1,0.388,
0.466,0.423,0.97,0.343,
0.463,0.415,0.919,0.352,
0.459,0.404,1,0.327,
0.503,0.444,1,0.387,
0.468,0.402,1,0.365,
0.496,0.441,0.969,0.385,
0.481,0.413,0.987,0.354,
0.508,0.44,1,0.397,
0.494,0.439,0.964,0.405,
0.48,0.429,0.965,0.34,
0.495,0.452,1,0.366,
0.475,0.41,1,0.359,
0.513,0.462,0.995,0.414,
0.49,0.431,1,0.384,
0.484,0.431,1,0.382,
0.484,0.432,1,0.341,
0.495,0.429,1,0.384,
0.491,0.438,0.961,0.382,
0.471,0.407,0.98,0.352,
0.511,0.463,0.985,0.402,
0.467,0.415,0.922,0.369,
0.437,0.398,1,0.284,
0.47,0.42,0.943,0.386,
0.492,0.435,1,0.385,
0.485,0.425,1,0.362,
0.494,0.442,0.975,0.384,
0.48,0.425,1,0.373,
0.459,0.398,1,0.341,
0.477,0.434,0.939,0.381,
0.478,0.43,1,0.366,
0.499,0.45,0.952,0.413,
0.488,0.438,1,0.356,
0.466,0.42,0.939,0.367,
0.474,0.423,1,0.368,
0.482,0.434,0.955,0.394,
0.467,0.414,0.989,0.329,
0.467,0.432,0.909,0.366,
0.47,0.415,0.991,0.366,
0.491,0.443,0.901,0.406,
0.479,0.427,1,0.336,
0.469,0.425,1,0.339,
0.507,0.445,1,0.379,
0.505,0.44,0.993,0.425,
0.476,0.428,0.95,0.377,
0.471,0.416,1,0.327,
0.483,0.422,1,0.348,
0.485,0.435,0.945,0.389,
0.485,0.435,0.962,0.399,
0.478,0.45,1,0.333,
0.47,0.414,1,0.339,
0.508,0.436,1,0.416,
0.486,0.419,1,0.379,
0.5,0.459,0.976,0.362,
0.493,0.45,0.939,0.408,
0.489,0.425,0.979,0.38,
0.482,0.426,1,0.361,
0.503,0.44,1,0.406,
0.476,0.424,1,0.353,
0.48,0.447,0.923,0.389,
0.511,0.458,1,0.409,
0.499,0.452,0.978,0.386,
0.489,0.444,1,0.373,
0.479,0.415,1,0.349,
0.444,0.38,0.928,0.315,
0.494,0.442,1,0.366,
0.433,0.379,0.944,0.326,
0.455,0.401,0.979,0.357,
0.473,0.408,0.989,0.354,
0.471,0.404,0.999,0.354,
0.454,0.389,0.978,0.365,
0.472,0.402,0.963,0.392,
0.474,0.408,0.97,0.385,
0.438,0.391,0.978,0.335,
0.466,0.423,0.94,0.335,
0.429,0.371,0.997,0.318,
0.509,0.443,1,0.405,
0.495,0.432,1,0.405,
0.48,0.421,0.935,0.397,
0.462,0.389,1,0.336,
0.504,0.447,0.933,0.415,
0.486,0.43,1,0.379,
0.48,0.443,0.962,0.366,
0.492,0.444,1,0.383,
0.457,0.406,0.997,0.309,
0.478,0.418,1,0.348,
0.472,0.409,0.973,0.377,
0.491,0.432,1,0.39,
0.463,0.412,0.94,0.348,
0.433,0.363,1,0.329,
0.455,0.4,1,0.328,
0.447,0.388,1,0.341,
0.461,0.396,1,0.34,
0.488,0.431,0.983,0.399,
0.453,0.381,1,0.356,
0.463,0.399,0.979,0.371,
0.459,0.392,0.949,0.333,
0.46,0.402,0.983,0.353,
0.473,0.401,1,0.357,
0.446,0.388,1,0.309,
0.442,0.371,1,0.313,
0.429,0.351,1,0.319,
0.461,0.416,0.936,0.346,
0.462,0.392,1,0.372,
0.443,0.387,0.935,0.333,
0.446,0.397,0.928,0.305,
0.464,0.401,1,0.362,
0.456,0.406,0.999,0.303,
0.458,0.381,0.982,0.357,
0.42,0.366,0.99,0.31,
0.51,0.447,0.984,0.396,
0.471,0.404,1,0.368,
0.457,0.401,1,0.33,
0.478,0.418,1,0.385,
0.494,0.429,0.996,0.395,
0.435,0.38,1,0.332,
0.458,0.407,0.959,0.338,
0.45,0.393,0.977,0.352,
0.475,0.416,0.978,0.382,
0.46,0.396,0.968,0.343,
0.456,0.39,1,0.347,
0.458,0.397,1,0.341,
0.461,0.41,0.999,0.352,
0.515,0.448,1,0.399,
0.472,0.404,0.964,0.328,
0.437,0.378,1,0.343,
0.46,0.388,1,0.357,
0.442,0.381,0.957,0.34,
0.474,0.41,1,0.361,
0.47,0.424,0.957,0.369,
0.48,0.415,0.959,0.353,
0.431,0.36,0.967,0.306,
0.487,0.447,0.944,0.354,
0.457,0.394,1,0.356,
0.465,0.41,0.983,0.362,
0.434,0.365,1,0.328,
0.477,0.416,1,0.364,
0.431,0.366,1,0.314,
0.486,0.428,0.966,0.378,
0.477,0.414,0.986,0.355,
0.494,0.425,1,0.396,
0.485,0.43,0.976,0.4,
0.454,0.392,1,0.331,
0.487,0.417,1,0.392,
0.482,0.427,1,0.377,
0.455,0.393,1,0.347,
0.447,0.39,1,0.324,
0.471,0.412,0.97,0.355,
0.445,0.382,0.973,0.319,
0.458,0.392,0.981,0.359,
0.45,0.392,1,0.339,
0.493,0.431,1,0.406,
0.459,0.409,1,0.325,
0.465,0.4,1,0.359,
0.433,0.373,1,0.31,
0.484,0.423,1,0.383,
0.456,0.395,0.967,0.348,
0.47,0.418,0.934,0.371,
0.475,0.43,1,0.366,
0.458,0.397,0.997,0.357,
0.47,0.42,0.943,0.342,
0.45,0.395,1,0.342,
0.45,0.392,0.973,0.339,
0.453,0.388,0.983,0.33,
0.425,0.356,0.989,0.311,
0.437,0.401,0.858,0.338,
0.455,0.41,0.951,0.323,
0.445,0.385,0.969,0.342,
0.455,0.389,0.966,0.331,
0.448,0.389,1,0.315,
0.452,0.391,1,0.353,
0.5,0.442,1,0.371,
0.458,0.4,0.964,0.352,
0.451,0.394,0.983,0.336,
0.481,0.418,1,0.325,
0.466,0.408,0.991,0.363,
0.475,0.417,1,0.358,
0.472,0.409,1,0.351,
0.487,0.431,0.988,0.347,
0.484,0.428,1,0.374,
0.47,0.408,0.973,0.364,
0.472,0.411,0.952,0.347,
0.468,0.41,1,0.343,
0.494,0.446,1,0.361,
0.479,0.418,1,0.378,
0.455,0.4,1,0.36,
0.472,0.412,0.968,0.388,
0.438,0.381,0.972,0.338,
0.428,0.384,0.936,0.303,
0.442,0.398,0.922,0.343,
0.469,0.405,1,0.336,
0.445,0.381,1,0.34,
0.436,0.364,0.982,0.345,
0.461,0.405,0.971,0.358,
0.479,0.417,1,0.37,
0.489,0.44,1,0.366,
0.473,0.41,1,0.378,
0.452,0.396,0.984,0.345,
0.479,0.42,0.98,0.381,
0.443,0.389,0.971,0.339,
0.484,0.412,1,0.379,
0.48,0.432,0.929,0.372,
0.431,0.378,0.961,0.318,
0.483,0.425,0.989,0.356,
0.428,0.371,0.975,0.311,
0.437,0.388,0.896,0.331,
0.436,0.374,0.975,0.327,
0.407,0.349,1,0.308,
0.466,0.398,1,0.375,
0.438,0.376,1,0.345,
0.444,0.402,0.838,0.365,
0.491,0.43,1,0.384,
0.456,0.399,0.97,0.341,
0.443,0.382,0.962,0.334,
0.441,0.38,0.986,0.322,
0.446,0.381,0.978,0.352,
0.45,0.4,0.919,0.36,
0.475,0.427,0.95,0.357,
0.44,0.371,1,0.341,
0.461,0.411,1,0.332,
0.476,0.415,0.975,0.382,
0.447,0.404,0.964,0.3,
0.446,0.394,0.976,0.35,
0.461,0.4,1,0.353,
0.397,0.341,0.944,0.283,
0.459,0.399,0.886,0.349,
0.462,0.409,0.962,0.353,
0.431,0.374,0.877,0.337,
0.45,0.373,0.974,0.351,
0.459,0.397,1,0.324,
0.47,0.426,1,0.34,
0.483,0.428,1,0.373,
0.465,0.415,1,0.329,
0.482,0.436,1,0.336,
0.476,0.423,0.963,0.361,
0.438,0.377,1,0.326,
0.46,0.399,0.943,0.366,
0.486,0.427,1,0.356,
0.455,0.397,0.967,0.349,
0.457,0.393,0.989,0.349,
0.446,0.384,1,0.349,
0.422,0.347,0.998,0.288,
0.432,0.368,1,0.301,
0.446,0.393,0.899,0.33,
0.436,0.387,0.874,0.308,
0.459,0.388,0.968,0.346,
0.446,0.4,0.902,0.354,
0.448,0.393,0.944,0.354,
0.463,0.399,0.985,0.356,
0.466,0.396,0.982,0.382,
0.46,0.413,1,0.34,
0.453,0.397,0.891,0.358,
0.461,0.408,0.972,0.293,
0.479,0.41,1,0.353,
0.444,0.372,1,0.326,
0.46,0.403,1,0.337,
0.435,0.379,1,0.333,
0.434,0.381,0.943,0.345,
0.45,0.393,1,0.349,
0.445,0.386,0.927,0.346,
0.461,0.414,1,0.347,
0.488,0.439,0.983,0.386,
0.467,0.412,1,0.36,
0.494,0.436,0.995,0.382,
0.445,0.384,0.898,0.366,
0.465,0.399,0.966,0.345,
0.453,0.386,0.991,0.327,
0.442,0.382,0.926,0.341,
0.449,0.388,0.963,0.335,
0.476,0.422,1,0.356,
0.476,0.417,0.991,0.351,
0.455,0.395,0.959,0.36,
0.465,0.405,1,0.358,
0.457,0.414,0.87,0.336,
0.446,0.402,0.949,0.305,
0.417,0.344,1,0.294,
0.466,0.412,1,0.341,
0.496,0.449,0.966,0.401,
0.468,0.396,1,0.344,
0.48,0.407,1,0.392,
0.434,0.363,0.967,0.319,
0.455,0.4,0.912,0.361,
0.464,0.415,0.988,0.335,
0.493,0.448,1,0.383,
0.462,0.412,0.985,0.363,
0.445,0.386,1,0.344,
0.47,0.397,0.97,0.376,
0.465,0.42,0.933,0.374,
0.463,0.403,0.996,0.379,
0.446,0.383,1,0.338,
0.421,0.362,0.971,0.293,
0.466,0.397,0.926,0.341,
0.455,0.398,0.97,0.334,
0.451,0.398,0.908,0.331,
0.444,0.393,0.936,0.342,
0.468,0.408,0.931,0.367,
0.457,0.402,1,0.337,
0.464,0.413,0.925,0.359,
0.419,0.357,0.973,0.32,
0.447,0.389,0.959,0.338,
0.456,0.395,0.984,0.299,
0.393,0.329,0.913,0.31,
0.46,0.398,1,0.349,
0.418,0.365,0.894,0.321,
0.451,0.386,0.993,0.364,
0.45,0.392,1,0.345,
0.465,0.433,0.868,0.363,
0.484,0.426,0.942,0.371,
0.466,0.408,1,0.355,
0.497,0.429,0.98,0.381,
0.463,0.417,0.995,0.326,
0.447,0.373,1,0.358,
0.457,0.401,0.938,0.347,
0.477,0.42,1,0.356,
0.445,0.393,0.973,0.331,
0.463,0.403,0.966,0.328,
0.455,0.399,0.929,0.362,
0.452,0.398,0.912,0.373,
0.459,0.394,0.981,0.356,
0.467,0.42,1,0.342,
0.452,0.388,1,0.371,
0.481,0.421,0.998,0.357,
0.434,0.369,0.999,0.33,
0.462,0.406,0.934,0.361,
0.481,0.425,0.971,0.387,
0.459,0.404,0.939,0.352,
0.456,0.387,1,0.332,
0.439,0.376,1,0.327,
0.473,0.416,1,0.367,
0.438,0.386,0.961,0.325,
0.434,0.366,1,0.352,
0.459,0.399,0.99,0.322,
0.474,0.403,1,0.336,
0.476,0.432,1,0.331,
0.465,0.408,0.968,0.365,
0.488,0.428,1,0.378,
0.439,0.386,0.938,0.321,
0.446,0.382,1,0.338,
0.472,0.409,0.948,0.376,
0.46,0.4,1,0.346,
0.44,0.386,0.95,0.317,
0.468,0.406,0.966,0.365,
0.433,0.383,0.957,0.31,
0.462,0.398,0.99,0.356,
0.469,0.411,0.983,0.35,
0.469,0.405,1,0.363,
0.477,0.414,0.993,0.359,
0.473,0.42,1,0.358,
0.438,0.4,0.894,0.324,
0.473,0.404,1,0.369,
0.42,0.364,0.899,0.306,
0.474,0.427,0.997,0.357,
0.456,0.381,0.993,0.359,
0.454,0.385,1,0.337,
0.428,0.369,0.992,0.301,
0.448,0.377,1,0.334,
0.436,0.378,1,0.327,
0.459,0.405,0.992,0.365,
0.451,0.384,0.977,0.345,
0.461,0.402,0.989,0.311,
0.438,0.364,1,0.346,
0.447,0.383,0.97,0.354,
0.45,0.392,0.982,0.33,
0.465,0.412,1,0.354,
0.483,0.448,1,0.36,
0.483,0.431,1,0.371,
0.467,0.408,0.959,0.365,
0.453,0.402,0.975,0.349,
0.486,0.422,0.995,0.377,
0.451,0.393,1,0.312,
0.457,0.393,1,0.36,
0.448,0.387,1,0.349,
0.455,0.402,1,0.325,
0.459,0.399,1,0.353,
0.46,0.395,1,0.356,
0.423,0.391,0.883,0.309,
0.433,0.366,1,0.311,
0.447,0.378,1,0.341,
0.451,0.404,1,0.322,
0.479,0.429,1,0.361,
0.44,0.392,0.975,0.324,
0.466,0.386,1,0.359,
0.482,0.422,0.991,0.4,
0.467,0.416,0.96,0.342,
0.433,0.381,0.969,0.324,
0.392,0.327,0.957,0.287,
0.431,0.359,1,0.33,
0.459,0.393,0.943,0.358,
0.414,0.348,1,0.32,
0.446,0.387,0.904,0.35,
0.474,0.425,0.986,0.365,
0.45,0.384,1,0.323,
0.502,0.449,1,0.408,
0.463,0.405,1,0.331,
0.468,0.416,1,0.356,
0.441,0.377,1,0.329,
0.476,0.43,0.973,0.364,
0.464,0.405,0.911,0.382,
0.442,0.377,1,0.331,
0.456,0.394,0.967,0.351,
0.472,0.405,0.977,0.347,
0.416,0.368,0.954,0.293,
0.451,0.397,1,0.342,
0.46,0.408,0.952,0.356,
0.466,0.403,0.997,0.361,
0.433,0.38,0.871,0.33,
0.435,0.371,1,0.301,
0.435,0.385,1,0.273,
0.473,0.419,0.995,0.362,
0.466,0.41,0.943,0.367,
0.451,0.388,1,0.325,
0.445,0.392,0.895,0.324,
0.45,0.394,0.946,0.358,
0.43,0.378,0.928,0.328,
0.494,0.438,0.959,0.365,
0.462,0.388,1,0.343,
0.486,0.43,0.932,0.389,
0.479,0.422,0.995,0.382,
0.473,0.412,0.99,0.342,
0.457,0.39,0.985,0.35,
0.466,0.426,1,0.348,
0.472,0.421,1,0.358,
0.433,0.384,1,0.316,
0.435,0.39,0.924,0.308,
0.418,0.367,1,0.299,
0.456,0.407,0.975,0.315,
0.453,0.4,0.945,0.326,
0.446,0.397,0.863,0.352,
0.449,0.384,1,0.326,
0.46,0.391,1,0.352,
0.46,0.386,1,0.343,
0.483,0.451,1,0.354,
0.483,0.431,0.955,0.386,
0.472,0.423,1,0.358,
0.447,0.386,1,0.344,
0.457,0.398,0.938,0.334,
0.464,0.417,1,0.354,
0.431,0.362,0.94,0.341,
0.469,0.413,0.96,0.365,
0.482,0.412,0.989,0.391,
0.452,0.399,0.958,0.349,
0.473,0.426,0.916,0.369,
0.418,0.386,0.808,0.301,
0.431,0.364,0.961,0.348,
0.455,0.396,0.962,0.348,
0.449,0.38,1,0.352,
0.434,0.357,1,0.317,
0.46,0.393,0.975,0.333,
0.47,0.408,0.955,0.374,
0.467,0.405,1,0.357,
0.43,0.372,1,0.319,
0.487,0.422,1,0.405,
0.458,0.411,0.988,0.341,
0.456,0.389,1,0.354,
0.452,0.387,0.939,0.351,
0.45,0.394,0.968,0.309,
0.451,0.388,0.974,0.358,
0.439,0.38,0.932,0.337,
0.448,0.391,0.989,0.31,
0.446,0.388,0.958,0.338,
0.449,0.386,0.964,0.318,
0.477,0.422,0.984,0.346,
0.458,0.387,0.987,0.325,
0.461,0.411,0.964,0.356,
0.448,0.394,1,0.312,
0.489,0.436,1,0.378,
0.48,0.421,0.942,0.385,
0.478,0.417,1,0.38,
0.466,0.407,0.995,0.35,
0.419,0.361,0.898,0.326,
0.444,0.384,0.953,0.348,
0.466,0.403,0.959,0.371,
0.425,0.368,1,0.274,
0.46,0.407,0.972,0.353,
0.516,0.47,0.997,0.413,
0.484,0.432,1,0.378,
0.483,0.437,1,0.387,
0.478,0.427,0.986,0.319,
0.459,0.403,1,0.356,
0.49,0.427,0.995,0.39,
0.505,0.453,1,0.346,
0.482,0.423,0.937,0.396,
0.447,0.388,1,0.336,
0.475,0.419,1,0.376,
0.456,0.393,1,0.36,
0.51,0.467,0.977,0.414,
0.469,0.433,0.827,0.362,
0.501,0.438,1,0.379,
0.532,0.49,1,0.431,
0.48,0.423,0.958,0.392,
0.523,0.467,1,0.402,
0.507,0.46,0.992,0.388,
0.459,0.393,1,0.346,
0.471,0.417,1,0.354,
0.471,0.413,1,0.372,
0.464,0.402,1,0.339,
0.49,0.429,0.993,0.339,
0.465,0.426,0.918,0.351,
0.503,0.448,1,0.358,
0.45,0.415,0.925,0.305,
0.451,0.405,0.845,0.372,
0.46,0.39,0.999,0.328,
0.477,0.407,1,0.369,
0.481,0.432,0.93,0.396,
0.485,0.433,0.964,0.377,
0.469,0.41,1,0.337,
0.448,0.386,1,0.323,
0.468,0.425,0.951,0.337,
0.467,0.419,0.911,0.339,
0.474,0.407,1,0.369,
0.439,0.391,0.962,0.326,
0.482,0.421,1,0.369,
0.462,0.408,1,0.339,
0.47,0.405,0.993,0.352,
0.426,0.371,0.904,0.34,
0.431,0.381,0.937,0.312,
0.469,0.408,0.986,0.359,
0.459,0.408,0.97,0.361,
0.46,0.403,1,0.358,
0.479,0.415,0.979,0.378,
0.413,0.346,1,0.267,
0.446,0.379,1,0.338,
0.495,0.446,0.975,0.349,
0.476,0.402,1,0.366,
0.491,0.434,1,0.388,
0.508,0.457,1,0.39,
0.476,0.413,0.922,0.373,
0.495,0.443,1,0.396,
0.457,0.399,0.901,0.335,
0.494,0.422,0.987,0.381,
0.494,0.44,0.992,0.399,
0.475,0.418,1,0.365,
0.516,0.472,1,0.35,
0.501,0.438,1,0.38,
0.511,0.46,1,0.357,
0.478,0.425,1,0.366,
0.451,0.391,0.923,0.343,
0.506,0.458,0.954,0.394,
0.444,0.383,0.932,0.352,
0.466,0.398,1,0.354,
0.437,0.366,1,0.334,
0.482,0.418,1,0.357,
0.436,0.374,0.914,0.35,
0.475,0.419,1,0.364,
0.435,0.38,1,0.326,
0.451,0.392,1,0.339,
0.48,0.414,0.987,0.376,
0.454,0.394,0.917,0.355,
0.465,0.406,0.983,0.375,
0.454,0.384,0.97,0.347,
0.424,0.366,0.968,0.314,
0.44,0.385,0.919,0.342,
0.464,0.405,0.959,0.364,
0.465,0.418,1,0.33,




Further Data analysis of all test cases 
avg med max min 
AVGs,0.42,0.424,0.51,0.324,
MEDs,0.374,0.377,0.46,0.266,
MAXs,0.846,0.85,0.967,0.711,
MINs,0.345,0.347,0.435,0.254,


AVGs,0.486,0.486,0.562,0.374,
MEDs,0.435,0.436,0.52,0.313,
MAXs,0.969,0.979,1,0.818,
MINs,0.381,0.382,0.474,0.274,


AVGs,0.451,0.451,0.512,0.374,
MEDs,0.394,0.394,0.458,0.313,
MAXs,0.96,0.965,1,0.831,
MINs,0.347,0.347,0.434,0.271,


AVGs,0.472,0.472,0.54,0.384,
MEDs,0.415,0.415,0.501,0.308,
MAXs,0.976,0.993,1,0.798,
MINs,0.36,0.359,0.436,0.261,



