

Data analysis for each instance 
AVG,MED,MAX,MIN
0.949,0.946,1,0.931,
0.941,0.945,1,0.879,
0.946,0.944,1,0.901,
0.948,0.945,1,0.928,
0.942,0.952,1,0.889,
0.949,0.944,1,0.927,
0.938,0.944,1,0.882,
0.935,0.94,1,0.869,
0.95,0.945,1,0.942,
0.95,0.945,1,0.942,
0.949,0.945,1,0.932,
0.94,0.943,1,0.883,
0.949,0.945,1,0.925,
0.941,0.95,1,0.882,
0.95,0.946,1,0.938,
0.944,0.945,1,0.904,
0.947,0.945,1,0.915,
0.947,0.945,1,0.921,
0.946,0.946,1,0.923,
0.95,0.945,1,0.934,
0.94,0.944,1,0.889,
0.95,0.946,1,0.935,
0.947,0.945,1,0.914,
0.943,0.939,1,0.902,
0.947,0.946,1,0.92,
0.941,0.943,1,0.884,
0.941,0.937,1,0.894,
0.949,0.946,1,0.929,
0.944,0.942,1,0.919,
0.949,0.945,1,0.928,
0.948,0.946,1,0.925,
0.938,0.943,1,0.869,
0.939,0.943,1,0.865,
0.948,0.947,1,0.925,
0.947,0.944,1,0.927,
0.95,0.946,1,0.938,
0.944,0.943,1,0.917,
0.945,0.946,1,0.908,
0.937,0.94,1,0.895,
0.948,0.946,1,0.925,
0.942,0.943,1,0.893,
0.947,0.945,1,0.917,
0.929,0.919,1,0.86,
0.946,0.945,1,0.918,
0.935,0.94,1,0.802,
0.949,0.945,1,0.933,
0.926,0.917,1,0.827,
0.943,0.942,1,0.891,
0.95,0.946,1,0.938,
0.942,0.944,1,0.91,
0.948,0.945,1,0.922,
0.945,0.945,1,0.903,
0.943,0.946,1,0.899,
0.939,0.942,1,0.885,
0.942,0.944,1,0.891,
0.936,0.946,1,0.871,
0.95,0.945,1,0.941,
0.948,0.945,1,0.927,
0.94,0.944,1,0.901,
0.945,0.945,1,0.899,
0.922,0.952,1,0.812,
0.949,0.945,1,0.93,
0.949,0.944,1,0.935,
0.941,0.944,1,0.892,
0.943,0.946,1,0.885,
0.934,0.948,1,0.854,
0.943,0.94,1,0.886,
0.946,0.945,1,0.906,
0.941,0.943,1,0.885,
0.936,0.947,1,0.84,
0.948,0.945,1,0.922,
0.951,0.946,1,0.942,
0.95,0.945,1,0.936,
0.945,0.945,1,0.906,
0.933,0.928,1,0.902,
0.937,0.942,1,0.884,
0.95,0.945,1,0.937,
0.938,0.942,1,0.884,
0.95,0.945,1,0.935,
0.948,0.945,1,0.924,
0.948,0.942,1,0.925,
0.949,0.945,1,0.935,
0.949,0.945,1,0.934,
0.95,0.945,1,0.942,
0.946,0.942,1,0.917,
0.935,0.944,1,0.849,
0.941,0.946,1,0.88,
0.945,0.944,1,0.922,
0.941,0.945,1,0.895,
0.939,0.952,1,0.838,
0.945,0.944,1,0.897,
0.949,0.944,1,0.934,
0.948,0.946,1,0.926,
0.945,0.945,1,0.919,
0.938,0.945,1,0.881,
0.95,0.946,1,0.937,
0.947,0.944,1,0.913,
0.946,0.946,1,0.916,
0.93,0.923,1,0.885,
0.917,0.937,1,0.808,
0.936,0.942,1,0.864,
0.945,0.943,1,0.904,
0.946,0.942,1,0.915,
0.946,0.944,1,0.928,
0.949,0.945,1,0.931,
0.948,0.945,1,0.92,
0.943,0.944,1,0.891,
0.946,0.944,1,0.911,
0.951,0.945,1,0.943,
0.945,0.948,1,0.919,
0.942,0.944,1,0.901,
0.944,0.943,1,0.912,
0.941,0.942,1,0.902,
0.949,0.945,1,0.931,
0.945,0.945,1,0.903,
0.95,0.945,1,0.938,
0.945,0.942,1,0.907,
0.945,0.948,1,0.892,
0.95,0.945,1,0.939,
0.949,0.943,1,0.935,
0.947,0.945,1,0.921,
0.944,0.94,1,0.916,
0.945,0.945,1,0.899,
0.95,0.945,1,0.935,
0.947,0.947,1,0.917,
0.95,0.945,1,0.941,
0.949,0.945,1,0.925,
0.948,0.944,1,0.925,
0.947,0.944,1,0.912,
0.946,0.944,1,0.916,
0.948,0.944,1,0.925,
0.943,0.944,1,0.89,
0.929,0.942,1,0.824,
0.943,0.942,1,0.903,
0.947,0.945,1,0.925,
0.947,0.944,1,0.92,
0.924,0.929,1,0.872,
0.947,0.945,1,0.916,
0.938,0.944,1,0.893,
0.939,0.941,1,0.902,
0.94,0.945,1,0.87,
0.924,0.913,1,0.869,
0.938,0.941,1,0.879,
0.945,0.944,1,0.907,
0.946,0.944,1,0.915,
0.943,0.944,1,0.892,
0.943,0.943,1,0.886,
0.948,0.945,1,0.927,
0.93,0.936,1,0.859,
0.942,0.939,1,0.908,
0.949,0.946,1,0.928,
0.945,0.953,1,0.886,
0.949,0.946,1,0.928,
0.948,0.945,1,0.932,
0.949,0.945,1,0.935,
0.94,0.945,1,0.867,
0.949,0.945,1,0.935,
0.947,0.945,1,0.918,
0.949,0.945,1,0.933,
0.943,0.944,1,0.887,
0.944,0.933,1,0.915,
0.947,0.945,1,0.918,
0.919,0.933,1,0.817,
0.949,0.944,1,0.941,
0.939,0.942,1,0.887,
0.946,0.945,1,0.912,
0.943,0.945,1,0.895,
0.946,0.945,1,0.913,
0.946,0.945,1,0.912,
0.935,0.939,1,0.86,
0.946,0.944,1,0.917,
0.942,0.946,1,0.901,
0.946,0.945,1,0.919,
0.951,0.945,1,0.942,
0.939,0.944,1,0.87,
0.945,0.944,1,0.899,
0.939,0.945,1,0.891,
0.949,0.946,1,0.931,
0.946,0.944,1,0.91,
0.95,0.944,1,0.937,
0.932,0.931,1,0.881,
0.943,0.944,1,0.911,
0.95,0.945,1,0.938,
0.948,0.945,1,0.926,
0.95,0.946,1,0.94,
0.95,0.946,1,0.932,
0.942,0.945,1,0.894,
0.926,0.928,1,0.885,
0.922,0.928,1,0.832,
0.949,0.946,1,0.93,
0.929,0.931,1,0.838,
0.936,0.943,1,0.884,
0.947,0.945,1,0.918,
0.926,0.937,1,0.86,
0.946,0.945,1,0.901,
0.947,0.945,1,0.919,
0.944,0.945,1,0.898,
0.941,0.941,1,0.88,
0.939,0.944,1,0.858,
0.946,0.944,1,0.923,
0.949,0.946,1,0.93,
0.945,0.945,1,0.918,
0.948,0.944,1,0.925,
0.944,0.945,1,0.912,
0.948,0.945,1,0.927,
0.941,0.944,1,0.883,
0.945,0.944,1,0.905,
0.941,0.944,1,0.885,
0.946,0.945,1,0.917,
0.948,0.945,1,0.93,
0.94,0.946,1,0.888,
0.942,0.946,1,0.902,
0.944,0.944,1,0.903,
0.942,0.946,1,0.911,
0.948,0.944,1,0.936,
0.945,0.944,1,0.907,
0.94,0.93,1,0.91,
0.946,0.944,1,0.906,
0.95,0.945,1,0.941,
0.944,0.946,1,0.911,
0.888,0.908,1,0.793,
0.945,0.945,1,0.906,
0.945,0.945,1,0.916,
0.946,0.945,1,0.915,
0.945,0.945,1,0.91,
0.926,0.93,1,0.842,
0.949,0.944,1,0.935,
0.949,0.942,1,0.935,
0.95,0.945,1,0.936,
0.942,0.944,1,0.892,
0.939,0.939,1,0.9,
0.944,0.945,1,0.9,
0.941,0.944,1,0.877,
0.944,0.942,1,0.885,
0.943,0.941,1,0.909,
0.933,0.946,1,0.83,
0.946,0.948,1,0.898,
0.949,0.946,1,0.931,
0.945,0.944,1,0.912,
0.944,0.942,1,0.924,
0.946,0.944,1,0.916,
0.949,0.945,1,0.929,
0.941,0.942,1,0.899,
0.95,0.945,1,0.936,
0.947,0.945,1,0.92,
0.949,0.945,1,0.927,
0.937,0.939,1,0.9,
0.949,0.945,1,0.931,
0.941,0.944,1,0.876,
0.946,0.945,1,0.916,
0.944,0.945,1,0.908,
0.944,0.945,1,0.903,
0.949,0.945,1,0.929,
0.928,0.96,1,0.82,
0.946,0.945,1,0.9,
0.944,0.942,1,0.894,
0.951,0.946,1,0.939,
0.947,0.945,1,0.92,
0.95,0.945,1,0.94,
0.945,0.944,1,0.896,
0.95,0.945,1,0.933,
0.94,0.941,1,0.88,
0.947,0.946,1,0.912,
0.945,0.945,1,0.9,
0.95,0.945,1,0.936,
0.948,0.945,1,0.927,
0.945,0.944,1,0.916,
0.946,0.945,1,0.911,
0.95,0.945,1,0.934,
0.946,0.944,1,0.912,
0.95,0.943,1,0.933,
0.942,0.95,1,0.886,
0.947,0.945,1,0.912,
0.944,0.944,1,0.897,
0.948,0.946,1,0.92,
0.941,0.942,1,0.896,
0.945,0.945,1,0.901,
0.942,0.944,1,0.886,
0.949,0.945,1,0.932,
0.946,0.944,1,0.907,
0.943,0.944,1,0.907,
0.946,0.948,1,0.909,
0.944,0.942,1,0.916,
0.946,0.945,1,0.892,
0.947,0.945,1,0.92,
0.946,0.945,1,0.913,
0.946,0.944,1,0.915,
0.941,0.944,1,0.893,
0.919,0.926,1,0.834,
0.949,0.944,1,0.93,
0.948,0.945,1,0.928,
0.942,0.943,1,0.892,
0.947,0.946,1,0.907,
0.949,0.945,1,0.932,
0.945,0.946,1,0.905,
0.949,0.944,1,0.934,
0.933,0.948,1,0.856,
0.944,0.942,1,0.907,
0.935,0.942,1,0.806,
0.946,0.945,1,0.909,
0.947,0.945,1,0.914,
0.942,0.945,1,0.888,
0.946,0.944,1,0.911,
0.928,0.928,1,0.885,
0.933,0.943,1,0.859,
0.948,0.945,1,0.924,
0.949,0.945,1,0.931,
0.941,0.944,1,0.879,
0.948,0.945,1,0.927,
0.949,0.944,1,0.934,
0.945,0.944,1,0.916,
0.948,0.945,1,0.927,
0.948,0.945,1,0.923,
0.948,0.945,1,0.922,
0.937,0.947,1,0.854,
0.949,0.945,1,0.934,
0.948,0.946,1,0.921,
0.947,0.946,1,0.915,
0.909,0.923,1,0.787,
0.946,0.944,1,0.92,
0.946,0.943,1,0.918,
0.919,0.936,1,0.808,
0.938,0.945,1,0.84,
0.945,0.946,1,0.882,
0.928,0.941,1,0.842,
0.944,0.942,1,0.896,
0.945,0.946,1,0.897,
0.926,0.927,1,0.841,
0.945,0.945,1,0.898,
0.944,0.944,1,0.892,
0.937,0.934,1,0.845,
0.948,0.945,1,0.921,
0.946,0.946,1,0.917,
0.947,0.945,1,0.92,
0.948,0.945,1,0.924,
0.943,0.942,1,0.924,
0.944,0.944,1,0.9,
0.948,0.945,1,0.925,
0.948,0.945,1,0.926,
0.946,0.942,1,0.909,
0.943,0.944,1,0.898,
0.939,0.939,1,0.893,
0.95,0.945,1,0.941,
0.944,0.944,1,0.911,
0.947,0.945,1,0.921,
0.944,0.945,1,0.9,
0.944,0.945,1,0.894,
0.946,0.946,1,0.913,
0.95,0.945,1,0.94,
0.947,0.945,1,0.921,
0.948,0.946,1,0.919,
0.946,0.945,1,0.926,
0.947,0.942,1,0.93,
0.946,0.945,1,0.91,
0.948,0.945,1,0.93,
0.945,0.944,1,0.909,
0.95,0.945,1,0.937,
0.913,0.921,1,0.84,
0.946,0.945,1,0.911,
0.942,0.943,1,0.906,
0.948,0.946,1,0.924,
0.943,0.942,1,0.874,
0.939,0.935,1,0.876,
0.95,0.945,1,0.937,
0.944,0.95,1,0.889,
0.942,0.944,1,0.905,
0.948,0.946,1,0.919,
0.946,0.946,1,0.905,
0.948,0.945,1,0.914,
0.94,0.938,1,0.891,
0.943,0.945,1,0.887,
0.945,0.945,1,0.907,
0.947,0.945,1,0.916,
0.947,0.944,1,0.923,
0.929,0.929,1,0.872,
0.946,0.945,1,0.903,
0.938,0.944,1,0.882,
0.95,0.945,1,0.943,
0.946,0.944,1,0.908,
0.948,0.946,1,0.926,
0.932,0.945,1,0.825,
0.941,0.945,1,0.898,
0.945,0.944,1,0.912,
0.948,0.945,1,0.925,
0.951,0.945,1,0.943,
0.945,0.943,1,0.91,
0.938,0.943,1,0.859,
0.942,0.946,1,0.889,
0.945,0.945,1,0.904,
0.949,0.945,1,0.93,
0.939,0.942,1,0.882,
0.935,0.938,1,0.89,
0.947,0.947,1,0.917,
0.947,0.945,1,0.918,
0.944,0.945,1,0.9,
0.945,0.946,1,0.915,
0.951,0.945,1,0.937,
0.937,0.944,1,0.884,
0.939,0.943,1,0.88,
0.945,0.945,1,0.898,
0.945,0.945,1,0.908,
0.942,0.939,1,0.914,
0.949,0.946,1,0.925,
0.919,0.937,1,0.828,
0.925,0.926,1,0.875,
0.942,0.944,1,0.877,
0.948,0.945,1,0.92,
0.939,0.938,1,0.885,
0.944,0.945,1,0.895,
0.947,0.945,1,0.916,
0.95,0.945,1,0.941,
0.939,0.941,1,0.901,
0.947,0.945,1,0.917,
0.912,0.917,1,0.84,
0.941,0.945,1,0.891,
0.947,0.944,1,0.924,
0.946,0.945,1,0.909,
0.947,0.945,1,0.916,
0.932,0.943,1,0.867,
0.947,0.945,1,0.915,
0.948,0.944,1,0.925,
0.942,0.945,1,0.892,
0.947,0.945,1,0.917,
0.943,0.946,1,0.878,
0.945,0.945,1,0.912,
0.949,0.945,1,0.935,
0.944,0.936,1,0.909,
0.943,0.944,1,0.892,
0.948,0.945,1,0.928,
0.935,0.936,1,0.857,
0.951,0.946,1,0.942,
0.951,0.945,1,0.945,
0.95,0.945,1,0.941,
0.95,0.946,1,0.941,
0.947,0.945,1,0.915,
0.944,0.946,1,0.895,
0.945,0.945,1,0.91,
0.945,0.944,1,0.897,
0.93,0.931,1,0.876,
0.947,0.944,1,0.916,
0.948,0.945,1,0.927,
0.943,0.946,1,0.902,
0.946,0.944,1,0.908,
0.944,0.946,1,0.904,
0.943,0.942,1,0.888,
0.949,0.946,1,0.924,
0.946,0.945,1,0.907,
0.942,0.944,1,0.903,
0.947,0.946,1,0.913,
0.945,0.944,1,0.915,
0.948,0.944,1,0.922,
0.944,0.946,1,0.913,
0.95,0.944,1,0.94,
0.95,0.946,1,0.937,
0.946,0.945,1,0.915,
0.929,0.945,1,0.851,
0.94,0.941,1,0.863,
0.942,0.944,1,0.878,
0.949,0.945,1,0.932,
0.949,0.944,1,0.933,
0.941,0.946,1,0.869,
0.94,0.945,1,0.878,
0.949,0.945,1,0.928,
0.946,0.944,1,0.909,
0.948,0.945,1,0.92,
0.948,0.946,1,0.926,
0.949,0.946,1,0.93,
0.946,0.945,1,0.915,
0.949,0.946,1,0.936,
0.945,0.936,1,0.915,
0.942,0.946,1,0.876,
0.947,0.945,1,0.92,
0.949,0.944,1,0.932,
0.948,0.945,1,0.929,
0.948,0.946,1,0.919,
0.949,0.946,1,0.912,
0.936,0.94,1,0.873,
0.947,0.945,1,0.914,
0.942,0.944,1,0.905,
0.946,0.943,1,0.923,
0.939,0.943,1,0.866,
0.926,0.936,1,0.862,
0.944,0.942,1,0.915,
0.932,0.942,1,0.857,
0.95,0.946,1,0.937,
0.944,0.945,1,0.887,
0.949,0.945,1,0.932,
0.949,0.946,1,0.92,
0.941,0.945,1,0.875,
0.945,0.944,1,0.9,
0.948,0.946,1,0.92,
0.927,0.923,1,0.878,
0.92,0.925,1,0.833,
0.925,0.939,1,0.836,
0.95,0.945,1,0.939,
0.948,0.943,1,0.925,
0.945,0.946,1,0.9,
0.948,0.945,1,0.925,
0.948,0.945,1,0.919,
0.947,0.945,1,0.917,
0.945,0.948,1,0.908,
0.941,0.942,1,0.897,
0.949,0.945,1,0.934,
0.943,0.943,1,0.905,
0.944,0.947,1,0.905,
0.946,0.945,1,0.904,
0.946,0.948,1,0.896,
0.948,0.941,1,0.929,
0.947,0.944,1,0.925,
0.95,0.945,1,0.938,
0.941,0.944,1,0.878,
0.945,0.944,1,0.901,
0.946,0.945,1,0.916,
0.946,0.945,1,0.915,
0.95,0.948,1,0.932,
0.938,0.938,1,0.885,
0.945,0.945,1,0.906,
0.937,0.938,1,0.877,
0.944,0.945,1,0.897,
0.944,0.946,1,0.888,
0.94,0.943,1,0.881,
0.945,0.945,1,0.918,
0.941,0.938,1,0.908,
0.946,0.944,1,0.91,
0.948,0.946,1,0.92,
0.943,0.945,1,0.896,
0.943,0.944,1,0.888,
0.948,0.945,1,0.926,
0.943,0.935,1,0.911,
0.934,0.944,1,0.858,
0.949,0.945,1,0.936,
0.949,0.945,1,0.929,
0.942,0.943,1,0.885,
0.946,0.946,1,0.915,
0.943,0.943,1,0.907,
0.95,0.946,1,0.94,
0.913,0.904,1,0.893,
0.889,0.891,1,0.805,
0.905,0.901,1,0.871,
0.906,0.904,1,0.858,
0.907,0.903,1,0.851,
0.911,0.904,1,0.888,
0.896,0.89,1,0.848,
0.897,0.893,1,0.852,
0.911,0.904,1,0.887,
0.906,0.904,1,0.859,
0.912,0.904,1,0.897,
0.897,0.902,1,0.818,
0.894,0.893,1,0.819,
0.909,0.903,1,0.872,
0.907,0.904,1,0.85,
0.907,0.899,1,0.878,
0.911,0.901,1,0.893,
0.88,0.876,1,0.802,
0.895,0.899,1,0.823,
0.903,0.894,1,0.876,
0.897,0.885,1,0.86,
0.902,0.904,1,0.822,
0.913,0.904,1,0.897,
0.902,0.898,1,0.836,
0.91,0.904,1,0.888,
0.897,0.886,1,0.87,
0.91,0.904,1,0.873,
0.904,0.904,1,0.848,
0.902,0.907,1,0.861,
0.909,0.902,1,0.883,
0.905,0.905,1,0.855,
0.913,0.904,1,0.891,
0.894,0.886,1,0.838,
0.9,0.895,1,0.846,
0.911,0.904,1,0.885,
0.901,0.893,1,0.881,
0.886,0.887,1,0.786,
0.911,0.904,1,0.883,
0.91,0.904,1,0.877,
0.901,0.904,1,0.832,
0.909,0.904,1,0.864,
0.904,0.898,1,0.875,
0.906,0.904,1,0.848,
0.906,0.903,1,0.84,
0.913,0.904,1,0.893,
0.89,0.883,1,0.816,
0.893,0.901,1,0.831,
0.909,0.904,1,0.878,
0.909,0.904,1,0.887,
0.911,0.904,1,0.888,
0.912,0.904,1,0.885,
0.909,0.897,1,0.889,
0.911,0.903,1,0.893,
0.899,0.894,1,0.835,
0.91,0.904,1,0.886,
0.895,0.904,1,0.813,
0.91,0.904,1,0.878,
0.909,0.904,1,0.875,
0.902,0.897,1,0.856,
0.911,0.904,1,0.889,
0.905,0.905,1,0.852,
0.901,0.898,1,0.859,
0.908,0.904,1,0.859,
0.886,0.893,1,0.767,
0.909,0.903,1,0.881,
0.903,0.901,1,0.844,
0.909,0.903,1,0.884,
0.903,0.909,1,0.853,
0.911,0.904,1,0.889,
0.905,0.893,1,0.88,
0.905,0.904,1,0.842,
0.901,0.898,1,0.838,
0.902,0.9,1,0.832,
0.898,0.891,1,0.843,
0.91,0.903,1,0.884,
0.907,0.905,1,0.859,
0.913,0.904,1,0.897,
0.904,0.899,1,0.854,
0.905,0.9,1,0.876,
0.886,0.876,1,0.799,
0.905,0.903,1,0.86,
0.896,0.897,1,0.822,
0.903,0.901,1,0.859,
0.908,0.904,1,0.86,
0.905,0.904,1,0.833,
0.903,0.895,1,0.875,
0.896,0.906,1,0.789,
0.91,0.904,1,0.888,
0.895,0.883,1,0.869,
0.909,0.904,1,0.875,
0.906,0.905,1,0.859,
0.903,0.896,1,0.873,
0.906,0.899,1,0.863,
0.903,0.904,1,0.843,
0.913,0.904,1,0.898,
0.898,0.901,1,0.821,
0.899,0.889,1,0.877,
0.895,0.897,1,0.83,
0.908,0.903,1,0.884,
0.912,0.904,1,0.897,
0.912,0.904,1,0.892,
0.904,0.896,1,0.871,
0.898,0.901,1,0.843,
0.901,0.904,1,0.83,
0.907,0.899,1,0.872,
0.91,0.899,1,0.886,
0.905,0.904,1,0.821,
0.906,0.897,1,0.878,
0.906,0.905,1,0.863,
0.914,0.904,1,0.9,
0.902,0.904,1,0.838,
0.901,0.903,1,0.854,
0.893,0.897,1,0.755,
0.914,0.904,1,0.899,
0.911,0.904,1,0.885,
0.902,0.899,1,0.868,
0.909,0.907,1,0.885,
0.853,0.871,1,0.676,
0.903,0.89,1,0.88,
0.903,0.905,1,0.839,
0.904,0.895,1,0.873,
0.904,0.905,1,0.837,
0.913,0.905,1,0.895,
0.907,0.903,1,0.854,
0.891,0.902,1,0.748,
0.891,0.896,1,0.813,
0.909,0.904,1,0.873,
0.904,0.898,1,0.876,
0.894,0.891,1,0.835,
0.91,0.904,1,0.88,
0.903,0.904,1,0.842,
0.907,0.903,1,0.868,
0.904,0.903,1,0.842,
0.912,0.903,1,0.899,
0.907,0.903,1,0.862,
0.913,0.904,1,0.898,
0.887,0.896,1,0.799,
0.908,0.904,1,0.88,
0.904,0.902,1,0.828,
0.889,0.877,1,0.841,
0.912,0.904,1,0.887,
0.902,0.904,1,0.837,
0.897,0.887,1,0.872,
0.897,0.89,1,0.868,
0.907,0.904,1,0.867,
0.911,0.904,1,0.875,
0.886,0.877,1,0.844,
0.906,0.896,1,0.878,
0.913,0.904,1,0.899,
0.913,0.904,1,0.901,
0.906,0.903,1,0.865,
0.879,0.887,1,0.767,
0.887,0.879,1,0.839,
0.903,0.901,1,0.849,
0.91,0.904,1,0.875,
0.888,0.891,1,0.81,
0.906,0.903,1,0.849,
0.903,0.899,1,0.851,
0.911,0.902,1,0.89,
0.912,0.904,1,0.89,
0.908,0.904,1,0.866,
0.91,0.904,1,0.885,
0.912,0.904,1,0.885,
0.902,0.889,1,0.878,
0.884,0.881,1,0.831,
0.912,0.904,1,0.897,
0.907,0.897,1,0.884,
0.905,0.904,1,0.861,
0.902,0.902,1,0.848,
0.913,0.905,1,0.895,
0.904,0.904,1,0.842,
0.911,0.904,1,0.885,
0.905,0.899,1,0.862,
0.848,0.845,1,0.745,
0.906,0.904,1,0.852,
0.903,0.901,1,0.848,
0.911,0.903,1,0.89,
0.913,0.904,1,0.895,
0.91,0.904,1,0.881,
0.904,0.895,1,0.869,
0.904,0.895,1,0.868,
0.897,0.899,1,0.813,
0.91,0.904,1,0.888,
0.91,0.904,1,0.871,
0.909,0.904,1,0.859,
0.886,0.885,1,0.816,
0.911,0.904,1,0.887,
0.904,0.901,1,0.861,
0.907,0.903,1,0.873,
0.907,0.899,1,0.88,
0.907,0.901,1,0.876,
0.907,0.904,1,0.869,
0.91,0.904,1,0.878,
0.912,0.904,1,0.895,
0.907,0.901,1,0.878,
0.913,0.904,1,0.897,
0.904,0.904,1,0.854,
0.904,0.904,1,0.846,
0.909,0.904,1,0.87,
0.907,0.904,1,0.858,
0.908,0.901,1,0.875,
0.898,0.898,1,0.827,
0.905,0.904,1,0.84,
0.903,0.895,1,0.881,
0.904,0.901,1,0.854,
0.909,0.902,1,0.867,
0.904,0.905,1,0.845,
0.911,0.904,1,0.881,
0.911,0.904,1,0.894,
0.905,0.899,1,0.879,
0.907,0.904,1,0.871,
0.909,0.904,1,0.863,
0.912,0.905,1,0.889,
0.904,0.894,1,0.873,
0.893,0.887,1,0.836,
0.909,0.904,1,0.863,
0.91,0.904,1,0.87,
0.912,0.904,1,0.892,
0.898,0.899,1,0.849,
0.911,0.904,1,0.885,
0.902,0.892,1,0.868,
0.893,0.89,1,0.82,
0.905,0.897,1,0.883,
0.909,0.904,1,0.866,
0.905,0.899,1,0.872,
0.906,0.904,1,0.875,
0.912,0.904,1,0.889,
0.905,0.902,1,0.851,
0.871,0.874,1,0.784,
0.906,0.895,1,0.887,
0.911,0.904,1,0.873,
0.906,0.904,1,0.846,
0.904,0.897,1,0.872,
0.912,0.904,1,0.889,
0.909,0.904,1,0.875,
0.904,0.903,1,0.844,
0.912,0.904,1,0.892,
0.906,0.899,1,0.876,
0.904,0.895,1,0.881,
0.902,0.892,1,0.879,
0.897,0.895,1,0.827,
0.906,0.903,1,0.844,
0.889,0.883,1,0.832,
0.906,0.904,1,0.866,
0.881,0.867,1,0.837,
0.899,0.902,1,0.828,
0.897,0.887,1,0.873,
0.899,0.893,1,0.846,
0.906,0.903,1,0.862,
0.904,0.896,1,0.878,
0.912,0.904,1,0.885,
0.906,0.895,1,0.884,
0.906,0.897,1,0.884,
0.912,0.904,1,0.891,
0.906,0.903,1,0.863,
0.898,0.899,1,0.836,
0.902,0.901,1,0.862,
0.888,0.891,1,0.77,
0.906,0.901,1,0.862,
0.908,0.903,1,0.882,
0.908,0.901,1,0.87,
0.904,0.904,1,0.855,
0.906,0.904,1,0.851,
0.906,0.9,1,0.86,
0.911,0.904,1,0.884,
0.9,0.899,1,0.845,
0.905,0.903,1,0.872,
0.901,0.905,1,0.847,
0.912,0.904,1,0.888,
0.883,0.89,1,0.796,
0.903,0.903,1,0.838,
0.903,0.897,1,0.851,
0.905,0.901,1,0.868,
0.891,0.903,1,0.749,
0.902,0.9,1,0.849,
0.902,0.903,1,0.835,
0.913,0.904,1,0.895,
0.895,0.893,1,0.79,
0.908,0.904,1,0.861,
0.884,0.871,1,0.826,
0.899,0.889,1,0.862,
0.912,0.904,1,0.887,
0.885,0.895,1,0.789,
0.909,0.903,1,0.889,
0.912,0.903,1,0.894,
0.912,0.904,1,0.888,
0.9,0.904,1,0.834,
0.905,0.897,1,0.859,
0.907,0.904,1,0.866,
0.899,0.895,1,0.856,
0.874,0.865,1,0.842,
0.91,0.904,1,0.88,
0.911,0.904,1,0.886,
0.904,0.897,1,0.853,
0.897,0.895,1,0.832,
0.89,0.881,1,0.849,
0.89,0.889,1,0.838,
0.902,0.899,1,0.85,
0.888,0.877,1,0.855,
0.912,0.904,1,0.892,
0.91,0.903,1,0.883,
0.908,0.904,1,0.854,
0.903,0.894,1,0.883,
0.89,0.901,1,0.801,
0.89,0.891,1,0.833,
0.912,0.904,1,0.892,
0.909,0.905,1,0.879,
0.906,0.904,1,0.859,
0.894,0.897,1,0.822,
0.897,0.901,1,0.844,
0.902,0.893,1,0.864,
0.879,0.871,1,0.841,
0.91,0.904,1,0.877,
0.897,0.895,1,0.852,
0.909,0.904,1,0.868,
0.911,0.903,1,0.886,
0.899,0.898,1,0.847,
0.901,0.891,1,0.879,
0.912,0.904,1,0.89,
0.91,0.904,1,0.887,
0.896,0.891,1,0.843,
0.911,0.904,1,0.875,
0.897,0.888,1,0.87,
0.904,0.905,1,0.853,
0.897,0.903,1,0.815,
0.911,0.904,1,0.889,
0.909,0.904,1,0.869,
0.912,0.904,1,0.894,
0.884,0.887,1,0.811,
0.913,0.904,1,0.892,
0.911,0.904,1,0.879,
0.906,0.895,1,0.886,
0.91,0.904,1,0.875,
0.902,0.897,1,0.862,
0.908,0.904,1,0.87,
0.906,0.903,1,0.865,
0.91,0.905,1,0.891,
0.891,0.903,1,0.812,
0.909,0.902,1,0.868,
0.886,0.899,1,0.752,
0.905,0.904,1,0.847,
0.911,0.904,1,0.878,
0.911,0.904,1,0.893,
0.861,0.887,1,0.761,
0.912,0.904,1,0.896,
0.899,0.89,1,0.856,
0.911,0.904,1,0.887,
0.911,0.904,1,0.886,
0.883,0.882,1,0.801,
0.878,0.893,1,0.764,
0.907,0.898,1,0.883,
0.911,0.904,1,0.883,
0.901,0.897,1,0.854,
0.912,0.904,1,0.897,
0.906,0.904,1,0.852,
0.902,0.901,1,0.843,
0.911,0.904,1,0.885,
0.886,0.877,1,0.817,
0.892,0.89,1,0.809,
0.877,0.875,1,0.789,
0.909,0.905,1,0.874,
0.907,0.905,1,0.873,
0.912,0.904,1,0.884,
0.912,0.904,1,0.887,
0.903,0.904,1,0.841,
0.906,0.895,1,0.889,
0.902,0.904,1,0.817,
0.895,0.903,1,0.79,
0.911,0.903,1,0.88,
0.911,0.901,1,0.886,
0.908,0.903,1,0.865,
0.912,0.904,1,0.898,
0.912,0.904,1,0.897,
0.901,0.898,1,0.838,
0.906,0.901,1,0.863,
0.906,0.901,1,0.863,
0.897,0.902,1,0.803,
0.895,0.897,1,0.814,
0.902,0.897,1,0.85,
0.893,0.899,1,0.775,
0.907,0.903,1,0.87,
0.904,0.898,1,0.866,
0.878,0.901,1,0.694,
0.881,0.885,1,0.8,
0.949,0.945,1,0.929,
0.948,0.944,1,0.917,
0.948,0.946,1,0.925,
0.946,0.941,1,0.915,
0.947,0.946,1,0.923,
0.942,0.944,1,0.884,
0.945,0.945,1,0.899,
0.949,0.945,1,0.934,
0.949,0.945,1,0.933,
0.949,0.945,1,0.931,
0.941,0.944,1,0.895,
0.947,0.945,1,0.92,
0.949,0.947,1,0.923,
0.948,0.945,1,0.922,
0.951,0.945,1,0.943,
0.951,0.945,1,0.944,
0.94,0.944,1,0.887,
0.946,0.945,1,0.907,
0.941,0.95,1,0.893,
0.946,0.944,1,0.916,
0.948,0.944,1,0.923,
0.917,0.921,1,0.866,
0.95,0.946,1,0.939,
0.946,0.944,1,0.918,
0.95,0.946,1,0.937,
0.943,0.935,1,0.902,
0.949,0.946,1,0.926,
0.951,0.946,1,0.942,
0.942,0.944,1,0.885,
0.939,0.945,1,0.877,
0.947,0.944,1,0.917,
0.947,0.943,1,0.909,
0.904,0.903,1,0.836,
0.883,0.889,1,0.753,
0.947,0.944,1,0.924,
0.903,0.891,1,0.886,
0.892,0.887,1,0.843,
0.893,0.883,1,0.835,
0.907,0.904,1,0.872,
0.909,0.904,1,0.862,
0.912,0.905,1,0.888,
0.897,0.887,1,0.865,
0.912,0.904,1,0.899,
0.907,0.901,1,0.868,
0.907,0.903,1,0.857,
0.896,0.9,1,0.82,
0.91,0.904,1,0.892,
0.906,0.904,1,0.871,
0.94,0.945,1,0.887,
0.947,0.948,1,0.923,
0.948,0.945,1,0.929,
0.924,0.929,1,0.861,
0.948,0.945,1,0.926,
0.95,0.944,1,0.934,
0.949,0.945,1,0.933,
0.949,0.945,1,0.936,
0.941,0.945,1,0.857,
0.946,0.945,1,0.91,
0.931,0.939,1,0.872,
0.948,0.944,1,0.928,
0.937,0.936,1,0.911,
0.939,0.94,1,0.891,
0.944,0.944,1,0.905,
0.949,0.944,1,0.934,
0.908,0.904,1,0.872,
0.884,0.887,1,0.812,
0.906,0.903,1,0.848,
0.906,0.903,1,0.847,
0.904,0.908,1,0.839,
0.908,0.904,1,0.861,
0.906,0.904,1,0.865,
0.911,0.904,1,0.888,
0.911,0.904,1,0.881,
0.904,0.901,1,0.86,
0.907,0.903,1,0.859,
0.907,0.901,1,0.872,
0.904,0.892,1,0.883,
0.913,0.905,1,0.899,
0.912,0.904,1,0.887,
0.889,0.893,1,0.833,


0.949,0.945,1,0.931,
0.941,0.944,1,0.882,
0.945,0.942,1,0.897,
0.94,0.942,1,0.891,
0.94,0.943,1,0.889,
0.948,0.945,1,0.928,
0.908,0.891,1,0.87,
0.929,0.933,1,0.886,
0.948,0.946,1,0.924,
0.948,0.948,1,0.911,
0.949,0.946,1,0.932,
0.917,0.921,0.994,0.849,
0.945,0.944,1,0.909,
0.931,0.933,1,0.867,
0.95,0.945,1,0.941,
0.942,0.945,1,0.892,
0.944,0.942,1,0.906,
0.943,0.944,1,0.914,
0.935,0.942,1,0.834,
0.948,0.945,1,0.93,
0.919,0.923,1,0.829,
0.95,0.945,1,0.935,
0.939,0.933,1,0.906,
0.945,0.938,1,0.907,
0.944,0.944,1,0.905,
0.929,0.924,1,0.893,
0.926,0.944,1,0.847,
0.95,0.946,1,0.936,
0.919,0.919,1,0.864,
0.946,0.945,1,0.907,
0.947,0.945,1,0.918,
0.931,0.94,1,0.843,
0.912,0.948,1,0.76,
0.947,0.945,1,0.916,
0.948,0.944,1,0.926,
0.95,0.946,1,0.939,
0.929,0.944,1,0.833,
0.944,0.945,1,0.905,
0.93,0.933,1,0.881,
0.927,0.937,1,0.86,
0.935,0.938,1,0.871,
0.94,0.941,1,0.872,
0.928,0.944,1,0.824,
0.94,0.939,1,0.901,
0.895,0.925,1,0.769,
0.943,0.941,1,0.922,
0.922,0.937,1,0.82,
0.94,0.938,1,0.881,
0.951,0.945,1,0.939,
0.915,0.909,1,0.83,
0.939,0.94,1,0.887,
0.944,0.944,1,0.897,
0.938,0.94,1,0.873,
0.934,0.943,1,0.859,
0.937,0.944,1,0.877,
0.934,0.932,1,0.881,
0.944,0.946,1,0.896,
0.94,0.935,1,0.908,
0.936,0.929,1,0.902,
0.94,0.933,1,0.902,
0.891,0.952,1,0.718,
0.94,0.944,1,0.904,
0.948,0.945,1,0.931,
0.941,0.944,1,0.899,
0.947,0.943,1,0.916,
0.918,0.952,1,0.8,
0.945,0.945,1,0.902,
0.944,0.941,1,0.918,
0.936,0.944,1,0.88,
0.919,0.945,1,0.809,
0.942,0.938,1,0.919,
0.949,0.946,1,0.926,
0.951,0.945,1,0.943,
0.944,0.942,1,0.908,
0.93,0.936,1,0.869,
0.931,0.935,1,0.869,
0.948,0.945,1,0.928,
0.933,0.937,1,0.882,
0.945,0.942,1,0.923,
0.934,0.929,1,0.908,
0.945,0.942,1,0.905,
0.935,0.928,1,0.899,
0.949,0.945,1,0.928,
0.948,0.945,1,0.926,
0.943,0.946,1,0.889,
0.935,0.923,1,0.887,
0.905,0.929,1,0.793,
0.944,0.942,1,0.921,
0.938,0.945,1,0.869,
0.941,0.942,1,0.9,
0.943,0.944,1,0.893,
0.947,0.942,1,0.926,
0.937,0.939,1,0.888,
0.923,0.913,1,0.886,
0.94,0.944,1,0.883,
0.95,0.946,1,0.939,
0.943,0.94,1,0.92,
0.943,0.946,1,0.893,
0.92,0.919,1,0.86,
0.905,0.919,0.993,0.745,
0.917,0.927,1,0.838,
0.936,0.94,1,0.88,
0.94,0.938,1,0.918,
0.938,0.943,1,0.885,
0.94,0.939,1,0.908,
0.942,0.938,1,0.913,
0.934,0.939,1,0.886,
0.94,0.94,1,0.898,
0.951,0.946,1,0.942,
0.945,0.945,1,0.891,
0.944,0.944,1,0.905,
0.939,0.935,1,0.907,
0.924,0.917,1,0.893,
0.946,0.946,1,0.916,
0.934,0.932,1,0.914,
0.935,0.932,1,0.904,
0.938,0.948,1,0.879,
0.937,0.938,1,0.875,
0.948,0.943,1,0.93,
0.933,0.944,1,0.879,
0.944,0.943,1,0.912,
0.94,0.944,1,0.882,
0.942,0.94,1,0.917,
0.94,0.945,1,0.895,
0.944,0.944,1,0.887,
0.95,0.945,1,0.941,
0.947,0.946,1,0.919,
0.947,0.946,1,0.916,
0.946,0.945,1,0.913,
0.936,0.942,1,0.89,
0.947,0.945,1,0.915,
0.926,0.913,1,0.878,
0.916,0.939,1,0.79,
0.94,0.945,1,0.891,
0.929,0.921,1,0.904,
0.945,0.946,1,0.921,
0.916,0.914,1,0.871,
0.945,0.944,1,0.902,
0.919,0.925,1,0.852,
0.912,0.915,1,0.842,
0.917,0.945,1,0.827,
0.896,0.899,1,0.827,
0.938,0.939,1,0.9,
0.936,0.949,1,0.855,
0.946,0.944,1,0.922,
0.936,0.936,1,0.873,
0.944,0.945,1,0.911,
0.943,0.941,1,0.892,
0.915,0.923,1,0.822,
0.93,0.926,1,0.874,
0.941,0.937,1,0.912,
0.944,0.945,1,0.884,
0.945,0.944,1,0.911,
0.946,0.94,1,0.911,
0.939,0.94,1,0.9,
0.927,0.936,1,0.873,
0.947,0.945,1,0.917,
0.933,0.925,1,0.89,
0.947,0.944,1,0.935,
0.933,0.939,1,0.885,
0.943,0.941,1,0.912,
0.944,0.94,1,0.901,
0.9,0.926,1,0.8,
0.948,0.943,1,0.917,
0.937,0.94,1,0.893,
0.946,0.945,1,0.912,
0.939,0.943,1,0.873,
0.935,0.933,1,0.906,
0.933,0.939,1,0.874,
0.924,0.929,1,0.853,
0.942,0.94,1,0.913,
0.923,0.923,1,0.857,
0.943,0.944,1,0.917,
0.949,0.944,1,0.935,
0.937,0.944,1,0.876,
0.933,0.925,1,0.903,
0.933,0.942,1,0.887,
0.949,0.944,1,0.933,
0.926,0.925,1,0.888,
0.95,0.946,1,0.932,
0.906,0.899,1,0.852,
0.923,0.919,1,0.878,
0.947,0.943,1,0.93,
0.942,0.944,1,0.894,
0.95,0.945,1,0.942,
0.95,0.945,1,0.937,
0.936,0.938,1,0.869,
0.926,0.925,1,0.889,
0.925,0.933,1,0.832,
0.948,0.944,1,0.926,
0.926,0.939,1,0.838,
0.934,0.929,1,0.884,
0.948,0.945,1,0.921,
0.92,0.935,1,0.742,
0.943,0.944,1,0.899,
0.943,0.945,1,0.912,
0.924,0.922,1,0.858,
0.931,0.93,1,0.874,
0.938,0.944,1,0.875,
0.945,0.945,1,0.918,
0.945,0.945,1,0.894,
0.946,0.945,1,0.92,
0.947,0.94,1,0.921,
0.933,0.935,1,0.883,
0.946,0.945,1,0.91,
0.91,0.942,1,0.777,
0.935,0.934,1,0.88,
0.925,0.925,1,0.866,
0.942,0.945,1,0.888,
0.946,0.942,1,0.922,
0.924,0.923,1,0.871,
0.942,0.946,1,0.882,
0.938,0.944,1,0.892,
0.941,0.941,1,0.896,
0.946,0.938,1,0.921,
0.942,0.945,1,0.881,
0.943,0.94,1,0.909,
0.943,0.941,1,0.906,
0.945,0.942,1,0.918,
0.937,0.941,1,0.872,
0.885,0.87,1,0.793,
0.925,0.923,1,0.892,
0.935,0.935,1,0.898,
0.941,0.95,1,0.88,
0.945,0.941,1,0.909,
0.903,0.918,1,0.808,
0.948,0.944,1,0.935,
0.945,0.943,1,0.898,
0.948,0.944,1,0.915,
0.934,0.935,1,0.876,
0.942,0.945,1,0.893,
0.944,0.944,1,0.921,
0.929,0.939,1,0.829,
0.938,0.945,1,0.829,
0.925,0.922,1,0.885,
0.939,0.942,1,0.847,
0.948,0.945,1,0.928,
0.923,0.931,1,0.859,
0.931,0.929,1,0.85,
0.927,0.921,1,0.898,
0.944,0.944,1,0.899,
0.937,0.94,1,0.878,
0.941,0.944,1,0.896,
0.945,0.939,1,0.924,
0.943,0.942,1,0.911,
0.939,0.935,1,0.917,
0.921,0.927,1,0.838,
0.943,0.942,1,0.916,
0.94,0.944,1,0.878,
0.941,0.938,1,0.906,
0.944,0.946,1,0.909,
0.914,0.916,1,0.864,
0.945,0.945,1,0.905,
0.918,0.941,1,0.769,
0.944,0.942,1,0.914,
0.945,0.944,1,0.902,
0.949,0.945,1,0.925,
0.938,0.944,1,0.874,
0.948,0.945,1,0.925,
0.921,0.905,1,0.876,
0.946,0.945,1,0.92,
0.939,0.942,1,0.899,
0.937,0.935,1,0.899,
0.937,0.944,1,0.875,
0.948,0.944,1,0.93,
0.948,0.94,1,0.93,
0.943,0.948,1,0.886,
0.947,0.94,1,0.913,
0.941,0.941,1,0.903,
0.944,0.944,1,0.899,
0.95,0.945,1,0.937,
0.944,0.945,1,0.901,
0.938,0.943,1,0.856,
0.941,0.944,1,0.9,
0.946,0.941,1,0.925,
0.933,0.942,1,0.845,
0.944,0.944,1,0.893,
0.929,0.931,1,0.858,
0.947,0.94,1,0.936,
0.945,0.944,1,0.913,
0.927,0.923,1,0.897,
0.946,0.94,1,0.908,
0.944,0.942,1,0.903,
0.943,0.944,1,0.874,
0.948,0.944,1,0.925,
0.943,0.945,1,0.901,
0.927,0.932,1,0.867,
0.946,0.944,1,0.91,
0.909,0.916,1,0.847,
0.949,0.944,1,0.936,
0.949,0.945,1,0.929,
0.936,0.938,1,0.9,
0.944,0.94,1,0.914,
0.948,0.945,1,0.93,
0.938,0.941,1,0.904,
0.939,0.946,1,0.864,
0.934,0.943,1,0.844,
0.941,0.942,1,0.904,
0.903,0.953,1,0.752,
0.944,0.942,1,0.899,
0.946,0.946,1,0.912,
0.922,0.924,1,0.856,
0.946,0.944,1,0.903,
0.926,0.921,1,0.893,
0.918,0.909,1,0.851,
0.943,0.942,1,0.897,
0.94,0.938,1,0.913,
0.939,0.942,1,0.878,
0.949,0.946,1,0.931,
0.938,0.942,1,0.886,
0.928,0.936,1,0.848,
0.915,0.923,1,0.829,
0.936,0.939,1,0.885,
0.948,0.945,1,0.922,
0.926,0.929,1,0.803,
0.941,0.943,1,0.88,
0.949,0.948,1,0.932,
0.94,0.935,1,0.888,
0.914,0.919,0.985,0.831,
0.947,0.945,1,0.918,
0.942,0.941,1,0.909,
0.94,0.945,1,0.883,
0.922,0.935,1,0.806,
0.946,0.945,1,0.904,
0.93,0.921,1,0.879,
0.942,0.942,1,0.907,
0.943,0.939,1,0.891,
0.92,0.94,1,0.843,
0.942,0.937,1,0.889,
0.94,0.942,1,0.877,
0.912,0.913,1,0.833,
0.945,0.944,1,0.899,
0.944,0.944,1,0.899,
0.944,0.942,1,0.917,
0.948,0.944,1,0.923,
0.915,0.938,1,0.792,
0.927,0.931,1,0.878,
0.944,0.946,1,0.898,
0.946,0.945,1,0.904,
0.938,0.937,1,0.911,
0.942,0.945,1,0.889,
0.927,0.924,1,0.894,
0.949,0.946,1,0.93,
0.936,0.94,1,0.874,
0.935,0.942,1,0.88,
0.944,0.939,1,0.89,
0.917,0.923,1,0.861,
0.942,0.945,1,0.891,
0.948,0.946,1,0.923,
0.945,0.944,1,0.903,
0.941,0.94,1,0.908,
0.935,0.944,1,0.88,
0.936,0.92,1,0.877,
0.946,0.942,1,0.918,
0.948,0.946,1,0.928,
0.941,0.934,1,0.909,
0.943,0.938,1,0.927,
0.899,0.921,1,0.801,
0.929,0.928,1,0.876,
0.933,0.927,1,0.911,
0.948,0.944,1,0.927,
0.932,0.938,1,0.864,
0.934,0.939,1,0.876,
0.942,0.938,1,0.922,
0.942,0.942,1,0.89,
0.929,0.928,1,0.885,
0.939,0.931,1,0.921,
0.945,0.944,1,0.905,
0.936,0.938,1,0.861,
0.935,0.935,1,0.878,
0.939,0.925,1,0.896,
0.941,0.942,1,0.883,
0.944,0.946,1,0.907,
0.909,0.905,1,0.855,
0.922,0.94,1,0.804,
0.944,0.94,1,0.923,
0.936,0.944,1,0.888,
0.944,0.94,1,0.919,
0.947,0.938,1,0.923,
0.94,0.931,1,0.909,
0.924,0.94,1,0.83,
0.935,0.935,1,0.895,
0.939,0.941,1,0.882,
0.946,0.945,1,0.91,
0.935,0.927,1,0.918,
0.931,0.931,1,0.883,
0.928,0.94,1,0.847,
0.935,0.944,1,0.87,
0.939,0.938,1,0.88,
0.941,0.946,1,0.87,
0.941,0.942,1,0.895,
0.929,0.938,1,0.865,
0.947,0.946,1,0.922,
0.943,0.944,1,0.896,
0.942,0.945,1,0.892,
0.944,0.944,1,0.895,
0.949,0.946,1,0.929,
0.923,0.937,1,0.837,
0.923,0.913,1,0.893,
0.938,0.938,1,0.889,
0.938,0.936,1,0.901,
0.923,0.917,1,0.886,
0.943,0.946,1,0.89,
0.925,0.942,1,0.828,
0.916,0.907,1,0.874,
0.936,0.938,1,0.864,
0.939,0.944,1,0.876,
0.93,0.925,1,0.866,
0.939,0.933,1,0.897,
0.948,0.944,1,0.923,
0.935,0.936,1,0.843,
0.919,0.927,1,0.817,
0.944,0.942,1,0.906,
0.93,0.934,1,0.865,
0.929,0.921,1,0.858,
0.945,0.944,1,0.912,
0.938,0.943,1,0.892,
0.937,0.933,1,0.897,
0.942,0.94,1,0.905,
0.934,0.932,1,0.883,
0.949,0.946,1,0.923,
0.934,0.936,1,0.873,
0.931,0.921,1,0.904,
0.942,0.944,1,0.881,
0.917,0.916,1,0.87,
0.947,0.94,1,0.925,
0.942,0.942,1,0.875,
0.924,0.923,1,0.876,
0.935,0.942,1,0.855,
0.941,0.941,1,0.896,
0.95,0.945,1,0.931,
0.949,0.946,1,0.929,
0.946,0.944,1,0.927,
0.947,0.945,1,0.909,
0.927,0.919,1,0.897,
0.944,0.942,1,0.891,
0.944,0.945,1,0.91,
0.942,0.945,1,0.871,
0.906,0.905,1,0.855,
0.944,0.944,1,0.915,
0.941,0.945,1,0.914,
0.927,0.925,1,0.863,
0.941,0.945,1,0.885,
0.919,0.931,1,0.855,
0.941,0.947,1,0.865,
0.949,0.945,1,0.934,
0.941,0.938,1,0.912,
0.936,0.936,1,0.9,
0.936,0.933,1,0.883,
0.946,0.944,1,0.911,
0.939,0.936,1,0.906,
0.933,0.921,1,0.898,
0.945,0.946,1,0.903,
0.95,0.945,1,0.941,
0.926,0.935,1,0.779,
0.927,0.942,1,0.851,
0.924,0.946,1,0.822,
0.934,0.938,1,0.862,
0.948,0.945,1,0.929,
0.949,0.946,1,0.932,
0.931,0.943,1,0.85,
0.939,0.944,1,0.888,
0.946,0.944,1,0.922,
0.942,0.946,1,0.873,
0.945,0.944,1,0.91,
0.944,0.946,1,0.904,
0.948,0.942,1,0.925,
0.941,0.941,1,0.904,
0.95,0.946,1,0.937,
0.944,0.945,1,0.911,
0.932,0.932,1,0.879,
0.943,0.944,1,0.902,
0.947,0.944,1,0.918,
0.948,0.946,1,0.929,
0.943,0.943,1,0.906,
0.949,0.945,1,0.928,
0.947,0.942,1,0.913,
0.945,0.945,1,0.901,
0.941,0.945,1,0.894,
0.944,0.944,1,0.904,
0.921,0.921,1,0.834,
0.903,0.905,1,0.805,
0.921,0.922,1,0.867,
0.934,0.944,1,0.873,
0.943,0.946,1,0.912,
0.943,0.945,1,0.9,
0.945,0.943,1,0.917,
0.95,0.946,1,0.93,
0.925,0.936,1,0.844,
0.943,0.942,1,0.891,
0.945,0.951,1,0.905,
0.924,0.943,1,0.794,
0.916,0.909,1,0.863,
0.929,0.919,1,0.882,
0.949,0.944,1,0.934,
0.942,0.947,1,0.87,
0.946,0.939,1,0.905,
0.947,0.945,1,0.917,
0.925,0.931,1,0.877,
0.944,0.94,1,0.91,
0.939,0.944,1,0.896,
0.947,0.942,1,0.927,
0.94,0.934,1,0.922,
0.945,0.944,1,0.919,
0.922,0.923,1,0.886,
0.945,0.944,1,0.899,
0.943,0.935,1,0.925,
0.948,0.945,1,0.93,
0.944,0.946,1,0.906,
0.95,0.945,1,0.934,
0.935,0.941,1,0.859,
0.94,0.94,1,0.911,
0.932,0.938,1,0.874,
0.946,0.945,1,0.913,
0.943,0.944,1,0.904,
0.927,0.935,1,0.857,
0.937,0.939,1,0.871,
0.909,0.911,1,0.819,
0.936,0.942,1,0.871,
0.934,0.941,1,0.843,
0.898,0.891,1,0.839,
0.936,0.934,1,0.895,
0.941,0.942,1,0.882,
0.943,0.944,1,0.908,
0.945,0.942,1,0.918,
0.942,0.943,1,0.9,
0.934,0.938,1,0.877,
0.945,0.942,1,0.915,
0.942,0.944,1,0.903,
0.929,0.943,1,0.844,
0.95,0.945,1,0.937,
0.948,0.944,1,0.932,
0.935,0.938,1,0.872,
0.931,0.932,1,0.892,
0.929,0.937,1,0.854,
0.946,0.952,1,0.905,
0.898,0.893,1,0.865,
0.886,0.889,1,0.8,
0.909,0.904,1,0.876,
0.885,0.88,1,0.825,
0.891,0.883,1,0.817,
0.895,0.885,1,0.87,
0.883,0.878,1,0.836,
0.887,0.885,1,0.803,
0.909,0.9,1,0.891,
0.888,0.869,1,0.843,
0.91,0.903,1,0.884,
0.898,0.897,1,0.815,
0.885,0.879,1,0.83,
0.895,0.891,1,0.849,
0.897,0.892,1,0.837,
0.883,0.879,1,0.832,
0.906,0.895,1,0.891,
0.873,0.883,1,0.793,
0.861,0.865,1,0.768,
0.881,0.865,1,0.837,
0.846,0.877,1,0.713,
0.884,0.889,1,0.807,
0.899,0.891,0.988,0.866,
0.865,0.873,1,0.708,
0.909,0.904,1,0.871,
0.863,0.886,1,0.717,
0.907,0.903,1,0.866,
0.906,0.904,1,0.853,
0.898,0.897,1,0.845,
0.9,0.891,1,0.878,
0.901,0.903,1,0.847,
0.892,0.883,1,0.855,
0.865,0.851,1,0.82,
0.886,0.881,1,0.836,
0.911,0.904,1,0.887,
0.881,0.871,1,0.852,
0.882,0.876,1,0.818,
0.901,0.893,1,0.875,
0.884,0.875,1,0.839,
0.887,0.891,1,0.81,
0.9,0.902,1,0.821,
0.89,0.885,1,0.836,
0.888,0.889,1,0.832,
0.896,0.898,1,0.83,
0.901,0.894,1,0.876,
0.874,0.886,1,0.774,
0.894,0.891,1,0.841,
0.903,0.897,1,0.868,
0.879,0.864,1,0.853,
0.905,0.897,1,0.875,
0.907,0.901,1,0.883,
0.91,0.901,1,0.888,
0.907,0.903,1,0.868,
0.894,0.889,1,0.826,
0.879,0.87,1,0.847,
0.88,0.887,1,0.78,
0.901,0.893,1,0.864,
0.88,0.874,1,0.808,
0.896,0.893,1,0.837,
0.889,0.88,1,0.853,
0.894,0.899,1,0.829,
0.892,0.887,1,0.842,
0.879,0.866,1,0.829,
0.884,0.889,1,0.796,
0.889,0.883,1,0.852,
0.873,0.869,1,0.812,
0.896,0.89,1,0.857,
0.893,0.889,1,0.843,
0.898,0.888,1,0.867,
0.883,0.877,1,0.838,
0.889,0.888,1,0.828,
0.892,0.889,1,0.826,
0.872,0.855,1,0.804,
0.88,0.873,1,0.813,
0.897,0.888,1,0.86,
0.889,0.889,1,0.827,
0.89,0.879,1,0.848,
0.904,0.901,1,0.858,
0.875,0.863,1,0.845,
0.84,0.865,1,0.7,
0.895,0.889,1,0.86,
0.895,0.899,1,0.82,
0.886,0.882,1,0.842,
0.896,0.901,1,0.826,
0.903,0.905,1,0.842,
0.881,0.874,1,0.849,
0.865,0.872,1,0.756,
0.906,0.898,1,0.882,
0.886,0.879,1,0.845,
0.904,0.899,1,0.869,
0.871,0.857,1,0.812,
0.901,0.897,1,0.861,
0.903,0.893,1,0.868,
0.888,0.885,1,0.836,
0.894,0.885,1,0.867,
0.887,0.885,1,0.794,
0.869,0.86,1,0.821,
0.884,0.865,1,0.82,
0.895,0.889,1,0.862,
0.893,0.887,1,0.85,
0.905,0.901,1,0.872,
0.899,0.895,1,0.866,
0.883,0.884,1,0.83,
0.885,0.895,1,0.806,
0.9,0.895,1,0.857,
0.9,0.895,1,0.854,
0.851,0.84,1,0.781,
0.898,0.888,1,0.878,
0.89,0.885,1,0.837,
0.902,0.891,1,0.883,
0.899,0.903,1,0.827,
0.89,0.881,1,0.836,
0.851,0.897,1,0.679,
0.898,0.885,1,0.878,
0.9,0.89,1,0.872,
0.889,0.882,1,0.848,
0.903,0.887,1,0.881,
0.846,0.851,0.989,0.709,
0.901,0.894,1,0.867,
0.872,0.875,1,0.791,
0.901,0.892,1,0.869,
0.887,0.891,1,0.818,
0.902,0.898,1,0.871,
0.894,0.886,1,0.821,
0.883,0.897,0.977,0.737,
0.861,0.883,1,0.773,
0.891,0.885,1,0.852,
0.889,0.883,1,0.829,
0.894,0.895,1,0.817,
0.901,0.903,1,0.849,
0.893,0.901,1,0.818,
0.9,0.897,1,0.848,
0.888,0.893,1,0.814,
0.908,0.899,1,0.891,
0.882,0.898,1,0.658,
0.903,0.893,1,0.882,
0.877,0.872,1,0.795,
0.908,0.901,1,0.872,
0.888,0.895,1,0.818,
0.874,0.873,1,0.775,
0.91,0.904,1,0.878,
0.88,0.886,1,0.787,
0.873,0.863,1,0.843,
0.881,0.871,1,0.829,
0.879,0.871,1,0.838,
0.901,0.893,1,0.863,
0.878,0.869,1,0.835,
0.892,0.881,1,0.851,
0.907,0.897,1,0.885,
0.911,0.904,1,0.891,
0.885,0.887,1,0.827,
0.877,0.889,1,0.764,
0.872,0.865,1,0.828,
0.892,0.895,1,0.827,
0.895,0.883,1,0.855,
0.885,0.884,1,0.798,
0.901,0.897,1,0.855,
0.898,0.899,1,0.845,
0.9,0.891,1,0.869,
0.901,0.893,1,0.873,
0.897,0.902,1,0.82,
0.885,0.879,1,0.852,
0.902,0.893,1,0.876,
0.885,0.875,1,0.841,
0.868,0.864,1,0.783,
0.903,0.895,1,0.879,
0.856,0.859,1,0.762,
0.894,0.881,1,0.854,
0.891,0.878,1,0.847,
0.911,0.902,1,0.889,
0.9,0.901,1,0.834,
0.893,0.886,1,0.848,
0.902,0.896,1,0.87,
0.835,0.804,1,0.721,
0.889,0.885,1,0.845,
0.9,0.897,1,0.854,
0.901,0.893,1,0.869,
0.902,0.894,1,0.88,
0.88,0.867,1,0.828,
0.897,0.897,1,0.824,
0.899,0.903,1,0.841,
0.875,0.887,1,0.791,
0.897,0.885,1,0.869,
0.904,0.901,1,0.847,
0.908,0.901,1,0.868,
0.875,0.857,1,0.822,
0.899,0.891,1,0.869,
0.878,0.882,1,0.81,
0.897,0.89,1,0.849,
0.897,0.887,1,0.864,
0.894,0.884,1,0.865,
0.898,0.896,1,0.848,
0.904,0.897,1,0.871,
0.903,0.895,1,0.882,
0.886,0.891,1,0.822,
0.904,0.895,1,0.886,
0.902,0.899,1,0.854,
0.874,0.875,1,0.79,
0.903,0.901,1,0.869,
0.898,0.895,1,0.849,
0.905,0.897,1,0.879,
0.896,0.897,1,0.835,
0.894,0.901,1,0.836,
0.885,0.876,1,0.857,
0.88,0.882,1,0.82,
0.902,0.894,1,0.878,
0.903,0.903,1,0.852,
0.904,0.899,1,0.873,
0.903,0.892,1,0.883,
0.89,0.88,1,0.857,
0.901,0.905,1,0.842,
0.876,0.873,1,0.808,
0.908,0.9,1,0.876,
0.877,0.865,1,0.826,
0.875,0.876,1,0.81,
0.885,0.885,1,0.815,
0.902,0.893,1,0.861,
0.887,0.879,1,0.863,
0.896,0.898,1,0.771,
0.882,0.885,1,0.834,
0.874,0.868,1,0.819,
0.891,0.891,1,0.806,
0.887,0.873,1,0.853,
0.886,0.887,1,0.819,
0.906,0.899,1,0.878,
0.884,0.883,1,0.838,
0.885,0.876,1,0.855,
0.896,0.894,1,0.809,
0.894,0.897,1,0.821,
0.9,0.893,1,0.857,
0.892,0.873,1,0.845,
0.896,0.895,1,0.829,
0.896,0.889,1,0.862,
0.899,0.888,1,0.882,
0.88,0.881,1,0.82,
0.898,0.899,1,0.817,
0.911,0.903,1,0.888,
0.9,0.895,1,0.855,
0.894,0.887,1,0.866,
0.884,0.869,1,0.86,
0.882,0.891,1,0.796,
0.889,0.883,1,0.834,
0.88,0.881,1,0.815,
0.882,0.875,1,0.841,
0.878,0.865,1,0.841,
0.885,0.877,1,0.843,
0.873,0.877,1,0.718,
0.87,0.86,1,0.805,
0.902,0.899,1,0.842,
0.882,0.867,1,0.849,
0.906,0.901,1,0.869,
0.902,0.899,1,0.859,
0.896,0.891,1,0.861,
0.905,0.898,1,0.877,
0.873,0.872,1,0.814,
0.894,0.892,1,0.832,
0.896,0.883,1,0.862,
0.869,0.875,1,0.781,
0.889,0.899,1,0.831,
0.884,0.871,1,0.848,
0.881,0.869,1,0.838,
0.887,0.887,1,0.805,
0.9,0.897,1,0.841,
0.892,0.893,1,0.84,
0.904,0.899,1,0.871,
0.858,0.851,1,0.803,
0.883,0.869,1,0.843,
0.894,0.885,1,0.855,
0.898,0.89,1,0.862,
0.883,0.881,1,0.8,
0.893,0.887,1,0.84,
0.873,0.877,1,0.754,
0.884,0.871,1,0.839,
0.883,0.893,1,0.735,
0.896,0.895,1,0.847,
0.884,0.883,1,0.811,
0.905,0.895,1,0.883,
0.89,0.891,1,0.833,
0.896,0.897,1,0.842,
0.88,0.87,1,0.84,
0.878,0.867,1,0.842,
0.903,0.897,1,0.868,
0.894,0.891,1,0.833,
0.897,0.887,1,0.872,
0.91,0.903,1,0.891,
0.886,0.873,1,0.867,
0.894,0.897,1,0.799,
0.9,0.895,1,0.843,
0.894,0.893,1,0.838,
0.893,0.89,1,0.855,
0.87,0.851,1,0.832,
0.877,0.876,1,0.799,
0.896,0.889,1,0.855,
0.879,0.871,1,0.836,
0.883,0.877,1,0.806,
0.862,0.863,1,0.76,
0.888,0.893,1,0.81,
0.887,0.883,1,0.842,
0.879,0.87,1,0.844,
0.883,0.871,1,0.844,
0.91,0.903,1,0.872,
0.888,0.898,1,0.826,
0.878,0.865,1,0.844,
0.885,0.893,1,0.781,
0.888,0.885,1,0.826,
0.905,0.896,1,0.881,
0.896,0.897,1,0.836,
0.896,0.891,1,0.843,
0.893,0.893,1,0.821,
0.893,0.883,1,0.859,
0.882,0.873,1,0.833,
0.882,0.87,1,0.839,
0.895,0.892,1,0.827,
0.889,0.895,1,0.835,
0.876,0.867,1,0.824,
0.909,0.902,1,0.88,
0.881,0.891,1,0.788,
0.883,0.869,1,0.857,
0.901,0.893,1,0.874,
0.878,0.875,1,0.832,
0.88,0.869,1,0.839,
0.907,0.899,1,0.871,
0.889,0.883,1,0.854,
0.882,0.882,1,0.816,
0.864,0.887,0.991,0.737,
0.897,0.887,1,0.863,
0.881,0.87,1,0.846,
0.908,0.899,1,0.888,
0.84,0.844,0.978,0.726,
0.897,0.89,1,0.855,
0.906,0.9,1,0.865,
0.887,0.883,1,0.845,
0.884,0.879,1,0.832,
0.886,0.895,1,0.712,
0.906,0.903,1,0.86,
0.902,0.898,1,0.856,
0.909,0.899,1,0.894,
0.888,0.881,1,0.845,
0.886,0.887,1,0.809,
0.887,0.898,1,0.762,
0.896,0.887,1,0.862,
0.899,0.887,1,0.869,
0.9,0.89,1,0.87,
0.861,0.845,1,0.805,
0.903,0.895,1,0.882,
0.888,0.877,1,0.858,
0.891,0.885,1,0.854,
0.891,0.887,1,0.844,
0.893,0.889,1,0.843,
0.876,0.889,1,0.803,
0.888,0.879,1,0.862,
0.908,0.903,1,0.864,
0.884,0.88,1,0.837,
0.887,0.875,1,0.867,
0.907,0.904,1,0.867,
0.895,0.897,1,0.843,
0.894,0.897,1,0.839,
0.885,0.871,1,0.819,
0.875,0.897,1,0.777,
0.88,0.883,1,0.795,
0.88,0.867,1,0.838,
0.908,0.903,1,0.877,
0.891,0.885,1,0.85,
0.896,0.887,1,0.87,
0.885,0.886,1,0.793,
0.866,0.858,1,0.836,
0.887,0.877,1,0.822,
0.885,0.899,1,0.79,
0.89,0.89,1,0.839,
0.898,0.901,1,0.83,
0.893,0.894,1,0.819,
0.898,0.887,1,0.88,
0.912,0.903,1,0.896,
0.887,0.888,1,0.806,
0.899,0.889,1,0.872,
0.885,0.877,1,0.845,
0.871,0.873,1,0.742,
0.891,0.895,1,0.812,
0.885,0.891,1,0.797,
0.881,0.893,1,0.768,
0.905,0.901,1,0.865,
0.901,0.896,1,0.867,
0.887,0.895,1,0.764,
0.887,0.884,1,0.82,
0.942,0.944,1,0.874,
0.944,0.946,1,0.896,
0.94,0.934,1,0.913,
0.949,0.946,1,0.933,
0.94,0.942,1,0.911,
0.938,0.944,1,0.883,
0.943,0.946,1,0.897,
0.947,0.945,1,0.909,
0.947,0.944,1,0.932,
0.946,0.944,1,0.924,
0.938,0.938,1,0.877,
0.948,0.942,1,0.937,
0.95,0.946,1,0.939,
0.94,0.942,1,0.878,
0.948,0.946,1,0.926,
0.95,0.945,1,0.938,
0.924,0.921,1,0.889,
0.924,0.92,1,0.858,
0.944,0.946,1,0.895,
0.938,0.936,1,0.913,
0.945,0.942,1,0.909,
0.901,0.889,1,0.85,
0.946,0.946,1,0.906,
0.936,0.94,1,0.875,
0.922,0.927,1,0.825,
0.939,0.944,1,0.868,
0.924,0.926,1,0.856,
0.95,0.946,1,0.932,
0.931,0.942,1,0.843,
0.929,0.942,1,0.844,
0.946,0.941,1,0.926,
0.944,0.939,1,0.902,
0.884,0.882,1,0.822,
0.897,0.899,1,0.831,
0.948,0.945,1,0.921,
0.903,0.895,1,0.87,
0.87,0.877,1,0.715,
0.888,0.887,1,0.827,
0.907,0.897,1,0.886,
0.906,0.901,1,0.863,
0.905,0.905,1,0.874,
0.862,0.855,1,0.815,
0.911,0.903,1,0.891,
0.867,0.861,1,0.822,
0.901,0.908,1,0.85,
0.884,0.897,1,0.801,
0.875,0.864,1,0.829,
0.887,0.884,1,0.83,
0.936,0.945,1,0.857,
0.942,0.946,1,0.879,
0.944,0.945,1,0.906,
0.922,0.923,1,0.853,
0.926,0.925,1,0.892,
0.948,0.945,1,0.93,
0.935,0.948,1,0.86,
0.947,0.945,1,0.921,
0.947,0.945,1,0.924,
0.925,0.921,1,0.874,
0.932,0.933,1,0.856,
0.947,0.943,1,0.922,
0.916,0.907,1,0.876,
0.945,0.938,1,0.923,
0.933,0.934,1,0.871,
0.943,0.942,1,0.91,
0.89,0.885,1,0.852,
0.874,0.875,1,0.798,
0.889,0.893,1,0.811,
0.9,0.893,1,0.857,
0.898,0.891,1,0.863,
0.892,0.877,1,0.844,
0.892,0.879,1,0.841,
0.887,0.877,1,0.862,
0.897,0.888,1,0.86,
0.875,0.858,1,0.819,
0.892,0.887,1,0.851,
0.893,0.881,1,0.863,
0.877,0.879,1,0.742,
0.892,0.884,1,0.862,
0.903,0.893,1,0.876,
0.883,0.887,1,0.808,




Further Data analysis of all test cases 
avg med max min 
AVGs,0.927,0.939,0.951,0.848,
MEDs,0.925,0.942,0.96,0.845,
MAXs,1,1,1,1,
MINs,0.886,0.889,0.945,0.676,


AVGs,0.918,0.925,0.951,0.835,
MEDs,0.917,0.927,0.953,0.804,
MAXs,1,1,1,0.977,
MINs,0.867,0.873,0.943,0.658,



