

Data analysis for each instance 
AVG,MED,MAX,MIN
0.667,0.627,1,0.539,
0.698,0.673,1,0.567,
0.662,0.651,1,0.572,
0.624,0.587,1,0.482,
0.686,0.667,1,0.555,
0.598,0.558,0.982,0.435,
0.661,0.624,0.945,0.593,
0.678,0.645,1,0.583,
0.517,0.497,0.951,0.311,
0.494,0.458,0.962,0.275,
0.675,0.656,0.967,0.541,
0.6,0.547,0.94,0.494,
0.668,0.631,0.967,0.547,
0.693,0.673,1,0.488,
0.743,0.726,0.998,0.626,
0.648,0.609,1,0.515,
0.702,0.679,0.997,0.587,
0.697,0.671,0.983,0.608,
0.647,0.601,1,0.466,
0.661,0.643,1,0.502,
0.672,0.652,0.956,0.582,
0.607,0.585,1,0.446,
0.632,0.603,0.94,0.449,
0.572,0.524,0.989,0.356,
0.639,0.619,0.879,0.558,
0.72,0.716,1,0.581,
0.551,0.497,1,0.401,
0.701,0.674,1,0.62,
0.66,0.618,1,0.563,
0.714,0.698,0.952,0.587,
0.598,0.567,0.805,0.539,
0.607,0.593,1,0.378,
0.633,0.6,0.995,0.46,
0.662,0.627,0.956,0.56,
0.609,0.568,0.97,0.501,
0.639,0.603,0.908,0.526,
0.585,0.529,0.96,0.426,
0.551,0.519,0.988,0.407,
0.599,0.578,0.895,0.496,
0.654,0.607,1,0.479,
0.605,0.573,1,0.494,
0.733,0.726,0.997,0.622,
0.607,0.593,0.903,0.491,
0.652,0.623,1,0.538,
0.662,0.623,0.951,0.544,
0.754,0.754,0.932,0.607,
0.622,0.603,0.943,0.501,
0.602,0.587,1,0.406,
0.631,0.611,0.97,0.53,
0.557,0.509,1,0.43,
0.691,0.669,1,0.598,
0.664,0.626,0.957,0.59,
0.675,0.665,0.998,0.523,
0.568,0.55,0.866,0.429,
0.709,0.684,0.985,0.622,
0.731,0.714,0.987,0.642,
0.62,0.569,0.952,0.417,
0.656,0.639,0.956,0.56,
0.631,0.61,1,0.51,
0.597,0.584,0.92,0.462,
0.56,0.51,0.924,0.475,
0.56,0.526,1,0.404,
0.6,0.56,1,0.443,
0.622,0.583,0.911,0.563,
0.61,0.578,1,0.47,
0.623,0.574,0.975,0.44,
0.714,0.69,0.982,0.617,
0.608,0.587,0.944,0.472,
0.697,0.686,0.884,0.617,
0.673,0.641,1,0.504,
0.724,0.705,0.994,0.598,
0.681,0.648,1,0.565,
0.599,0.583,0.936,0.467,
0.674,0.641,0.948,0.546,
0.699,0.671,0.956,0.602,
0.719,0.688,1,0.623,
0.672,0.653,0.915,0.575,
0.625,0.589,1,0.5,
0.674,0.651,0.932,0.571,
0.654,0.635,0.972,0.537,
0.63,0.603,0.934,0.52,
0.662,0.622,0.955,0.585,
0.559,0.497,0.915,0.433,
0.71,0.68,1,0.593,
0.713,0.718,0.964,0.589,
0.63,0.593,0.914,0.5,
0.616,0.607,0.851,0.504,
0.572,0.522,0.901,0.445,
0.611,0.576,1,0.504,
0.704,0.681,1,0.579,
0.634,0.627,0.881,0.542,
0.655,0.612,0.997,0.559,
0.663,0.634,1,0.513,
0.612,0.567,1,0.455,
0.587,0.56,0.999,0.446,
0.666,0.611,0.994,0.551,
0.712,0.691,0.954,0.598,
0.724,0.737,0.931,0.581,
0.63,0.611,0.983,0.449,
0.579,0.522,1,0.502,
0.639,0.593,0.852,0.557,
0.708,0.675,0.965,0.622,
0.662,0.643,0.938,0.49,
0.551,0.53,0.964,0.349,
0.713,0.692,0.956,0.638,
0.677,0.657,0.993,0.559,
0.644,0.59,1,0.525,
0.624,0.583,1,0.541,
0.651,0.619,1,0.564,
0.661,0.625,1,0.584,
0.626,0.585,0.945,0.434,
0.617,0.583,0.93,0.522,
0.704,0.686,0.982,0.594,
0.688,0.665,1,0.569,
0.674,0.659,1,0.558,
0.62,0.572,0.971,0.491,
0.639,0.631,0.96,0.519,
0.595,0.518,0.912,0.486,
0.595,0.591,0.886,0.424,
0.535,0.497,0.917,0.362,
0.778,0.772,0.966,0.655,
0.532,0.493,0.921,0.438,
0.701,0.676,1,0.596,
0.664,0.657,0.9,0.511,
0.696,0.661,0.999,0.603,
0.652,0.621,0.97,0.505,
0.623,0.623,0.963,0.445,
0.712,0.689,0.988,0.64,
0.675,0.644,1,0.567,
0.68,0.655,1,0.538,
0.641,0.604,0.934,0.542,
0.666,0.649,1,0.517,
0.57,0.538,1,0.384,
0.635,0.641,1,0.405,
0.654,0.635,0.85,0.561,
0.505,0.458,0.973,0.403,
0.546,0.506,0.994,0.409,
0.623,0.579,0.922,0.56,
0.631,0.614,0.962,0.459,
0.608,0.535,1,0.498,
0.695,0.636,1,0.548,
0.55,0.503,0.992,0.412,
0.557,0.516,0.912,0.436,
0.592,0.554,0.93,0.414,
0.673,0.637,0.995,0.544,
0.703,0.683,0.992,0.595,
0.657,0.611,1,0.528,
0.737,0.714,1,0.637,
0.659,0.629,0.969,0.554,
0.583,0.539,0.896,0.423,
0.431,0.312,1,0.263,
0.665,0.625,1,0.514,
0.644,0.613,0.958,0.562,
0.599,0.558,0.962,0.485,
0.694,0.665,0.958,0.568,
0.704,0.683,1,0.597,
0.611,0.573,1,0.455,
0.747,0.728,0.961,0.665,
0.641,0.588,1,0.522,
0.702,0.669,0.962,0.592,
0.674,0.657,0.945,0.533,
0.601,0.56,0.96,0.508,
0.597,0.526,1,0.477,
0.62,0.593,0.939,0.479,
0.552,0.509,1,0.4,
0.718,0.677,0.961,0.641,
0.63,0.605,0.892,0.484,
0.611,0.585,0.961,0.424,
0.691,0.661,1,0.58,
0.572,0.528,0.937,0.447,
0.632,0.609,0.904,0.53,
0.641,0.609,1,0.501,
0.627,0.602,0.907,0.471,
0.667,0.635,0.982,0.587,
0.665,0.664,1,0.481,
0.629,0.6,0.944,0.518,
0.628,0.625,0.927,0.466,
0.668,0.633,0.952,0.538,
0.684,0.635,0.979,0.573,
0.672,0.641,1,0.492,
0.581,0.54,0.943,0.439,
0.629,0.585,1,0.526,
0.715,0.698,0.976,0.632,
0.668,0.647,0.978,0.576,
0.569,0.543,1,0.408,
0.724,0.702,1,0.571,
0.598,0.572,0.961,0.474,
0.523,0.467,0.958,0.322,
0.594,0.526,0.994,0.453,
0.669,0.639,1,0.557,
0.613,0.575,1,0.506,
0.576,0.548,0.927,0.412,
0.687,0.676,0.968,0.556,
0.603,0.549,0.975,0.49,
0.662,0.632,0.978,0.595,
0.562,0.514,0.933,0.432,
0.629,0.601,0.924,0.496,
0.677,0.653,0.996,0.525,
0.619,0.59,0.937,0.531,
0.692,0.673,1,0.57,
0.614,0.577,0.968,0.53,
0.638,0.629,1,0.461,
0.651,0.625,0.929,0.554,
0.549,0.518,0.91,0.44,
0.641,0.605,1,0.517,
0.608,0.572,0.987,0.451,
0.677,0.637,1,0.577,
0.635,0.613,0.887,0.525,
0.584,0.558,0.957,0.464,
0.592,0.557,1,0.464,
0.65,0.633,0.974,0.529,
0.693,0.675,1,0.592,
0.68,0.653,0.899,0.599,
0.699,0.676,0.987,0.617,
0.573,0.551,1,0.369,
0.642,0.623,0.913,0.564,
0.651,0.622,1,0.522,
0.586,0.546,0.857,0.498,
0.659,0.627,1,0.54,
0.577,0.54,0.881,0.423,
0.68,0.639,0.986,0.561,
0.734,0.702,0.994,0.638,
0.585,0.55,0.871,0.473,
0.539,0.475,0.992,0.43,
0.651,0.621,0.979,0.563,
0.699,0.681,0.987,0.572,
0.622,0.602,0.959,0.522,
0.685,0.655,0.953,0.564,
0.676,0.645,0.987,0.581,
0.671,0.643,0.998,0.593,
0.77,0.756,0.992,0.613,
0.647,0.633,0.921,0.534,
0.689,0.661,0.927,0.584,
0.654,0.632,0.981,0.481,
0.58,0.535,0.959,0.475,
0.627,0.61,1,0.477,
0.598,0.552,1,0.461,
0.777,0.77,1,0.656,
0.675,0.666,0.939,0.586,
0.727,0.718,1,0.626,
0.59,0.562,1,0.462,
0.701,0.693,1,0.491,
0.688,0.663,1,0.571,
0.726,0.712,1,0.616,
0.697,0.677,1,0.587,
0.715,0.682,1,0.617,
0.576,0.56,0.926,0.478,
0.602,0.55,0.969,0.465,
0.618,0.571,0.957,0.517,
0.525,0.477,1,0.338,
0.587,0.565,0.885,0.453,
0.649,0.621,0.945,0.558,
0.656,0.645,0.956,0.522,
0.661,0.646,0.979,0.525,
0.768,0.756,1,0.646,
0.786,0.772,0.968,0.712,
0.671,0.637,1,0.572,
0.727,0.701,0.99,0.651,
0.448,0.352,1,0.307,
0.723,0.713,0.985,0.617,
0.717,0.698,0.964,0.584,
0.708,0.681,0.982,0.616,
0.616,0.607,0.904,0.509,
0.64,0.609,0.978,0.518,
0.677,0.662,0.932,0.556,
0.605,0.561,1,0.457,
0.624,0.593,1,0.469,
0.745,0.728,1,0.672,
0.712,0.674,1,0.604,
0.625,0.587,1,0.505,
0.634,0.608,1,0.48,
0.624,0.595,1,0.515,
0.581,0.538,0.933,0.48,
0.71,0.677,1,0.621,
0.562,0.53,0.905,0.431,
0.528,0.456,0.968,0.38,
0.573,0.513,1,0.392,
0.738,0.702,1,0.669,
0.703,0.678,0.965,0.553,
0.615,0.567,0.961,0.437,
0.584,0.552,1,0.338,
0.653,0.636,0.92,0.569,
0.761,0.731,1,0.653,
0.576,0.526,0.987,0.474,
0.585,0.55,0.956,0.478,
0.613,0.577,0.953,0.492,
0.691,0.675,0.941,0.557,
0.647,0.595,1,0.506,
0.659,0.635,1,0.527,
0.534,0.494,0.979,0.409,
0.683,0.665,0.964,0.581,
0.694,0.66,1,0.615,
0.684,0.667,0.967,0.583,
0.629,0.592,0.912,0.518,
0.656,0.612,1,0.581,
0.612,0.579,0.949,0.538,
0.616,0.568,0.982,0.486,
0.653,0.619,0.994,0.561,
0.553,0.5,1,0.426,
0.662,0.64,0.952,0.559,
0.695,0.684,1,0.541,
0.62,0.603,1,0.478,
0.611,0.543,0.949,0.505,
0.515,0.449,1,0.391,
0.618,0.608,0.996,0.463,
0.669,0.642,0.91,0.579,
0.626,0.609,0.946,0.451,
0.723,0.714,0.976,0.573,
0.739,0.71,0.952,0.64,
0.696,0.676,1,0.552,
0.637,0.603,1,0.538,
0.637,0.612,0.916,0.541,
0.653,0.653,1,0.43,
0.638,0.589,0.978,0.561,
0.755,0.73,1,0.681,
0.694,0.695,0.811,0.593,
0.676,0.662,0.944,0.561,
0.794,0.806,1,0.676,
0.645,0.587,0.929,0.435,
0.726,0.707,1,0.632,
0.715,0.677,0.997,0.622,
0.732,0.692,1,0.61,
0.573,0.523,1,0.423,
0.619,0.605,0.886,0.524,
0.686,0.673,1,0.575,
0.604,0.57,0.898,0.452,
0.691,0.7,1,0.497,
0.592,0.542,0.963,0.429,
0.653,0.619,1,0.5,
0.702,0.672,1,0.56,
0.424,0.379,1,0.275,
0.674,0.67,0.927,0.581,
0.722,0.702,0.963,0.657,
0.606,0.562,0.999,0.459,
0.656,0.617,1,0.522,
0.661,0.603,0.997,0.476,
0.667,0.656,0.952,0.514,
0.664,0.631,1,0.573,
0.698,0.69,0.89,0.567,
0.684,0.645,1,0.539,
0.677,0.643,0.986,0.567,
0.626,0.605,0.953,0.505,
0.675,0.635,1,0.581,
0.642,0.612,0.983,0.527,
0.653,0.627,1,0.509,
0.706,0.675,1,0.597,
0.544,0.465,0.932,0.312,
0.6,0.568,0.982,0.474,
0.634,0.585,0.993,0.529,
0.761,0.728,0.993,0.607,
0.662,0.621,1,0.541,
0.586,0.573,0.931,0.431,
0.539,0.514,0.935,0.399,
0.685,0.648,0.958,0.599,
0.685,0.651,1,0.596,
0.664,0.623,0.992,0.559,
0.739,0.718,1,0.617,
0.536,0.526,0.934,0.376,
0.603,0.599,0.984,0.439,
0.679,0.681,0.932,0.546,
0.555,0.496,1,0.419,
0.702,0.667,1,0.6,
0.681,0.655,0.95,0.608,
0.612,0.573,0.9,0.438,
0.545,0.498,0.971,0.395,
0.499,0.437,1,0.349,
0.701,0.669,0.976,0.624,
0.727,0.722,0.946,0.626,
0.626,0.597,1,0.52,
0.646,0.607,1,0.534,
0.652,0.621,1,0.571,
0.71,0.68,0.971,0.613,
0.676,0.643,1,0.574,
0.636,0.593,0.971,0.554,
0.517,0.455,1,0.372,
0.721,0.7,1,0.603,
0.647,0.588,1,0.474,
0.745,0.726,1,0.675,
0.677,0.653,0.992,0.512,
0.659,0.624,0.988,0.509,
0.683,0.657,0.959,0.523,
0.642,0.639,0.935,0.515,
0.733,0.702,1,0.631,
0.68,0.631,0.994,0.603,
0.684,0.658,0.926,0.571,
0.674,0.642,0.988,0.557,
0.667,0.622,0.902,0.537,
0.677,0.647,0.951,0.559,
0.584,0.544,0.907,0.504,
0.606,0.548,1,0.473,
0.579,0.559,1,0.441,
0.707,0.685,0.938,0.619,
0.683,0.664,0.931,0.584,
0.714,0.672,0.978,0.622,
0.741,0.719,1,0.643,
0.624,0.58,0.983,0.534,
0.676,0.643,0.979,0.583,
0.739,0.724,0.989,0.653,
0.596,0.586,1,0.411,
0.657,0.633,0.952,0.55,
0.682,0.635,1,0.557,
0.713,0.683,1,0.599,
0.637,0.589,0.976,0.507,
0.478,0.443,0.94,0.357,
0.584,0.555,0.942,0.491,
0.668,0.635,0.977,0.529,
0.668,0.632,0.954,0.584,
0.53,0.476,0.968,0.395,
0.742,0.734,0.918,0.641,
0.646,0.637,1,0.481,
0.769,0.746,1,0.704,
0.656,0.613,0.958,0.502,
0.634,0.57,1,0.518,
0.694,0.665,0.988,0.596,
0.666,0.639,0.965,0.549,
0.684,0.629,1,0.577,
0.697,0.679,0.968,0.599,
0.619,0.614,0.967,0.478,
0.667,0.639,1,0.561,
0.646,0.615,0.962,0.54,
0.587,0.565,1,0.449,
0.508,0.469,0.955,0.37,
0.696,0.665,1,0.599,
0.672,0.649,1,0.53,
0.598,0.543,0.961,0.483,
0.664,0.642,0.983,0.497,
0.728,0.703,1,0.625,
0.674,0.651,0.956,0.561,
0.564,0.516,0.916,0.428,
0.572,0.532,0.974,0.453,
0.69,0.672,0.922,0.557,
0.727,0.709,1,0.62,
0.624,0.635,0.857,0.528,
0.67,0.639,0.969,0.576,
0.641,0.607,0.974,0.513,
0.644,0.616,1,0.543,
0.519,0.479,0.928,0.409,
0.601,0.571,0.919,0.507,
0.612,0.566,0.985,0.482,
0.68,0.655,1,0.579,
0.62,0.583,0.941,0.527,
0.699,0.694,0.982,0.537,
0.684,0.67,0.96,0.581,
0.704,0.696,0.941,0.63,
0.552,0.529,1,0.381,
0.63,0.589,0.983,0.518,
0.73,0.709,1,0.636,
0.621,0.599,0.898,0.495,
0.724,0.715,1,0.604,
0.64,0.62,0.989,0.458,
0.612,0.574,0.982,0.495,
0.597,0.571,0.893,0.499,
0.697,0.664,1,0.598,
0.664,0.649,0.922,0.563,
0.62,0.585,0.999,0.483,
0.53,0.504,0.845,0.433,
0.699,0.675,1,0.608,
0.636,0.609,0.964,0.494,
0.568,0.522,0.953,0.424,
0.69,0.653,1,0.599,
0.746,0.718,1,0.666,
0.679,0.649,0.929,0.583,
0.599,0.575,0.971,0.44,
0.706,0.683,1,0.602,
0.705,0.688,0.94,0.621,
0.616,0.591,1,0.48,
0.703,0.704,0.93,0.586,
0.669,0.621,0.978,0.573,
0.539,0.474,0.982,0.372,
0.753,0.728,0.989,0.672,
0.633,0.618,0.906,0.515,
0.644,0.627,0.933,0.5,
0.709,0.699,1,0.564,
0.67,0.641,1,0.531,
0.59,0.556,1,0.431,
0.697,0.671,0.944,0.597,
0.662,0.619,0.997,0.517,
0.694,0.669,0.965,0.621,
0.616,0.581,1,0.489,
0.538,0.504,0.964,0.405,
0.718,0.698,1,0.627,
0.648,0.627,0.893,0.555,
0.594,0.556,1,0.419,
0.636,0.613,1,0.47,
0.638,0.623,1,0.466,
0.689,0.637,0.968,0.595,
0.727,0.706,0.951,0.637,
0.639,0.625,0.981,0.539,
0.656,0.621,0.903,0.574,
0.732,0.698,0.961,0.627,
0.576,0.536,1,0.438,
0.619,0.587,0.976,0.462,
0.649,0.621,1,0.539,
0.692,0.663,1,0.588,
0.685,0.653,1,0.617,
0.522,0.475,0.959,0.367,
0.613,0.575,1,0.492,
0.641,0.607,0.988,0.49,
0.675,0.649,1,0.537,
0.634,0.613,0.93,0.547,
0.609,0.575,1,0.461,
0.596,0.571,0.978,0.439,
0.711,0.675,1,0.586,
0.637,0.609,0.911,0.536,
0.539,0.518,0.979,0.376,
0.633,0.613,0.988,0.505,
0.647,0.605,1,0.547,
0.762,0.773,0.99,0.643,
0.589,0.546,1,0.465,
0.662,0.629,1,0.537,
0.613,0.561,0.943,0.487,
0.591,0.555,1,0.385,
0.625,0.589,1,0.542,
0.6,0.565,0.971,0.411,
0.617,0.577,1,0.518,
0.71,0.704,1,0.547,
0.591,0.551,0.866,0.44,
0.643,0.605,1,0.522,
0.651,0.603,0.966,0.552,
0.602,0.59,1,0.426,
0.643,0.611,0.992,0.569,
0.548,0.515,0.973,0.377,
0.7,0.691,0.954,0.599,
0.709,0.686,0.965,0.605,
0.634,0.603,0.997,0.502,
0.632,0.589,0.992,0.464,
0.696,0.675,0.963,0.606,
0.621,0.597,0.881,0.492,
0.606,0.581,0.914,0.537,
0.67,0.631,0.946,0.579,
0.55,0.518,0.975,0.39,
0.716,0.693,1,0.619,
0.681,0.649,0.999,0.585,
0.682,0.653,0.904,0.613,
0.565,0.496,0.967,0.426,
0.599,0.59,1,0.452,
0.552,0.499,0.975,0.442,
0.543,0.506,0.941,0.4,
0.597,0.565,0.98,0.455,
0.661,0.643,1,0.502,
0.603,0.552,0.993,0.489,
0.523,0.481,0.947,0.42,
0.577,0.521,0.992,0.485,
0.562,0.514,0.956,0.481,
0.54,0.463,1,0.405,
0.566,0.514,1,0.419,
0.572,0.524,0.884,0.445,
0.506,0.425,0.979,0.367,
0.538,0.51,0.938,0.431,
0.628,0.611,0.938,0.532,
0.59,0.55,1,0.458,
0.632,0.595,1,0.552,
0.649,0.619,1,0.554,
0.477,0.429,0.986,0.385,
0.594,0.573,1,0.444,
0.494,0.419,1,0.357,
0.587,0.536,1,0.469,
0.624,0.596,0.905,0.546,
0.61,0.597,0.977,0.46,
0.618,0.591,0.912,0.521,
0.563,0.519,0.937,0.453,
0.473,0.429,0.932,0.368,
0.6,0.552,1,0.47,
0.664,0.634,1,0.55,
0.524,0.475,0.915,0.415,
0.569,0.518,0.943,0.477,
0.62,0.596,0.917,0.524,
0.565,0.55,0.965,0.437,
0.569,0.536,0.971,0.401,
0.617,0.591,1,0.493,
0.517,0.45,1,0.383,
0.584,0.544,1,0.462,
0.546,0.532,0.978,0.378,
0.632,0.6,0.975,0.516,
0.68,0.641,1,0.575,
0.567,0.528,1,0.415,
0.554,0.512,0.963,0.455,
0.53,0.466,1,0.436,
0.673,0.657,0.973,0.543,
0.542,0.481,0.952,0.46,
0.602,0.574,1,0.456,
0.539,0.5,1,0.414,
0.575,0.53,0.923,0.493,
0.513,0.46,1,0.377,
0.564,0.532,0.841,0.464,
0.527,0.486,0.968,0.373,
0.622,0.587,0.977,0.529,
0.625,0.595,0.944,0.527,
0.548,0.503,1,0.372,
0.602,0.551,1,0.49,
0.588,0.571,1,0.426,
0.632,0.617,1,0.491,
0.575,0.541,0.984,0.421,
0.552,0.496,0.959,0.463,
0.485,0.437,0.941,0.341,
0.625,0.589,0.995,0.501,
0.576,0.538,1,0.436,
0.664,0.637,0.991,0.566,
0.564,0.542,1,0.445,
0.611,0.563,1,0.458,
0.501,0.422,1,0.363,
0.522,0.459,1,0.342,
0.644,0.617,1,0.501,
0.631,0.599,1,0.523,
0.629,0.594,0.974,0.546,
0.528,0.486,0.961,0.38,
0.605,0.56,1,0.503,
0.607,0.603,0.902,0.512,
0.645,0.621,1,0.556,
0.573,0.537,0.926,0.409,
0.484,0.391,0.985,0.331,
0.633,0.61,0.888,0.552,
0.615,0.575,1,0.518,
0.647,0.607,1,0.538,
0.592,0.549,1,0.418,
0.556,0.552,1,0.373,
0.555,0.508,0.963,0.412,
0.602,0.559,0.979,0.445,
0.597,0.55,1,0.473,
0.653,0.63,1,0.514,
0.539,0.481,0.923,0.457,
0.653,0.627,1,0.539,
0.594,0.561,0.94,0.456,
0.505,0.474,0.883,0.399,
0.541,0.51,0.965,0.432,
0.659,0.631,0.956,0.536,
0.579,0.543,1,0.463,
0.536,0.485,1,0.347,
0.491,0.42,0.946,0.359,
0.514,0.49,0.902,0.348,
0.588,0.54,0.976,0.469,
0.538,0.506,0.991,0.405,
0.628,0.605,0.934,0.52,
0.555,0.518,0.917,0.417,
0.488,0.429,1,0.355,
0.621,0.569,1,0.534,
0.571,0.504,1,0.452,
0.546,0.505,0.951,0.4,
0.561,0.516,0.938,0.446,
0.473,0.42,1,0.336,
0.605,0.581,0.913,0.463,
0.661,0.653,0.971,0.544,
0.589,0.57,0.934,0.438,
0.474,0.426,1,0.318,
0.603,0.55,0.962,0.51,
0.527,0.504,1,0.386,
0.603,0.552,1,0.516,
0.616,0.562,0.953,0.469,
0.586,0.544,1,0.415,
0.613,0.577,0.915,0.516,
0.543,0.499,1,0.423,
0.568,0.532,0.997,0.46,
0.597,0.534,1,0.474,
0.461,0.41,1,0.315,
0.594,0.575,0.94,0.43,
0.555,0.506,0.87,0.47,
0.53,0.479,0.968,0.421,
0.551,0.51,0.956,0.443,
0.62,0.589,0.98,0.523,
0.572,0.528,1,0.457,
0.569,0.525,1,0.471,
0.541,0.483,1,0.388,
0.56,0.52,1,0.428,
0.649,0.606,0.985,0.555,
0.554,0.507,1,0.376,
0.539,0.505,1,0.426,
0.668,0.648,0.939,0.569,
0.528,0.504,0.876,0.443,
0.55,0.502,0.915,0.478,
0.592,0.556,1,0.471,
0.443,0.378,1,0.284,
0.62,0.589,0.91,0.558,
0.634,0.599,1,0.503,
0.609,0.59,0.962,0.456,
0.484,0.401,1,0.387,
0.603,0.556,1,0.502,
0.634,0.611,1,0.531,
0.61,0.574,0.949,0.487,
0.571,0.543,0.984,0.444,
0.5,0.465,1,0.334,
0.617,0.597,1,0.511,
0.592,0.546,1,0.469,
0.524,0.474,1,0.418,
0.535,0.483,1,0.401,
0.656,0.613,1,0.589,
0.619,0.587,0.966,0.481,
0.541,0.501,1,0.414,
0.46,0.385,1,0.318,
0.469,0.408,1,0.348,
0.593,0.544,0.927,0.497,
0.556,0.526,0.947,0.443,
0.524,0.491,0.95,0.384,
0.574,0.54,1,0.461,
0.526,0.487,0.9,0.408,
0.61,0.574,1,0.518,
0.634,0.577,1,0.55,
0.623,0.589,1,0.489,
0.583,0.548,1,0.442,
0.503,0.433,1,0.387,
0.483,0.436,0.827,0.376,
0.482,0.434,0.958,0.385,
0.622,0.572,1,0.477,
0.554,0.518,0.952,0.428,
0.55,0.532,1,0.396,
0.546,0.491,0.975,0.399,
0.576,0.538,0.934,0.477,
0.524,0.477,0.908,0.438,
0.593,0.548,1,0.466,
0.582,0.542,1,0.468,
0.545,0.476,0.968,0.418,
0.659,0.619,1,0.568,
0.612,0.571,1,0.468,
0.529,0.472,0.967,0.42,
0.503,0.477,0.823,0.419,
0.6,0.554,1,0.503,
0.607,0.577,0.951,0.475,
0.532,0.492,0.949,0.425,
0.459,0.388,0.941,0.338,
0.602,0.561,0.944,0.513,
0.621,0.589,1,0.531,
0.632,0.607,1,0.524,
0.512,0.455,0.939,0.416,
0.581,0.538,1,0.445,
0.607,0.583,0.995,0.462,
0.506,0.476,0.856,0.364,
0.594,0.561,1,0.446,
0.479,0.409,1,0.302,
0.621,0.583,1,0.511,
0.614,0.57,0.987,0.486,
0.598,0.563,0.972,0.491,
0.58,0.531,1,0.466,
0.525,0.482,0.992,0.421,
0.606,0.57,1,0.467,
0.654,0.63,0.99,0.531,
0.656,0.629,1,0.514,
0.627,0.603,0.994,0.506,
0.505,0.463,0.891,0.399,
0.549,0.504,0.963,0.425,
0.628,0.564,1,0.505,
0.546,0.506,0.949,0.414,
0.518,0.47,0.996,0.377,
0.561,0.516,1,0.389,
0.564,0.54,0.858,0.436,
0.669,0.642,1,0.542,
0.546,0.514,0.961,0.41,
0.521,0.502,0.915,0.358,
0.583,0.542,0.979,0.469,
0.524,0.463,1,0.397,
0.613,0.565,1,0.464,
0.587,0.546,0.991,0.486,
0.522,0.492,0.955,0.389,
0.653,0.629,0.963,0.514,
0.645,0.61,1,0.536,
0.59,0.569,0.977,0.468,
0.632,0.593,1,0.526,
0.602,0.556,0.988,0.469,
0.496,0.438,1,0.378,
0.608,0.577,0.984,0.49,
0.607,0.544,1,0.438,
0.609,0.581,0.998,0.484,
0.531,0.506,0.901,0.423,
0.507,0.464,0.893,0.405,
0.585,0.546,0.886,0.46,
0.592,0.568,0.98,0.491,
0.568,0.516,1,0.481,
0.588,0.546,0.956,0.44,
0.584,0.55,0.958,0.476,
0.604,0.591,0.932,0.472,
0.537,0.509,0.898,0.436,
0.581,0.532,1,0.481,
0.568,0.517,0.926,0.482,
0.606,0.534,1,0.481,
0.647,0.621,0.991,0.543,
0.544,0.488,0.948,0.459,
0.585,0.527,0.995,0.456,
0.606,0.582,0.978,0.461,
0.591,0.542,0.978,0.481,
0.597,0.552,1,0.457,
0.573,0.524,1,0.467,
0.571,0.546,0.96,0.472,
0.57,0.542,0.988,0.442,
0.582,0.534,0.99,0.419,
0.512,0.468,0.862,0.397,
0.527,0.489,1,0.392,
0.591,0.567,0.915,0.49,
0.53,0.487,0.973,0.398,
0.592,0.543,0.971,0.462,
0.5,0.45,0.935,0.324,
0.554,0.502,1,0.412,
0.567,0.542,0.916,0.449,
0.598,0.555,1,0.487,
0.535,0.476,0.973,0.452,
0.563,0.507,0.97,0.376,
0.552,0.512,0.987,0.414,
0.57,0.522,0.994,0.403,
0.611,0.58,0.911,0.506,
0.533,0.507,1,0.383,
0.57,0.543,1,0.403,
0.597,0.579,1,0.47,
0.617,0.571,1,0.527,
0.456,0.41,1,0.34,
0.527,0.485,1,0.42,
0.514,0.475,0.895,0.426,
0.587,0.536,0.964,0.463,
0.625,0.585,1,0.527,
0.552,0.527,0.965,0.403,
0.674,0.645,1,0.562,
0.468,0.429,0.981,0.326,
0.544,0.504,1,0.423,
0.571,0.524,1,0.425,
0.539,0.481,0.872,0.392,
0.616,0.596,1,0.481,
0.613,0.581,0.93,0.488,
0.551,0.49,0.97,0.427,
0.64,0.603,1,0.544,
0.618,0.571,1,0.489,
0.629,0.583,1,0.533,
0.612,0.567,1,0.441,
0.508,0.487,0.903,0.371,
0.535,0.468,0.97,0.372,
0.555,0.533,0.974,0.428,
0.655,0.619,0.999,0.558,
0.54,0.476,0.962,0.402,
0.553,0.526,1,0.384,
0.586,0.548,0.888,0.475,
0.539,0.491,0.931,0.444,
0.485,0.443,1,0.351,
0.645,0.587,1,0.519,
0.642,0.605,0.992,0.533,
0.594,0.571,0.906,0.482,
0.499,0.451,0.969,0.377,
0.448,0.378,1,0.306,
0.533,0.476,1,0.383,
0.639,0.624,1,0.516,
0.576,0.558,0.989,0.423,
0.652,0.623,0.939,0.548,
0.546,0.504,0.934,0.445,
0.584,0.522,1,0.461,
0.543,0.507,0.866,0.438,
0.536,0.522,1,0.356,
0.576,0.532,0.956,0.427,
0.622,0.587,0.959,0.515,
0.55,0.495,0.991,0.383,
0.65,0.625,0.964,0.562,
0.561,0.52,0.941,0.459,
0.591,0.558,0.983,0.452,
0.587,0.556,0.989,0.467,
0.514,0.468,1,0.314,
0.584,0.564,0.978,0.468,
0.663,0.634,0.943,0.58,
0.568,0.557,0.877,0.439,
0.577,0.57,1,0.428,
0.512,0.467,0.922,0.376,
0.521,0.474,1,0.42,
0.662,0.623,0.962,0.593,
0.582,0.538,0.95,0.492,
0.546,0.488,1,0.421,
0.636,0.617,0.968,0.528,
0.562,0.52,0.922,0.443,
0.612,0.572,0.961,0.502,
0.6,0.562,1,0.48,
0.597,0.566,0.956,0.492,
0.638,0.595,1,0.552,
0.553,0.504,0.952,0.423,
0.541,0.492,0.914,0.383,
0.612,0.589,0.914,0.511,
0.56,0.512,0.994,0.458,
0.56,0.526,0.924,0.475,
0.594,0.559,1,0.432,
0.622,0.581,0.943,0.552,
0.526,0.504,1,0.405,
0.492,0.429,0.974,0.367,
0.565,0.54,0.932,0.44,
0.577,0.543,1,0.404,
0.578,0.516,0.994,0.477,
0.578,0.535,1,0.438,
0.564,0.537,1,0.418,
0.598,0.569,1,0.467,
0.565,0.526,0.901,0.498,
0.592,0.57,0.961,0.464,
0.567,0.528,1,0.454,
0.585,0.554,0.959,0.419,
0.625,0.595,1,0.501,
0.601,0.567,1,0.495,
0.608,0.563,1,0.483,
0.559,0.502,1,0.457,
0.634,0.611,0.98,0.502,
0.626,0.587,1,0.508,
0.545,0.507,1,0.433,
0.587,0.54,0.973,0.501,
0.604,0.592,1,0.445,
0.597,0.544,1,0.46,
0.583,0.546,1,0.455,
0.57,0.532,0.906,0.457,
0.592,0.569,1,0.444,
0.545,0.497,0.971,0.457,
0.495,0.423,0.951,0.327,
0.521,0.482,0.871,0.416,
0.528,0.492,0.859,0.449,
0.575,0.535,0.947,0.458,
0.58,0.56,0.912,0.427,
0.525,0.477,0.875,0.422,
0.558,0.508,1,0.421,
0.54,0.49,0.957,0.435,
0.566,0.533,1,0.438,
0.5,0.48,1,0.37,
0.57,0.547,0.858,0.47,
0.582,0.562,0.91,0.476,
0.66,0.649,0.993,0.541,
0.551,0.503,0.943,0.478,
0.51,0.47,0.873,0.411,
0.579,0.552,1,0.463,
0.662,0.659,0.911,0.487,
0.676,0.637,1,0.59,
0.605,0.57,0.95,0.486,
0.512,0.484,1,0.342,
0.601,0.564,1,0.467,
0.593,0.54,0.998,0.506,
0.515,0.468,1,0.379,
0.501,0.473,0.867,0.367,
0.725,0.691,0.989,0.633,
0.632,0.599,0.995,0.532,
0.746,0.73,0.973,0.654,
0.643,0.603,0.963,0.575,
0.646,0.603,1,0.558,
0.706,0.694,0.931,0.584,
0.724,0.717,0.957,0.62,
0.68,0.655,0.929,0.552,
0.585,0.55,0.996,0.467,
0.6,0.558,0.88,0.498,
0.619,0.574,0.962,0.519,
0.673,0.651,1,0.557,
0.686,0.664,0.961,0.546,
0.661,0.635,1,0.486,
0.743,0.716,1,0.687,
0.657,0.627,0.915,0.549,
0.65,0.618,1,0.54,
0.625,0.613,0.991,0.501,
0.62,0.601,0.996,0.498,
0.713,0.69,1,0.594,
0.62,0.585,0.914,0.53,
0.509,0.455,0.939,0.405,
0.543,0.501,0.844,0.448,
0.678,0.666,0.854,0.599,
0.65,0.618,1,0.561,
0.657,0.617,0.98,0.573,
0.751,0.72,1,0.652,
0.519,0.459,0.955,0.356,
0.694,0.663,1,0.474,
0.718,0.696,1,0.576,
0.624,0.585,1,0.512,
0.657,0.611,0.971,0.578,
0.566,0.516,0.987,0.471,
0.587,0.551,1,0.462,
0.66,0.619,1,0.526,
0.548,0.487,0.954,0.444,
0.641,0.618,1,0.513,
0.516,0.487,0.976,0.371,
0.615,0.569,0.95,0.51,
0.629,0.609,0.967,0.534,
0.572,0.5,0.935,0.444,
0.62,0.614,1,0.47,
0.664,0.645,0.953,0.573,
0.62,0.59,0.966,0.521,
0.608,0.561,0.946,0.532,
0.658,0.637,0.967,0.546,
0.471,0.417,0.97,0.355,
0.646,0.609,1,0.531,
0.662,0.627,0.993,0.521,
0.633,0.609,0.976,0.518,
0.627,0.603,0.927,0.503,
0.599,0.557,0.967,0.471,
0.669,0.633,0.901,0.606,
0.675,0.646,1,0.566,
0.599,0.577,1,0.452,
0.719,0.689,1,0.637,
0.62,0.597,0.888,0.519,
0.618,0.583,1,0.513,
0.62,0.607,0.884,0.473,
0.656,0.645,1,0.493,
0.625,0.595,0.991,0.469,
0.725,0.7,1,0.606,
0.595,0.583,0.969,0.45,
0.666,0.631,1,0.49,
0.65,0.616,0.969,0.566,
0.553,0.507,0.984,0.434,
0.531,0.464,0.984,0.4,
0.639,0.603,0.984,0.566,
0.662,0.619,1,0.578,
0.604,0.577,0.913,0.508,
0.482,0.442,0.983,0.305,
0.597,0.569,0.965,0.49,
0.645,0.612,1,0.521,
0.612,0.583,0.931,0.518,
0.609,0.572,1,0.494,
0.546,0.505,1,0.42,
0.59,0.504,1,0.467,
0.667,0.643,0.972,0.554,
0.565,0.524,0.95,0.449,
0.544,0.501,1,0.39,


0.637,0.61,0.897,0.544,
0.659,0.636,0.979,0.53,
0.637,0.593,0.925,0.547,
0.664,0.643,0.968,0.545,
0.663,0.641,0.948,0.553,
0.629,0.579,1,0.414,
0.665,0.624,1,0.547,
0.685,0.659,0.974,0.601,
0.555,0.522,1,0.375,
0.566,0.52,1,0.378,
0.685,0.627,1,0.553,
0.654,0.609,1,0.561,
0.668,0.635,1,0.52,
0.643,0.589,0.933,0.51,
0.744,0.726,1,0.664,
0.645,0.649,0.897,0.451,
0.712,0.683,1,0.563,
0.679,0.644,1,0.539,
0.554,0.48,0.907,0.407,
0.667,0.605,0.99,0.524,
0.681,0.661,1,0.554,
0.626,0.579,0.91,0.453,
0.61,0.581,1,0.464,
0.584,0.54,1,0.397,
0.691,0.665,1,0.563,
0.724,0.738,0.965,0.516,
0.494,0.443,0.929,0.319,
0.725,0.716,0.972,0.597,
0.707,0.673,0.952,0.606,
0.768,0.762,1,0.628,
0.632,0.585,1,0.536,
0.657,0.611,0.986,0.469,
0.625,0.594,1,0.471,
0.661,0.615,1,0.561,
0.624,0.567,1,0.437,
0.65,0.633,1,0.499,
0.656,0.625,1,0.512,
0.56,0.51,1,0.433,
0.61,0.573,1,0.499,
0.669,0.662,0.995,0.414,
0.612,0.585,0.879,0.531,
0.693,0.689,1,0.52,
0.64,0.609,1,0.495,
0.612,0.591,0.981,0.462,
0.635,0.583,1,0.501,
0.728,0.696,1,0.621,
0.676,0.629,1,0.562,
0.644,0.625,0.995,0.467,
0.657,0.623,1,0.564,
0.515,0.475,0.977,0.348,
0.648,0.622,0.959,0.541,
0.681,0.652,1,0.538,
0.739,0.734,1,0.602,
0.666,0.657,1,0.506,
0.733,0.71,1,0.637,
0.722,0.692,1,0.616,
0.619,0.591,1,0.41,
0.665,0.631,1,0.534,
0.663,0.609,0.963,0.527,
0.647,0.597,1,0.535,
0.582,0.538,1,0.473,
0.592,0.558,0.972,0.448,
0.564,0.526,0.855,0.449,
0.656,0.621,1,0.549,
0.629,0.627,0.996,0.41,
0.634,0.613,1,0.435,
0.73,0.709,1,0.62,
0.627,0.595,1,0.52,
0.659,0.619,1,0.58,
0.72,0.699,0.939,0.573,
0.71,0.676,1,0.619,
0.709,0.677,0.883,0.622,
0.605,0.54,1,0.427,
0.595,0.536,1,0.45,
0.705,0.674,1,0.588,
0.709,0.706,0.989,0.554,
0.694,0.689,1,0.583,
0.605,0.546,0.97,0.489,
0.67,0.643,1,0.522,
0.695,0.661,1,0.565,
0.662,0.631,1,0.549,
0.691,0.669,1,0.516,
0.569,0.556,1,0.38,
0.729,0.7,0.972,0.636,
0.715,0.677,1,0.613,
0.629,0.608,1,0.489,
0.622,0.58,1,0.471,
0.599,0.607,1,0.404,
0.62,0.589,0.97,0.499,
0.706,0.685,0.924,0.626,
0.678,0.642,1,0.584,
0.628,0.587,1,0.488,
0.666,0.631,0.973,0.585,
0.578,0.542,0.9,0.432,
0.651,0.623,1,0.51,
0.689,0.663,1,0.573,
0.685,0.657,1,0.561,
0.748,0.75,1,0.609,
0.655,0.607,1,0.534,
0.663,0.639,0.976,0.468,
0.653,0.588,1,0.545,
0.734,0.724,1,0.616,
0.692,0.664,1,0.447,
0.527,0.469,1,0.34,
0.713,0.705,1,0.554,
0.726,0.702,1,0.631,
0.666,0.643,0.956,0.471,
0.621,0.593,0.86,0.544,
0.64,0.619,0.94,0.514,
0.709,0.682,0.934,0.557,
0.612,0.602,1,0.429,
0.646,0.615,1,0.542,
0.7,0.671,1,0.531,
0.666,0.651,0.978,0.444,
0.665,0.635,0.963,0.503,
0.672,0.651,1,0.534,
0.617,0.596,1,0.506,
0.66,0.642,1,0.519,
0.649,0.637,1,0.48,
0.562,0.494,1,0.442,
0.721,0.692,1,0.594,
0.583,0.555,1,0.441,
0.711,0.688,0.975,0.584,
0.697,0.671,1,0.58,
0.663,0.633,1,0.548,
0.709,0.702,1,0.553,
0.679,0.651,1,0.549,
0.74,0.724,1,0.641,
0.705,0.677,0.999,0.596,
0.674,0.657,0.921,0.563,
0.658,0.633,1,0.564,
0.615,0.583,0.993,0.423,
0.63,0.613,0.891,0.508,
0.659,0.637,0.986,0.399,
0.685,0.655,1,0.552,
0.516,0.448,1,0.389,
0.585,0.53,1,0.376,
0.663,0.641,1,0.534,
0.627,0.558,1,0.511,
0.582,0.532,0.976,0.48,
0.649,0.633,0.996,0.474,
0.522,0.463,1,0.405,
0.657,0.637,1,0.506,
0.621,0.559,1,0.454,
0.661,0.613,1,0.5,
0.737,0.716,1,0.641,
0.662,0.631,0.99,0.59,
0.735,0.75,0.912,0.625,
0.741,0.728,1,0.656,
0.595,0.566,1,0.408,
0.413,0.306,0.904,0.267,
0.637,0.596,0.924,0.497,
0.659,0.619,1,0.527,
0.597,0.554,1,0.445,
0.707,0.667,1,0.58,
0.723,0.708,0.987,0.584,
0.647,0.606,0.96,0.564,
0.752,0.738,1,0.623,
0.644,0.617,0.997,0.506,
0.684,0.662,1,0.558,
0.713,0.689,1,0.583,
0.635,0.599,1,0.512,
0.609,0.579,0.974,0.491,
0.659,0.641,1,0.397,
0.554,0.551,0.966,0.368,
0.702,0.672,1,0.617,
0.644,0.623,1,0.483,
0.611,0.591,1,0.438,
0.733,0.702,0.928,0.642,
0.57,0.504,1,0.452,
0.637,0.599,1,0.494,
0.639,0.619,0.866,0.436,
0.638,0.611,1,0.495,
0.705,0.7,1,0.53,
0.653,0.607,0.995,0.504,
0.662,0.645,1,0.496,
0.668,0.605,1,0.536,
0.689,0.657,1,0.531,
0.721,0.706,1,0.623,
0.674,0.666,0.938,0.467,
0.616,0.579,1,0.508,
0.584,0.552,0.899,0.489,
0.71,0.669,1,0.622,
0.664,0.653,1,0.543,
0.633,0.597,0.996,0.505,
0.738,0.71,0.983,0.661,
0.629,0.631,1,0.428,
0.549,0.498,1,0.356,
0.584,0.539,1,0.445,
0.643,0.603,0.95,0.461,
0.629,0.585,0.94,0.514,
0.661,0.625,1,0.494,
0.702,0.686,1,0.585,
0.681,0.637,1,0.543,
0.703,0.657,1,0.607,
0.636,0.627,1,0.467,
0.686,0.661,1,0.573,
0.767,0.749,1,0.642,
0.693,0.657,1,0.604,
0.655,0.626,0.945,0.516,
0.667,0.635,1,0.58,
0.689,0.665,0.968,0.519,
0.656,0.64,1,0.518,
0.631,0.595,1,0.463,
0.576,0.539,0.972,0.433,
0.585,0.512,1,0.392,
0.664,0.639,0.931,0.518,
0.639,0.609,1,0.498,
0.636,0.601,1,0.543,
0.609,0.587,0.992,0.44,
0.649,0.593,1,0.545,
0.686,0.673,0.965,0.599,
0.672,0.629,1,0.58,
0.712,0.699,1,0.598,
0.462,0.422,0.949,0.309,
0.677,0.629,1,0.536,
0.65,0.599,0.934,0.548,
0.584,0.552,1,0.42,
0.668,0.619,0.995,0.561,
0.576,0.515,1,0.41,
0.658,0.617,1,0.509,
0.754,0.744,1,0.625,
0.636,0.605,1,0.51,
0.606,0.581,1,0.438,
0.672,0.654,1,0.513,
0.668,0.655,1,0.51,
0.617,0.587,1,0.442,
0.7,0.653,1,0.531,
0.697,0.668,1,0.583,
0.658,0.651,1,0.503,
0.743,0.712,1,0.615,
0.631,0.589,1,0.507,
0.724,0.696,1,0.653,
0.639,0.6,1,0.453,
0.599,0.556,1,0.492,
0.637,0.587,0.908,0.541,
0.609,0.555,0.99,0.455,
0.739,0.718,0.984,0.599,
0.705,0.69,1,0.553,
0.756,0.745,0.957,0.619,
0.599,0.565,0.877,0.472,
0.67,0.649,0.969,0.506,
0.665,0.661,0.941,0.49,
0.665,0.618,0.947,0.562,
0.639,0.611,0.967,0.506,
0.648,0.605,0.921,0.569,
0.586,0.531,1,0.439,
0.633,0.609,1,0.465,
0.628,0.587,1,0.441,
0.483,0.441,0.902,0.33,
0.595,0.549,1,0.414,
0.674,0.669,1,0.544,
0.674,0.625,1,0.588,
0.655,0.628,1,0.458,
0.7,0.659,0.985,0.603,
0.744,0.732,1,0.613,
0.693,0.663,0.942,0.585,
0.706,0.673,1,0.635,
0.425,0.331,0.985,0.283,
0.694,0.656,1,0.593,
0.709,0.681,1,0.6,
0.732,0.71,1,0.647,
0.654,0.627,1,0.492,
0.626,0.598,1,0.487,
0.708,0.663,1,0.578,
0.59,0.565,0.931,0.471,
0.644,0.639,0.992,0.45,
0.768,0.742,0.966,0.679,
0.673,0.64,0.974,0.516,
0.642,0.605,0.914,0.547,
0.657,0.648,0.978,0.474,
0.656,0.629,0.947,0.56,
0.62,0.583,1,0.471,
0.687,0.675,0.96,0.599,
0.598,0.542,1,0.459,
0.539,0.51,1,0.327,
0.61,0.558,0.972,0.437,
0.718,0.696,0.918,0.641,
0.706,0.667,1,0.587,
0.604,0.566,1,0.475,
0.658,0.668,0.994,0.457,
0.663,0.633,1,0.547,
0.762,0.758,0.993,0.657,
0.622,0.587,1,0.502,
0.637,0.613,1,0.474,
0.639,0.608,1,0.471,
0.715,0.681,1,0.633,
0.625,0.595,0.954,0.489,
0.629,0.578,0.961,0.537,
0.544,0.489,1,0.387,
0.692,0.666,1,0.556,
0.68,0.63,0.989,0.557,
0.687,0.653,1,0.585,
0.687,0.671,1,0.558,
0.671,0.65,0.949,0.517,
0.648,0.619,1,0.539,
0.598,0.55,1,0.439,
0.642,0.617,1,0.476,
0.589,0.556,0.964,0.463,
0.694,0.673,1,0.587,
0.693,0.672,0.887,0.59,
0.619,0.565,0.998,0.531,
0.669,0.636,1,0.579,
0.483,0.414,0.941,0.34,
0.706,0.685,1,0.584,
0.698,0.668,1,0.594,
0.64,0.593,1,0.51,
0.663,0.625,1,0.547,
0.715,0.68,1,0.626,
0.706,0.68,0.989,0.602,
0.639,0.619,0.96,0.461,
0.705,0.685,1,0.589,
0.665,0.649,0.965,0.559,
0.62,0.572,1,0.514,
0.701,0.657,0.981,0.64,
0.713,0.675,1,0.596,
0.72,0.675,1,0.609,
0.754,0.757,0.995,0.602,
0.635,0.589,1,0.486,
0.7,0.668,0.969,0.589,
0.69,0.677,1,0.538,
0.731,0.702,0.964,0.629,
0.471,0.442,0.907,0.296,
0.663,0.641,1,0.535,
0.716,0.708,0.95,0.532,
0.654,0.632,1,0.526,
0.665,0.664,0.973,0.518,
0.642,0.597,1,0.505,
0.663,0.621,0.997,0.552,
0.699,0.677,0.996,0.576,
0.416,0.353,0.892,0.266,
0.678,0.631,1,0.6,
0.73,0.716,1,0.61,
0.658,0.647,1,0.449,
0.644,0.631,0.999,0.457,
0.642,0.613,1,0.377,
0.67,0.666,1,0.438,
0.685,0.663,0.959,0.594,
0.691,0.669,1,0.608,
0.667,0.648,1,0.526,
0.701,0.657,1,0.582,
0.661,0.621,1,0.461,
0.69,0.641,0.996,0.584,
0.669,0.649,1,0.512,
0.621,0.583,0.97,0.493,
0.672,0.629,0.983,0.559,
0.532,0.477,1,0.359,
0.6,0.578,1,0.421,
0.653,0.607,1,0.468,
0.7,0.653,1,0.621,
0.651,0.623,0.939,0.542,
0.641,0.621,1,0.488,
0.595,0.528,1,0.471,
0.709,0.677,1,0.578,
0.702,0.665,0.987,0.601,
0.648,0.639,1,0.464,
0.701,0.669,0.972,0.646,
0.574,0.524,1,0.482,
0.615,0.583,1,0.429,
0.668,0.639,1,0.563,
0.562,0.548,0.892,0.42,
0.68,0.649,0.997,0.579,
0.714,0.669,1,0.615,
0.731,0.709,1,0.611,
0.565,0.519,1,0.435,
0.567,0.543,0.997,0.419,
0.708,0.701,1,0.541,
0.755,0.735,1,0.626,
0.673,0.655,0.929,0.5,
0.669,0.635,0.994,0.534,
0.638,0.608,0.961,0.523,
0.715,0.692,1,0.623,
0.708,0.673,0.977,0.625,
0.671,0.639,1,0.542,
0.529,0.434,0.999,0.383,
0.715,0.712,0.952,0.59,
0.655,0.613,0.959,0.508,
0.718,0.68,0.995,0.586,
0.679,0.641,1,0.594,
0.685,0.631,1,0.575,
0.707,0.689,1,0.6,
0.664,0.601,1,0.518,
0.699,0.681,0.888,0.583,
0.706,0.689,1,0.591,
0.685,0.647,1,0.573,
0.674,0.637,1,0.531,
0.666,0.645,1,0.548,
0.68,0.635,1,0.581,
0.652,0.618,1,0.497,
0.592,0.568,0.986,0.441,
0.582,0.571,0.969,0.406,
0.689,0.658,1,0.568,
0.782,0.743,1,0.654,
0.759,0.746,1,0.639,
0.714,0.702,0.964,0.603,
0.702,0.692,1,0.575,
0.743,0.726,1,0.623,
0.702,0.667,1,0.572,
0.61,0.564,0.998,0.433,
0.686,0.666,1,0.532,
0.69,0.663,0.922,0.576,
0.697,0.691,0.933,0.547,
0.657,0.614,1,0.524,
0.523,0.44,1,0.357,
0.635,0.627,1,0.478,
0.712,0.689,1,0.624,
0.661,0.622,1,0.511,
0.549,0.502,1,0.388,
0.731,0.708,1,0.554,
0.652,0.611,0.967,0.553,
0.751,0.748,0.99,0.589,
0.693,0.677,1,0.501,
0.577,0.52,0.963,0.411,
0.656,0.633,1,0.562,
0.688,0.643,1,0.586,
0.703,0.695,0.99,0.563,
0.713,0.692,1,0.569,
0.691,0.655,1,0.468,
0.647,0.608,0.956,0.559,
0.628,0.588,1,0.496,
0.632,0.593,0.979,0.452,
0.542,0.506,1,0.387,
0.683,0.674,0.937,0.553,
0.661,0.639,0.944,0.548,
0.689,0.65,1,0.512,
0.683,0.639,1,0.534,
0.726,0.692,0.954,0.635,
0.695,0.668,1,0.583,
0.639,0.571,1,0.463,
0.619,0.595,1,0.483,
0.714,0.676,1,0.576,
0.717,0.709,0.95,0.565,
0.657,0.613,1,0.549,
0.708,0.66,1,0.597,
0.579,0.538,1,0.454,
0.623,0.58,0.919,0.49,
0.581,0.534,1,0.437,
0.643,0.589,1,0.554,
0.648,0.607,1,0.483,
0.689,0.643,0.935,0.613,
0.667,0.683,1,0.502,
0.714,0.69,1,0.484,
0.651,0.61,1,0.523,
0.728,0.717,1,0.608,
0.528,0.485,0.97,0.359,
0.687,0.681,1,0.517,
0.768,0.756,0.952,0.667,
0.681,0.663,1,0.524,
0.688,0.681,0.997,0.534,
0.695,0.665,1,0.488,
0.651,0.62,1,0.492,
0.678,0.631,1,0.537,
0.731,0.715,0.939,0.605,
0.694,0.679,1,0.516,
0.632,0.612,1,0.448,
0.545,0.507,1,0.36,
0.651,0.597,0.956,0.551,
0.697,0.657,1,0.577,
0.569,0.522,1,0.44,
0.701,0.672,0.993,0.564,
0.77,0.754,0.997,0.656,
0.657,0.65,1,0.515,
0.664,0.663,1,0.476,
0.726,0.675,0.978,0.624,
0.704,0.69,1,0.58,
0.616,0.551,0.833,0.49,
0.683,0.651,1,0.569,
0.659,0.653,1,0.52,
0.543,0.516,1,0.35,
0.711,0.692,1,0.585,
0.664,0.671,1,0.499,
0.661,0.623,1,0.582,
0.661,0.643,0.922,0.543,
0.715,0.739,0.953,0.523,
0.587,0.564,0.882,0.434,
0.679,0.649,1,0.59,
0.73,0.698,1,0.618,
0.682,0.662,1,0.586,
0.589,0.568,0.916,0.456,
0.635,0.592,1,0.552,
0.687,0.657,0.947,0.605,
0.661,0.62,1,0.583,
0.595,0.552,0.987,0.449,
0.573,0.519,0.923,0.463,
0.586,0.556,0.975,0.429,
0.689,0.652,1,0.596,
0.726,0.716,1,0.553,
0.625,0.573,1,0.459,
0.698,0.681,1,0.574,
0.729,0.7,1,0.636,
0.628,0.61,0.915,0.47,
0.622,0.594,1,0.432,
0.635,0.609,0.975,0.517,
0.678,0.633,0.963,0.576,
0.718,0.704,0.982,0.632,
0.61,0.556,1,0.474,
0.668,0.669,0.939,0.437,
0.642,0.619,1,0.491,
0.701,0.688,0.979,0.523,
0.646,0.603,1,0.459,
0.622,0.62,0.979,0.456,
0.64,0.622,1,0.479,
0.662,0.633,0.877,0.504,
0.622,0.588,1,0.504,
0.572,0.559,1,0.307,
0.666,0.633,1,0.508,
0.675,0.648,0.947,0.58,
0.741,0.702,1,0.655,
0.673,0.623,0.931,0.554,
0.647,0.619,0.87,0.555,
0.6,0.567,1,0.41,
0.638,0.627,0.95,0.497,
0.632,0.615,0.981,0.499,
0.609,0.627,1,0.425,
0.641,0.614,0.957,0.543,
0.674,0.641,0.959,0.504,
0.583,0.555,1,0.454,
0.65,0.629,0.995,0.508,
0.648,0.607,1,0.551,
0.604,0.593,0.982,0.416,
0.669,0.634,1,0.586,
0.491,0.45,1,0.313,
0.717,0.702,1,0.625,
0.677,0.646,1,0.562,
0.699,0.658,1,0.578,
0.699,0.686,1,0.505,
0.72,0.707,1,0.605,
0.674,0.651,1,0.561,
0.65,0.607,1,0.501,
0.667,0.649,1,0.502,
0.61,0.548,1,0.509,
0.682,0.657,0.991,0.571,
0.67,0.635,1,0.552,
0.711,0.667,1,0.573,
0.533,0.468,1,0.366,
0.523,0.506,0.93,0.381,
0.544,0.496,1,0.466,
0.582,0.563,1,0.439,
0.593,0.504,1,0.446,
0.629,0.596,0.986,0.493,
0.605,0.564,1,0.497,
0.534,0.497,1,0.412,
0.563,0.496,1,0.444,
0.555,0.524,1,0.386,
0.619,0.547,0.976,0.478,
0.595,0.569,0.956,0.482,
0.566,0.501,1,0.455,
0.547,0.458,1,0.41,
0.534,0.484,1,0.405,
0.621,0.573,1,0.483,
0.556,0.51,0.96,0.425,
0.61,0.575,0.963,0.52,
0.583,0.53,0.995,0.461,
0.552,0.5,1,0.376,
0.596,0.556,0.976,0.512,
0.434,0.369,0.944,0.286,
0.584,0.53,0.925,0.459,
0.575,0.505,1,0.474,
0.644,0.607,1,0.512,
0.585,0.552,1,0.446,
0.534,0.472,1,0.441,
0.525,0.46,1,0.422,
0.573,0.555,0.938,0.437,
0.614,0.581,0.936,0.504,
0.55,0.518,1,0.382,
0.598,0.548,1,0.516,
0.624,0.585,1,0.501,
0.579,0.53,1,0.437,
0.595,0.518,1,0.437,
0.584,0.539,0.915,0.475,
0.566,0.51,0.926,0.409,
0.576,0.516,0.983,0.459,
0.581,0.546,1,0.402,
0.622,0.593,1,0.484,
0.617,0.572,0.957,0.519,
0.58,0.539,0.976,0.407,
0.513,0.466,1,0.382,
0.544,0.51,0.949,0.427,
0.603,0.536,1,0.504,
0.557,0.508,1,0.423,
0.605,0.593,0.997,0.487,
0.578,0.577,0.995,0.454,
0.593,0.546,1,0.447,
0.541,0.482,0.834,0.431,
0.593,0.562,1,0.379,
0.554,0.511,1,0.389,
0.593,0.561,1,0.421,
0.634,0.585,1,0.527,
0.533,0.478,0.959,0.409,
0.638,0.603,0.944,0.478,
0.593,0.562,0.96,0.436,
0.564,0.512,0.947,0.433,
0.601,0.544,1,0.453,
0.551,0.502,1,0.442,
0.536,0.483,1,0.421,
0.604,0.567,1,0.486,
0.605,0.564,0.944,0.51,
0.644,0.611,1,0.55,
0.575,0.534,0.946,0.456,
0.562,0.516,0.947,0.397,
0.481,0.438,0.943,0.331,
0.55,0.477,0.994,0.382,
0.62,0.6,0.931,0.478,
0.626,0.603,0.889,0.484,
0.644,0.604,1,0.554,
0.561,0.51,1,0.417,
0.597,0.548,0.938,0.48,
0.573,0.527,1,0.459,
0.543,0.496,0.908,0.464,
0.545,0.474,1,0.419,
0.482,0.379,1,0.289,
0.604,0.577,1,0.484,
0.632,0.589,0.962,0.536,
0.578,0.524,0.938,0.469,
0.566,0.492,0.942,0.394,
0.531,0.464,0.93,0.39,
0.556,0.508,1,0.415,
0.651,0.62,1,0.518,
0.57,0.52,0.971,0.441,
0.613,0.565,0.96,0.469,
0.574,0.529,1,0.436,
0.596,0.561,1,0.471,
0.597,0.534,1,0.493,
0.575,0.497,1,0.416,
0.6,0.532,1,0.451,
0.627,0.587,1,0.505,
0.586,0.552,0.972,0.45,
0.522,0.49,0.94,0.394,
0.472,0.404,1,0.292,
0.52,0.445,1,0.386,
0.616,0.59,1,0.45,
0.566,0.52,1,0.354,
0.618,0.567,1,0.497,
0.594,0.557,1,0.471,
0.498,0.433,0.974,0.367,
0.55,0.518,0.901,0.427,
0.573,0.518,0.921,0.468,
0.577,0.537,1,0.484,
0.576,0.564,1,0.365,
0.51,0.473,0.879,0.376,
0.582,0.547,1,0.429,
0.611,0.576,1,0.486,
0.589,0.594,1,0.428,
0.504,0.459,1,0.363,
0.605,0.571,1,0.458,
0.532,0.473,0.903,0.42,
0.552,0.491,0.994,0.446,
0.587,0.56,1,0.445,
0.585,0.536,0.961,0.472,
0.563,0.504,1,0.488,
0.556,0.518,1,0.379,
0.545,0.501,1,0.397,
0.608,0.572,0.987,0.507,
0.466,0.4,0.991,0.36,
0.569,0.514,1,0.418,
0.577,0.565,1,0.427,
0.562,0.518,1,0.396,
0.6,0.526,1,0.487,
0.615,0.581,1,0.516,
0.538,0.478,0.933,0.444,
0.564,0.49,0.999,0.437,
0.595,0.555,0.998,0.452,
0.567,0.522,0.926,0.472,
0.594,0.556,1,0.461,
0.561,0.501,0.96,0.418,
0.531,0.491,0.931,0.424,
0.589,0.538,1,0.488,
0.568,0.524,1,0.407,
0.513,0.466,1,0.386,
0.624,0.587,0.963,0.474,
0.439,0.355,0.955,0.317,
0.583,0.524,1,0.469,
0.58,0.53,0.896,0.493,
0.591,0.565,1,0.42,
0.519,0.473,0.953,0.37,
0.583,0.539,0.956,0.445,
0.627,0.59,0.98,0.489,
0.578,0.516,1,0.46,
0.578,0.534,1,0.481,
0.491,0.43,0.969,0.284,
0.568,0.547,0.846,0.47,
0.573,0.51,0.983,0.471,
0.498,0.464,0.832,0.334,
0.56,0.506,0.974,0.451,
0.607,0.565,0.977,0.513,
0.607,0.552,1,0.502,
0.509,0.434,0.925,0.372,
0.431,0.354,0.922,0.303,
0.495,0.447,0.953,0.358,
0.576,0.508,1,0.469,
0.576,0.541,1,0.469,
0.515,0.477,1,0.343,
0.546,0.526,0.944,0.425,
0.516,0.48,1,0.386,
0.594,0.546,0.992,0.449,
0.588,0.537,0.898,0.495,
0.615,0.599,0.94,0.486,
0.608,0.556,0.936,0.492,
0.492,0.463,0.874,0.38,
0.534,0.504,1,0.404,
0.542,0.518,1,0.409,
0.563,0.534,0.993,0.433,
0.603,0.532,1,0.464,
0.565,0.493,0.977,0.475,
0.603,0.551,1,0.443,
0.56,0.509,1,0.424,
0.546,0.498,1,0.413,
0.58,0.571,0.901,0.418,
0.591,0.562,0.958,0.451,
0.613,0.569,1,0.422,
0.605,0.564,0.998,0.471,
0.61,0.557,0.961,0.483,
0.564,0.508,1,0.438,
0.518,0.431,1,0.362,
0.588,0.543,0.97,0.471,
0.621,0.593,1,0.484,
0.534,0.488,1,0.425,
0.533,0.472,1,0.394,
0.597,0.552,1,0.486,
0.577,0.538,0.903,0.474,
0.592,0.568,0.882,0.499,
0.514,0.482,1,0.395,
0.577,0.528,0.983,0.426,
0.627,0.608,1,0.496,
0.566,0.53,1,0.435,
0.576,0.528,0.895,0.484,
0.485,0.401,0.892,0.352,
0.588,0.554,0.992,0.415,
0.599,0.55,1,0.477,
0.554,0.501,1,0.386,
0.548,0.507,0.929,0.45,
0.529,0.457,1,0.371,
0.563,0.52,0.948,0.402,
0.599,0.574,1,0.431,
0.62,0.56,0.985,0.522,
0.568,0.506,1,0.421,
0.531,0.477,1,0.409,
0.566,0.529,1,0.382,
0.626,0.604,0.976,0.443,
0.538,0.489,1,0.382,
0.529,0.473,1,0.408,
0.539,0.506,0.943,0.394,
0.593,0.56,1,0.483,
0.638,0.621,0.954,0.524,
0.528,0.468,1,0.399,
0.552,0.5,1,0.368,
0.59,0.526,1,0.455,
0.517,0.468,0.927,0.361,
0.575,0.508,0.988,0.392,
0.618,0.557,1,0.482,
0.546,0.496,1,0.361,
0.616,0.591,1,0.52,
0.613,0.579,0.97,0.503,
0.574,0.524,1,0.46,
0.631,0.591,0.996,0.507,
0.645,0.609,1,0.493,
0.521,0.454,0.969,0.379,
0.564,0.513,1,0.458,
0.545,0.506,0.898,0.379,
0.603,0.553,1,0.506,
0.542,0.502,1,0.412,
0.547,0.499,1,0.331,
0.595,0.553,1,0.48,
0.597,0.56,1,0.472,
0.556,0.531,0.924,0.356,
0.625,0.583,1,0.458,
0.56,0.531,1,0.418,
0.594,0.553,1,0.505,
0.531,0.49,1,0.396,
0.583,0.528,0.871,0.477,
0.584,0.558,1,0.43,
0.609,0.571,1,0.461,
0.616,0.574,1,0.527,
0.536,0.482,1,0.383,
0.564,0.523,1,0.431,
0.544,0.491,1,0.391,
0.594,0.544,1,0.44,
0.615,0.558,0.991,0.491,
0.617,0.572,0.973,0.468,
0.618,0.546,1,0.403,
0.575,0.516,1,0.499,
0.583,0.567,1,0.407,
0.482,0.43,1,0.349,
0.549,0.506,0.946,0.431,
0.601,0.576,1,0.445,
0.626,0.6,1,0.443,
0.602,0.544,1,0.474,
0.485,0.407,1,0.34,
0.584,0.558,0.943,0.452,
0.564,0.506,1,0.459,
0.622,0.575,1,0.533,
0.528,0.471,1,0.41,
0.564,0.506,1,0.445,
0.57,0.506,1,0.45,
0.56,0.524,1,0.441,
0.558,0.51,1,0.443,
0.527,0.491,0.927,0.409,
0.533,0.478,0.9,0.352,
0.603,0.56,0.937,0.465,
0.591,0.544,0.978,0.453,
0.504,0.445,0.98,0.368,
0.543,0.512,0.885,0.36,
0.541,0.485,1,0.429,
0.571,0.535,1,0.47,
0.569,0.517,0.978,0.439,
0.54,0.5,1,0.39,
0.606,0.573,0.998,0.501,
0.51,0.446,1,0.374,
0.53,0.485,0.961,0.384,
0.567,0.538,0.961,0.383,
0.61,0.575,1,0.466,
0.641,0.607,0.966,0.503,
0.566,0.518,1,0.457,
0.561,0.5,1,0.427,
0.6,0.581,0.922,0.471,
0.553,0.518,0.958,0.356,
0.622,0.569,0.966,0.495,
0.585,0.532,0.974,0.437,
0.576,0.503,1,0.428,
0.522,0.477,1,0.384,
0.577,0.556,1,0.392,
0.605,0.591,1,0.463,
0.51,0.456,1,0.35,
0.536,0.464,0.88,0.394,
0.586,0.552,1,0.435,
0.512,0.464,1,0.378,
0.49,0.431,0.97,0.357,
0.605,0.565,0.957,0.515,
0.665,0.634,1,0.539,
0.617,0.575,1,0.479,
0.529,0.487,1,0.37,
0.431,0.361,0.917,0.298,
0.579,0.526,0.946,0.42,
0.581,0.516,0.941,0.455,
0.59,0.538,1,0.454,
0.614,0.597,1,0.461,
0.555,0.498,1,0.428,
0.604,0.588,0.999,0.412,
0.556,0.51,1,0.461,
0.521,0.491,0.931,0.342,
0.583,0.543,1,0.469,
0.602,0.554,1,0.418,
0.538,0.514,1,0.406,
0.629,0.587,1,0.493,
0.568,0.525,1,0.476,
0.62,0.581,1,0.489,
0.581,0.543,1,0.411,
0.504,0.447,0.917,0.351,
0.568,0.515,1,0.461,
0.592,0.555,1,0.442,
0.588,0.52,1,0.491,
0.543,0.484,0.963,0.413,
0.529,0.477,1,0.424,
0.536,0.508,0.892,0.448,
0.581,0.524,1,0.483,
0.563,0.5,1,0.448,
0.501,0.449,0.906,0.359,
0.661,0.629,1,0.554,
0.586,0.55,1,0.45,
0.624,0.585,1,0.494,
0.589,0.55,0.913,0.508,
0.592,0.55,1,0.407,
0.659,0.655,0.934,0.51,
0.512,0.462,1,0.368,
0.551,0.502,1,0.42,
0.567,0.536,1,0.425,
0.558,0.494,1,0.456,
0.557,0.484,1,0.417,
0.574,0.542,0.998,0.448,
0.56,0.539,1,0.416,
0.481,0.432,0.99,0.31,
0.51,0.463,1,0.389,
0.572,0.532,1,0.454,
0.574,0.54,0.983,0.493,
0.59,0.528,1,0.454,
0.581,0.548,0.968,0.494,
0.511,0.456,0.92,0.362,
0.616,0.579,0.992,0.434,
0.594,0.54,1,0.487,
0.551,0.522,1,0.341,
0.591,0.554,0.982,0.433,
0.603,0.548,1,0.46,
0.57,0.522,0.952,0.454,
0.551,0.505,0.945,0.39,
0.586,0.539,0.976,0.481,
0.554,0.51,0.96,0.463,
0.619,0.565,1,0.463,
0.629,0.582,0.996,0.53,
0.545,0.493,0.978,0.45,
0.599,0.533,1,0.49,
0.574,0.525,0.964,0.48,
0.56,0.524,0.975,0.427,
0.566,0.521,0.946,0.389,
0.565,0.517,1,0.407,
0.599,0.564,0.985,0.438,
0.565,0.51,1,0.416,
0.536,0.485,1,0.409,
0.501,0.456,1,0.335,
0.581,0.536,1,0.469,
0.604,0.534,1,0.504,
0.568,0.521,1,0.444,
0.526,0.47,1,0.399,
0.522,0.46,0.945,0.407,
0.553,0.491,1,0.433,
0.545,0.485,0.945,0.411,
0.527,0.461,0.993,0.436,
0.598,0.568,1,0.476,
0.589,0.543,1,0.46,
0.659,0.617,1,0.504,
0.534,0.502,1,0.393,
0.525,0.491,1,0.345,
0.578,0.564,0.931,0.464,
0.653,0.617,1,0.547,
0.608,0.574,0.978,0.503,
0.594,0.549,1,0.478,
0.502,0.457,0.962,0.399,
0.61,0.587,0.952,0.5,
0.61,0.584,1,0.439,
0.518,0.475,0.983,0.395,
0.522,0.452,1,0.393,
0.692,0.669,1,0.581,
0.687,0.654,1,0.622,
0.732,0.704,1,0.582,
0.624,0.574,1,0.519,
0.636,0.607,0.995,0.53,
0.687,0.657,1,0.587,
0.676,0.66,1,0.558,
0.679,0.654,1,0.552,
0.658,0.64,1,0.517,
0.642,0.607,1,0.513,
0.684,0.657,1,0.588,
0.645,0.621,0.938,0.552,
0.7,0.665,1,0.612,
0.631,0.611,0.991,0.467,
0.711,0.696,0.981,0.584,
0.647,0.626,1,0.544,
0.732,0.716,0.987,0.544,
0.605,0.573,1,0.496,
0.634,0.587,1,0.537,
0.738,0.7,0.962,0.598,
0.633,0.617,1,0.518,
0.525,0.489,1,0.388,
0.54,0.516,1,0.384,
0.652,0.625,1,0.51,
0.72,0.716,0.9,0.57,
0.652,0.628,1,0.544,
0.753,0.738,0.989,0.62,
0.531,0.467,1,0.397,
0.672,0.66,0.956,0.534,
0.675,0.651,0.947,0.566,
0.649,0.624,0.992,0.539,
0.679,0.635,1,0.605,
0.621,0.609,1,0.445,
0.573,0.51,0.975,0.446,
0.669,0.653,0.942,0.592,
0.563,0.505,1,0.462,
0.612,0.565,0.98,0.449,
0.604,0.574,1,0.497,
0.594,0.554,1,0.476,
0.593,0.538,1,0.493,
0.558,0.504,1,0.428,
0.605,0.58,0.991,0.478,
0.591,0.52,1,0.472,
0.606,0.554,1,0.519,
0.605,0.548,1,0.465,
0.631,0.572,1,0.528,
0.513,0.461,1,0.312,
0.59,0.573,0.98,0.459,
0.693,0.691,1,0.543,
0.643,0.633,1,0.5,
0.679,0.627,1,0.597,
0.701,0.685,1,0.532,
0.682,0.647,1,0.542,
0.708,0.706,0.906,0.595,
0.639,0.591,0.949,0.494,
0.695,0.666,0.994,0.572,
0.647,0.583,1,0.531,
0.64,0.607,0.974,0.53,
0.741,0.746,1,0.554,
0.693,0.667,0.988,0.527,
0.673,0.605,1,0.556,
0.697,0.683,0.963,0.567,
0.604,0.538,1,0.478,
0.671,0.633,0.964,0.562,
0.624,0.595,1,0.517,
0.585,0.52,1,0.45,
0.48,0.437,1,0.348,
0.588,0.561,1,0.458,
0.624,0.581,1,0.515,
0.57,0.534,1,0.433,
0.563,0.537,1,0.388,
0.63,0.599,1,0.517,
0.604,0.569,0.965,0.455,
0.604,0.56,1,0.503,
0.578,0.536,0.969,0.438,
0.562,0.538,0.995,0.455,
0.609,0.574,0.975,0.436,
0.609,0.573,1,0.457,
0.569,0.502,1,0.429,
0.531,0.435,0.964,0.391,




Further Data analysis of all test cases 
avg med max min 
AVGs,0.617,0.619,0.794,0.424,
MEDs,0.583,0.585,0.806,0.312,
MAXs,0.969,0.984,1,0.805,
MINs,0.495,0.492,0.712,0.263,


AVGs,0.622,0.622,0.782,0.413,
MEDs,0.585,0.587,0.762,0.306,
MAXs,0.982,1,1,0.832,
MINs,0.488,0.486,0.679,0.266,



