

Data analysis for each instance 
AVG,MED,MAX,MIN
0.328,0.344,0.49,0,
0.332,0.365,0.446,0,
0.335,0.348,0.452,0,
0.344,0.367,0.45,0,
0.322,0.34,0.515,0,
0.329,0.345,0.472,0,
0.336,0.354,0.474,0,
0.31,0.313,0.441,0,
0.342,0.36,0.475,0,
0.324,0.351,0.442,0,
0.336,0.351,0.45,0,
0.345,0.38,0.511,0,
0.331,0.339,0.493,0,
0.332,0.35,0.466,0,
0.325,0.344,0.429,0,
0.336,0.357,0.467,0,
0.342,0.358,0.467,0,
0.324,0.347,0.456,0,
0.317,0.346,0.477,0,
0.336,0.364,0.44,0,
0.326,0.354,0.41,0,
0.333,0.364,0.452,0,
0.333,0.34,0.452,0,
0.332,0.342,0.508,0,
0.329,0.369,0.428,0,
0.333,0.363,0.44,0,
0.328,0.337,0.44,0,
0.343,0.368,0.477,0,
0.347,0.366,0.517,0,
0.326,0.342,0.499,0,
0.334,0.366,0.47,0,
0.325,0.349,0.467,0,
0.318,0.358,0.411,0,
0.351,0.375,0.455,0,
0.338,0.356,0.451,0,
0.315,0.334,0.447,0,
0.321,0.339,0.458,0,
0.327,0.333,0.488,0,
0.34,0.352,0.47,0,
0.328,0.348,0.46,0,
0.34,0.358,0.493,0,
0.342,0.362,0.461,0,
0.336,0.36,0.45,0,
0.336,0.365,0.431,0,
0.341,0.359,0.474,0,
0.343,0.371,0.478,0,
0.334,0.35,0.477,0,
0.325,0.329,0.505,0,
0.336,0.365,0.478,0,
0.317,0.341,0.445,0,
0.33,0.344,0.433,0,
0.334,0.378,0.428,0,
0.333,0.354,0.479,0,
0.339,0.356,0.459,0,
0.346,0.376,0.426,0,
0.341,0.361,0.452,0,
0.323,0.354,0.41,0,
0.321,0.369,0.426,0,
0.318,0.351,0.45,0,
0.339,0.368,0.465,0,
0.331,0.357,0.446,0,
0.338,0.356,0.439,0,
0.328,0.352,0.423,0,
0.336,0.353,0.455,0,
0.326,0.351,0.449,0,
0.32,0.364,0.414,0,
0.338,0.363,0.454,0,
0.319,0.343,0.474,0,
0.337,0.355,0.436,0,
0.335,0.361,0.433,0,
0.346,0.371,0.491,0,
0.342,0.36,0.473,0,
0.325,0.344,0.459,0,
0.328,0.358,0.421,0,
0.343,0.372,0.477,0,
0.338,0.346,0.456,0,
0.332,0.34,0.46,0,
0.334,0.355,0.525,0,
0.33,0.354,0.472,0,
0.336,0.354,0.459,0,
0.335,0.354,0.432,0,
0.342,0.365,0.436,0,
0.327,0.347,0.449,0,
0.334,0.364,0.476,0,
0.347,0.367,0.487,0,
0.331,0.37,0.413,0,
0.324,0.362,0.387,0,
0.334,0.366,0.439,0,
0.339,0.364,0.415,0,
0.338,0.364,0.425,0,
0.33,0.351,0.418,0,
0.334,0.357,0.43,0,
0.325,0.36,0.462,0,
0.321,0.354,0.45,0,
0.326,0.345,0.452,0,
0.341,0.368,0.509,0,
0.344,0.36,0.487,0,
0.333,0.347,0.47,0,
0.331,0.351,0.483,0,
0.345,0.364,0.446,0,
0.339,0.36,0.488,0,
0.332,0.35,0.438,0,
0.341,0.372,0.46,0,
0.338,0.354,0.481,0,
0.327,0.358,0.462,0,
0.351,0.373,0.467,0,
0.322,0.357,0.413,0,
0.337,0.368,0.484,0,
0.328,0.344,0.489,0,
0.337,0.365,0.419,0,
0.34,0.358,0.46,0,
0.326,0.341,0.45,0,
0.326,0.349,0.533,0,
0.326,0.348,0.472,0,
0.341,0.365,0.482,0,
0.342,0.357,0.506,0,
0.327,0.339,0.49,0,
0.337,0.36,0.488,0,
0.316,0.356,0.386,0,
0.346,0.373,0.452,0,
0.343,0.384,0.442,0,
0.336,0.347,0.512,0,
0.342,0.356,0.444,0,
0.344,0.359,0.457,0,
0.335,0.346,0.467,0,
0.335,0.347,0.454,0,
0.335,0.361,0.483,0,
0.321,0.362,0.398,0,
0.325,0.351,0.439,0,
0.337,0.358,0.48,0,
0.332,0.355,0.483,0,
0.332,0.35,0.51,0,
0.326,0.334,0.478,0,
0.333,0.348,0.5,0,
0.3,0.33,0.411,0,
0.337,0.364,0.454,0,
0.339,0.361,0.461,0,
0.318,0.331,0.521,0,
0.329,0.346,0.472,0,
0.329,0.351,0.51,0,
0.335,0.358,0.461,0,
0.336,0.367,0.416,0,
0.337,0.348,0.463,0,
0.322,0.334,0.441,0,
0.333,0.355,0.494,0,
0.329,0.358,0.424,0,
0.333,0.351,0.44,0,
0.337,0.349,0.473,0,
0.328,0.349,0.481,0,
0.335,0.35,0.462,0,
0.314,0.331,0.453,0,
0.349,0.38,0.448,0,
0.314,0.328,0.41,0,
0.34,0.384,0.403,0,
0.342,0.36,0.468,0,
0.344,0.366,0.471,0,
0.344,0.376,0.439,0,
0.327,0.354,0.429,0,
0.328,0.341,0.467,0,
0.331,0.353,0.418,0,
0.335,0.363,0.445,0,
0.325,0.353,0.471,0,
0.35,0.368,0.448,0,
0.338,0.359,0.473,0,
0.34,0.362,0.516,0,
0.341,0.364,0.473,0,
0.338,0.368,0.465,0,
0.35,0.369,0.49,0,
0.337,0.371,0.414,0,
0.333,0.362,0.444,0,
0.337,0.365,0.461,0,
0.346,0.381,0.441,0,
0.33,0.357,0.456,0,
0.347,0.381,0.442,0,
0.352,0.382,0.479,0,
0.331,0.359,0.455,0,
0.334,0.361,0.478,0,
0.331,0.349,0.524,0,
0.326,0.365,0.433,0,
0.338,0.374,0.464,0,
0.334,0.355,0.512,0,
0.331,0.347,0.469,0,
0.332,0.354,0.439,0,
0.337,0.35,0.452,0,
0.321,0.359,0.427,0,
0.34,0.364,0.448,0,
0.327,0.351,0.465,0,
0.308,0.332,0.436,0,
0.338,0.359,0.511,0,
0.339,0.356,0.463,0,
0.33,0.36,0.46,0,
0.335,0.358,0.446,0,
0.334,0.358,0.484,0,
0.331,0.351,0.431,0,
0.344,0.367,0.435,0,
0.328,0.363,0.435,0,
0.323,0.34,0.449,0,
0.324,0.348,0.441,0,
0.323,0.346,0.482,0,
0.325,0.367,0.427,0,
0.34,0.36,0.506,0,
0.335,0.37,0.449,0,
0.331,0.368,0.435,0,
0.319,0.352,0.412,0,
0.312,0.345,0.387,0,
0.323,0.328,0.453,0,
0.347,0.366,0.432,0,
0.337,0.364,0.428,0,
0.334,0.345,0.43,0,
0.336,0.359,0.454,0,
0.333,0.355,0.495,0,
0.319,0.343,0.438,0,
0.334,0.353,0.497,0,
0.335,0.358,0.456,0,
0.338,0.354,0.445,0,
0.345,0.365,0.477,0,
0.336,0.359,0.449,0,
0.321,0.351,0.399,0,
0.316,0.34,0.439,0,
0.336,0.367,0.439,0,
0.331,0.367,0.453,0,
0.332,0.358,0.427,0,
0.329,0.344,0.418,0,
0.321,0.342,0.437,0,
0.335,0.345,0.472,0,
0.332,0.357,0.454,0,
0.337,0.358,0.481,0,
0.339,0.363,0.442,0,
0.333,0.359,0.509,0,
0.33,0.341,0.476,0,
0.337,0.356,0.468,0,
0.317,0.345,0.397,0,
0.345,0.358,0.51,0,
0.333,0.37,0.452,0,
0.34,0.359,0.477,0,
0.32,0.357,0.397,0,
0.337,0.346,0.486,0,
0.34,0.361,0.448,0,
0.341,0.366,0.476,0,
0.332,0.352,0.447,0,
0.314,0.328,0.443,0,
0.302,0.327,0.386,0,
0.321,0.344,0.498,0,
0.321,0.325,0.479,0,
0.34,0.373,0.439,0,
0.346,0.359,0.474,0,
0.328,0.361,0.489,0,
0.343,0.373,0.408,0,
0.314,0.344,0.404,0,
0.32,0.348,0.442,0,
0.344,0.362,0.443,0,
0.327,0.344,0.483,0,
0.331,0.357,0.473,0,
0.331,0.357,0.454,0,
0.329,0.356,0.532,0,
0.325,0.362,0.425,0,
0.321,0.338,0.447,0,
0.337,0.356,0.463,0,
0.31,0.339,0.447,0,
0.319,0.359,0.412,0,
0.343,0.365,0.465,0,
0.321,0.331,0.46,0,
0.317,0.347,0.434,0,
0.318,0.355,0.409,0,
0.33,0.367,0.476,0,
0.345,0.372,0.458,0,
0.348,0.373,0.465,0,
0.335,0.366,0.433,0,
0.342,0.364,0.451,0,
0.333,0.351,0.447,0,
0.328,0.344,0.466,0,
0.331,0.354,0.477,0,
0.336,0.349,0.451,0,
0.33,0.377,0.423,0,
0.334,0.355,0.467,0,
0.348,0.376,0.433,0,
0.335,0.353,0.543,0,
0.326,0.333,0.482,0,
0.317,0.345,0.496,0,
0.34,0.366,0.428,0,
0.333,0.362,0.422,0,
0.344,0.368,0.447,0,
0.336,0.365,0.471,0,
0.328,0.353,0.437,0,
0.324,0.358,0.431,0,
0.341,0.366,0.458,0,
0.349,0.37,0.455,0,
0.338,0.358,0.484,0,
0.336,0.364,0.449,0,
0.312,0.357,0.425,0,
0.346,0.356,0.473,0,
0.319,0.338,0.464,0,
0.342,0.366,0.431,0,
0.328,0.36,0.406,0,
0.338,0.361,0.457,0,
0.333,0.356,0.498,0,
0.336,0.368,0.45,0,
0.325,0.337,0.436,0,
0.338,0.353,0.441,0,
0.333,0.361,0.531,0,
0.319,0.32,0.48,0,
0.344,0.36,0.505,0,
0.345,0.365,0.493,0,
0.344,0.376,0.457,0,
0.33,0.365,0.421,0,
0.335,0.365,0.417,0,
0.341,0.366,0.472,0,
0.333,0.346,0.45,0,
0.307,0.338,0.433,0,
0.335,0.372,0.47,0,
0.339,0.355,0.461,0,
0.337,0.359,0.44,0,
0.338,0.355,0.43,0,
0.311,0.322,0.417,0,
0.335,0.369,0.459,0,
0.332,0.346,0.463,0,
0.34,0.361,0.479,0,
0.325,0.344,0.469,0,
0.332,0.37,0.459,0,
0.34,0.36,0.427,0,
0.33,0.36,0.456,0,
0.333,0.374,0.458,0,
0.335,0.353,0.455,0,
0.33,0.385,0.433,0,
0.334,0.363,0.447,0,
0.333,0.361,0.471,0,
0.335,0.371,0.428,0,
0.333,0.372,0.448,0,
0.342,0.353,0.479,0,
0.335,0.369,0.447,0,
0.333,0.358,0.467,0,
0.33,0.348,0.437,0,
0.326,0.351,0.439,0,
0.332,0.354,0.455,0,
0.336,0.355,0.507,0,
0.331,0.355,0.425,0,
0.326,0.355,0.428,0,
0.326,0.348,0.494,0,
0.331,0.368,0.451,0,
0.338,0.365,0.482,0,
0.343,0.367,0.495,0,
0.307,0.328,0.438,0,
0.336,0.364,0.487,0,
0.316,0.351,0.396,0,
0.329,0.343,0.459,0,
0.343,0.363,0.482,0,
0.337,0.367,0.449,0,
0.318,0.331,0.471,0,
0.335,0.351,0.487,0,
0.332,0.348,0.458,0,
0.323,0.351,0.459,0,
0.331,0.342,0.495,0,
0.336,0.357,0.43,0,
0.338,0.352,0.446,0,
0.311,0.342,0.423,0,
0.325,0.335,0.437,0,
0.334,0.363,0.433,0,
0.341,0.362,0.474,0,
0.342,0.36,0.465,0,
0.338,0.352,0.468,0,
0.326,0.348,0.437,0,
0.345,0.374,0.487,0,
0.331,0.353,0.485,0,
0.323,0.349,0.442,0,
0.338,0.359,0.483,0,
0.326,0.34,0.442,0,
0.329,0.358,0.453,0,
0.327,0.332,0.454,0,
0.336,0.363,0.462,0,
0.342,0.368,0.467,0,
0.346,0.363,0.459,0,
0.334,0.366,0.431,0,
0.335,0.351,0.48,0,
0.327,0.358,0.407,0,
0.329,0.365,0.419,0,
0.339,0.36,0.435,0,
0.339,0.356,0.477,0,
0.347,0.367,0.467,0,
0.325,0.362,0.438,0,
0.331,0.367,0.43,0,
0.341,0.363,0.454,0,
0.343,0.365,0.483,0,
0.315,0.347,0.431,0,
0.333,0.356,0.478,0,
0.335,0.356,0.466,0,
0.349,0.362,0.524,0,
0.319,0.338,0.462,0,
0.319,0.346,0.49,0,
0.342,0.36,0.447,0,
0.344,0.356,0.467,0,
0.344,0.365,0.468,0,
0.35,0.375,0.472,0,
0.323,0.35,0.435,0,
0.34,0.368,0.465,0,
0.335,0.35,0.466,0,
0.337,0.376,0.441,0,
0.332,0.356,0.51,0,
0.324,0.352,0.47,0,
0.34,0.356,0.453,0,
0.332,0.36,0.449,0,
0.333,0.352,0.475,0,
0.331,0.341,0.472,0,
0.339,0.368,0.415,0,
0.314,0.348,0.439,0,
0.324,0.345,0.435,0,
0.335,0.354,0.449,0,
0.338,0.359,0.461,0,
0.326,0.339,0.467,0,
0.342,0.359,0.483,0,
0.328,0.339,0.469,0,
0.321,0.344,0.441,0,
0.323,0.351,0.415,0,
0.321,0.34,0.484,0,
0.317,0.341,0.412,0,
0.331,0.348,0.477,0,
0.33,0.345,0.441,0,
0.333,0.351,0.48,0,
0.336,0.359,0.48,0,
0.329,0.357,0.42,0,
0.321,0.354,0.416,0,
0.332,0.356,0.458,0,
0.331,0.355,0.447,0,
0.346,0.387,0.437,0,
0.328,0.342,0.442,0,
0.349,0.365,0.484,0,
0.33,0.338,0.447,0,
0.327,0.349,0.474,0,
0.329,0.343,0.546,0,
0.346,0.373,0.441,0,
0.339,0.379,0.417,0,
0.335,0.355,0.439,0,
0.338,0.364,0.481,0,
0.334,0.35,0.456,0,
0.334,0.354,0.514,0,
0.325,0.34,0.462,0,
0.338,0.356,0.487,0,
0.336,0.353,0.462,0,
0.342,0.365,0.479,0,
0.32,0.347,0.417,0,
0.341,0.358,0.508,0,
0.336,0.367,0.462,0,
0.341,0.36,0.449,0,
0.329,0.363,0.426,0,
0.338,0.359,0.445,0,
0.326,0.36,0.439,0,
0.329,0.357,0.443,0,
0.341,0.353,0.497,0,
0.333,0.357,0.47,0,
0.344,0.363,0.448,0,
0.326,0.344,0.47,0,
0.332,0.36,0.41,0,
0.316,0.331,0.525,0,
0.326,0.343,0.461,0,
0.342,0.364,0.47,0,
0.336,0.36,0.457,0,
0.345,0.363,0.481,0,
0.331,0.34,0.461,0,
0.336,0.34,0.492,0,
0.344,0.366,0.48,0,
0.335,0.353,0.466,0,
0.335,0.359,0.456,0,
0.33,0.352,0.459,0,
0.341,0.351,0.469,0,
0.321,0.332,0.464,0,
0.327,0.342,0.46,0,
0.327,0.341,0.495,0,
0.345,0.371,0.437,0,
0.329,0.353,0.427,0,
0.331,0.353,0.5,0,
0.323,0.347,0.426,0,
0.335,0.351,0.445,0,
0.337,0.355,0.441,0,
0.317,0.343,0.411,0,
0.328,0.339,0.448,0,
0.327,0.367,0.441,0,
0.333,0.357,0.423,0,
0.307,0.317,0.45,0,
0.325,0.337,0.43,0,
0.327,0.355,0.422,0,
0.329,0.352,0.425,0,
0.337,0.354,0.5,0,
0.328,0.355,0.445,0,
0.341,0.38,0.436,0,
0.336,0.367,0.446,0,
0.334,0.361,0.435,0,
0.329,0.356,0.402,0,
0.332,0.354,0.462,0,
0.328,0.366,0.404,0,
0.33,0.349,0.47,0,
0.332,0.349,0.451,0,
0.313,0.333,0.42,0,
0.329,0.353,0.462,0,
0.339,0.366,0.474,0,
0.338,0.362,0.429,0,
0.327,0.353,0.508,0,
0.319,0.342,0.425,0,
0.325,0.352,0.443,0,
0.333,0.376,0.461,0,
0.328,0.342,0.492,0,
0.336,0.36,0.485,0,
0.344,0.371,0.476,0,
0.313,0.331,0.447,0,
0.348,0.371,0.47,0,
0.339,0.358,0.461,0,
0.336,0.359,0.451,0,
0.331,0.359,0.474,0,
0.326,0.359,0.42,0,
0.337,0.351,0.482,0,
0.315,0.338,0.405,0,
0.32,0.341,0.463,0,
0.319,0.339,0.499,0,
0.331,0.363,0.45,0,
0.321,0.345,0.452,0,
0.317,0.343,0.502,0,
0.335,0.357,0.454,0,
0.337,0.358,0.493,0,
0.34,0.385,0.463,0,
0.342,0.363,0.467,0,
0.325,0.355,0.434,0,
0.318,0.33,0.459,0,
0.329,0.338,0.466,0,
0.35,0.386,0.432,0,
0.347,0.361,0.501,0,
0.333,0.349,0.487,0,
0.325,0.347,0.457,0,
0.32,0.364,0.417,0,
0.331,0.353,0.473,0,
0.335,0.358,0.449,0,
0.343,0.355,0.475,0,
0.335,0.369,0.417,0,
0.324,0.364,0.424,0,
0.337,0.365,0.436,0,
0.349,0.367,0.482,0,
0.336,0.353,0.439,0,
0.345,0.368,0.478,0,
0.334,0.354,0.477,0,
0.324,0.333,0.468,0,
0.333,0.353,0.505,0,
0.337,0.352,0.483,0,
0.326,0.335,0.45,0,
0.326,0.342,0.418,0,
0.325,0.333,0.495,0,
0.336,0.351,0.466,0,
0.319,0.319,0.494,0,
0.338,0.348,0.508,0,
0.327,0.338,0.47,0,
0.327,0.351,0.48,0,
0.322,0.323,0.534,0,
0.326,0.325,0.466,0,
0.324,0.346,0.468,0,
0.292,0.312,0.464,0,
0.33,0.353,0.451,0,
0.331,0.339,0.478,0,
0.311,0.31,0.487,0,
0.326,0.353,0.503,0,
0.32,0.318,0.539,0,
0.324,0.324,0.513,0,
0.344,0.364,0.462,0,
0.335,0.361,0.536,0,
0.33,0.335,0.473,0,
0.325,0.357,0.489,0,
0.336,0.352,0.484,0,
0.338,0.345,0.466,0,
0.32,0.337,0.457,0,
0.317,0.321,0.521,0,
0.322,0.33,0.505,0,
0.324,0.34,0.493,0,
0.338,0.359,0.492,0,
0.32,0.326,0.514,0,
0.329,0.367,0.48,0,
0.352,0.381,0.464,0,
0.327,0.346,0.478,0,
0.313,0.331,0.45,0,
0.321,0.339,0.485,0,
0.323,0.332,0.515,0,
0.306,0.311,0.556,0,
0.338,0.356,0.479,0,
0.319,0.335,0.46,0,
0.33,0.346,0.48,0,
0.327,0.337,0.491,0,
0.333,0.354,0.495,0,
0.33,0.352,0.514,0,
0.315,0.357,0.454,0,
0.33,0.324,0.488,0,
0.333,0.348,0.488,0,
0.339,0.36,0.488,0,
0.334,0.347,0.454,0,
0.323,0.347,0.487,0,
0.325,0.337,0.461,0,
0.328,0.336,0.516,0,
0.325,0.337,0.451,0,
0.332,0.342,0.517,0,
0.336,0.352,0.451,0,
0.326,0.352,0.491,0,
0.323,0.335,0.447,0,
0.317,0.312,0.539,0,
0.337,0.356,0.541,0,
0.315,0.33,0.501,0,
0.328,0.343,0.521,0,
0.332,0.35,0.455,0,
0.344,0.382,0.499,0,
0.336,0.343,0.477,0,
0.33,0.339,0.491,0,
0.324,0.342,0.53,0,
0.327,0.356,0.481,0,
0.333,0.341,0.486,0,
0.313,0.322,0.489,0,
0.321,0.34,0.518,0,
0.326,0.342,0.465,0,
0.321,0.342,0.508,0,
0.33,0.334,0.492,0,
0.335,0.334,0.482,0,
0.332,0.344,0.524,0,
0.324,0.338,0.453,0,
0.327,0.344,0.445,0,
0.312,0.319,0.468,0,
0.307,0.33,0.48,0,
0.33,0.35,0.495,0,
0.323,0.358,0.415,0,
0.316,0.312,0.456,0,
0.314,0.331,0.465,0,
0.321,0.329,0.473,0,
0.343,0.35,0.5,0,
0.344,0.359,0.467,0,
0.331,0.344,0.513,0,
0.34,0.354,0.469,0,
0.33,0.334,0.559,0,
0.334,0.351,0.486,0,
0.328,0.333,0.492,0,
0.323,0.342,0.457,0,
0.32,0.327,0.465,0,
0.335,0.353,0.51,0,
0.327,0.365,0.415,0,
0.336,0.35,0.547,0,
0.341,0.362,0.46,0,
0.329,0.351,0.49,0,
0.334,0.345,0.484,0,
0.329,0.334,0.523,0,
0.322,0.336,0.484,0,
0.345,0.363,0.456,0,
0.346,0.361,0.529,0,
0.333,0.35,0.525,0,
0.304,0.312,0.474,0,
0.331,0.336,0.526,0,
0.32,0.325,0.499,0,
0.336,0.357,0.473,0,
0.325,0.353,0.48,0,
0.322,0.33,0.47,0,
0.327,0.339,0.472,0,
0.313,0.323,0.43,0,
0.323,0.33,0.504,0,
0.332,0.324,0.502,0,
0.326,0.339,0.467,0,
0.322,0.337,0.505,0,
0.326,0.357,0.403,0,
0.333,0.353,0.461,0,
0.32,0.339,0.484,0,
0.331,0.341,0.464,0,
0.322,0.343,0.467,0,
0.322,0.356,0.513,0,
0.322,0.339,0.492,0,
0.32,0.327,0.501,0,
0.324,0.33,0.484,0,
0.32,0.338,0.455,0,
0.334,0.357,0.466,0,
0.321,0.329,0.472,0,
0.331,0.35,0.503,0,
0.332,0.353,0.483,0,
0.322,0.342,0.498,0,
0.309,0.323,0.502,0,
0.33,0.35,0.476,0,
0.338,0.343,0.515,0,
0.335,0.353,0.454,0,
0.311,0.32,0.526,0,
0.329,0.333,0.491,0,
0.336,0.355,0.494,0,
0.325,0.336,0.485,0,
0.329,0.345,0.457,0,
0.327,0.347,0.487,0,
0.326,0.344,0.507,0,
0.333,0.351,0.483,0,
0.317,0.324,0.443,0,
0.332,0.363,0.507,0,
0.334,0.356,0.463,0,
0.329,0.33,0.495,0,
0.317,0.346,0.379,0,
0.323,0.329,0.486,0,
0.32,0.325,0.478,0,
0.329,0.351,0.448,0,
0.325,0.347,0.499,0,
0.346,0.366,0.484,0,
0.323,0.347,0.517,0,
0.324,0.336,0.472,0,
0.32,0.351,0.512,0,
0.314,0.339,0.404,0,
0.337,0.354,0.483,0,
0.307,0.329,0.427,0,
0.318,0.346,0.397,0,
0.321,0.333,0.487,0,
0.327,0.326,0.465,0,
0.328,0.344,0.527,0,
0.336,0.352,0.505,0,
0.33,0.346,0.448,0,
0.337,0.344,0.495,0,
0.329,0.348,0.457,0,
0.327,0.33,0.497,0,
0.333,0.354,0.518,0,
0.335,0.361,0.451,0,
0.324,0.344,0.459,0,
0.333,0.342,0.497,0,
0.35,0.373,0.483,0,
0.316,0.345,0.498,0,
0.325,0.343,0.465,0,
0.333,0.344,0.484,0,
0.336,0.338,0.498,0,
0.318,0.322,0.465,0,
0.304,0.331,0.407,0,
0.33,0.346,0.489,0,
0.327,0.34,0.461,0,
0.335,0.36,0.48,0,
0.331,0.342,0.502,0,
0.329,0.335,0.527,0,
0.33,0.346,0.554,0,
0.325,0.341,0.437,0,
0.32,0.327,0.489,0,
0.319,0.333,0.464,0,
0.331,0.349,0.495,0,
0.315,0.329,0.478,0,
0.335,0.354,0.473,0,
0.332,0.35,0.471,0,
0.319,0.338,0.528,0,
0.335,0.348,0.454,0,
0.333,0.347,0.526,0,
0.315,0.323,0.449,0,
0.327,0.331,0.472,0,
0.346,0.353,0.496,0,
0.347,0.357,0.492,0,
0.321,0.328,0.503,0,
0.335,0.343,0.449,0,
0.342,0.363,0.496,0,
0.325,0.327,0.472,0,
0.327,0.325,0.53,0,
0.312,0.321,0.47,0,
0.331,0.341,0.486,0,
0.333,0.363,0.472,0,
0.334,0.34,0.505,0,
0.337,0.355,0.477,0,
0.318,0.344,0.451,0,
0.333,0.346,0.474,0,
0.33,0.34,0.491,0,
0.335,0.377,0.491,0,
0.334,0.338,0.477,0,
0.329,0.357,0.487,0,
0.322,0.342,0.431,0,
0.323,0.336,0.535,0,
0.319,0.356,0.438,0,
0.331,0.348,0.512,0,
0.328,0.342,0.481,0,
0.328,0.351,0.472,0,
0.337,0.352,0.546,0,
0.321,0.337,0.469,0,
0.322,0.325,0.486,0,
0.323,0.325,0.52,0,
0.335,0.358,0.458,0,
0.342,0.359,0.481,0,
0.336,0.352,0.468,0,
0.323,0.322,0.533,0,
0.327,0.335,0.495,0,
0.316,0.343,0.416,0,
0.324,0.335,0.495,0,
0.32,0.34,0.483,0,
0.319,0.347,0.419,0,
0.339,0.358,0.457,0,
0.311,0.332,0.457,0,
0.339,0.354,0.492,0,
0.314,0.322,0.515,0,
0.333,0.343,0.511,0,
0.333,0.344,0.52,0,
0.325,0.334,0.474,0,
0.313,0.33,0.575,0,
0.31,0.322,0.521,0,
0.331,0.346,0.454,0,
0.337,0.349,0.467,0,
0.331,0.336,0.489,0,
0.308,0.307,0.526,0,
0.34,0.348,0.458,0,
0.335,0.334,0.517,0,
0.302,0.343,0.475,0,
0.323,0.347,0.521,0,
0.323,0.323,0.53,0,
0.33,0.333,0.502,0,
0.333,0.338,0.517,0,
0.337,0.334,0.503,0,
0.324,0.341,0.437,0,
0.317,0.326,0.471,0,
0.323,0.335,0.495,0,
0.346,0.362,0.499,0,
0.319,0.321,0.492,0,
0.328,0.345,0.455,0,
0.335,0.353,0.456,0,
0.328,0.343,0.495,0,
0.325,0.348,0.539,0,
0.319,0.333,0.461,0,
0.337,0.363,0.434,0,
0.326,0.347,0.465,0,
0.341,0.342,0.488,0,
0.327,0.332,0.538,0,
0.323,0.368,0.457,0,
0.324,0.358,0.498,0,
0.319,0.334,0.429,0,
0.331,0.347,0.526,0,
0.334,0.341,0.495,0,
0.33,0.344,0.477,0,
0.331,0.346,0.524,0,
0.326,0.354,0.449,0,
0.325,0.335,0.444,0,
0.33,0.342,0.491,0,
0.33,0.331,0.524,0,
0.337,0.347,0.544,0,
0.327,0.358,0.449,0,
0.326,0.324,0.456,0,
0.338,0.38,0.472,0,
0.319,0.326,0.476,0,
0.331,0.347,0.486,0,
0.333,0.339,0.496,0,
0.317,0.331,0.49,0,
0.309,0.339,0.408,0,
0.342,0.365,0.503,0,
0.326,0.348,0.46,0,
0.326,0.336,0.479,0,
0.337,0.371,0.438,0,
0.338,0.358,0.504,0,
0.328,0.349,0.457,0,
0.331,0.357,0.467,0,
0.333,0.357,0.524,0,
0.335,0.347,0.465,0,
0.332,0.335,0.499,0,
0.316,0.33,0.492,0,
0.333,0.355,0.482,0,
0.333,0.343,0.461,0,
0.329,0.346,0.474,0,
0.321,0.342,0.528,0,
0.321,0.337,0.451,0,
0.318,0.331,0.45,0,
0.325,0.338,0.535,0,
0.334,0.353,0.472,0,
0.324,0.366,0.459,0,
0.298,0.33,0.44,0,
0.319,0.326,0.475,0,
0.331,0.338,0.471,0,
0.309,0.333,0.478,0,
0.338,0.355,0.492,0,
0.332,0.336,0.492,0,
0.338,0.349,0.48,0,
0.326,0.33,0.468,0,
0.323,0.329,0.473,0,
0.32,0.331,0.493,0,
0.347,0.381,0.472,0,
0.321,0.353,0.425,0,
0.324,0.354,0.435,0,
0.33,0.352,0.485,0,
0.322,0.348,0.491,0,
0.327,0.339,0.497,0,
0.328,0.347,0.454,0,
0.327,0.346,0.473,0,
0.33,0.341,0.485,0,
0.312,0.327,0.529,0,
0.33,0.352,0.509,0,
0.331,0.346,0.459,0,
0.336,0.34,0.467,0,
0.31,0.344,0.463,0,
0.321,0.334,0.467,0,
0.312,0.329,0.472,0,
0.323,0.334,0.469,0,
0.326,0.344,0.47,0,
0.324,0.351,0.434,0,
0.327,0.337,0.485,0,
0.317,0.332,0.475,0,
0.319,0.343,0.448,0,
0.322,0.33,0.505,0,
0.329,0.354,0.464,0,
0.333,0.357,0.419,0,
0.336,0.351,0.516,0,
0.324,0.359,0.453,0,
0.318,0.312,0.477,0,
0.329,0.35,0.502,0,
0.341,0.35,0.48,0,
0.317,0.325,0.506,0,
0.316,0.342,0.446,0,
0.33,0.323,0.461,0,
0.333,0.355,0.47,0,
0.333,0.358,0.457,0,
0.34,0.35,0.463,0,
0.335,0.354,0.523,0,
0.324,0.357,0.424,0,
0.336,0.378,0.47,0,
0.318,0.321,0.478,0,
0.314,0.317,0.45,0,
0.338,0.356,0.476,0,
0.329,0.338,0.533,0,
0.334,0.342,0.483,0,
0.327,0.339,0.476,0,
0.332,0.362,0.472,0,
0.335,0.353,0.507,0,
0.342,0.358,0.524,0,
0.325,0.334,0.508,0,
0.331,0.323,0.483,0,
0.308,0.318,0.554,0,
0.323,0.33,0.506,0,
0.326,0.333,0.457,0,
0.317,0.321,0.471,0,
0.329,0.332,0.508,0,
0.331,0.348,0.467,0,
0.338,0.35,0.502,0,
0.318,0.354,0.452,0,
0.329,0.357,0.485,0,
0.329,0.345,0.465,0,
0.333,0.355,0.498,0,
0.331,0.349,0.477,0,
0.307,0.325,0.479,0,
0.332,0.352,0.483,0,
0.327,0.366,0.456,0,
0.338,0.354,0.461,0,
0.345,0.377,0.456,0,
0.332,0.361,0.47,0,
0.346,0.378,0.446,0,
0.332,0.338,0.481,0,
0.324,0.345,0.43,0,
0.336,0.371,0.452,0,
0.333,0.357,0.45,0,
0.329,0.34,0.498,0,
0.339,0.354,0.495,0,
0.325,0.345,0.496,0,
0.317,0.336,0.469,0,
0.338,0.354,0.494,0,
0.343,0.374,0.448,0,
0.339,0.351,0.5,0,
0.334,0.358,0.441,0,
0.325,0.36,0.403,0,
0.324,0.362,0.453,0,
0.33,0.363,0.45,0,
0.339,0.355,0.449,0,
0.327,0.344,0.444,0,
0.341,0.376,0.438,0,
0.339,0.37,0.456,0,
0.33,0.358,0.438,0,
0.323,0.342,0.466,0,
0.333,0.348,0.459,0,
0.345,0.36,0.472,0,
0.326,0.341,0.464,0,
0.332,0.354,0.455,0,
0.328,0.349,0.432,0,
0.336,0.363,0.493,0,
0.332,0.347,0.514,0,
0.354,0.376,0.473,0,
0.327,0.331,0.485,0,
0.32,0.348,0.427,0,
0.331,0.352,0.492,0,
0.337,0.356,0.472,0,
0.324,0.334,0.456,0,
0.329,0.341,0.526,0,
0.328,0.343,0.502,0,
0.327,0.345,0.486,0,
0.305,0.323,0.441,0,
0.324,0.347,0.478,0,
0.322,0.329,0.465,0,
0.319,0.321,0.454,0,
0.332,0.355,0.469,0,
0.336,0.355,0.504,0,
0.342,0.372,0.443,0,
0.311,0.331,0.431,0,
0.33,0.366,0.413,0,
0.306,0.33,0.424,0,
0.329,0.339,0.462,0,
0.328,0.334,0.437,0,
0.335,0.356,0.456,0,
0.344,0.367,0.464,0,
0.343,0.369,0.471,0,
0.335,0.357,0.431,0,
0.331,0.347,0.441,0,
0.333,0.339,0.539,0,
0.334,0.344,0.494,0,
0.332,0.369,0.417,0,
0.333,0.362,0.451,0,
0.332,0.348,0.502,0,
0.33,0.341,0.476,0,
0.333,0.363,0.453,0,
0.326,0.344,0.505,0,
0.335,0.348,0.489,0,
0.321,0.349,0.481,0,
0.33,0.344,0.473,0,
0.328,0.345,0.492,0,
0.329,0.33,0.498,0,
0.325,0.336,0.532,0,
0.33,0.346,0.454,0,
0.311,0.351,0.435,0,
0.337,0.358,0.543,0,
0.294,0.292,0.496,0,
0.331,0.346,0.453,0,
0.322,0.34,0.561,0,




Further Data analysis of all test cases 
avg med max min 
AVGs,0.33,0.331,0.354,0.292,
MEDs,0.35,0.351,0.387,0.292,
MAXs,0.468,0.467,0.575,0.379,
MINs,0,0,0,0,



