

Data analysis for each instance 
AVG,MED,MAX,MIN
0.781,0.76,1,0.721,
0.767,0.756,1,0.689,
0.796,0.772,1,0.741,
0.803,0.785,1,0.744,
0.802,0.784,1,0.748,
0.787,0.772,1,0.723,
0.779,0.752,1,0.733,
0.787,0.77,1,0.726,
0.796,0.774,1,0.732,
0.771,0.747,1,0.716,
0.779,0.762,1,0.715,
0.788,0.764,1,0.747,
0.8,0.784,1,0.745,
0.798,0.782,1,0.728,
0.797,0.768,1,0.751,
0.783,0.761,1,0.738,
0.806,0.789,1,0.758,
0.787,0.766,1,0.712,
0.772,0.748,1,0.706,
0.806,0.792,1,0.757,
0.806,0.788,1,0.749,
0.801,0.783,1,0.755,
0.793,0.773,1,0.741,
0.795,0.77,1,0.754,
0.801,0.787,1,0.746,
0.812,0.798,1,0.746,
0.794,0.774,1,0.744,
0.781,0.76,1,0.736,
0.791,0.766,1,0.752,
0.811,0.791,1,0.767,
0.797,0.776,1,0.726,
0.78,0.761,1,0.695,
0.793,0.772,1,0.734,
0.798,0.783,1,0.738,
0.793,0.766,1,0.727,
0.783,0.757,1,0.729,
0.797,0.78,1,0.723,
0.796,0.778,1,0.724,
0.805,0.792,1,0.736,
0.795,0.773,1,0.744,
0.791,0.776,1,0.71,
0.797,0.778,1,0.744,
0.781,0.76,1,0.724,
0.801,0.776,1,0.755,
0.819,0.802,1,0.776,
0.785,0.764,1,0.739,
0.809,0.792,1,0.751,
0.802,0.782,1,0.749,
0.798,0.781,1,0.747,
0.772,0.746,1,0.713,
0.795,0.776,1,0.747,
0.781,0.747,1,0.733,
0.774,0.752,1,0.718,
0.811,0.792,1,0.761,
0.793,0.774,1,0.739,
0.785,0.766,1,0.725,
0.792,0.775,1,0.733,
0.786,0.767,1,0.716,
0.784,0.752,1,0.725,
0.793,0.772,1,0.734,
0.801,0.784,1,0.741,
0.769,0.75,1,0.706,
0.801,0.78,1,0.752,
0.796,0.775,1,0.75,
0.803,0.784,1,0.746,
0.784,0.765,1,0.727,
0.797,0.78,1,0.739,
0.796,0.777,1,0.739,
0.793,0.772,1,0.751,
0.775,0.758,1,0.675,
0.795,0.768,1,0.737,
0.797,0.778,1,0.753,
0.775,0.753,1,0.712,
0.814,0.798,1,0.755,
0.796,0.779,1,0.739,
0.795,0.774,1,0.737,
0.808,0.785,1,0.762,
0.795,0.782,1,0.741,
0.795,0.775,1,0.736,
0.795,0.772,1,0.746,
0.783,0.758,1,0.728,
0.761,0.737,1,0.698,
0.79,0.768,1,0.731,
0.791,0.768,1,0.741,
0.797,0.776,1,0.733,
0.8,0.78,1,0.751,
0.797,0.792,1,0.727,
0.78,0.762,1,0.735,
0.775,0.746,1,0.708,
0.787,0.758,1,0.731,
0.777,0.752,1,0.718,
0.811,0.794,1,0.77,
0.789,0.77,1,0.737,
0.79,0.778,1,0.72,
0.808,0.793,1,0.754,
0.795,0.77,1,0.709,
0.783,0.76,1,0.727,
0.777,0.757,1,0.711,
0.791,0.771,1,0.737,
0.801,0.782,1,0.751,
0.802,0.791,1,0.727,
0.801,0.786,1,0.73,
0.816,0.8,1,0.759,
0.777,0.756,1,0.726,
0.815,0.794,1,0.779,
0.805,0.786,1,0.752,
0.793,0.769,1,0.742,
0.791,0.766,1,0.733,
0.802,0.776,1,0.733,
0.78,0.757,1,0.716,
0.796,0.778,1,0.736,
0.798,0.781,1,0.753,
0.78,0.76,1,0.74,
0.781,0.757,1,0.733,
0.797,0.784,1,0.74,
0.805,0.786,1,0.745,
0.778,0.75,1,0.724,
0.792,0.766,1,0.748,
0.775,0.758,1,0.707,
0.799,0.782,1,0.735,
0.804,0.79,1,0.751,
0.793,0.766,1,0.732,
0.789,0.772,1,0.743,
0.784,0.758,1,0.725,
0.783,0.758,1,0.706,
0.807,0.788,1,0.768,
0.792,0.776,1,0.732,
0.818,0.798,1,0.746,
0.804,0.786,1,0.736,
0.818,0.796,1,0.785,
0.784,0.767,1,0.714,
0.811,0.802,1,0.764,
0.794,0.769,1,0.736,
0.781,0.75,1,0.73,
0.774,0.76,1,0.717,
0.791,0.768,1,0.73,
0.803,0.78,1,0.758,
0.794,0.776,1,0.745,
0.803,0.778,1,0.755,
0.776,0.757,1,0.718,
0.8,0.785,1,0.744,
0.802,0.782,1,0.748,
0.802,0.784,1,0.764,
0.784,0.764,1,0.713,
0.785,0.766,1,0.717,
0.788,0.78,1,0.733,
0.801,0.778,1,0.735,
0.798,0.785,1,0.729,
0.795,0.784,1,0.733,
0.8,0.783,1,0.746,
0.791,0.77,1,0.714,
0.779,0.77,1,0.701,
0.781,0.77,1,0.704,
0.789,0.78,1,0.709,
0.789,0.766,1,0.735,
0.786,0.776,1,0.701,
0.803,0.784,1,0.76,
0.806,0.786,1,0.771,
0.807,0.792,1,0.743,
0.8,0.786,1,0.735,
0.789,0.776,1,0.696,
0.801,0.772,1,0.756,
0.779,0.76,1,0.709,
0.803,0.784,1,0.742,
0.798,0.786,1,0.74,
0.81,0.792,1,0.762,
0.817,0.802,1,0.758,
0.787,0.764,1,0.739,
0.797,0.774,1,0.747,
0.809,0.79,1,0.758,
0.793,0.766,1,0.756,
0.801,0.786,1,0.732,
0.807,0.792,1,0.737,
0.793,0.772,1,0.732,
0.788,0.773,1,0.715,
0.788,0.764,1,0.741,
0.817,0.797,1,0.785,
0.797,0.78,1,0.746,
0.792,0.769,1,0.731,
0.783,0.765,1,0.718,
0.796,0.772,1,0.75,
0.803,0.78,1,0.757,
0.792,0.767,1,0.754,
0.803,0.786,1,0.757,
0.788,0.782,1,0.721,
0.798,0.78,1,0.743,
0.802,0.782,1,0.744,
0.792,0.772,1,0.72,
0.778,0.76,1,0.699,
0.787,0.77,1,0.732,
0.801,0.779,1,0.753,
0.788,0.763,1,0.733,
0.792,0.77,1,0.726,
0.789,0.763,1,0.739,
0.801,0.782,1,0.76,
0.784,0.767,1,0.705,
0.79,0.778,1,0.727,
0.811,0.789,1,0.769,
0.787,0.766,1,0.742,
0.772,0.758,1,0.72,
0.821,0.809,1,0.773,
0.801,0.784,1,0.754,
0.795,0.776,1,0.746,
0.785,0.764,1,0.719,
0.784,0.762,1,0.746,
0.8,0.786,1,0.738,
0.795,0.778,1,0.733,
0.805,0.788,1,0.744,
0.788,0.766,1,0.699,
0.785,0.764,1,0.729,
0.783,0.754,1,0.74,
0.771,0.76,1,0.681,
0.784,0.758,1,0.719,
0.799,0.786,1,0.733,
0.797,0.788,1,0.739,
0.818,0.8,1,0.776,
0.796,0.785,1,0.718,
0.782,0.758,1,0.71,
0.782,0.764,1,0.707,
0.77,0.754,1,0.701,
0.782,0.764,1,0.725,
0.784,0.77,1,0.734,
0.784,0.771,1,0.722,
0.788,0.778,1,0.725,
0.792,0.77,1,0.716,
0.791,0.774,1,0.749,
0.783,0.762,1,0.708,
0.793,0.778,1,0.723,
0.8,0.779,1,0.748,
0.771,0.743,1,0.709,
0.803,0.778,1,0.752,
0.782,0.759,1,0.723,
0.783,0.762,1,0.709,
0.802,0.784,1,0.737,
0.779,0.765,1,0.707,
0.777,0.765,1,0.709,
0.805,0.785,1,0.762,
0.795,0.769,1,0.759,
0.807,0.788,1,0.744,
0.794,0.782,1,0.716,
0.78,0.755,1,0.728,
0.804,0.78,1,0.756,
0.802,0.784,1,0.737,
0.803,0.794,1,0.738,
0.806,0.794,1,0.747,
0.8,0.776,1,0.751,
0.81,0.793,1,0.753,
0.801,0.782,1,0.754,
0.792,0.772,1,0.747,
0.798,0.777,1,0.751,
0.806,0.788,1,0.756,
0.792,0.775,1,0.742,
0.783,0.759,1,0.735,
0.784,0.761,1,0.717,
0.792,0.768,1,0.736,
0.799,0.777,1,0.749,
0.788,0.767,1,0.731,
0.791,0.772,1,0.738,
0.79,0.771,1,0.737,
0.787,0.762,1,0.745,
0.801,0.778,1,0.738,
0.798,0.774,1,0.76,
0.804,0.772,1,0.76,
0.779,0.767,1,0.702,
0.803,0.779,1,0.753,
0.789,0.774,1,0.698,
0.807,0.794,1,0.749,
0.783,0.762,1,0.705,
0.796,0.775,1,0.741,
0.797,0.768,1,0.751,
0.789,0.768,1,0.744,
0.811,0.797,1,0.76,
0.773,0.752,1,0.707,
0.833,0.833,1,0.757,
0.799,0.776,1,0.76,
0.796,0.778,1,0.744,
0.795,0.768,1,0.732,
0.787,0.774,1,0.713,
0.792,0.778,1,0.719,
0.794,0.774,1,0.748,
0.772,0.744,1,0.706,
0.785,0.768,1,0.712,
0.787,0.764,1,0.729,
0.791,0.763,1,0.737,
0.788,0.762,1,0.729,
0.798,0.784,1,0.737,
0.8,0.782,1,0.755,
0.78,0.77,1,0.717,
0.79,0.772,1,0.741,
0.795,0.771,1,0.742,
0.798,0.776,1,0.741,
0.79,0.766,1,0.707,
0.799,0.784,1,0.722,
0.786,0.759,1,0.728,
0.799,0.776,1,0.744,
0.793,0.77,1,0.742,
0.803,0.786,1,0.747,
0.797,0.776,1,0.757,
0.803,0.783,1,0.75,
0.796,0.774,1,0.75,
0.798,0.776,1,0.747,
0.789,0.765,1,0.743,
0.8,0.796,1,0.715,
0.786,0.762,1,0.739,
0.796,0.783,1,0.733,
0.8,0.77,1,0.755,
0.81,0.794,1,0.753,
0.816,0.794,1,0.769,
0.789,0.774,1,0.721,
0.784,0.766,1,0.712,
0.813,0.789,1,0.755,
0.79,0.772,1,0.725,
0.808,0.794,1,0.753,
0.797,0.779,1,0.738,
0.782,0.762,1,0.729,
0.79,0.768,1,0.734,
0.792,0.766,1,0.752,
0.796,0.776,1,0.748,
0.776,0.756,1,0.726,
0.812,0.8,1,0.742,
0.793,0.774,1,0.746,
0.789,0.767,1,0.737,
0.782,0.758,1,0.741,
0.794,0.773,1,0.74,
0.801,0.776,1,0.756,
0.766,0.746,1,0.68,
0.793,0.78,1,0.717,
0.787,0.766,1,0.736,
0.796,0.786,1,0.721,
0.812,0.79,1,0.779,
0.808,0.792,1,0.742,
0.786,0.761,1,0.723,
0.792,0.774,1,0.734,
0.784,0.76,1,0.734,
0.792,0.768,1,0.739,
0.795,0.786,1,0.718,
0.786,0.772,1,0.722,
0.787,0.774,1,0.711,
0.767,0.745,1,0.71,
0.785,0.762,1,0.741,
0.798,0.776,1,0.74,
0.793,0.77,1,0.723,
0.793,0.776,1,0.741,
0.792,0.776,1,0.719,
0.784,0.766,1,0.73,
0.795,0.772,1,0.746,
0.786,0.767,1,0.726,
0.796,0.765,1,0.745,
0.782,0.759,1,0.727,
0.796,0.774,1,0.72,
0.799,0.774,1,0.758,
0.802,0.774,1,0.755,
0.794,0.772,1,0.741,
0.794,0.772,1,0.734,
0.794,0.777,1,0.743,
0.784,0.764,1,0.714,
0.791,0.772,1,0.746,
0.791,0.772,1,0.744,
0.8,0.78,1,0.725,
0.773,0.746,1,0.707,
0.788,0.762,1,0.74,
0.777,0.761,1,0.713,
0.799,0.772,1,0.732,
0.805,0.792,1,0.742,
0.795,0.778,1,0.734,
0.783,0.764,1,0.712,
0.782,0.761,1,0.733,
0.801,0.78,1,0.745,
0.816,0.795,1,0.769,
0.794,0.776,1,0.731,
0.776,0.755,1,0.718,
0.798,0.771,1,0.759,
0.772,0.748,1,0.711,
0.783,0.766,1,0.723,
0.802,0.791,1,0.735,
0.795,0.778,1,0.732,
0.801,0.78,1,0.716,
0.796,0.775,1,0.753,
0.782,0.756,1,0.735,
0.797,0.775,1,0.747,
0.795,0.779,1,0.724,
0.8,0.788,1,0.742,
0.787,0.764,1,0.729,
0.799,0.776,1,0.748,
0.798,0.784,1,0.73,
0.793,0.77,1,0.751,
0.786,0.769,1,0.737,
0.779,0.758,1,0.718,
0.803,0.786,1,0.733,
0.799,0.78,1,0.74,
0.782,0.762,1,0.73,
0.783,0.763,1,0.718,
0.79,0.767,1,0.734,
0.798,0.782,1,0.748,
0.787,0.767,1,0.725,
0.802,0.78,1,0.76,
0.79,0.776,1,0.727,
0.793,0.766,1,0.745,
0.791,0.767,1,0.753,
0.804,0.784,1,0.739,
0.785,0.765,1,0.726,
0.786,0.772,1,0.724,
0.767,0.738,1,0.726,
0.808,0.79,1,0.756,
0.783,0.762,1,0.723,
0.809,0.794,1,0.735,
0.801,0.777,1,0.739,
0.786,0.762,1,0.717,
0.818,0.808,1,0.774,
0.79,0.768,1,0.747,
0.796,0.774,1,0.728,
0.806,0.788,1,0.754,
0.802,0.781,1,0.765,
0.787,0.764,1,0.741,
0.782,0.756,1,0.738,
0.81,0.798,1,0.751,
0.769,0.761,1,0.706,
0.805,0.786,1,0.762,
0.785,0.764,1,0.736,
0.78,0.762,1,0.716,
0.796,0.77,1,0.747,
0.784,0.758,1,0.726,
0.789,0.763,1,0.725,
0.815,0.796,1,0.772,
0.802,0.78,1,0.757,
0.782,0.762,1,0.718,
0.787,0.77,1,0.715,
0.801,0.782,1,0.751,
0.8,0.776,1,0.758,
0.793,0.772,1,0.731,
0.788,0.775,1,0.7,
0.79,0.766,1,0.745,
0.798,0.784,1,0.729,
0.786,0.762,1,0.73,
0.795,0.778,1,0.744,
0.813,0.795,1,0.749,
0.795,0.772,1,0.746,
0.781,0.76,1,0.73,
0.792,0.776,1,0.727,
0.8,0.782,1,0.751,
0.812,0.799,1,0.746,
0.796,0.774,1,0.754,
0.805,0.786,1,0.76,
0.789,0.766,1,0.724,
0.804,0.788,1,0.74,
0.806,0.789,1,0.757,
0.802,0.79,1,0.731,
0.794,0.77,1,0.743,
0.79,0.766,1,0.742,
0.796,0.778,1,0.759,
0.796,0.776,1,0.737,
0.789,0.76,1,0.748,
0.8,0.789,1,0.744,
0.797,0.785,1,0.752,
0.808,0.791,1,0.752,
0.784,0.76,1,0.735,
0.784,0.761,1,0.734,
0.789,0.76,1,0.729,
0.795,0.774,1,0.749,
0.806,0.786,1,0.768,
0.792,0.774,1,0.743,
0.794,0.776,1,0.733,
0.801,0.782,1,0.726,
0.79,0.769,1,0.714,
0.794,0.774,1,0.751,
0.789,0.77,1,0.737,
0.808,0.794,1,0.738,
0.808,0.788,1,0.771,
0.788,0.77,1,0.726,
0.794,0.776,1,0.745,
0.788,0.76,1,0.728,
0.787,0.757,1,0.748,
0.789,0.759,1,0.732,
0.791,0.77,1,0.742,
0.811,0.799,1,0.752,
0.787,0.772,1,0.727,
0.806,0.787,1,0.761,
0.802,0.786,1,0.745,
0.778,0.761,1,0.72,
0.797,0.782,1,0.736,
0.809,0.791,1,0.75,
0.806,0.789,1,0.762,
0.778,0.746,1,0.731,
0.8,0.775,1,0.75,
0.795,0.773,1,0.749,
0.782,0.764,1,0.742,
0.788,0.772,1,0.734,
0.785,0.758,1,0.734,
0.813,0.799,1,0.769,
0.79,0.766,1,0.729,
0.794,0.776,1,0.72,
0.799,0.787,1,0.707,
0.792,0.772,1,0.733,
0.805,0.79,1,0.76,
0.788,0.76,1,0.751,
0.79,0.766,1,0.742,
0.794,0.77,1,0.733,
0.798,0.778,1,0.74,
0.804,0.787,1,0.75,
0.792,0.778,1,0.718,
0.803,0.783,1,0.745,
0.793,0.78,1,0.719,
0.79,0.766,1,0.744,
0.791,0.766,1,0.723,
0.79,0.774,1,0.716,
0.796,0.775,1,0.751,
0.8,0.786,1,0.737,
0.807,0.786,1,0.768,
0.797,0.776,1,0.739,
0.795,0.789,1,0.724,
0.799,0.782,1,0.734,
0.792,0.764,1,0.742,
0.785,0.763,1,0.745,
0.791,0.77,1,0.734,
0.793,0.772,1,0.735,
0.806,0.778,1,0.745,
0.78,0.768,1,0.718,
0.805,0.788,1,0.766,
0.797,0.774,1,0.749,
0.792,0.776,1,0.732,
0.803,0.797,1,0.75,
0.774,0.746,1,0.685,
0.8,0.776,1,0.743,
0.811,0.801,1,0.745,
0.802,0.786,1,0.734,
0.775,0.758,1,0.712,
0.799,0.782,1,0.739,
0.8,0.781,1,0.746,
0.8,0.782,1,0.753,
0.794,0.779,1,0.721,
0.795,0.774,1,0.755,
0.813,0.792,1,0.768,
0.776,0.756,1,0.732,
0.794,0.781,1,0.738,
0.798,0.778,1,0.74,
0.794,0.771,1,0.756,
0.76,0.74,1,0.697,
0.725,0.696,1,0.669,
0.758,0.731,1,0.686,
0.73,0.711,1,0.645,
0.753,0.729,1,0.7,
0.75,0.733,1,0.68,
0.73,0.7,1,0.66,
0.751,0.724,1,0.697,
0.754,0.73,1,0.704,
0.733,0.714,1,0.645,
0.761,0.736,1,0.697,
0.739,0.709,1,0.674,
0.736,0.709,1,0.671,
0.752,0.724,1,0.701,
0.747,0.713,1,0.69,
0.755,0.728,1,0.69,
0.742,0.71,1,0.676,
0.741,0.716,1,0.666,
0.747,0.724,1,0.683,
0.759,0.738,1,0.692,
0.753,0.722,1,0.69,
0.749,0.712,1,0.695,
0.757,0.73,1,0.692,
0.746,0.726,1,0.673,
0.732,0.7,1,0.665,
0.758,0.736,1,0.696,
0.751,0.724,1,0.689,
0.743,0.719,1,0.67,
0.737,0.712,1,0.683,
0.748,0.736,1,0.674,
0.743,0.718,1,0.67,
0.744,0.717,1,0.696,
0.759,0.732,1,0.7,
0.745,0.714,1,0.688,
0.728,0.693,1,0.647,
0.742,0.723,1,0.677,
0.739,0.71,1,0.674,
0.728,0.727,1,0.63,
0.743,0.714,1,0.688,
0.735,0.699,1,0.679,
0.756,0.738,1,0.674,
0.744,0.728,1,0.668,
0.733,0.708,1,0.653,
0.754,0.726,1,0.686,
0.734,0.718,1,0.657,
0.754,0.74,1,0.672,
0.749,0.73,1,0.67,
0.74,0.712,1,0.669,
0.749,0.726,1,0.687,
0.758,0.732,1,0.69,
0.758,0.738,1,0.705,
0.735,0.71,1,0.669,
0.751,0.726,1,0.687,
0.737,0.719,1,0.647,
0.752,0.735,1,0.665,
0.736,0.708,1,0.666,
0.748,0.726,1,0.676,
0.773,0.754,1,0.718,
0.748,0.727,1,0.672,
0.751,0.72,1,0.687,
0.751,0.73,1,0.691,
0.75,0.716,1,0.711,
0.745,0.716,1,0.677,
0.744,0.721,1,0.661,
0.751,0.734,1,0.684,
0.738,0.714,1,0.666,
0.753,0.733,1,0.687,
0.766,0.75,1,0.683,
0.752,0.724,1,0.694,
0.742,0.706,1,0.668,
0.758,0.741,1,0.688,
0.732,0.706,1,0.674,
0.747,0.728,1,0.66,
0.775,0.751,1,0.728,
0.758,0.734,1,0.711,
0.75,0.729,1,0.687,
0.749,0.732,1,0.681,
0.744,0.72,1,0.677,
0.753,0.732,1,0.699,
0.75,0.72,1,0.686,
0.742,0.723,1,0.669,
0.764,0.747,1,0.699,
0.738,0.706,1,0.68,
0.745,0.719,1,0.685,
0.746,0.712,1,0.675,
0.737,0.717,1,0.669,
0.748,0.722,1,0.677,
0.767,0.738,1,0.706,
0.741,0.717,1,0.657,
0.74,0.713,1,0.669,
0.746,0.724,1,0.694,
0.751,0.719,1,0.686,
0.744,0.715,1,0.682,
0.755,0.725,1,0.69,
0.75,0.716,1,0.668,
0.748,0.717,1,0.689,
0.763,0.74,1,0.708,
0.749,0.726,1,0.664,
0.753,0.732,1,0.684,
0.747,0.734,1,0.667,
0.748,0.722,1,0.671,
0.753,0.73,1,0.693,
0.736,0.71,1,0.64,
0.748,0.722,1,0.681,
0.756,0.737,1,0.707,
0.766,0.736,1,0.713,
0.754,0.735,1,0.672,
0.748,0.732,1,0.666,
0.741,0.727,1,0.651,
0.747,0.726,1,0.66,
0.763,0.741,1,0.72,
0.74,0.726,1,0.668,
0.748,0.72,1,0.697,
0.747,0.722,1,0.698,
0.769,0.741,1,0.717,
0.741,0.726,1,0.66,
0.736,0.717,1,0.657,
0.764,0.744,1,0.693,
0.749,0.721,1,0.665,
0.733,0.708,1,0.658,
0.744,0.72,1,0.675,
0.748,0.716,1,0.705,
0.727,0.692,1,0.654,
0.745,0.714,1,0.65,
0.741,0.717,1,0.675,
0.752,0.726,1,0.706,
0.756,0.736,1,0.704,
0.755,0.736,1,0.701,
0.754,0.739,1,0.683,
0.737,0.715,1,0.666,
0.759,0.744,1,0.678,
0.769,0.744,1,0.724,
0.767,0.74,1,0.7,
0.748,0.712,1,0.7,
0.743,0.72,1,0.684,
0.75,0.73,1,0.693,
0.746,0.727,1,0.67,
0.75,0.723,1,0.691,
0.754,0.73,1,0.706,
0.755,0.737,1,0.685,
0.736,0.704,1,0.678,
0.757,0.728,1,0.694,
0.744,0.714,1,0.665,
0.749,0.718,1,0.695,
0.77,0.75,1,0.7,
0.744,0.723,1,0.671,
0.758,0.738,1,0.695,
0.747,0.727,1,0.682,
0.74,0.712,1,0.685,
0.738,0.71,1,0.666,
0.743,0.722,1,0.68,
0.748,0.72,1,0.692,
0.744,0.714,1,0.683,
0.73,0.702,1,0.65,
0.758,0.748,1,0.68,
0.749,0.728,1,0.669,
0.754,0.734,1,0.697,
0.751,0.739,1,0.674,
0.733,0.706,1,0.685,
0.77,0.754,1,0.7,
0.737,0.705,1,0.678,
0.742,0.704,1,0.676,
0.775,0.748,1,0.723,
0.746,0.725,1,0.665,
0.746,0.728,1,0.676,
0.752,0.725,1,0.696,
0.751,0.723,1,0.672,
0.767,0.742,1,0.695,
0.744,0.722,1,0.686,
0.748,0.722,1,0.684,
0.774,0.756,1,0.714,
0.721,0.688,1,0.659,
0.738,0.712,1,0.677,
0.748,0.722,1,0.679,
0.75,0.724,1,0.7,
0.738,0.698,1,0.663,
0.731,0.706,1,0.676,
0.745,0.722,1,0.683,
0.748,0.724,1,0.694,
0.738,0.696,1,0.686,
0.749,0.718,1,0.674,
0.755,0.736,1,0.669,
0.758,0.734,1,0.688,
0.748,0.725,1,0.666,
0.748,0.723,1,0.695,
0.762,0.74,1,0.701,
0.761,0.742,1,0.699,
0.741,0.719,1,0.684,
0.751,0.726,1,0.678,
0.769,0.75,1,0.705,
0.759,0.736,1,0.696,
0.739,0.699,1,0.68,
0.757,0.734,1,0.691,
0.758,0.74,1,0.701,
0.748,0.716,1,0.693,
0.738,0.724,1,0.651,
0.759,0.744,1,0.673,
0.762,0.746,1,0.694,
0.726,0.691,1,0.669,
0.75,0.74,1,0.668,
0.762,0.734,1,0.718,
0.736,0.704,1,0.652,
0.736,0.71,1,0.659,
0.746,0.715,1,0.674,
0.771,0.746,1,0.73,
0.738,0.717,1,0.664,
0.753,0.736,1,0.662,
0.744,0.722,1,0.688,
0.74,0.716,1,0.642,
0.772,0.748,1,0.715,
0.74,0.715,1,0.676,
0.747,0.715,1,0.669,
0.737,0.71,1,0.676,
0.743,0.712,1,0.683,
0.748,0.722,1,0.662,
0.739,0.724,1,0.656,
0.756,0.724,1,0.698,
0.738,0.708,1,0.681,
0.739,0.714,1,0.649,
0.743,0.714,1,0.664,
0.753,0.732,1,0.699,
0.762,0.74,1,0.7,
0.665,0.622,1,0.611,
0.733,0.706,1,0.662,
0.742,0.724,1,0.666,
0.742,0.699,1,0.681,
0.74,0.71,1,0.669,
0.765,0.742,1,0.71,
0.746,0.722,1,0.681,
0.752,0.73,1,0.658,
0.753,0.728,1,0.675,
0.738,0.71,1,0.671,
0.739,0.716,1,0.673,
0.756,0.736,1,0.667,
0.752,0.732,1,0.694,
0.761,0.734,1,0.684,
0.742,0.717,1,0.684,
0.753,0.735,1,0.676,
0.768,0.744,1,0.696,
0.73,0.702,1,0.628,
0.759,0.733,1,0.702,
0.733,0.698,1,0.656,
0.741,0.716,1,0.665,
0.762,0.726,1,0.7,
0.746,0.716,1,0.688,
0.751,0.736,1,0.665,
0.745,0.722,1,0.661,
0.746,0.715,1,0.697,
0.765,0.741,1,0.706,
0.734,0.708,1,0.678,
0.749,0.712,1,0.705,
0.746,0.716,1,0.681,
0.756,0.736,1,0.673,
0.753,0.734,1,0.673,
0.752,0.74,1,0.68,
0.736,0.708,1,0.685,
0.747,0.724,1,0.695,
0.755,0.736,1,0.672,
0.744,0.724,1,0.667,
0.739,0.722,1,0.668,
0.741,0.719,1,0.663,
0.764,0.742,1,0.717,
0.749,0.724,1,0.67,
0.75,0.727,1,0.698,
0.732,0.702,1,0.674,
0.736,0.722,1,0.661,
0.754,0.728,1,0.701,
0.748,0.728,1,0.661,
0.728,0.7,1,0.677,
0.772,0.751,1,0.716,
0.743,0.72,1,0.698,
0.736,0.708,1,0.672,
0.746,0.718,1,0.661,
0.762,0.738,1,0.704,
0.748,0.73,1,0.664,
0.729,0.704,1,0.664,
0.754,0.73,1,0.684,
0.754,0.732,1,0.684,
0.762,0.736,1,0.713,
0.731,0.708,1,0.66,
0.745,0.728,1,0.655,
0.753,0.734,1,0.659,
0.755,0.728,1,0.698,
0.733,0.706,1,0.665,
0.743,0.714,1,0.67,
0.753,0.724,1,0.691,
0.753,0.724,1,0.662,
0.715,0.68,1,0.644,
0.755,0.726,1,0.694,
0.73,0.709,1,0.662,
0.74,0.711,1,0.677,
0.75,0.724,1,0.699,
0.758,0.738,1,0.699,
0.745,0.718,1,0.669,
0.746,0.725,1,0.677,
0.761,0.746,1,0.692,
0.744,0.724,1,0.683,
0.73,0.706,1,0.645,
0.747,0.721,1,0.664,
0.757,0.734,1,0.688,
0.759,0.734,1,0.706,
0.741,0.72,1,0.678,
0.754,0.726,1,0.703,
0.748,0.716,1,0.696,
0.744,0.728,1,0.677,
0.738,0.722,1,0.67,
0.76,0.742,1,0.669,
0.74,0.71,1,0.688,
0.744,0.722,1,0.671,
0.749,0.724,1,0.699,
0.747,0.724,1,0.674,
0.747,0.722,1,0.687,
0.766,0.758,1,0.691,
0.751,0.732,1,0.65,
0.756,0.734,1,0.669,
0.748,0.722,1,0.688,
0.743,0.718,1,0.677,
0.748,0.72,1,0.677,
0.748,0.72,1,0.685,
0.732,0.707,1,0.658,
0.74,0.716,1,0.665,
0.747,0.73,1,0.674,
0.747,0.719,1,0.691,
0.759,0.736,1,0.667,
0.762,0.737,1,0.699,
0.767,0.744,1,0.703,
0.758,0.73,1,0.691,
0.743,0.722,1,0.674,
0.73,0.704,1,0.662,
0.75,0.728,1,0.681,
0.765,0.748,1,0.706,
0.74,0.706,1,0.686,
0.741,0.714,1,0.678,
0.753,0.72,1,0.693,
0.737,0.712,1,0.669,
0.747,0.716,1,0.687,
0.751,0.718,1,0.69,
0.764,0.738,1,0.707,
0.761,0.746,1,0.695,
0.737,0.71,1,0.676,
0.759,0.737,1,0.695,
0.761,0.736,1,0.7,
0.733,0.708,1,0.672,
0.751,0.731,1,0.692,
0.754,0.742,1,0.683,
0.74,0.72,1,0.687,
0.749,0.728,1,0.676,
0.75,0.73,1,0.693,
0.757,0.739,1,0.696,
0.754,0.74,1,0.672,
0.74,0.724,1,0.652,
0.755,0.731,1,0.698,
0.755,0.731,1,0.7,
0.762,0.74,1,0.704,
0.757,0.728,1,0.689,
0.745,0.718,1,0.678,
0.763,0.738,1,0.716,
0.753,0.725,1,0.695,
0.738,0.705,1,0.688,
0.733,0.7,1,0.664,
0.741,0.72,1,0.691,
0.758,0.736,1,0.68,
0.728,0.704,1,0.655,
0.757,0.726,1,0.699,
0.759,0.732,1,0.702,
0.757,0.734,1,0.671,
0.717,0.672,1,0.646,
0.759,0.73,1,0.713,
0.751,0.728,1,0.693,
0.755,0.741,1,0.671,
0.76,0.734,1,0.711,
0.766,0.734,1,0.704,
0.765,0.734,1,0.717,
0.751,0.726,1,0.678,
0.755,0.728,1,0.704,
0.738,0.71,1,0.686,
0.763,0.748,1,0.708,
0.758,0.736,1,0.696,
0.752,0.725,1,0.71,
0.76,0.738,1,0.694,
0.745,0.722,1,0.676,
0.747,0.72,1,0.686,
0.739,0.713,1,0.68,
0.737,0.719,1,0.655,
0.797,0.782,1,0.751,
0.796,0.773,1,0.745,
0.789,0.768,1,0.735,
0.798,0.774,1,0.748,
0.79,0.774,1,0.718,
0.791,0.77,1,0.727,
0.791,0.762,1,0.726,
0.797,0.778,1,0.741,
0.798,0.773,1,0.742,
0.791,0.773,1,0.742,
0.798,0.781,1,0.747,
0.799,0.778,1,0.759,
0.804,0.792,1,0.707,
0.787,0.756,1,0.74,
0.796,0.774,1,0.748,
0.805,0.787,1,0.766,
0.793,0.776,1,0.73,
0.807,0.793,1,0.732,
0.781,0.76,1,0.728,
0.804,0.79,1,0.755,
0.798,0.782,1,0.738,
0.816,0.802,1,0.752,
0.79,0.77,1,0.744,
0.806,0.783,1,0.763,
0.8,0.776,1,0.757,
0.794,0.774,1,0.746,
0.782,0.76,1,0.711,
0.805,0.79,1,0.745,
0.792,0.77,1,0.736,
0.793,0.773,1,0.742,
0.786,0.764,1,0.737,
0.807,0.796,1,0.733,
0.725,0.696,1,0.645,
0.752,0.727,1,0.677,
0.813,0.798,1,0.769,
0.769,0.744,1,0.723,
0.755,0.73,1,0.702,
0.741,0.71,1,0.667,
0.751,0.726,1,0.671,
0.747,0.726,1,0.67,
0.767,0.746,1,0.704,
0.764,0.74,1,0.72,
0.763,0.75,1,0.667,
0.743,0.731,1,0.626,
0.766,0.746,1,0.717,
0.749,0.724,1,0.685,
0.748,0.72,1,0.675,
0.751,0.732,1,0.675,
0.78,0.761,1,0.714,
0.794,0.772,1,0.745,
0.796,0.774,1,0.753,
0.784,0.763,1,0.721,
0.783,0.761,1,0.708,
0.801,0.783,1,0.736,
0.786,0.758,1,0.729,
0.796,0.787,1,0.729,
0.797,0.774,1,0.742,
0.808,0.792,1,0.76,
0.805,0.792,1,0.748,
0.795,0.776,1,0.723,
0.78,0.757,1,0.729,
0.808,0.795,1,0.746,
0.79,0.768,1,0.725,
0.77,0.756,1,0.694,
0.765,0.734,1,0.702,
0.766,0.748,1,0.699,
0.749,0.736,1,0.671,
0.746,0.721,1,0.692,
0.746,0.715,1,0.689,
0.747,0.728,1,0.656,
0.731,0.706,1,0.671,
0.753,0.73,1,0.677,
0.737,0.708,1,0.681,
0.755,0.727,1,0.694,
0.732,0.704,1,0.676,
0.753,0.724,1,0.698,
0.75,0.724,1,0.695,
0.745,0.716,1,0.685,
0.739,0.713,1,0.671,
0.759,0.74,1,0.677,


0.66,0.609,1,0.598,
0.655,0.603,1,0.601,
0.654,0.6,1,0.594,
0.663,0.617,1,0.602,
0.647,0.595,1,0.591,
0.664,0.611,1,0.604,
0.669,0.621,1,0.612,
0.641,0.583,1,0.572,
0.676,0.638,1,0.608,
0.674,0.63,1,0.628,
0.67,0.617,1,0.616,
0.67,0.628,1,0.6,
0.674,0.629,1,0.605,
0.66,0.616,1,0.593,
0.67,0.627,1,0.607,
0.662,0.612,1,0.591,
0.645,0.589,1,0.583,
0.677,0.636,1,0.616,
0.673,0.623,1,0.614,
0.65,0.597,1,0.576,
0.66,0.61,1,0.589,
0.667,0.621,1,0.597,
0.679,0.633,1,0.613,
0.678,0.637,1,0.612,
0.671,0.631,1,0.606,
0.673,0.631,1,0.589,
0.664,0.615,1,0.59,
0.653,0.609,1,0.587,
0.677,0.633,1,0.613,
0.663,0.61,1,0.592,
0.683,0.631,1,0.626,
0.66,0.602,1,0.599,
0.674,0.628,1,0.615,
0.655,0.609,1,0.574,
0.666,0.611,1,0.602,
0.673,0.633,1,0.611,
0.646,0.609,1,0.561,
0.645,0.593,1,0.588,
0.655,0.617,1,0.595,
0.667,0.623,1,0.587,
0.672,0.627,1,0.613,
0.65,0.595,1,0.579,
0.651,0.595,1,0.58,
0.675,0.634,1,0.611,
0.654,0.593,1,0.585,
0.636,0.575,1,0.565,
0.656,0.599,1,0.589,
0.641,0.583,1,0.582,
0.642,0.584,1,0.569,
0.682,0.633,1,0.63,
0.657,0.605,1,0.594,
0.651,0.599,1,0.582,
0.644,0.585,1,0.583,
0.649,0.607,1,0.573,
0.67,0.617,1,0.611,
0.655,0.601,1,0.597,
0.664,0.618,1,0.596,
0.644,0.597,1,0.578,
0.661,0.609,1,0.591,
0.648,0.587,1,0.575,
0.663,0.618,1,0.608,
0.654,0.607,1,0.59,
0.66,0.613,1,0.597,
0.656,0.6,1,0.587,
0.665,0.619,1,0.603,
0.654,0.597,1,0.595,
0.658,0.607,1,0.596,
0.673,0.621,1,0.616,
0.64,0.585,1,0.581,
0.656,0.605,1,0.603,
0.636,0.579,1,0.576,
0.672,0.627,1,0.611,
0.657,0.605,1,0.587,
0.651,0.601,1,0.585,
0.652,0.604,1,0.564,
0.672,0.623,1,0.609,
0.667,0.623,1,0.602,
0.652,0.596,1,0.566,
0.671,0.627,1,0.601,
0.651,0.597,1,0.586,
0.654,0.599,1,0.594,
0.636,0.587,1,0.571,
0.663,0.612,1,0.605,
0.65,0.604,1,0.57,
0.67,0.622,1,0.621,
0.669,0.615,1,0.605,
0.639,0.585,1,0.567,
0.674,0.62,1,0.618,
0.649,0.593,1,0.58,
0.657,0.604,1,0.603,
0.651,0.597,1,0.591,
0.664,0.617,1,0.598,
0.651,0.597,1,0.585,
0.659,0.612,1,0.57,
0.641,0.585,1,0.582,
0.664,0.617,1,0.603,
0.643,0.589,1,0.583,
0.667,0.625,1,0.601,
0.681,0.638,1,0.627,
0.654,0.613,1,0.588,
0.677,0.625,1,0.624,
0.682,0.647,1,0.614,
0.673,0.621,1,0.609,
0.664,0.62,1,0.606,
0.67,0.619,1,0.619,
0.659,0.613,1,0.589,
0.66,0.604,1,0.597,
0.663,0.609,1,0.599,
0.639,0.593,1,0.564,
0.664,0.605,1,0.603,
0.674,0.627,1,0.62,
0.626,0.554,1,0.545,
0.66,0.611,1,0.602,
0.678,0.63,1,0.596,
0.662,0.603,1,0.588,
0.675,0.633,1,0.618,
0.651,0.597,1,0.587,
0.659,0.61,1,0.584,
0.697,0.656,1,0.656,
0.648,0.587,1,0.585,
0.651,0.606,1,0.57,
0.653,0.609,1,0.582,
0.641,0.585,1,0.585,
0.675,0.626,1,0.623,
0.648,0.591,1,0.581,
0.648,0.601,1,0.568,
0.686,0.648,1,0.63,
0.657,0.602,1,0.599,
0.661,0.61,1,0.594,
0.673,0.625,1,0.614,
0.649,0.605,1,0.58,
0.662,0.616,1,0.611,
0.658,0.607,1,0.585,
0.665,0.617,1,0.615,
0.652,0.591,1,0.586,
0.651,0.596,1,0.594,
0.658,0.608,1,0.608,
0.664,0.607,1,0.601,
0.66,0.605,1,0.603,
0.66,0.599,1,0.592,
0.654,0.595,1,0.593,
0.627,0.563,1,0.549,
0.674,0.625,1,0.611,
0.652,0.6,1,0.581,
0.654,0.6,1,0.594,
0.655,0.603,1,0.594,
0.662,0.61,1,0.605,
0.675,0.626,1,0.621,
0.646,0.583,1,0.573,
0.665,0.615,1,0.597,
0.655,0.599,1,0.595,
0.646,0.595,1,0.59,
0.675,0.633,1,0.617,
0.642,0.599,1,0.577,
0.646,0.595,1,0.579,
0.655,0.603,1,0.588,
0.669,0.632,1,0.593,
0.656,0.607,1,0.588,
0.668,0.623,1,0.592,
0.667,0.62,1,0.611,
0.674,0.624,1,0.614,
0.651,0.595,1,0.593,
0.677,0.631,1,0.625,
0.65,0.593,1,0.586,
0.664,0.611,1,0.603,
0.66,0.611,1,0.578,
0.663,0.617,1,0.576,
0.665,0.609,1,0.603,
0.646,0.595,1,0.583,
0.654,0.605,1,0.597,
0.656,0.612,1,0.585,
0.663,0.617,1,0.586,
0.655,0.599,1,0.59,
0.665,0.619,1,0.592,
0.668,0.617,1,0.614,
0.643,0.588,1,0.574,
0.652,0.599,1,0.589,
0.662,0.611,1,0.604,
0.665,0.612,1,0.611,
0.65,0.592,1,0.588,
0.664,0.62,1,0.602,
0.676,0.637,1,0.628,
0.656,0.608,1,0.592,
0.686,0.653,1,0.628,
0.663,0.619,1,0.601,
0.676,0.633,1,0.607,
0.652,0.597,1,0.583,
0.656,0.598,1,0.594,
0.678,0.635,1,0.61,
0.66,0.608,1,0.594,
0.661,0.619,1,0.598,
0.624,0.573,1,0.557,
0.641,0.591,1,0.574,
0.648,0.601,1,0.568,
0.672,0.629,1,0.609,
0.645,0.597,1,0.577,
0.641,0.585,1,0.577,
0.671,0.616,1,0.613,
0.681,0.635,1,0.617,
0.638,0.591,1,0.565,
0.656,0.611,1,0.592,
0.681,0.639,1,0.626,
0.675,0.633,1,0.615,
0.684,0.639,1,0.624,
0.672,0.625,1,0.622,
0.653,0.603,1,0.591,
0.676,0.636,1,0.608,
0.679,0.639,1,0.618,
0.658,0.603,1,0.596,
0.639,0.581,1,0.579,
0.682,0.645,1,0.62,
0.647,0.589,1,0.579,
0.657,0.602,1,0.601,
0.667,0.617,1,0.598,
0.657,0.617,1,0.595,
0.649,0.597,1,0.591,
0.681,0.642,1,0.623,
0.627,0.565,1,0.561,
0.644,0.583,1,0.577,
0.649,0.59,1,0.587,
0.651,0.593,1,0.59,
0.666,0.617,1,0.6,
0.655,0.599,1,0.596,
0.654,0.599,1,0.582,
0.672,0.627,1,0.605,
0.661,0.611,1,0.611,
0.673,0.633,1,0.609,
0.667,0.624,1,0.603,
0.663,0.619,1,0.583,
0.649,0.596,1,0.595,
0.651,0.598,1,0.593,
0.685,0.639,1,0.619,
0.683,0.642,1,0.622,
0.666,0.629,1,0.592,
0.688,0.643,1,0.638,
0.675,0.633,1,0.6,
0.657,0.606,1,0.588,
0.68,0.63,1,0.625,
0.639,0.584,1,0.581,
0.636,0.585,1,0.568,
0.681,0.638,1,0.614,
0.69,0.652,1,0.624,
0.653,0.601,1,0.594,
0.65,0.595,1,0.593,
0.653,0.608,1,0.572,
0.665,0.617,1,0.603,
0.652,0.597,1,0.584,
0.64,0.583,1,0.567,
0.659,0.607,1,0.603,
0.647,0.599,1,0.578,
0.656,0.602,1,0.589,
0.663,0.607,1,0.605,
0.649,0.592,1,0.59,
0.657,0.609,1,0.599,
0.658,0.601,1,0.591,
0.642,0.584,1,0.582,
0.682,0.635,1,0.632,
0.658,0.604,1,0.598,
0.687,0.646,1,0.631,
0.693,0.651,1,0.624,
0.654,0.603,1,0.6,
0.657,0.599,1,0.584,
0.656,0.603,1,0.596,
0.685,0.643,1,0.638,
0.665,0.617,1,0.601,
0.645,0.584,1,0.578,
0.648,0.603,1,0.586,
0.655,0.607,1,0.593,
0.674,0.639,1,0.615,
0.645,0.606,1,0.567,
0.676,0.642,1,0.609,
0.654,0.601,1,0.598,
0.658,0.604,1,0.602,
0.657,0.599,1,0.595,
0.664,0.618,1,0.604,
0.644,0.585,1,0.581,
0.663,0.611,1,0.608,
0.652,0.601,1,0.598,
0.663,0.615,1,0.596,
0.652,0.591,1,0.586,
0.664,0.613,1,0.609,
0.691,0.649,1,0.636,
0.679,0.643,1,0.602,
0.646,0.595,1,0.585,
0.697,0.663,1,0.644,
0.63,0.569,1,0.559,
0.67,0.624,1,0.602,
0.648,0.596,1,0.586,
0.646,0.593,1,0.589,
0.673,0.63,1,0.611,
0.659,0.603,1,0.594,
0.671,0.619,1,0.609,
0.669,0.613,1,0.606,
0.655,0.603,1,0.581,
0.655,0.609,1,0.57,
0.65,0.589,1,0.581,
0.633,0.572,1,0.564,
0.661,0.604,1,0.603,
0.671,0.625,1,0.594,
0.657,0.609,1,0.59,
0.664,0.616,1,0.605,
0.665,0.621,1,0.613,
0.661,0.619,1,0.594,
0.668,0.619,1,0.607,
0.662,0.611,1,0.593,
0.693,0.655,1,0.631,
0.66,0.607,1,0.602,
0.699,0.653,1,0.652,
0.665,0.633,1,0.588,
0.651,0.603,1,0.575,
0.657,0.605,1,0.586,
0.653,0.599,1,0.596,
0.681,0.638,1,0.615,
0.653,0.601,1,0.591,
0.637,0.591,1,0.563,
0.657,0.609,1,0.581,
0.662,0.611,1,0.604,
0.653,0.596,1,0.593,
0.674,0.644,1,0.58,
0.66,0.606,1,0.605,
0.674,0.631,1,0.617,
0.631,0.577,1,0.573,
0.66,0.604,1,0.601,
0.662,0.613,1,0.585,
0.653,0.601,1,0.599,
0.683,0.645,1,0.628,
0.655,0.599,1,0.596,
0.667,0.621,1,0.601,
0.657,0.605,1,0.597,
0.64,0.595,1,0.565,
0.66,0.607,1,0.571,
0.647,0.595,1,0.574,
0.657,0.597,1,0.59,
0.662,0.625,1,0.592,
0.663,0.609,1,0.601,
0.647,0.593,1,0.591,
0.685,0.646,1,0.616,
0.67,0.622,1,0.6,
0.669,0.62,1,0.609,
0.673,0.623,1,0.621,
0.649,0.595,1,0.581,
0.642,0.588,1,0.583,
0.657,0.603,1,0.597,
0.646,0.603,1,0.56,
0.656,0.601,1,0.599,
0.661,0.611,1,0.592,
0.665,0.611,1,0.61,
0.671,0.626,1,0.609,
0.654,0.604,1,0.601,
0.664,0.613,1,0.585,
0.665,0.621,1,0.605,
0.672,0.616,1,0.605,
0.644,0.594,1,0.583,
0.683,0.633,1,0.631,
0.666,0.624,1,0.589,
0.658,0.613,1,0.595,
0.663,0.611,1,0.601,
0.653,0.605,1,0.593,
0.665,0.617,1,0.604,
0.669,0.621,1,0.615,
0.669,0.621,1,0.606,
0.644,0.587,1,0.583,
0.659,0.603,1,0.602,
0.645,0.587,1,0.572,
0.65,0.607,1,0.588,
0.643,0.589,1,0.587,
0.662,0.615,1,0.577,
0.661,0.619,1,0.568,
0.673,0.617,1,0.607,
0.673,0.628,1,0.614,
0.665,0.603,1,0.595,
0.669,0.621,1,0.603,
0.669,0.625,1,0.612,
0.651,0.607,1,0.577,
0.662,0.622,1,0.585,
0.674,0.633,1,0.596,
0.653,0.611,1,0.578,
0.673,0.627,1,0.597,
0.646,0.597,1,0.577,
0.645,0.591,1,0.577,
0.665,0.615,1,0.613,
0.656,0.613,1,0.575,
0.67,0.614,1,0.61,
0.657,0.607,1,0.593,
0.668,0.623,1,0.602,
0.659,0.612,1,0.583,
0.666,0.617,1,0.598,
0.666,0.617,1,0.608,
0.665,0.626,1,0.598,
0.663,0.613,1,0.607,
0.646,0.604,1,0.572,
0.667,0.621,1,0.592,
0.679,0.645,1,0.586,
0.648,0.591,1,0.582,
0.661,0.605,1,0.596,
0.66,0.608,1,0.606,
0.688,0.647,1,0.623,
0.671,0.618,1,0.596,
0.653,0.605,1,0.584,
0.686,0.643,1,0.622,
0.671,0.633,1,0.602,
0.686,0.647,1,0.629,
0.649,0.597,1,0.594,
0.668,0.619,1,0.603,
0.66,0.609,1,0.591,
0.654,0.595,1,0.589,
0.678,0.638,1,0.59,
0.637,0.584,1,0.578,
0.64,0.588,1,0.581,
0.668,0.619,1,0.615,
0.648,0.593,1,0.582,
0.691,0.646,1,0.644,
0.647,0.593,1,0.571,
0.647,0.589,1,0.577,
0.653,0.593,1,0.588,
0.64,0.589,1,0.573,
0.652,0.595,1,0.59,
0.646,0.589,1,0.584,
0.669,0.623,1,0.608,
0.681,0.633,1,0.632,
0.674,0.627,1,0.59,
0.638,0.587,1,0.568,
0.683,0.639,1,0.628,
0.649,0.59,1,0.578,
0.632,0.569,1,0.562,
0.641,0.581,1,0.573,
0.654,0.614,1,0.584,
0.654,0.612,1,0.58,
0.665,0.619,1,0.601,
0.661,0.605,1,0.601,
0.642,0.586,1,0.574,
0.661,0.617,1,0.602,
0.66,0.607,1,0.605,
0.636,0.585,1,0.558,
0.661,0.619,1,0.597,
0.647,0.593,1,0.584,
0.644,0.585,1,0.579,
0.673,0.623,1,0.622,
0.661,0.617,1,0.596,
0.665,0.609,1,0.604,
0.66,0.608,1,0.597,
0.647,0.585,1,0.577,
0.669,0.619,1,0.614,
0.67,0.624,1,0.608,
0.654,0.601,1,0.595,
0.656,0.61,1,0.584,
0.65,0.593,1,0.589,
0.665,0.619,1,0.609,
0.695,0.653,1,0.623,
0.654,0.609,1,0.589,
0.666,0.623,1,0.602,
0.688,0.639,1,0.638,
0.674,0.629,1,0.615,
0.667,0.617,1,0.593,
0.659,0.605,1,0.578,
0.645,0.591,1,0.588,
0.654,0.595,1,0.584,
0.656,0.611,1,0.581,
0.655,0.607,1,0.583,
0.684,0.641,1,0.628,
0.671,0.62,1,0.594,
0.684,0.637,1,0.612,
0.654,0.602,1,0.598,
0.675,0.628,1,0.614,
0.637,0.575,1,0.571,
0.652,0.598,1,0.597,
0.646,0.593,1,0.582,
0.646,0.594,1,0.576,
0.665,0.614,1,0.601,
0.675,0.633,1,0.604,
0.675,0.628,1,0.617,
0.652,0.606,1,0.584,
0.672,0.62,1,0.61,
0.66,0.607,1,0.582,
0.657,0.597,1,0.597,
0.679,0.636,1,0.617,
0.642,0.585,1,0.57,
0.666,0.61,1,0.608,
0.663,0.609,1,0.606,
0.676,0.624,1,0.618,
0.684,0.641,1,0.624,
0.666,0.617,1,0.606,
0.646,0.589,1,0.584,
0.658,0.61,1,0.599,
0.679,0.645,1,0.613,
0.643,0.585,1,0.581,
0.662,0.613,1,0.612,
0.633,0.58,1,0.577,
0.663,0.603,1,0.596,
0.657,0.615,1,0.588,
0.681,0.643,1,0.62,
0.65,0.597,1,0.586,
0.641,0.58,1,0.578,
0.654,0.598,1,0.585,
0.667,0.623,1,0.619,
0.645,0.589,1,0.575,
0.674,0.629,1,0.608,
0.65,0.591,1,0.588,
0.665,0.622,1,0.601,
0.664,0.615,1,0.604,
0.644,0.585,1,0.576,
0.669,0.615,1,0.612,
0.643,0.581,1,0.579,
0.657,0.605,1,0.602,
0.638,0.582,1,0.576,
0.669,0.619,1,0.617,
0.663,0.605,1,0.597,
0.652,0.602,1,0.586,
0.649,0.6,1,0.577,
0.643,0.588,1,0.573,
0.643,0.589,1,0.573,
0.648,0.587,1,0.564,
0.651,0.599,1,0.595,
0.658,0.613,1,0.6,
0.647,0.59,1,0.581,
0.667,0.62,1,0.597,
0.645,0.589,1,0.584,
0.653,0.599,1,0.593,
0.667,0.615,1,0.608,
0.661,0.611,1,0.591,
0.653,0.599,1,0.583,
0.657,0.607,1,0.601,
0.648,0.595,1,0.592,
0.684,0.647,1,0.631,
0.682,0.635,1,0.631,
0.666,0.617,1,0.613,
0.659,0.612,1,0.604,
0.647,0.605,1,0.574,
0.655,0.61,1,0.588,
0.649,0.599,1,0.571,
0.652,0.602,1,0.597,
0.676,0.627,1,0.609,
0.683,0.64,1,0.626,
0.64,0.581,1,0.578,
0.641,0.587,1,0.568,
0.678,0.647,1,0.601,
0.564,0.497,1,0.49,
0.574,0.508,1,0.485,
0.569,0.515,1,0.484,
0.579,0.53,1,0.509,
0.574,0.517,1,0.483,
0.586,0.533,1,0.501,
0.591,0.534,1,0.514,
0.57,0.503,1,0.491,
0.573,0.498,1,0.476,
0.573,0.512,1,0.499,
0.569,0.506,1,0.482,
0.572,0.51,1,0.493,
0.593,0.534,1,0.504,
0.587,0.537,1,0.513,
0.58,0.516,1,0.509,
0.574,0.513,1,0.508,
0.607,0.548,1,0.545,
0.589,0.533,1,0.501,
0.571,0.498,1,0.491,
0.568,0.498,1,0.482,
0.584,0.519,1,0.511,
0.565,0.495,1,0.481,
0.586,0.53,1,0.501,
0.585,0.522,1,0.513,
0.577,0.506,1,0.497,
0.585,0.518,1,0.514,
0.587,0.529,1,0.529,
0.579,0.514,1,0.509,
0.597,0.536,1,0.52,
0.574,0.505,1,0.502,
0.602,0.548,1,0.527,
0.592,0.528,1,0.527,
0.58,0.524,1,0.508,
0.578,0.508,1,0.501,
0.58,0.515,1,0.504,
0.559,0.482,1,0.48,
0.57,0.5,1,0.494,
0.569,0.499,1,0.491,
0.57,0.504,1,0.49,
0.596,0.539,1,0.53,
0.571,0.509,1,0.497,
0.569,0.503,1,0.501,
0.564,0.496,1,0.492,
0.581,0.512,1,0.504,
0.591,0.532,1,0.52,
0.579,0.512,1,0.497,
0.592,0.534,1,0.531,
0.574,0.502,1,0.495,
0.59,0.537,1,0.504,
0.571,0.514,1,0.496,
0.571,0.503,1,0.501,
0.576,0.51,1,0.494,
0.57,0.522,1,0.482,
0.573,0.506,1,0.504,
0.572,0.504,1,0.501,
0.575,0.511,1,0.506,
0.589,0.53,1,0.5,
0.576,0.508,1,0.497,
0.601,0.538,1,0.534,
0.562,0.494,1,0.477,
0.575,0.514,1,0.482,
0.58,0.517,1,0.508,
0.586,0.528,1,0.51,
0.611,0.566,1,0.53,
0.569,0.502,1,0.478,
0.594,0.534,1,0.515,
0.577,0.516,1,0.509,
0.583,0.517,1,0.515,
0.595,0.541,1,0.515,
0.565,0.487,1,0.484,
0.58,0.528,1,0.493,
0.575,0.508,1,0.506,
0.58,0.52,1,0.517,
0.567,0.494,1,0.483,
0.57,0.506,1,0.494,
0.573,0.515,1,0.484,
0.577,0.514,1,0.495,
0.583,0.518,1,0.499,
0.596,0.546,1,0.515,
0.571,0.508,1,0.492,
0.578,0.516,1,0.493,
0.593,0.542,1,0.523,
0.566,0.498,1,0.494,
0.591,0.532,1,0.525,
0.584,0.516,1,0.506,
0.58,0.518,1,0.498,
0.575,0.514,1,0.497,
0.58,0.51,1,0.496,
0.562,0.489,1,0.477,
0.583,0.517,1,0.5,
0.594,0.54,1,0.524,
0.581,0.52,1,0.493,
0.588,0.523,1,0.511,
0.573,0.512,1,0.485,
0.59,0.537,1,0.493,
0.582,0.52,1,0.506,
0.576,0.506,1,0.496,
0.573,0.511,1,0.502,
0.617,0.56,1,0.558,
0.563,0.494,1,0.488,
0.576,0.508,1,0.493,
0.583,0.525,1,0.509,
0.615,0.558,1,0.535,
0.585,0.523,1,0.499,
0.573,0.504,1,0.496,
0.558,0.494,1,0.482,
0.592,0.532,1,0.527,
0.57,0.51,1,0.494,
0.584,0.524,1,0.508,
0.579,0.516,1,0.513,
0.598,0.535,1,0.52,
0.584,0.518,1,0.507,
0.597,0.535,1,0.533,
0.592,0.53,1,0.525,
0.568,0.5,1,0.479,
0.584,0.518,1,0.515,
0.569,0.5,1,0.494,
0.592,0.53,1,0.506,
0.585,0.522,1,0.502,
0.585,0.52,1,0.508,
0.568,0.5,1,0.497,
0.602,0.56,1,0.497,
0.594,0.541,1,0.527,
0.602,0.544,1,0.542,
0.583,0.516,1,0.511,
0.594,0.534,1,0.533,
0.566,0.49,1,0.481,
0.595,0.538,1,0.527,
0.582,0.522,1,0.513,
0.587,0.54,1,0.52,
0.594,0.544,1,0.5,
0.582,0.522,1,0.503,
0.564,0.499,1,0.498,
0.593,0.533,1,0.515,
0.571,0.5,1,0.498,
0.58,0.509,1,0.498,
0.566,0.5,1,0.495,
0.593,0.548,1,0.505,
0.583,0.522,1,0.505,
0.584,0.522,1,0.505,
0.58,0.526,1,0.501,
0.58,0.514,1,0.511,
0.581,0.518,1,0.511,
0.581,0.524,1,0.491,
0.593,0.544,1,0.51,
0.585,0.52,1,0.517,
0.579,0.518,1,0.503,
0.605,0.543,1,0.54,
0.573,0.504,1,0.49,
0.603,0.557,1,0.523,
0.574,0.516,1,0.502,
0.58,0.505,1,0.491,
0.582,0.528,1,0.502,
0.58,0.516,1,0.514,
0.558,0.494,1,0.483,
0.609,0.549,1,0.545,
0.584,0.526,1,0.51,
0.584,0.522,1,0.513,
0.596,0.546,1,0.508,
0.573,0.508,1,0.498,
0.595,0.531,1,0.526,
0.59,0.54,1,0.491,
0.568,0.508,1,0.482,
0.588,0.528,1,0.523,
0.564,0.493,1,0.491,
0.581,0.522,1,0.5,
0.583,0.532,1,0.498,
0.581,0.512,1,0.494,
0.578,0.517,1,0.507,
0.572,0.506,1,0.503,
0.575,0.514,1,0.5,
0.582,0.52,1,0.495,
0.559,0.486,1,0.481,
0.576,0.506,1,0.503,
0.596,0.541,1,0.531,
0.581,0.532,1,0.506,
0.583,0.522,1,0.51,
0.598,0.537,1,0.531,
0.593,0.54,1,0.515,
0.59,0.534,1,0.502,
0.57,0.512,1,0.486,
0.579,0.513,1,0.509,
0.573,0.526,1,0.483,
0.567,0.497,1,0.477,
0.591,0.53,1,0.504,
0.584,0.518,1,0.514,
0.579,0.518,1,0.489,
0.586,0.528,1,0.51,
0.579,0.516,1,0.509,
0.593,0.535,1,0.526,
0.578,0.516,1,0.501,
0.578,0.516,1,0.508,
0.575,0.506,1,0.503,
0.601,0.548,1,0.518,
0.573,0.516,1,0.489,
0.585,0.512,1,0.508,
0.578,0.518,1,0.497,
0.577,0.516,1,0.501,
0.589,0.53,1,0.529,
0.564,0.498,1,0.483,
0.563,0.491,1,0.483,
0.602,0.548,1,0.526,
0.6,0.546,1,0.534,
0.593,0.534,1,0.514,
0.589,0.539,1,0.506,
0.576,0.51,1,0.506,
0.594,0.534,1,0.533,
0.588,0.522,1,0.52,
0.593,0.529,1,0.522,
0.573,0.506,1,0.499,
0.576,0.516,1,0.495,
0.581,0.522,1,0.501,
0.599,0.55,1,0.517,
0.581,0.519,1,0.51,
0.577,0.508,1,0.507,
0.572,0.504,1,0.502,
0.588,0.534,1,0.511,
0.601,0.546,1,0.519,
0.575,0.505,1,0.502,
0.6,0.536,1,0.53,
0.597,0.538,1,0.508,
0.578,0.51,1,0.507,
0.572,0.505,1,0.502,
0.577,0.512,1,0.509,
0.571,0.515,1,0.484,
0.59,0.538,1,0.503,
0.581,0.516,1,0.509,
0.583,0.531,1,0.504,
0.574,0.499,1,0.494,
0.593,0.538,1,0.518,
0.589,0.53,1,0.526,
0.606,0.568,1,0.506,
0.593,0.53,1,0.53,
0.571,0.51,1,0.492,
0.594,0.544,1,0.513,
0.575,0.51,1,0.503,
0.589,0.526,1,0.525,
0.573,0.512,1,0.495,
0.589,0.541,1,0.505,
0.571,0.504,1,0.499,
0.589,0.524,1,0.504,
0.571,0.507,1,0.498,
0.587,0.522,1,0.508,
0.581,0.518,1,0.499,
0.607,0.549,1,0.548,
0.58,0.536,1,0.492,
0.573,0.504,1,0.491,
0.566,0.502,1,0.501,
0.61,0.559,1,0.536,
0.586,0.525,1,0.507,
0.584,0.522,1,0.503,
0.606,0.546,1,0.527,
0.608,0.548,1,0.528,
0.569,0.497,1,0.488,
0.589,0.528,1,0.526,
0.599,0.545,1,0.501,
0.585,0.522,1,0.518,
0.579,0.535,1,0.487,
0.577,0.508,1,0.504,
0.576,0.516,1,0.493,
0.597,0.542,1,0.508,
0.565,0.505,1,0.483,
0.573,0.513,1,0.483,
0.584,0.532,1,0.509,
0.582,0.518,1,0.494,
0.579,0.518,1,0.505,
0.576,0.511,1,0.491,
0.628,0.585,1,0.557,
0.586,0.535,1,0.508,
0.59,0.539,1,0.49,
0.581,0.524,1,0.5,
0.6,0.557,1,0.509,
0.57,0.511,1,0.494,
0.578,0.51,1,0.509,
0.572,0.502,1,0.482,
0.588,0.522,1,0.519,
0.576,0.516,1,0.495,
0.601,0.561,1,0.497,
0.576,0.51,1,0.493,
0.588,0.542,1,0.489,
0.581,0.516,1,0.511,
0.584,0.526,1,0.502,
0.581,0.521,1,0.509,
0.598,0.544,1,0.522,
0.593,0.537,1,0.513,
0.579,0.523,1,0.491,
0.578,0.532,1,0.487,
0.566,0.5,1,0.495,
0.587,0.534,1,0.498,
0.573,0.503,1,0.491,
0.582,0.528,1,0.507,
0.581,0.516,1,0.498,
0.571,0.5,1,0.482,
0.579,0.527,1,0.506,
0.57,0.502,1,0.488,
0.574,0.518,1,0.496,
0.592,0.536,1,0.521,
0.576,0.509,1,0.494,
0.584,0.523,1,0.511,
0.586,0.528,1,0.506,
0.591,0.532,1,0.524,
0.566,0.495,1,0.492,
0.577,0.513,1,0.496,
0.581,0.519,1,0.51,
0.634,0.591,1,0.559,
0.584,0.521,1,0.515,
0.579,0.518,1,0.506,
0.611,0.556,1,0.536,
0.594,0.533,1,0.515,
0.575,0.502,1,0.493,
0.583,0.518,1,0.51,
0.58,0.518,1,0.498,
0.574,0.504,1,0.497,
0.586,0.523,1,0.514,
0.567,0.499,1,0.497,
0.62,0.569,1,0.557,
0.58,0.52,1,0.489,
0.591,0.535,1,0.52,
0.564,0.499,1,0.483,
0.575,0.508,1,0.496,
0.596,0.542,1,0.518,
0.589,0.526,1,0.523,
0.599,0.557,1,0.503,
0.578,0.522,1,0.498,
0.596,0.542,1,0.497,
0.581,0.528,1,0.486,
0.581,0.512,1,0.499,
0.584,0.524,1,0.517,
0.571,0.505,1,0.495,
0.575,0.519,1,0.501,
0.579,0.519,1,0.5,
0.604,0.546,1,0.545,
0.564,0.495,1,0.492,
0.569,0.5,1,0.494,
0.568,0.501,1,0.482,
0.575,0.506,1,0.499,
0.575,0.508,1,0.508,
0.579,0.514,1,0.503,
0.585,0.514,1,0.512,
0.588,0.524,1,0.509,
0.58,0.52,1,0.513,
0.563,0.498,1,0.482,
0.602,0.545,1,0.524,
0.581,0.52,1,0.516,
0.577,0.514,1,0.507,
0.603,0.545,1,0.537,
0.584,0.518,1,0.503,
0.56,0.491,1,0.482,
0.58,0.522,1,0.514,
0.591,0.532,1,0.521,
0.561,0.49,1,0.481,
0.569,0.498,1,0.495,
0.562,0.493,1,0.491,
0.569,0.512,1,0.484,
0.602,0.543,1,0.542,
0.579,0.52,1,0.511,
0.574,0.499,1,0.492,
0.59,0.531,1,0.501,
0.581,0.525,1,0.498,
0.588,0.531,1,0.501,
0.58,0.528,1,0.491,
0.572,0.506,1,0.505,
0.605,0.546,1,0.541,
0.582,0.524,1,0.498,
0.584,0.536,1,0.484,
0.564,0.5,1,0.484,
0.577,0.508,1,0.507,
0.604,0.54,1,0.537,
0.586,0.524,1,0.515,
0.582,0.518,1,0.518,
0.589,0.528,1,0.514,
0.576,0.512,1,0.507,
0.575,0.518,1,0.493,
0.596,0.546,1,0.513,
0.601,0.539,1,0.534,
0.607,0.556,1,0.532,
0.616,0.577,1,0.53,
0.579,0.524,1,0.484,
0.589,0.538,1,0.508,
0.573,0.506,1,0.496,
0.581,0.512,1,0.51,
0.587,0.53,1,0.514,
0.601,0.548,1,0.528,
0.566,0.501,1,0.493,
0.645,0.587,1,0.58,
0.675,0.632,1,0.623,
0.662,0.615,1,0.581,
0.669,0.624,1,0.607,
0.648,0.595,1,0.592,
0.654,0.595,1,0.575,
0.652,0.603,1,0.564,
0.678,0.635,1,0.62,
0.651,0.593,1,0.57,
0.659,0.606,1,0.604,
0.689,0.657,1,0.632,
0.665,0.611,1,0.604,
0.643,0.594,1,0.579,
0.656,0.605,1,0.599,
0.659,0.609,1,0.589,
0.649,0.588,1,0.582,
0.658,0.598,1,0.595,
0.653,0.613,1,0.597,
0.664,0.615,1,0.597,
0.653,0.601,1,0.59,
0.645,0.599,1,0.567,
0.672,0.63,1,0.612,
0.672,0.619,1,0.617,
0.662,0.61,1,0.597,
0.644,0.585,1,0.581,
0.666,0.613,1,0.611,
0.657,0.618,1,0.598,
0.652,0.605,1,0.588,
0.657,0.597,1,0.585,
0.67,0.615,1,0.611,
0.658,0.603,1,0.602,
0.663,0.609,1,0.607,
0.585,0.536,1,0.503,
0.581,0.536,1,0.495,
0.657,0.611,1,0.599,
0.57,0.5,1,0.492,
0.577,0.522,1,0.494,
0.584,0.512,1,0.488,
0.571,0.506,1,0.495,
0.588,0.522,1,0.516,
0.579,0.528,1,0.492,
0.593,0.535,1,0.514,
0.576,0.511,1,0.496,
0.591,0.524,1,0.507,
0.574,0.517,1,0.485,
0.593,0.542,1,0.481,
0.577,0.52,1,0.486,
0.574,0.504,1,0.5,
0.652,0.6,1,0.589,
0.656,0.605,1,0.593,
0.678,0.627,1,0.61,
0.674,0.627,1,0.612,
0.642,0.582,1,0.57,
0.637,0.579,1,0.57,
0.653,0.605,1,0.579,
0.647,0.593,1,0.567,
0.662,0.601,1,0.595,
0.669,0.611,1,0.604,
0.664,0.615,1,0.599,
0.672,0.623,1,0.61,
0.65,0.602,1,0.588,
0.676,0.627,1,0.627,
0.656,0.609,1,0.583,
0.631,0.573,1,0.564,
0.566,0.51,1,0.479,
0.575,0.508,1,0.495,
0.588,0.534,1,0.51,
0.599,0.548,1,0.517,
0.568,0.512,1,0.483,
0.561,0.493,1,0.479,
0.559,0.488,1,0.484,
0.582,0.524,1,0.507,
0.606,0.546,1,0.515,
0.575,0.512,1,0.499,
0.568,0.502,1,0.495,
0.573,0.502,1,0.501,
0.564,0.496,1,0.489,
0.578,0.515,1,0.492,
0.589,0.528,1,0.516,
0.582,0.534,1,0.493,




Further Data analysis of all test cases 
avg med max min 
AVGs,0.775,0.783,0.833,0.665,
MEDs,0.753,0.761,0.833,0.622,
MAXs,1,1,1,1,
MINs,0.714,0.718,0.785,0.611,


AVGs,0.628,0.646,0.699,0.558,
MEDs,0.573,0.591,0.663,0.482,
MAXs,1,1,1,1,
MINs,0.558,0.577,0.656,0.476,



