0.0,0.09,0.105,0.099,0.136,0.186,0.122,0.148,0.022,0.127,
0.0,0.027,0.148,0.118,0.068,0.131,0.087,0.089,0.041,0.096,
0.0,0.12,0.125,0.192,0.167,0.226,0.148,0.105,0.104,0.21,
0.0,0.106,0.053,0.159,0.161,0.207,0.19,0.18,0.101,0.199,
0.0,0.16,0.243,0.149,0.223,0.207,0.191,0.24,0.187,0.202,
0.0,0.072,0.033,0.064,-0.004,0.096,0.05,0.129,0.188,0.056,
0.0,0.046,0.04,0.084,0.047,0.089,0.121,0.086,0.145,0.14,
0.0,0.016,0.187,0.195,0.203,0.197,0.225,0.137,0.176,0.17,
0.0,0.12,0.063,0.188,0.137,0.154,0.136,0.248,0.179,0.262,
0.0,0.174,0.184,0.197,0.154,0.245,0.239,0.207,0.262,0.226,
0.0,-0.061,0.135,0.031,0.04,0.11,0.105,0.123,0.109,0.125,
0.0,0.176,0.055,0.121,0.136,0.113,0.134,0.178,0.153,0.124,
0.0,0.085,0.163,0.172,0.18,0.21,0.062,0.176,0.147,0.174,
0.0,0.09,0.041,0.166,0.152,0.135,0.166,0.208,0.17,0.171,
0.0,0.092,0.061,0.134,0.131,0.209,0.198,0.211,0.134,0.145,
0.0,0.094,0.113,0.097,0.12,0.15,0.198,0.225,0.203,0.237,
0.0,0.106,0.174,0.163,0.155,0.203,0.218,0.235,0.204,0.206,
0.0,0.089,0.155,0.083,0.131,0.086,0.094,0.132,0.048,0.193,
0.0,0.13,0.136,0.189,0.129,0.127,0.156,0.188,0.187,0.123,
0.0,0.153,0.11,0.151,0.172,0.248,0.18,0.218,0.278,0.271,
0.0,0.088,0.157,0.126,0.108,0.188,0.141,0.127,0.18,0.229,
0.0,0.071,0.139,0.085,0.164,0.159,0.139,0.131,0.161,0.185,
0.0,0.171,0.045,0.11,0.184,0.189,0.202,0.125,0.169,0.115,
0.0,0.058,0.113,0.113,0.141,0.168,0.137,0.16,0.055,0.169,
0.0,0.132,0.13,0.109,0.089,0.172,0.191,0.158,0.209,0.132,
-0.007,0.119,0.178,0.224,0.213,0.187,0.118,0.178,0.222,0.212,
0.0,0.063,0.103,0.125,0.094,0.186,0.122,0.169,0.153,0.17,
0.0,0.062,0.174,0.105,0.194,0.187,0.156,0.147,0.128,0.134,
0.0,0.028,0.089,0.201,0.18,0.224,0.195,0.214,0.213,0.143,
0.0,0.09,0.157,0.224,0.201,0.215,0.172,0.278,0.182,0.269,
0.0,0.075,0.047,0.047,0.094,0.092,0.135,0.142,0.051,0.128,
0.0,-0.056,0.108,0.108,0.056,0.042,0.192,0.146,0.2,0.147,
0.0,0.111,0.183,0.114,0.12,0.176,0.156,0.145,0.128,0.131,
0.0,0.021,0.191,0.188,0.306,0.148,0.147,0.155,0.171,0.204,
0.0,0.088,0.136,0.069,0.153,0.162,0.161,0.176,0.155,0.206,
0.0,0.095,0.098,0.142,0.099,0.252,0.148,0.225,0.24,0.176,
0.0,0.119,0.044,0.114,0.047,0.209,0.109,0.244,0.244,0.246,
0.0,0.019,0.086,0.135,0.201,0.22,0.246,0.192,0.135,0.091,
0.0,0.124,0.168,0.178,0.188,0.168,0.214,0.102,0.154,0.178,
0.0,0.103,0.108,0.146,0.179,0.185,0.17,0.159,0.189,0.151,
0.0,0.108,0.102,0.146,0.119,0.127,0.157,0.112,0.059,0.148,
0.0,0.115,0.121,0.207,0.123,0.202,0.229,0.233,0.167,0.174,
0.0,0.108,0.102,0.173,0.068,0.267,0.224,0.143,0.177,0.194,
0.0,0.113,0.132,0.123,0.187,0.127,0.109,0.187,0.086,0.145,
0.0,0.064,0.058,0.148,0.105,0.186,0.159,0.213,0.165,0.159,
0.0,0.066,0.081,0.188,0.118,0.169,0.194,0.186,0.154,0.177,
0.0,0.146,0.085,0.178,0.159,0.185,0.14,0.17,0.193,0.189,
0.0,0.145,0.214,0.219,0.163,0.173,0.202,0.177,0.209,0.168,
0.0,0.018,0.067,0.151,0.063,0.168,0.204,0.131,0.147,0.098,
0.0,0.017,0.111,0.073,0.125,0.124,0.16,0.132,0.135,0.035,
0.0,0.113,0.138,0.115,0.155,0.178,0.122,0.101,0.199,0.119,
0.0,0.057,0.185,0.194,0.216,0.2,0.148,0.186,0.157,0.132,
0.0,0.112,0.121,0.171,0.148,0.129,0.146,0.099,0.148,0.185,
0.0,0.107,0.119,0.161,0.157,0.193,0.203,0.095,0.175,0.159,
0.0,0.047,0.095,0.169,0.119,0.066,0.141,0.072,0.172,0.052,
0.0,0.104,0.081,0.177,0.154,0.115,0.202,0.131,0.131,0.152,
0.0,0.169,0.102,0.162,0.173,0.162,0.175,0.179,0.146,0.15,
0.0,0.09,0.129,0.217,0.175,0.204,0.144,0.151,0.183,0.181,
0.0,0.143,0.154,0.103,0.169,0.207,0.118,0.109,0.076,0.219,
0.0,0.08,0.022,0.099,0.144,0.13,0.125,0.146,0.145,0.208,
0.0,0.173,0.024,0.164,0.137,0.254,0.171,0.178,0.178,0.139,
0.0,0.081,0.142,0.06,0.134,0.2,0.272,0.203,0.235,0.221,
0.0,0.077,0.166,0.175,0.154,0.187,0.195,0.172,0.125,0.188,
0.0,-0.005,0.084,0.141,0.256,0.099,0.161,0.141,0.151,0.173,
0.0,0.129,0.104,0.137,0.125,0.097,0.103,0.123,0.189,0.158,
0.0,0.193,0.132,0.088,0.135,0.224,0.183,0.232,0.16,0.154,
0.0,0.128,0.147,0.187,0.243,0.164,0.183,0.18,0.176,0.113,
0.0,0.11,0.183,0.096,0.088,0.223,0.211,0.196,0.116,0.228,
0.0,-0.001,0.075,0.189,0.197,0.176,0.193,0.154,0.146,0.216,
0.0,0.166,0.153,0.194,0.121,0.188,0.17,0.095,0.144,0.039,
0.0,0.056,0.197,0.149,0.216,0.222,0.206,0.254,0.281,0.134,
0.0,0.084,0.128,0.124,0.2,0.204,0.133,0.188,0.189,0.242,
0.0,0.106,0.076,0.098,0.178,0.123,0.108,0.107,0.085,0.125,
0.0,0.108,0.157,0.136,0.248,0.189,0.159,0.144,0.186,0.214,
0.0,0.012,0.141,0.134,0.149,0.158,0.159,0.147,0.168,0.199,
0.0,-0.042,0.021,0.108,0.109,0.161,0.09,0.156,0.114,0.127,
0.0,0.077,0.159,0.144,0.22,0.183,0.23,0.198,0.266,0.273,
0.0,0.096,0.205,0.066,0.173,0.118,0.145,0.138,0.176,0.172,
0.0,0.082,0.116,0.108,0.193,0.2,0.214,0.191,0.201,0.211,
0.0,0.162,0.156,0.205,0.212,0.271,0.176,0.198,0.223,0.3,
0.0,0.004,0.165,0.164,0.094,0.105,0.206,0.128,0.245,0.215,
0.0,0.099,0.189,0.237,0.157,0.139,0.169,0.292,0.156,0.222,
0.0,0.112,0.14,0.103,0.202,0.17,0.201,0.207,0.207,0.175,
0.0,0.134,0.158,0.156,0.116,0.176,0.173,0.091,0.216,0.093,
0.0,0.129,0.266,0.237,0.242,0.23,0.207,0.173,0.232,0.27,
0.0,0.017,0.181,0.124,0.213,0.214,0.233,0.177,0.185,0.128,
0.0,0.127,0.238,0.226,0.24,0.198,0.145,0.218,0.091,0.234,
0.0,0.003,0.014,0.052,0.083,0.116,0.123,0.13,0.12,0.154,
0.0,0.175,0.241,0.119,0.123,0.165,0.236,0.202,0.18,0.187,
0.0,0.02,0.069,0.156,0.211,0.148,0.176,0.169,0.083,0.114,
0.0,0.014,0.077,0.143,0.112,0.129,0.109,0.09,0.108,0.11,
0.0,0.017,0.158,0.141,0.143,0.172,0.155,0.153,0.147,0.139,
0.0,0.053,0.117,0.196,0.113,0.086,0.124,0.181,0.195,0.184,
0.0,0.024,0.049,0.078,0.137,0.131,0.175,0.137,0.032,0.057,
0.0,0.027,0.107,0.186,0.222,0.197,0.231,0.159,0.189,0.236,
0.0,0.127,0.203,0.116,0.216,0.21,0.188,0.169,0.09,0.148,
0.0,0.116,0.113,0.114,0.095,0.219,0.155,0.22,0.149,0.099,
0.0,0.038,0.121,0.151,0.225,0.134,0.154,0.202,0.156,0.123,
0.0,0.115,0.036,0.114,0.147,0.168,0.207,0.128,0.162,0.111,
0.0,0.056,0.131,0.141,0.235,0.203,0.224,0.185,0.231,0.241,
0.0,0.094,0.077,0.172,0.112,0.194,0.133,0.09,0.161,0.151,
0.0,0.173,0.23,0.098,0.13,0.187,0.136,0.113,0.124,0.204,
0.0,0.09,0.148,0.244,0.237,0.244,0.162,0.197,0.211,0.2,
0.0,0.075,0.154,0.11,0.146,0.111,0.188,0.161,0.142,0.177,
0.0,0.103,0.214,0.179,0.179,0.184,0.217,0.199,0.156,0.107,
0.0,0.142,0.141,0.19,0.154,0.126,0.217,0.165,0.123,0.157,
0.0,0.084,0.08,0.119,0.14,0.103,0.106,0.078,0.146,0.168,
0.0,0.105,0.153,0.215,0.262,0.183,0.209,0.206,0.088,0.227,
0.0,0.134,0.217,0.096,0.251,0.23,0.225,0.299,0.169,0.218,
0.0,0.063,0.047,0.09,0.085,0.034,0.09,0.04,0.026,0.104,
0.0,0.138,0.093,0.171,0.173,0.218,0.147,0.171,0.156,0.129,
0.0,0.063,0.159,0.183,0.176,0.211,0.155,0.203,0.172,0.156,
0.0,0.084,0.113,0.143,0.13,0.095,0.19,0.157,0.215,0.129,
0.0,0.012,0.129,0.123,0.055,0.093,0.113,0.083,0.111,0.141,
0.0,0.087,0.173,0.148,0.226,0.202,0.195,0.245,0.238,0.197,
0.0,0.023,0.14,0.124,0.117,0.086,0.103,0.11,0.052,0.064,
0.0,-0.011,0.013,0.093,0.043,0.16,0.035,0.157,0.081,0.2,
0.0,0.165,0.153,0.13,0.117,0.204,0.142,0.18,0.157,0.269,
0.0,0.1,0.127,0.088,0.173,0.168,0.103,0.177,0.052,0.091,
0.0,0.009,0.01,0.145,0.181,0.064,0.131,0.077,0.178,0.104,
0.0,0.113,0.165,0.22,0.215,0.206,0.118,0.171,0.172,0.265,
0.0,0.076,0.055,0.159,0.227,0.197,0.213,0.204,0.108,0.26,
0.0,0.102,0.069,0.158,0.144,0.098,0.191,0.099,0.155,0.094,
0.0,0.156,0.049,0.075,0.145,0.168,0.204,0.117,0.116,0.141,
0.0,0.154,0.063,0.055,0.095,0.243,0.11,0.097,0.162,0.14,
0.0,0.107,0.13,0.202,0.207,0.225,0.248,0.183,0.243,0.241,
0.0,0.048,0.123,0.097,0.074,0.103,0.142,0.031,0.032,0.106,
0.0,0.168,0.178,0.179,0.104,0.225,0.223,0.227,0.18,0.226,
0.0,0.044,0.131,0.222,0.194,0.226,0.257,0.209,0.247,0.227,
0.0,0.066,0.126,0.231,0.185,0.199,0.213,0.157,0.183,0.218,
0.0,0.096,0.166,0.032,0.218,0.051,0.208,0.074,0.21,0.17,
0.0,0.147,0.119,0.177,0.222,0.216,0.201,0.198,0.238,0.242,
0.0,0.124,0.146,0.158,0.184,0.116,0.171,0.14,0.198,0.206,
0.0,0.072,0.084,0.187,0.151,0.127,0.196,0.165,0.11,0.192,
0.0,0.105,0.081,0.14,0.046,0.196,0.215,0.16,0.021,0.144,
0.0,0.132,0.17,0.131,0.148,0.159,0.082,0.122,0.197,0.137,
0.0,0.202,0.19,0.214,0.272,0.229,0.269,0.256,0.234,0.224,
0.0,-0.071,0.095,0.15,0.116,0.148,0.106,0.069,0.118,0.147,
0.0,0.135,0.082,0.166,0.162,0.215,0.235,0.239,0.17,0.194,
0.0,-0.051,-0.026,0.068,0.082,-0.003,0.093,0.046,0.11,0.046,
0.0,0.034,0.188,0.203,0.214,0.245,0.246,0.25,0.169,0.127,
0.0,0.103,0.099,0.123,0.135,0.102,0.2,0.212,0.093,0.179,
0.0,0.146,0.171,0.15,0.18,0.143,0.127,0.151,0.154,0.197,
0.0,0.104,0.103,0.088,0.071,0.162,0.017,0.156,0.171,0.188,
0.0,0.202,0.165,0.125,0.185,0.151,0.215,0.083,0.173,0.16,
0.0,0.113,0.094,0.196,0.204,0.172,0.09,0.169,0.207,0.242,
0.0,0.064,0.237,0.176,0.188,0.104,0.167,0.184,0.069,0.175,
0.0,0.091,0.178,0.204,0.173,0.181,0.122,0.198,0.21,0.166,
0.0,0.079,0.166,0.06,0.082,0.166,0.112,0.176,0.232,0.183,
0.0,0.093,0.17,0.128,0.242,0.191,0.186,0.235,0.216,0.173,
0.0,0.163,0.138,0.121,0.146,0.093,0.226,0.149,0.18,0.235,
0.0,0.11,0.201,0.214,0.273,0.118,0.14,0.155,0.173,0.148,
0.0,0.113,0.189,0.154,0.074,0.12,0.141,0.162,0.224,0.2,
0.0,0.242,0.175,0.132,0.214,0.082,0.231,0.171,0.227,0.229,
0.0,0.116,0.161,0.27,0.232,0.226,0.181,0.157,0.175,0.169,
0.0,0.105,0.233,0.232,0.247,0.206,0.065,0.116,0.084,0.155,
0.0,0.106,0.086,0.086,0.051,0.126,0.101,0.175,0.202,0.102,
0.0,0.118,0.164,0.159,0.115,0.202,0.173,0.215,0.197,0.222,
0.0,0.041,0.164,0.192,0.164,0.151,0.057,0.182,0.103,0.205,
0.0,0.104,0.154,0.217,0.223,0.181,0.238,0.185,0.241,0.236,
0.0,0.107,0.137,0.092,0.035,0.171,0.104,0.163,0.185,0.127,
0.0,0.108,0.111,0.226,0.194,0.163,0.175,0.268,0.145,0.146,
0.0,0.011,0.059,0.146,0.07,0.228,0.155,0.198,0.221,0.174,
0.0,0.187,0.165,0.158,0.131,0.21,0.245,0.239,0.258,0.179,
0.0,-0.044,0.078,0.073,0.164,0.114,0.13,0.192,0.154,0.16,
0.0,0.128,0.126,0.149,0.165,0.2,0.117,0.135,0.178,0.21,
0.0,0.033,0.103,0.064,0.152,0.115,0.213,0.217,0.183,0.216,
0.0,0.039,0.032,0.116,0.161,0.153,0.102,0.097,0.106,0.118,
0.0,0.153,0.162,0.196,0.207,0.2,0.202,0.145,0.227,0.168,
0.0,0.134,0.192,0.172,0.16,0.172,0.191,0.192,0.217,0.236,
0.0,0.166,0.104,0.093,0.089,0.139,0.131,0.153,0.144,0.157,
-0.02,0.065,0.19,0.143,0.234,0.254,0.227,0.153,0.155,0.15,
0.0,0.135,0.181,0.15,0.128,0.139,0.134,0.12,0.126,0.214,
0.0,0.174,0.128,0.064,0.114,0.16,0.254,0.177,0.18,0.133,
0.0,0.072,0.163,0.204,0.191,0.155,0.142,0.214,0.108,0.135,
0.0,0.058,0.086,0.109,0.185,0.165,0.21,0.116,0.133,0.244,
0.0,0.109,0.212,0.159,0.173,0.224,0.186,0.239,0.174,0.251,
0.0,0.183,0.178,0.193,0.186,0.161,0.207,0.154,0.171,0.056,
0.0,0.03,0.132,0.15,0.177,0.042,0.127,0.232,0.158,0.193,
0.0,-0.022,0.01,0.139,0.033,0.136,0.144,0.201,0.17,0.158,
0.0,0.194,0.235,0.194,0.224,0.25,0.256,0.261,0.209,0.209,
0.0,0.13,0.185,0.113,0.092,0.122,0.14,0.156,0.067,0.142,
0.0,0.122,0.068,0.137,0.19,0.204,0.188,0.19,0.216,0.143,
0.0,0.085,0.139,0.034,0.039,0.115,0.053,0.095,0.094,0.133,
0.0,0.17,0.11,0.217,0.114,0.282,0.139,0.185,0.143,0.284,
0.0,0.136,0.161,0.184,0.145,0.11,0.197,0.195,0.199,0.158,
0.0,0.128,0.151,0.158,0.156,0.166,0.19,0.137,0.157,0.182,
0.0,0.084,0.208,0.196,0.211,0.143,0.169,0.1,0.158,0.15,
0.0,0.004,0.11,0.098,0.077,0.145,0.114,0.104,0.179,0.152,
0.0,0.104,0.088,0.126,0.178,0.178,0.158,0.085,0.139,0.21,
0.0,0.168,0.158,0.217,0.132,0.224,0.138,0.147,0.216,0.147,
0.0,0.173,0.128,0.136,0.073,0.128,0.192,0.126,0.18,0.141,
0.0,0.17,0.188,0.068,0.231,0.122,0.169,0.155,0.107,0.095,
0.0,0.08,0.101,0.161,0.184,0.121,0.195,0.18,0.129,0.176,
0.0,0.18,0.099,0.133,0.164,0.152,0.155,0.2,0.115,0.161,
0.0,0.155,0.129,0.092,0.199,0.129,0.203,0.174,0.247,0.198,
0.0,0.123,0.022,0.179,0.186,0.199,0.126,0.162,0.109,0.222,
0.0,-0.025,0.068,0.118,0.131,0.089,0.132,0.132,0.164,0.131,
0.0,0.055,0.075,0.163,0.116,0.128,0.135,0.19,0.149,0.177,
0.0,0.061,0.154,0.141,0.067,0.09,0.205,0.088,0.183,0.191,
0.0,0.091,0.161,0.165,0.192,0.267,0.205,0.249,0.178,0.249,
0.0,0.023,0.077,0.067,0.19,0.16,0.069,0.151,0.121,0.151,
0.0,0.109,0.132,0.157,0.086,0.161,0.147,0.191,0.156,0.196,
-0.003,0.076,0.2,0.027,0.146,0.204,0.083,0.173,0.133,0.16,
0.0,0.025,0.135,0.198,0.138,0.128,0.144,0.116,0.168,0.146,
0.0,0.18,0.212,0.128,0.133,0.228,0.228,0.221,0.17,0.167,
-0.005,0.081,0.129,0.129,0.075,0.189,0.185,0.25,0.221,0.192,
0.0,0.132,0.193,0.176,0.198,0.178,0.199,0.139,0.211,0.113,
0.0,0.105,0.166,0.156,0.201,0.203,0.186,0.176,0.066,0.202,
0.0,-0.017,0.132,0.186,0.205,0.182,0.188,0.247,0.155,0.267,
-0.021,0.11,0.047,0.063,0.016,0.083,0.163,0.086,0.188,0.104,
0.0,0.137,-0.019,0.107,0.083,0.125,0.137,0.109,0.137,0.016,
0.0,0.089,0.063,0.138,0.179,0.134,0.187,0.083,0.153,0.059,
0.0,0.173,0.161,0.167,0.15,0.098,0.182,0.171,0.123,0.218,
0.0,0.093,0.141,0.072,0.141,0.134,0.22,0.156,0.161,0.12,
0.0,0.087,0.177,0.14,0.16,0.222,0.19,0.191,0.164,0.185,
0.0,0.051,0.063,0.18,0.104,0.107,0.131,0.078,0.041,0.122,
0.0,0.152,0.125,0.187,0.187,0.154,0.138,0.137,0.157,0.173,
0.0,0.155,0.131,0.165,0.073,0.206,0.123,0.159,0.198,0.198,
0.0,0.116,0.185,0.085,0.218,0.099,0.11,0.195,0.216,0.197,
0.0,0.04,0.214,0.108,0.186,0.189,0.166,0.069,0.196,0.185,
0.0,0.046,0.003,0.113,0.135,0.178,0.156,0.088,0.12,0.197,
0.0,0.165,0.195,0.101,0.209,0.128,0.128,0.093,0.262,0.161,
0.0,0.09,0.11,0.134,0.142,0.149,0.174,0.193,0.209,0.229,
0.0,0.099,0.086,0.056,0.096,0.177,0.105,0.203,0.161,0.161,
0.0,0.061,0.137,0.142,0.019,0.099,0.077,0.185,0.126,0.143,
0.0,0.188,0.123,0.082,0.306,0.108,0.16,0.106,0.151,0.106,
-0.004,0.145,0.185,0.232,0.054,0.101,0.22,0.235,0.164,0.161,
0.0,0.125,0.11,0.004,0.087,0.058,0.086,0.189,0.095,0.147,
0.0,0.143,0.048,0.136,0.147,0.147,0.097,0.111,0.152,0.118,
0.0,0.193,0.193,0.256,0.262,0.123,0.122,0.164,0.128,0.158,
0.023,-0.035,0.132,0.194,0.128,0.145,0.092,0.15,0.149,0.136,
0.0,0.128,0.127,0.128,0.179,0.059,0.157,0.069,0.22,0.196,
0.0,0.07,0.11,0.2,0.084,0.194,0.152,0.164,0.164,0.046,
0.0,0.075,0.118,0.143,0.114,0.042,0.137,0.105,0.088,0.092,
0.0,0.047,0.088,0.116,0.171,0.19,0.025,0.167,0.113,0.14,
0.0,0.138,0.175,0.069,0.152,0.198,0.164,0.124,0.233,0.147,
-0.02,0.003,0.096,0.105,0.047,0.025,0.104,0.087,0.141,0.113,
0.0,0.105,0.166,0.201,0.14,0.205,0.236,0.18,0.218,0.198,
0.0,0.121,0.12,0.169,0.154,0.207,0.155,0.107,0.084,0.131,
0.0,0.07,0.036,0.134,0.148,0.106,0.123,0.108,0.05,0.07,
0.0,0.15,0.189,0.187,0.16,0.143,0.205,0.198,0.267,0.16,
0.0,0.167,0.21,0.188,0.194,0.198,0.167,0.209,0.166,0.206,
0.0,0.131,0.199,0.196,0.255,0.217,0.189,0.097,0.198,0.207,
0.0,0.113,0.094,0.054,0.154,0.173,0.16,0.105,0.19,0.19,
0.0,0.058,0.124,0.177,0.221,0.168,0.198,0.113,0.167,0.21,
0.0,0.071,0.218,0.199,0.286,0.189,0.196,0.217,0.181,0.225,
0.0,0.115,0.148,0.125,0.104,0.137,0.152,0.135,0.111,0.208,
0.0,-0.019,0.236,0.182,0.17,0.161,0.264,0.182,0.188,0.219,
0.0,0.102,0.153,0.145,0.135,0.224,0.157,0.23,0.162,0.178,
0.0,0.127,0.164,0.119,0.224,0.188,0.205,0.21,0.182,0.254,
0.0,0.035,0.097,0.173,0.174,0.215,0.113,0.225,0.214,0.169,
0.0,0.095,0.166,0.183,0.209,0.25,0.168,0.15,0.169,0.154,
0.0,0.113,0.158,0.166,0.187,0.116,0.274,0.141,0.231,0.216,
0.0,0.082,0.119,0.184,0.174,0.109,0.184,0.225,0.183,0.154,
0.0,0.069,0.123,0.087,0.191,0.244,0.159,0.141,0.186,0.166,
0.0,0.028,0.138,0.11,0.135,0.119,0.193,0.179,0.144,0.079,
0.0,0.105,0.19,0.209,0.181,0.213,0.155,0.183,0.152,0.113,
0.0,0.109,0.118,0.181,0.153,0.147,0.113,0.188,0.152,0.156,
0.0,0.078,0.126,0.082,0.096,0.144,0.074,0.089,0.144,0.173,
0.0,0.038,0.228,0.255,0.257,0.233,0.285,0.263,0.243,0.285,
0.0,-0.044,0.032,0.094,0.143,0.0,0.11,0.085,0.105,0.09,
0.0,0.092,0.098,0.17,0.127,0.19,0.206,0.103,0.127,0.141,
0.0,0.212,0.012,0.081,0.126,0.058,0.069,0.001,0.11,0.078,
0.0,0.064,0.181,0.167,0.178,0.123,0.143,0.237,0.201,0.213,
0.0,0.126,0.206,0.195,0.244,0.257,0.221,0.204,0.118,0.213,
0.0,0.073,0.176,0.143,0.25,0.169,0.253,0.25,0.234,0.139,
0.0,0.139,0.235,0.212,0.16,0.176,0.252,0.129,0.154,0.111,
0.0,0.04,0.221,0.2,0.168,0.099,0.213,0.125,0.194,0.065,
0.0,0.158,0.107,0.202,0.118,0.2,0.259,0.22,0.208,0.194,
0.0,0.138,0.128,0.136,0.103,0.101,0.144,0.108,0.165,0.188,
0.0,0.182,0.214,0.183,0.227,0.145,0.198,0.14,0.23,0.25,
0.0,0.056,0.083,0.176,0.156,0.209,0.213,0.209,0.106,0.164,
0.0,-0.019,0.183,0.192,0.215,0.201,0.217,0.131,0.192,0.113,
0.0,0.111,0.249,0.187,0.227,0.218,0.145,0.172,0.131,0.09,
0.0,0.134,0.122,0.148,0.138,0.121,0.122,0.182,0.147,0.169,
0.0,0.06,0.177,0.191,0.219,0.207,0.192,0.219,0.284,0.243,
0.0,0.078,0.197,0.09,0.164,0.181,0.096,0.229,0.213,0.029,
0.0,0.112,0.124,0.16,0.155,0.205,0.168,0.131,0.177,0.135,
0.0,0.105,0.069,0.153,0.166,0.124,0.134,0.223,0.19,0.15,
0.0,0.213,0.038,0.065,0.07,0.112,0.042,0.049,0.049,0.163,
0.0,0.063,0.19,0.114,0.096,0.21,0.237,0.065,0.231,0.195,
0.0,0.04,0.069,0.166,0.087,0.14,0.165,0.108,0.077,0.081,
0.0,0.165,0.126,0.18,0.088,0.185,0.163,0.268,0.225,0.237,
0.0,0.15,0.082,0.173,0.153,0.093,0.16,0.117,0.127,0.103,
0.0,0.173,0.174,0.107,0.192,0.171,0.198,0.174,0.175,0.066,
0.0,0.087,0.135,0.159,0.104,0.181,0.146,0.125,0.162,0.153,
0.0,0.123,0.172,0.176,0.106,0.202,0.041,0.072,0.156,0.189,
0.0,0.136,0.204,0.223,0.202,0.159,0.194,0.196,0.231,0.105,
0.0,0.069,0.187,0.189,0.203,0.174,0.169,0.19,0.104,0.162,
0.0,0.068,0.159,0.116,0.213,0.153,0.176,0.085,0.159,0.166,
0.0,0.013,0.071,0.076,0.187,0.025,0.103,0.088,0.065,-0.011,
0.0,0.053,0.225,0.125,0.297,0.203,0.271,0.248,0.237,0.169,
-0.002,0.07,0.137,0.04,0.094,0.175,0.116,0.079,0.084,0.135,
0.0,0.098,0.143,0.182,0.109,0.129,0.218,0.157,0.187,0.223,
0.0,0.1,0.095,0.177,0.182,0.212,0.131,0.112,0.143,0.179,
0.0,0.052,0.147,0.117,0.219,0.184,0.201,0.227,0.166,0.233,
0.0,0.154,0.146,0.096,0.217,0.178,0.227,0.181,0.176,0.161,
0.0,0.099,0.08,0.17,0.138,0.126,0.131,0.16,0.059,0.197,
0.0,0.086,0.065,0.158,0.193,0.229,0.167,0.203,0.19,0.187,
0.0,0.047,0.063,0.175,0.134,0.2,0.191,0.146,0.145,0.196,
0.0,0.081,0.151,0.149,0.176,0.199,0.131,0.12,0.131,0.212,
0.0,0.1,0.199,0.23,0.278,0.226,0.252,0.22,0.161,0.174,
0.0,0.019,0.092,0.203,0.061,0.155,0.182,0.208,0.133,0.163,
0.0,-0.026,0.072,0.13,0.086,0.071,0.054,0.138,0.101,0.095,
0.0,0.115,0.104,0.128,0.169,0.135,0.172,0.145,0.086,0.179,
0.0,0.128,0.242,0.175,0.238,0.267,0.224,0.282,0.269,0.284,
0.0,0.071,0.149,0.113,0.131,0.19,0.202,0.211,0.209,0.156,
0.0,0.217,-0.001,0.173,0.19,0.134,0.061,0.121,0.137,0.088,
0.0,0.055,-0.009,0.056,0.136,0.136,0.221,0.149,0.176,0.192,
0.0,0.166,0.126,0.234,0.252,0.278,0.281,0.174,0.246,0.229,
0.0,0.084,0.15,0.202,0.181,0.228,0.241,0.172,0.17,0.23,
0.0,0.004,0.197,0.167,0.24,0.205,0.198,0.164,0.228,0.143,
0.0,0.054,0.156,0.164,0.144,0.168,0.17,0.145,0.191,0.095,
0.0,0.006,0.134,0.09,0.132,0.119,0.156,0.176,0.198,0.104,
0.0,0.133,0.109,0.146,0.135,0.135,0.178,0.128,0.161,0.19,
0.0,0.114,0.072,0.067,0.205,0.137,0.124,0.126,0.199,0.152,
0.0,0.108,0.165,0.046,0.107,0.144,0.174,0.205,0.195,0.136,
0.0,0.089,0.063,0.183,0.147,0.176,0.118,0.103,0.162,0.2,
0.0,0.117,0.252,0.192,0.235,0.277,0.213,0.273,0.268,0.26,
0.0,0.12,0.109,0.136,0.089,0.083,0.108,0.16,0.123,0.137,
0.0,0.147,0.209,0.156,0.175,0.169,0.218,0.106,0.229,0.154,
0.0,0.076,0.086,0.122,0.089,0.083,0.088,0.085,0.149,0.045,
0.0,0.101,0.243,0.216,0.152,0.218,0.211,0.211,0.162,0.217,
0.0,0.131,0.182,0.189,0.241,0.229,0.159,0.188,0.21,0.154,
0.0,0.098,0.07,0.176,0.11,0.06,0.144,0.149,0.111,0.174,
0.0,0.049,0.175,0.202,0.191,0.14,0.232,0.074,0.209,0.172,
0.0,0.051,0.115,0.142,0.11,0.082,0.154,0.176,0.131,0.185,
0.0,0.09,0.099,0.188,0.177,0.166,0.125,0.138,0.165,0.087,
0.0,0.098,0.139,0.184,0.135,0.215,0.203,0.191,0.186,0.227,
0.0,0.053,0.062,0.131,0.247,0.182,0.253,0.219,0.211,0.167,
0.0,0.14,0.057,0.185,0.19,0.222,0.193,0.157,0.157,0.236,
0.0,0.148,0.084,0.179,0.093,0.225,0.24,0.196,0.289,0.194,
0.0,0.123,0.189,0.149,0.101,0.12,0.167,0.129,0.127,0.214,
0.0,0.048,0.182,0.119,0.166,0.194,0.181,0.166,0.173,0.095,
0.0,0.254,0.138,0.149,0.211,0.215,0.13,0.234,0.149,0.18,
-0.019,0.055,0.153,0.16,0.115,0.174,0.147,0.013,0.121,0.144,
-0.045,0.093,0.088,0.129,0.105,0.173,0.142,0.223,0.157,0.202,
0.0,-0.005,0.163,0.127,0.12,0.137,0.153,0.105,0.103,0.092,
0.0,0.048,0.191,0.087,0.099,0.094,0.09,0.167,0.139,0.156,
0.0,0.138,0.096,0.208,0.252,0.147,0.144,0.244,0.229,0.183,
0.0,0.162,0.182,0.026,0.166,0.232,0.168,0.118,0.217,0.149,
0.0,0.11,0.076,0.153,0.133,0.158,0.177,0.103,0.149,0.1,
0.0,0.131,0.163,0.163,0.157,0.095,0.149,0.141,0.093,0.198,
0.0,0.147,0.179,0.229,0.214,0.252,0.187,0.173,0.205,0.17,
0.0,0.089,0.098,0.119,0.074,0.16,0.082,0.137,0.166,0.171,
0.0,0.015,0.187,0.192,0.117,0.123,0.165,0.193,0.115,0.181,
0.0,0.155,0.095,0.185,0.237,0.228,0.206,0.136,0.245,0.195,
0.0,0.215,0.162,0.202,0.115,0.147,0.238,0.165,0.176,0.191,
0.0,0.149,0.17,0.061,0.203,0.121,0.095,0.158,0.142,0.187,
0.0,0.102,0.167,0.117,0.13,0.128,0.164,0.104,0.148,0.196,
0.0,0.065,0.082,0.17,0.175,0.119,0.169,0.123,0.157,0.164,
0.0,0.141,0.096,0.24,0.191,0.195,0.182,0.158,0.191,0.221,
0.0,0.113,0.093,0.141,0.101,0.138,0.093,0.167,0.155,0.138,
0.0,0.003,0.059,0.088,0.166,0.153,0.176,0.141,0.195,0.138,
0.0,0.116,0.11,0.133,0.099,0.205,0.192,0.151,0.139,0.081,
0.0,-0.001,0.142,0.154,0.206,0.196,0.144,0.178,0.18,0.233,
0.0,0.156,0.177,0.211,0.166,0.178,0.187,0.166,0.19,0.155,
0.0,0.171,0.116,0.135,0.109,0.242,0.09,0.188,0.19,0.245,
0.0,0.038,0.018,0.127,0.012,0.064,0.165,0.105,0.113,0.113,
0.0,-0.042,0.134,0.148,0.199,0.18,0.04,0.104,0.142,0.172,
0.0,0.089,0.151,0.166,0.156,0.153,0.099,0.1,0.165,0.163,
0.0,0.074,0.166,0.134,0.119,0.216,0.18,0.153,0.094,0.096,
0.0,0.123,0.125,0.063,0.175,0.18,0.223,0.162,0.192,0.205,
0.0,0.139,0.176,0.132,0.154,0.181,0.135,0.167,0.163,0.175,
0.0,0.133,0.21,0.305,0.242,0.236,0.253,0.187,0.327,0.093,
0.0,-0.052,0.097,0.15,0.104,0.111,0.032,0.136,0.096,0.144,
0.0,0.101,0.142,0.145,0.178,0.218,0.188,0.084,0.154,0.121,
0.0,0.062,0.144,0.171,0.1,0.181,0.188,0.127,0.191,0.209,
0.0,0.088,0.11,0.078,0.049,0.09,0.131,0.156,0.097,0.148,
0.0,0.084,0.008,0.064,0.194,0.113,0.166,0.212,0.164,0.238,
-0.012,0.088,0.092,0.116,0.138,0.192,0.131,0.181,0.203,0.179,
0.0,0.041,0.074,0.195,0.129,0.071,0.047,0.146,0.163,0.157,
0.0,0.068,0.175,0.05,0.098,0.119,0.161,0.111,0.128,0.191,
-0.007,0.058,0.117,0.168,0.09,0.193,0.168,0.215,0.17,0.111,
0.0,0.086,0.123,0.049,0.232,0.112,0.238,0.155,0.064,0.181,
0.0,0.067,0.213,0.147,0.087,0.174,0.245,0.233,0.192,0.086,
0.0,0.038,0.053,0.143,0.124,0.13,0.162,0.099,0.173,0.117,
0.0,0.071,0.111,0.093,0.068,0.097,0.114,0.026,0.095,0.202,
0.0,0.141,0.095,0.233,0.164,0.142,0.174,0.231,0.202,0.253,
0.0,0.056,0.177,0.142,0.174,0.193,0.181,0.184,0.187,0.071,
0.057,0.166,0.157,0.108,0.124,0.184,0.207,0.131,0.188,0.146,
0.0,0.037,0.148,0.093,0.142,0.083,0.157,0.139,0.152,0.159,
0.0,0.13,0.144,0.116,0.182,0.181,0.137,0.196,0.147,0.143,
0.0,0.063,0.135,0.165,0.192,0.256,0.265,0.182,0.198,0.287,
0.0,-0.015,0.125,0.104,0.068,0.123,0.135,0.167,0.169,0.119,
0.0,0.143,0.095,0.13,0.142,0.157,0.176,0.187,0.163,0.08,
0.0,0.056,0.176,0.186,0.232,0.197,0.213,0.239,0.209,0.169,
0.0,0.042,0.185,0.213,0.186,0.23,0.133,0.203,0.104,0.22,
0.0,0.099,0.104,0.187,0.213,0.254,0.154,0.22,0.16,0.25,
0.0,0.172,0.174,0.209,0.175,0.179,0.235,0.181,0.219,0.178,
0.0,0.032,0.078,0.146,0.082,0.049,0.022,0.131,0.096,0.094,
0.0,0.092,0.124,0.128,0.071,0.155,0.094,0.108,0.17,0.138,
0.0,0.117,0.187,0.248,0.152,0.195,0.251,0.247,0.241,0.209,
0.005,0.062,0.02,0.1,0.154,0.045,0.139,0.179,0.09,0.207,
0.0,0.126,0.134,0.217,0.151,0.192,0.184,0.198,0.199,0.181,
0.0,0.18,0.124,0.214,0.105,0.078,0.195,0.105,0.208,0.179,
0.0,-0.041,0.079,0.157,0.205,0.16,0.151,0.143,0.161,0.17,
0.0,0.117,0.161,0.151,0.204,0.142,0.119,0.188,0.124,0.157,
0.0,0.03,0.14,0.078,0.158,0.067,0.135,0.151,0.164,0.049,
0.0,0.078,0.111,0.183,0.111,0.192,0.126,0.109,0.124,0.202,
0.0,0.178,0.14,0.257,0.143,0.155,0.235,0.209,0.141,0.111,
0.0,0.125,0.157,0.145,0.142,0.17,0.174,0.13,0.254,0.068,
0.0,0.068,0.127,0.199,0.181,0.2,0.237,0.229,0.13,0.21,
0.0,0.138,0.209,0.134,0.041,0.209,0.196,0.091,0.066,0.042,
0.0,0.191,0.18,0.245,0.207,0.194,0.241,0.237,0.219,0.207,
0.0,0.023,0.143,0.164,0.21,0.237,0.202,0.201,0.223,0.177,
0.0,0.119,0.158,0.167,0.163,0.213,0.243,0.231,0.199,0.147,
0.0,0.176,0.219,0.212,0.254,0.245,0.241,0.185,0.246,0.261,
0.0,0.232,0.096,0.204,0.219,0.202,0.187,0.175,0.211,0.27,
-0.029,0.137,0.135,0.047,0.108,0.192,0.05,0.066,0.11,0.166,
0.0,0.058,0.197,0.18,0.073,0.176,0.1,0.144,0.092,0.09,
0.0,0.072,0.121,0.157,0.167,0.193,0.162,0.181,0.215,0.213,
0.0,0.121,0.06,0.103,0.107,0.097,0.215,0.085,0.224,0.188,
0.0,0.059,0.148,0.109,0.142,0.204,0.098,0.185,0.125,0.113,
0.0,0.13,0.222,0.197,0.155,0.204,0.244,0.227,0.189,0.148,
0.0,0.092,0.105,0.16,0.09,0.243,0.222,0.136,0.196,0.184,
0.0,0.08,0.111,0.14,0.166,0.147,0.161,0.175,0.115,0.169,
0.0,0.014,0.163,0.172,0.129,0.107,0.048,0.147,0.07,0.094,
0.0,0.086,0.124,0.219,0.169,0.062,0.136,0.062,0.11,0.126,
0.0,0.02,0.114,0.109,0.123,0.168,0.117,0.1,0.059,0.175,
0.0,-0.01,0.11,0.136,0.143,0.187,0.19,0.122,0.092,0.14,
0.0,0.074,0.222,0.045,0.192,0.171,0.196,0.114,0.169,0.122,
0.0,0.093,0.163,0.187,0.24,0.174,0.243,0.195,0.239,0.146,
0.0,0.047,0.166,0.172,0.132,0.149,0.19,0.239,0.173,0.182,
0.0,0.063,0.019,0.159,0.131,0.111,0.136,0.121,0.129,0.126,
0.0,0.116,0.021,0.129,0.127,0.151,0.142,0.121,0.121,0.137,
0.0,0.109,0.205,0.145,0.17,0.206,0.247,0.15,0.204,0.187,
0.0,0.165,0.19,0.192,0.203,0.161,0.212,0.184,0.198,0.188,
0.0,0.13,0.155,0.199,0.181,0.185,0.121,0.201,0.207,0.207,
0.0,0.075,0.134,0.218,0.251,0.212,0.194,0.228,0.243,0.114,
0.0,0.186,0.237,0.164,0.232,0.194,0.136,0.209,0.142,0.138,
0.0,0.034,0.196,0.165,0.134,0.141,0.167,0.184,0.236,0.18,
0.0,0.129,0.154,0.101,0.148,0.116,0.135,0.142,0.085,0.199,
0.0,0.079,0.095,0.126,0.229,0.155,0.197,0.19,0.136,0.122,
0.0,0.082,0.172,0.224,0.274,0.27,0.287,0.249,0.228,0.218,
0.0,0.015,0.103,0.216,0.189,0.216,0.241,0.178,0.209,0.187,
0.0,0.017,0.192,0.146,0.139,0.145,0.204,0.181,0.197,0.147,
0.0,0.235,0.131,0.257,0.236,0.231,0.104,0.185,0.105,0.2,
0.0,0.086,0.101,0.149,0.157,0.187,0.158,0.164,0.213,0.178,
0.0,0.155,0.195,0.165,0.209,0.23,0.165,0.153,0.168,0.215,
0.0,0.053,0.032,0.092,0.139,0.15,0.146,0.122,0.141,0.089,
0.0,0.173,0.177,0.192,0.206,0.234,0.197,0.197,0.255,0.178,
0.0,0.077,0.139,0.16,0.12,0.197,0.158,0.218,0.126,0.138,
0.0,0.147,0.153,0.196,0.2,0.149,0.162,0.156,0.203,0.092,
0.0,0.096,0.113,0.191,0.169,0.199,0.206,0.176,0.233,0.174,
0.0,0.121,0.172,0.216,0.233,0.175,0.142,0.195,0.203,0.23,
0.0,0.172,0.172,0.228,0.236,0.21,0.191,0.275,0.196,0.28,
0.0,-0.006,-0.022,0.102,0.1,0.09,0.09,0.092,0.032,0.046,
-0.014,0.08,0.162,0.154,0.212,0.123,0.133,0.172,0.238,0.229,
0.0,0.034,0.161,0.142,0.211,0.211,0.19,0.181,0.188,0.211,
0.0,0.018,0.12,0.098,0.027,0.071,0.144,0.126,0.133,0.077,
0.0,0.095,0.146,0.103,0.115,0.154,0.217,0.085,0.192,0.136,
0.0,0.088,0.127,0.126,0.178,0.086,0.143,0.182,0.206,0.174,
0.0,0.029,0.083,0.109,0.144,0.15,0.161,0.145,0.129,0.19,
0.0,0.086,0.182,0.132,0.238,0.171,0.213,0.241,0.096,0.232,
0.0,0.005,0.071,0.183,0.119,0.167,0.116,0.189,0.147,0.178,
0.0,0.034,0.193,0.063,0.125,0.21,0.11,0.118,0.05,0.196,
0.0,0.099,0.138,0.126,0.106,0.18,0.165,0.184,0.09,0.2,
0.0,0.056,0.216,0.102,0.186,0.146,0.118,0.22,0.151,0.141,
0.0,-0.016,-0.012,0.079,0.033,0.097,0.098,0.118,0.125,0.128,
0.0,0.109,0.148,0.172,0.107,0.197,0.155,0.224,0.217,0.204,
0.0,0.143,0.147,0.196,0.233,0.153,0.091,0.246,0.183,0.235,
0.0,0.005,0.073,0.221,0.211,0.189,0.118,0.076,0.104,0.215,
0.0,0.029,0.17,0.133,0.131,0.18,0.171,0.208,0.181,0.108,
0.0,0.073,0.187,0.116,0.172,0.18,0.16,0.18,0.111,0.152,
0.0,0.123,0.229,0.181,0.239,0.254,0.242,0.176,0.152,0.158,
0.0,0.07,0.064,0.177,0.117,0.077,0.152,0.101,0.149,0.181,
0.0,0.067,0.192,0.172,0.134,0.222,0.099,0.129,0.172,0.146,
0.0,0.04,0.087,0.11,0.141,0.179,0.192,0.116,0.141,0.174,
0.0,0.06,0.014,0.13,0.099,0.136,0.157,0.099,0.166,0.063,
0.0,0.119,0.229,0.176,0.214,0.169,0.22,0.252,0.198,0.179,
0.0,0.152,0.169,0.167,0.043,0.168,0.167,0.166,0.066,0.096,
0.0,0.125,0.208,0.136,0.232,0.191,0.218,0.168,0.176,0.14,
0.0,0.113,0.109,0.057,0.183,0.139,0.096,0.117,0.209,0.195,
0.0,0.064,0.173,0.137,0.193,0.072,0.169,0.159,0.114,0.189,
0.0,0.036,0.12,0.111,0.197,0.171,0.135,0.161,0.084,0.102,
0.0,0.128,0.092,0.19,0.177,0.162,0.188,0.161,0.21,0.213,
0.0,0.08,0.03,0.041,0.119,0.102,0.13,0.039,0.121,0.02,
0.0,0.012,0.111,0.218,0.185,0.196,0.223,0.209,0.178,0.2,
0.0,0.006,0.135,0.103,0.154,0.151,0.081,0.121,0.154,0.112,
0.0,0.063,0.047,0.052,0.092,0.064,0.026,0.105,-0.001,0.115,
0.0,0.148,0.125,0.163,0.163,0.177,0.083,0.148,0.095,0.134,
0.0,0.168,0.118,0.214,0.093,0.18,0.216,0.26,0.096,0.204,
0.0,0.028,0.153,0.212,0.147,0.175,0.151,0.173,0.166,0.244,
0.0,0.163,0.133,0.169,0.176,0.202,0.143,0.15,0.144,0.147,
0.0,0.143,0.116,0.126,0.19,0.201,0.174,0.135,0.136,0.174,
0.0,0.082,0.268,0.231,0.19,0.247,0.245,0.313,0.308,0.21,
0.0,0.078,0.172,0.2,0.214,0.209,0.235,0.199,0.173,0.153,
0.0,0.195,0.158,0.112,0.22,0.246,0.169,0.18,0.228,0.299,
0.0,0.196,0.186,0.113,0.184,0.136,0.115,0.15,0.18,0.143,
0.0,0.104,0.165,0.201,0.203,0.068,0.25,0.186,0.249,0.265,
0.0,0.083,0.101,0.171,0.172,0.12,0.135,0.162,0.201,0.142,
0.0,0.065,0.162,0.228,0.23,0.237,0.204,0.204,0.179,0.158,
0.0,0.103,0.14,0.119,0.142,0.154,0.129,0.078,0.119,0.118,
0.0,0.123,0.082,0.197,0.17,0.166,0.128,0.111,0.153,0.137,
0.0,0.088,0.073,0.09,0.125,0.159,0.027,0.082,0.069,0.143,
-0.009,0.064,0.133,0.174,0.127,0.107,0.121,0.136,0.132,0.104,
0.0,0.193,0.197,0.203,0.168,0.209,0.215,0.173,0.249,0.278,
0.0,0.085,0.185,0.112,0.226,0.172,0.112,0.181,0.152,0.085,
0.0,0.113,0.226,0.122,0.224,0.181,0.223,0.112,0.25,0.246,
0.0,0.057,0.138,0.133,0.112,0.192,0.112,0.181,0.203,0.194,
0.0,0.043,0.136,0.18,0.214,0.238,0.164,0.122,0.188,0.22,
0.0,0.067,0.148,0.186,0.205,0.277,0.083,0.28,0.268,0.194,
0.0,0.024,0.199,0.158,0.277,0.204,0.302,0.299,0.239,0.273,
0.0,0.066,0.134,0.086,0.193,0.194,0.209,0.098,0.114,0.187,
0.0,0.091,0.038,0.077,0.121,0.231,0.193,0.169,0.23,0.193,
0.0,0.142,0.174,0.172,0.268,0.238,0.282,0.227,0.245,0.233,
0.0,0.039,0.135,0.168,0.058,0.21,0.138,0.182,0.088,0.108,
0.0,0.17,0.2,0.185,0.24,0.209,0.257,0.134,0.171,0.182,
0.0,0.064,0.163,0.177,0.188,0.184,0.217,0.207,0.179,0.143,
0.0,0.135,0.096,0.183,0.173,0.187,0.142,0.102,0.229,0.154,
0.0,0.128,0.187,0.216,0.168,0.189,0.229,0.212,0.171,0.197,
0.0,0.121,0.106,0.173,0.196,0.196,0.182,0.097,0.104,0.17,
0.0,0.067,0.142,0.188,0.241,0.216,0.168,0.202,0.167,0.213,
-0.014,0.137,0.189,0.153,0.149,0.14,0.106,0.098,0.161,0.113,
0.0,0.142,0.099,0.072,0.103,0.139,0.146,0.092,0.117,0.104,
0.0,0.124,0.195,0.15,0.165,0.11,0.145,0.164,0.211,0.099,
0.0,-0.001,0.064,0.091,0.096,0.128,0.076,0.15,0.001,0.098,
0.0,0.092,0.153,0.166,0.164,0.131,0.204,0.13,0.096,0.148,
0.0,0.101,0.129,0.204,0.215,0.244,0.252,0.264,0.245,0.198,
0.0,0.183,0.144,0.117,0.209,0.135,0.115,0.188,0.148,0.147,
0.0,0.073,0.128,0.176,0.163,0.081,0.222,0.162,0.205,0.137,
0.0,0.089,0.206,0.113,0.091,0.2,0.214,0.099,0.073,0.15,
0.0,0.036,0.134,0.198,0.096,0.189,0.169,0.232,0.18,0.129,
0.0,0.157,0.099,0.152,0.151,0.193,0.2,0.137,0.144,0.092,
0.0,0.094,0.213,0.183,0.203,0.211,0.182,0.198,0.228,0.193,
0.0,0.208,0.203,0.245,0.236,0.26,0.208,0.226,0.154,0.147,
0.0,0.119,0.166,0.204,0.185,0.207,0.19,0.197,0.217,0.24,
0.0,0.16,0.04,0.226,0.227,0.194,0.201,0.055,0.184,0.172,
0.0,0.215,0.215,0.229,0.27,0.264,0.144,0.236,0.247,0.229,
0.0,0.145,0.144,0.134,0.135,0.156,0.178,0.156,0.186,0.111,
0.0,-0.04,-0.008,0.075,0.054,0.083,0.044,0.064,0.096,0.119,
0.0,0.059,0.115,0.179,0.23,0.159,0.197,0.184,0.191,0.248,
0.0,0.102,0.123,0.168,0.165,0.174,0.141,0.116,0.188,0.151,
0.0,0.086,0.118,0.154,0.109,0.15,0.165,0.135,0.135,0.129,
-0.027,0.135,0.218,0.211,0.203,0.269,0.247,0.236,0.266,0.266,
0.0,0.12,0.059,0.238,0.266,0.116,0.247,0.24,0.214,0.25,
0.0,0.24,0.124,0.154,0.25,0.068,0.115,0.191,0.2,0.241,
0.0,0.141,0.21,0.236,0.237,0.183,0.296,0.265,0.172,0.078,
0.0,0.206,0.135,0.24,0.215,0.239,0.293,0.252,0.221,0.29,
-0.015,0.116,0.188,0.239,0.212,0.075,0.184,0.165,0.272,0.192,
0.0,0.02,0.13,0.207,0.163,0.201,0.183,0.24,0.112,0.158,
0.0,0.161,0.237,0.253,0.223,0.251,0.274,0.247,0.199,0.203,
0.0,0.031,0.227,0.229,0.146,0.299,0.268,0.235,0.283,0.306,
0.0,0.165,0.231,0.169,0.242,0.239,0.28,0.32,0.277,0.214,
0.0,0.186,0.167,0.255,0.253,0.247,0.367,0.276,0.311,0.26,
0.0,0.146,0.157,0.209,0.273,0.261,0.311,0.213,0.317,0.27,
-0.01,0.101,0.049,0.258,0.187,0.211,0.264,0.254,0.152,0.153,
0.0,0.099,0.193,0.235,0.23,0.269,0.3,0.293,0.263,0.257,
0.0,0.146,0.13,0.268,0.269,0.225,0.134,0.213,0.17,0.268,
0.0,0.28,0.205,0.296,0.242,0.25,0.232,0.212,0.234,0.31,
0.0,0.155,0.084,0.146,0.15,0.201,0.194,0.068,0.224,0.099,
0.0,0.176,0.25,0.234,0.219,0.265,0.241,0.235,0.284,0.283,
0.0,0.124,0.156,0.169,0.309,0.314,0.297,0.249,0.312,0.274,
0.0,0.229,0.16,0.193,0.283,0.273,0.224,0.205,0.301,0.315,
0.0,0.014,0.171,0.24,0.302,0.275,0.341,0.364,0.282,0.314,
0.0,0.166,0.234,0.175,0.207,0.226,0.212,0.21,0.245,0.229,
0.0,0.176,0.259,0.277,0.278,0.234,0.209,0.157,0.277,0.256,
0.0,0.09,0.194,0.21,0.306,0.165,0.143,0.212,0.24,0.282,
0.0,0.146,0.147,0.177,0.25,0.271,0.293,0.314,0.3,0.24,
0.0,0.151,0.084,0.152,0.201,0.217,0.202,0.209,0.132,0.249,
0.0,0.053,0.226,0.223,0.236,0.258,0.185,0.215,0.217,0.205,
0.0,0.173,0.088,0.229,0.229,0.206,0.196,0.201,0.168,0.176,
0.0,0.073,0.149,0.145,0.175,0.192,0.114,0.129,0.163,0.157,
0.0,0.129,0.195,0.221,0.256,0.131,0.258,0.286,0.243,0.209,
0.0,0.116,0.203,0.228,0.055,0.272,0.226,0.172,0.172,0.206,
0.0,0.12,0.075,0.161,0.145,0.22,0.152,0.159,0.16,0.087,
0.0,0.123,0.214,0.262,0.342,0.308,0.287,0.307,0.376,0.353,
0.0,0.124,0.292,0.227,0.244,0.204,0.163,0.252,0.196,0.252,
0.0,0.197,0.162,0.231,0.192,0.158,0.303,0.249,0.256,0.201,
0.0,0.095,0.173,0.213,0.241,0.226,0.306,0.215,0.209,0.24,
0.0,0.13,0.284,0.247,0.224,0.291,0.367,0.326,0.294,0.238,
0.0,0.027,0.172,0.151,0.171,0.008,0.12,0.08,0.216,0.19,
0.0,0.121,0.168,0.221,0.252,0.156,0.233,0.25,0.177,0.167,
0.0,0.135,0.135,0.13,0.19,0.19,0.161,0.053,0.203,0.185,
0.023,0.158,0.182,0.23,0.175,0.182,0.281,0.24,0.208,0.311,
0.0,0.175,0.204,0.269,0.177,0.209,0.205,0.198,0.24,0.214,
0.0,0.071,0.207,0.187,0.119,0.227,0.212,0.227,0.212,0.247,
0.0,0.231,0.278,0.243,0.345,0.33,0.304,0.31,0.303,0.224,
0.0,0.009,0.214,0.148,0.059,0.261,0.241,0.156,0.309,0.212,
0.0,0.17,0.259,0.212,0.086,0.172,0.194,0.189,0.252,0.289,
0.0,0.191,0.241,0.232,0.23,0.217,0.182,0.174,0.239,0.197,
0.0,0.168,0.105,0.186,0.213,0.247,0.162,0.198,0.188,0.271,
0.0,0.087,0.281,0.248,0.219,0.272,0.193,0.258,0.226,0.218,
0.0,0.069,0.286,0.269,0.287,0.361,0.327,0.295,0.262,0.33,
0.0,0.195,0.229,0.312,0.231,0.348,0.321,0.244,0.249,0.31,
0.0,0.026,0.146,0.134,0.193,0.089,0.241,0.271,0.254,0.204,
0.0,0.138,0.242,0.283,0.31,0.226,0.277,0.346,0.258,0.261,
0.0,0.165,0.241,0.244,0.317,0.299,0.184,0.243,0.333,0.322,
0.0,0.122,0.151,0.221,0.205,0.307,0.252,0.279,0.243,0.316,
0.0,0.102,0.169,0.268,0.223,0.147,0.16,0.27,0.302,0.225,
0.0,0.203,0.148,0.32,0.233,0.222,0.214,0.212,0.272,0.266,
0.0,0.148,0.134,0.252,0.287,0.214,0.282,0.341,0.209,0.242,
0.0,0.114,0.094,0.222,0.25,0.225,0.147,0.252,0.232,0.268,
0.0,0.217,0.212,0.185,0.172,0.315,0.21,0.269,0.287,0.261,
0.0,0.152,0.161,0.246,0.072,0.157,0.228,0.24,0.24,0.305,
0.0,0.128,0.188,0.189,0.22,0.229,0.172,0.24,0.27,0.216,
0.0,0.074,0.201,0.141,0.174,0.236,0.334,0.236,0.334,0.236,
-0.012,0.111,0.209,0.22,0.232,0.102,0.234,0.075,0.178,0.275,
0.0,0.196,0.222,0.2,0.249,0.156,0.237,0.283,0.206,0.222,
0.0,0.082,0.178,0.174,0.105,0.148,0.138,0.3,0.244,0.242,
0.0,0.214,0.187,0.203,0.167,0.149,0.176,0.172,0.253,0.197,
0.0,0.086,0.14,0.196,0.236,0.226,0.133,0.158,0.201,0.225,
0.0,0.089,0.236,0.227,0.253,0.323,0.095,0.197,0.195,0.172,
0.0,0.155,0.139,0.129,0.152,0.059,0.101,0.178,0.21,0.094,
0.0,0.132,0.16,0.164,0.118,0.052,0.233,0.191,0.09,0.162,
0.0,0.167,0.12,0.276,0.194,0.227,0.223,0.234,0.22,0.186,
0.0,0.134,0.277,0.328,0.287,0.25,0.26,0.312,0.193,0.276,
0.0,0.091,0.146,0.203,0.301,0.162,0.202,0.27,0.237,0.137,
0.0,0.14,0.213,0.298,0.277,0.312,0.279,0.242,0.275,0.321,
0.0,0.046,0.195,0.154,0.115,0.315,0.215,0.283,0.332,0.3,
0.0,0.111,0.245,0.201,0.263,0.307,0.22,0.29,0.228,0.264,
0.0,0.176,0.178,0.258,0.291,0.259,0.332,0.333,0.278,0.336,
0.0,0.165,0.245,0.188,0.225,0.243,0.233,0.279,0.272,0.257,
0.0,0.23,0.265,0.352,0.293,0.302,0.213,0.341,0.245,0.268,
0.0,0.056,0.182,0.082,0.063,0.261,0.185,0.145,0.24,0.261,
0.0,0.23,0.152,0.221,0.231,0.233,0.185,0.244,0.174,0.097,
-0.003,0.146,0.091,0.22,0.178,0.217,0.238,0.198,0.231,0.191,
0.0,0.123,0.232,0.274,0.245,0.144,0.204,0.195,0.216,0.171,
0.0,0.204,0.152,0.242,0.259,0.217,0.221,0.27,0.208,0.241,
0.0,0.141,0.129,0.197,0.181,0.193,0.249,0.282,0.238,0.21,
-0.037,0.085,0.18,0.191,0.316,0.245,0.265,0.263,0.174,0.233,
0.0,0.182,0.273,0.322,0.3,0.252,0.277,0.252,0.235,0.267,
0.0,0.17,0.185,0.244,0.246,0.239,0.156,0.318,0.163,0.293,
-0.02,0.178,0.157,0.199,0.172,0.105,0.224,0.274,0.272,0.245,
0.0,0.085,0.253,0.218,0.292,0.226,0.192,0.246,0.26,0.231,
0.0,0.091,0.094,0.157,0.106,0.22,0.251,0.208,0.184,0.137,
0.0,0.052,0.194,0.119,0.219,0.218,0.175,0.244,0.204,0.025,
0.0,0.167,0.149,0.178,0.193,0.215,0.311,0.259,0.302,0.286,
-0.025,0.139,0.205,0.283,0.218,0.197,0.169,0.152,0.239,0.196,
0.0,0.148,0.164,0.311,0.335,0.32,0.233,0.276,0.252,0.354,
0.0,0.168,0.154,0.159,0.179,0.201,0.275,0.248,0.257,0.21,
0.0,0.186,0.217,0.212,0.327,0.274,0.286,0.262,0.266,0.28,
0.0,0.094,0.168,0.193,0.166,0.098,0.168,0.118,0.163,0.215,
0.0,0.171,0.242,0.161,0.256,0.129,0.296,0.159,0.315,0.288,
0.0,0.161,0.144,0.164,0.266,0.246,0.224,0.286,0.312,0.329,
0.0,0.149,0.221,0.278,0.359,0.202,0.255,0.235,0.265,0.288,
0.0,0.135,0.077,0.018,-0.003,0.059,0.037,0.108,0.094,0.111,
0.0,0.114,0.081,0.15,0.166,0.174,0.198,0.253,0.117,0.177,
0.0,0.189,0.122,0.199,0.16,0.238,0.263,0.143,0.318,0.26,
0.0,0.137,0.22,0.256,0.22,0.18,0.255,0.203,0.234,0.282,
0.0,0.145,0.27,0.232,0.234,0.274,0.198,0.231,0.299,0.199,
0.0,0.136,0.181,0.309,0.178,0.288,0.27,0.322,0.295,0.308,
0.0,0.132,0.201,0.25,0.206,0.19,0.223,0.153,0.24,0.236,
0.0,0.17,0.17,0.205,0.206,0.231,0.116,0.194,0.197,0.266,
0.0,0.082,0.166,0.155,0.27,0.238,0.253,0.289,0.247,0.254,
0.0,0.116,0.175,0.248,0.148,0.218,0.154,0.26,0.238,0.191,
0.0,0.056,0.254,0.244,0.223,0.305,0.26,0.22,0.278,0.225,
0.0,0.059,0.151,0.166,0.095,0.158,0.216,0.195,0.116,0.222,
0.008,0.141,0.181,0.335,0.342,0.285,0.314,0.36,0.311,0.341,
0.0,0.144,0.183,0.335,0.17,0.308,0.263,0.313,0.266,0.279,
0.0,0.089,0.12,0.077,0.076,0.178,0.224,0.186,0.226,0.164,
0.0,0.029,0.177,0.218,0.307,0.268,0.251,0.256,0.302,0.278,
0.0,0.103,0.195,0.109,0.256,0.211,0.211,0.19,0.293,0.224,
0.0,0.145,0.112,0.197,0.249,0.109,0.207,0.279,0.269,0.264,
0.0,0.199,0.286,0.253,0.192,0.199,0.245,0.207,0.284,0.265,
0.0,0.128,0.149,0.155,0.237,0.225,0.188,0.264,0.3,0.355,
0.0,0.147,0.244,0.197,0.214,0.272,0.188,0.135,0.1,0.153,
0.0,0.104,0.163,0.152,0.086,0.156,0.131,0.123,0.024,0.113,
0.0,0.119,0.156,0.132,0.176,0.197,0.249,0.249,0.285,0.203,
0.0,0.132,0.154,0.263,0.164,0.171,0.227,0.212,0.188,0.168,
0.0,0.119,0.239,0.298,0.334,0.305,0.249,0.315,0.283,0.291,
0.0,0.091,0.226,0.12,0.24,0.344,0.218,0.252,0.283,0.296,
0.0,0.16,0.159,0.204,0.326,0.266,0.173,0.282,0.297,0.206,
0.0,0.034,0.052,0.111,0.011,-0.02,0.191,0.189,0.134,0.125,
-0.008,0.074,0.214,0.158,0.226,0.144,0.235,0.269,0.255,0.2,
0.0,0.139,0.241,0.247,0.256,0.222,0.257,0.263,0.282,0.302,
0.0,0.219,0.204,0.313,0.257,0.307,0.265,0.332,0.305,0.29,
0.0,0.021,0.029,0.15,0.096,0.099,0.212,0.087,0.144,0.179,
0.0,0.141,0.25,0.144,0.176,0.249,0.188,0.211,0.269,0.162,
0.0,0.212,0.132,0.159,0.273,0.364,0.383,0.276,0.305,0.281,
0.0,0.112,0.219,0.215,0.263,0.181,0.262,0.225,0.26,0.244,
0.0,-0.033,0.128,0.163,0.143,0.086,0.2,0.126,0.172,0.168,
0.0,0.113,0.131,0.198,0.201,0.194,0.129,0.166,0.164,0.198,
0.0,0.136,0.151,0.195,0.247,0.172,0.204,0.234,0.191,0.272,
0.0,0.157,0.122,0.172,0.181,0.224,0.275,0.23,0.214,0.263,
0.0,0.101,0.222,0.111,0.251,0.225,0.178,0.219,0.147,0.221,
-0.043,0.24,0.165,0.289,0.138,0.121,0.229,0.298,0.225,0.174,
0.0,0.133,0.172,0.209,0.231,0.181,0.274,0.261,0.278,0.191,
0.0,0.192,0.219,0.267,0.256,0.183,0.243,0.301,0.233,0.282,
0.0,0.241,0.002,0.27,0.154,0.233,0.128,0.165,0.221,0.211,
0.0,0.122,0.2,0.302,0.278,0.195,0.232,0.221,0.178,0.16,
0.0,0.145,0.053,0.248,0.144,0.131,0.258,0.159,0.255,0.176,
0.0,0.09,0.19,0.087,0.186,0.156,0.109,0.161,0.183,0.162,
0.045,0.134,0.218,0.179,0.262,0.161,0.24,0.23,0.317,0.336,
0.0,0.076,0.183,0.194,0.248,0.205,0.227,0.168,0.235,0.176,
0.0,0.137,0.162,0.127,0.232,0.219,0.244,0.233,0.244,0.179,
0.0,0.052,0.161,0.263,0.321,0.312,0.357,0.315,0.321,0.304,
0.0,0.09,0.212,0.103,0.107,0.129,0.244,0.184,0.199,0.16,
0.0,0.157,0.255,0.282,0.271,0.266,0.339,0.261,0.373,0.346,
0.0,0.108,0.088,0.186,0.205,0.189,0.294,0.271,0.219,0.257,
0.0,0.152,0.22,0.205,0.232,0.256,0.321,0.215,0.316,0.272,
0.0,0.05,0.082,0.144,0.168,0.113,0.161,0.215,0.222,0.174,
0.0,0.136,0.203,0.153,0.167,0.168,0.207,0.149,0.147,0.191,
0.0,0.086,0.335,0.335,0.357,0.358,0.263,0.267,0.298,0.312,
0.0,0.117,0.052,0.182,0.221,0.207,0.196,0.215,0.261,0.165,
0.013,0.22,0.147,0.253,0.208,0.129,0.209,0.173,0.193,0.213,
0.0,0.221,0.173,0.273,0.255,0.26,0.271,0.253,0.322,0.27,
0.0,-0.018,0.16,0.145,0.181,0.157,0.163,0.071,0.114,0.099,
0.0,0.149,0.176,0.243,0.266,0.212,0.201,0.163,0.214,0.217,
0.0,0.148,0.208,0.289,0.215,0.251,0.244,0.282,0.257,0.2,
0.0,0.158,0.102,0.233,0.197,0.246,0.307,0.287,0.196,0.292,
0.0,0.095,0.153,0.254,0.294,0.244,0.247,0.254,0.218,0.287,
0.0,0.102,0.163,0.192,0.275,0.254,0.238,0.32,0.257,0.316,
0.0,0.147,0.249,0.201,0.212,0.156,0.28,0.265,0.229,0.216,
0.0,0.116,0.168,0.266,0.239,0.264,0.258,0.204,0.197,0.228,
0.0,0.16,0.117,0.214,0.14,0.087,0.21,0.201,0.312,0.258,
0.0,0.154,0.17,0.197,0.135,0.168,0.289,0.211,0.218,0.232,
0.0,0.123,0.075,0.146,0.195,0.199,0.155,0.189,0.195,0.19,
0.0,0.156,0.112,0.216,0.132,0.283,0.219,0.152,0.198,0.161,
0.0,0.213,0.063,0.224,0.213,0.186,0.255,0.232,0.312,0.289,
0.0,0.205,0.149,0.199,0.293,0.164,0.275,0.237,0.223,0.24,
0.0,0.178,0.212,0.18,0.181,0.235,0.233,0.326,0.22,0.242,
0.0,0.115,0.214,0.175,0.313,0.261,0.266,0.297,0.295,0.329,
0.0,0.131,0.134,0.086,0.156,0.205,0.291,0.221,0.276,0.281,
0.0,0.181,0.047,0.237,0.118,0.201,0.142,0.247,0.146,0.251,
0.0,0.139,0.233,0.189,0.255,0.298,0.304,0.293,0.273,0.306,
0.0,0.109,0.275,0.202,0.302,0.3,0.294,0.275,0.211,0.253,
0.0,-0.032,0.124,0.225,0.209,0.272,0.276,0.331,0.223,0.304,
0.0,0.115,0.089,0.192,0.292,0.232,0.21,0.244,0.244,0.248,
0.0,0.158,0.184,0.203,0.206,0.147,0.226,0.24,0.157,0.183,
0.0,0.165,0.249,0.146,0.195,0.224,0.227,0.271,0.199,0.235,
-0.006,0.104,0.232,0.152,0.167,0.171,0.248,0.263,0.241,0.224,
0.0,0.185,0.098,0.19,0.192,0.166,0.189,0.133,0.251,0.134,
0.0,0.157,0.05,0.202,0.122,0.183,0.138,0.166,0.096,0.201,
0.0,0.117,0.257,0.285,0.252,0.248,0.205,0.232,0.29,0.252,
0.0,0.219,0.19,0.029,0.14,0.087,0.151,0.121,0.108,0.17,
0.0,0.089,0.115,0.193,0.249,0.297,0.274,0.283,0.247,0.213,
0.0,0.162,0.226,0.266,0.184,0.278,0.215,0.287,0.239,0.204,
0.0,0.187,0.226,0.181,0.236,0.177,0.194,0.196,0.244,0.166,
0.0,0.027,0.041,0.143,0.18,0.273,0.212,0.301,0.288,0.244,
0.0,0.197,0.206,0.294,0.288,0.236,0.195,0.281,0.248,0.258,
-0.011,0.092,0.211,0.347,0.358,0.41,0.378,0.336,0.408,0.331,
0.0,0.157,0.101,0.174,0.095,0.163,0.027,0.112,0.074,0.033,
0.0,0.103,0.166,0.19,0.253,0.184,0.221,0.235,0.117,0.088,
0.0,0.197,0.21,0.226,0.267,0.313,0.332,0.318,0.256,0.301,
0.0,0.096,0.123,0.132,0.107,0.126,0.033,0.117,0.089,0.16,
0.0,0.203,0.205,0.032,0.247,0.205,0.228,0.176,0.205,0.149,
0.0,-0.015,0.128,0.122,0.226,0.245,0.219,0.178,0.213,0.157,
0.0,0.135,0.215,0.224,0.166,0.092,0.276,0.256,0.204,0.242,
0.0,0.196,0.207,0.211,0.227,0.266,0.165,0.246,0.324,0.279,
0.0,0.185,0.158,0.221,0.231,0.124,0.223,0.146,0.277,0.203,
0.0,0.011,0.162,0.329,0.271,0.281,0.319,0.301,0.238,0.241,
0.0,0.173,0.234,0.164,0.24,0.237,0.247,0.147,0.191,0.285,
0.0,0.147,0.247,0.288,0.321,0.291,0.34,0.257,0.31,0.207,
0.0,0.148,0.192,0.211,0.231,0.186,0.244,0.225,0.261,0.245,
0.0,0.188,0.207,0.187,0.26,0.191,0.175,0.252,0.123,0.215,
0.0,0.166,0.131,0.286,0.212,0.223,0.208,0.247,0.145,0.233,
0.0,0.117,0.124,0.21,0.147,0.202,0.22,0.24,0.178,0.14,
0.0,0.08,0.258,0.102,0.277,0.213,0.236,0.292,0.284,0.251,
0.0,0.137,0.242,0.191,0.294,0.161,0.304,0.171,0.267,0.292,
0.0,0.128,0.223,0.237,0.21,0.285,0.238,0.22,0.2,0.305,
0.0,0.092,0.162,0.155,0.268,0.156,0.211,0.227,0.187,0.255,
0.0,0.095,0.184,0.169,0.101,0.229,0.282,0.183,0.218,0.209,
-0.027,0.15,0.173,0.032,0.069,0.18,0.21,0.068,0.232,0.161,
0.0,0.175,0.227,0.257,0.274,0.279,0.244,0.237,0.211,0.305,
0.0,0.197,0.253,0.242,0.245,0.307,0.321,0.172,0.243,0.324,
0.0,0.092,0.019,0.071,0.103,0.101,0.092,0.102,0.089,0.102,
0.0,0.127,0.049,0.223,0.23,0.192,0.229,0.242,0.201,0.172,
0.0,0.125,0.22,0.283,0.236,0.149,0.237,0.194,0.228,0.155,
0.0,0.141,0.096,0.153,0.179,0.159,0.138,0.225,0.124,0.154,
0.0,0.169,0.2,0.25,0.226,0.252,0.3,0.255,0.28,0.249,
0.0,0.117,0.168,0.199,0.209,0.227,0.269,0.267,0.231,0.244,
0.0,0.13,0.171,0.31,0.227,0.277,0.208,0.267,0.285,0.296,
0.0,0.143,0.136,0.234,0.249,0.203,0.312,0.302,0.282,0.308,
0.0,0.137,0.232,0.108,0.122,0.157,0.173,0.217,0.219,0.169,
0.034,0.158,0.165,0.191,0.289,0.123,0.293,0.298,0.263,0.23,
0.0,0.148,0.213,0.179,0.224,0.301,0.248,0.265,0.229,0.165,
0.0,0.108,0.259,0.254,0.313,0.199,0.199,0.233,0.297,0.271,
0.0,0.093,0.099,0.288,0.259,0.217,0.308,0.35,0.29,0.267,
0.0,0.139,0.218,0.191,0.168,0.229,0.281,0.3,0.198,0.21,
0.0,0.14,0.253,0.198,0.297,0.298,0.232,0.249,0.305,0.264,
0.0,0.148,0.201,0.148,0.206,0.244,0.24,0.232,0.29,0.281,
0.0,0.157,0.233,0.29,0.22,0.242,0.209,0.268,0.232,0.298,
0.0,0.151,0.17,0.312,0.282,0.269,0.389,0.272,0.219,0.213,
0.0,0.123,0.164,0.208,0.231,0.288,0.28,0.251,0.222,0.315,
0.0,0.177,0.054,0.021,0.173,0.148,0.191,0.225,0.15,0.246,
0.0,0.2,0.242,0.216,0.314,0.264,0.264,0.286,0.291,0.286,
-0.029,0.228,0.253,0.187,0.213,0.277,0.285,0.299,0.241,0.285,
0.0,0.032,0.124,0.056,0.103,0.038,0.108,0.136,0.122,0.018,
0.0,0.153,0.155,0.239,0.348,0.214,0.249,0.144,0.129,0.261,
0.0,0.107,0.251,0.228,0.141,0.246,0.21,0.287,0.284,0.126,
-0.024,0.148,0.203,0.201,0.223,0.192,0.269,0.23,0.218,0.27,
0.0,0.142,0.276,0.234,0.165,0.278,0.205,0.267,0.112,0.186,
0.0,0.088,0.087,0.147,0.111,0.184,0.215,0.183,0.148,0.124,
0.0,0.179,0.13,0.226,0.204,0.174,0.236,0.185,0.16,0.194,
0.0,0.09,0.118,0.313,0.047,0.231,0.207,0.205,0.152,0.178,
0.0,0.018,0.101,0.151,0.086,0.155,0.12,0.074,0.005,0.087,
0.0,0.166,0.154,0.174,0.229,0.288,0.262,0.311,0.32,0.198,
0.0,0.207,0.256,0.237,0.259,0.289,0.322,0.308,0.271,0.3,
0.0,0.079,0.15,0.121,0.2,0.043,0.268,0.202,0.2,0.207,
-0.002,0.115,0.273,0.264,0.293,0.306,0.301,0.329,0.315,0.26,
0.0,0.104,0.21,0.211,0.087,0.055,0.357,0.401,0.314,0.319,
0.0,0.114,0.211,0.248,0.105,0.199,0.195,0.195,0.112,0.095,
0.0,0.097,0.216,0.288,0.261,0.28,0.292,0.217,0.227,0.307,
0.0,0.051,0.153,0.093,0.057,0.113,0.08,0.039,0.173,0.078,
0.0,0.188,0.272,0.283,0.298,0.261,0.339,0.309,0.37,0.363,
0.0,0.107,0.169,0.219,0.275,0.278,0.252,0.258,0.248,0.35,
0.0,0.199,0.094,0.219,0.274,0.255,0.265,0.22,0.248,0.298,
0.0,0.045,0.159,0.186,0.141,0.244,0.24,0.268,0.234,0.238,
0.0,0.025,0.174,0.239,0.221,0.294,0.277,0.326,0.193,0.301,
0.0,0.128,0.204,0.113,0.194,0.202,0.167,0.238,0.163,0.181,
0.0,0.063,-0.085,0.09,0.127,0.007,0.067,0.161,0.11,-0.009,
0.0,-0.021,0.137,0.076,0.116,0.035,0.153,0.119,0.116,0.033,
0.0,0.101,0.213,0.256,0.206,0.282,0.357,0.27,0.33,0.331,
0.0,0.048,0.095,0.154,0.245,0.235,0.26,0.23,0.316,0.246,
0.0,0.16,0.128,0.282,0.157,0.199,0.239,0.239,0.307,0.272,
0.0,0.154,0.242,0.251,0.249,0.249,0.203,0.311,0.186,0.275,
0.0,0.129,0.171,0.146,0.217,0.261,0.226,0.186,0.238,0.225,
-0.021,0.151,0.109,0.164,0.167,0.241,0.273,0.165,0.28,0.254,
0.0,0.153,0.098,0.244,0.112,0.193,0.222,0.118,0.245,0.287,
0.0,0.107,0.292,0.281,0.278,0.155,0.255,0.294,0.246,0.245,
0.0,0.122,0.076,0.097,0.17,0.064,0.139,0.054,0.047,0.032,
0.0,0.117,0.133,0.169,0.205,0.302,0.307,0.255,0.228,0.245,
-0.017,0.156,0.179,0.126,0.189,0.231,0.208,0.256,0.25,0.23,
0.0,0.145,0.235,0.245,0.189,0.181,0.341,0.221,0.333,0.235,
0.0,0.244,0.337,0.297,0.286,0.298,0.312,0.184,0.318,0.294,
0.0,0.171,0.233,0.21,0.254,0.217,0.29,0.195,0.263,0.275,
0.0,0.05,0.226,0.119,0.066,0.109,0.108,0.274,0.262,0.215,
-0.063,0.171,0.201,0.213,0.156,0.126,0.144,0.218,0.149,0.216,
0.0,0.128,0.213,0.211,0.249,0.32,0.27,0.19,0.315,0.266,
0.0,0.258,0.243,0.2,0.188,0.154,0.235,0.214,0.249,0.243,
0.0,0.082,0.274,0.168,0.134,0.192,0.218,0.194,0.245,0.206,
0.0,0.118,0.209,0.181,0.25,0.285,0.284,0.254,0.254,0.174,
0.0,0.086,0.105,0.058,0.173,0.128,0.132,0.073,0.123,0.146,
0.0,0.171,0.223,0.112,0.289,0.095,0.094,0.244,0.245,0.25,
0.0,0.085,0.129,0.206,0.276,0.223,0.252,0.239,0.225,0.306,
-0.029,0.211,0.152,0.118,0.243,0.243,0.269,0.241,0.244,0.239,
0.0,0.11,0.151,0.208,0.245,0.07,0.212,0.192,0.327,0.229,
0.0,0.138,0.21,0.206,0.159,0.187,0.242,0.261,0.148,0.147,
0.0,0.133,0.27,0.274,0.321,0.312,0.268,0.33,0.36,0.282,
0.0,0.129,0.154,0.107,0.208,0.172,0.226,0.202,0.171,0.158,
0.0,0.164,0.175,0.214,0.176,0.139,0.246,0.155,0.216,0.229,
0.0,0.173,0.176,0.091,0.118,0.209,0.171,0.118,0.179,0.118,
0.0,0.178,0.241,0.182,0.196,0.315,0.159,0.282,0.286,0.284,
0.0,0.126,0.153,0.156,0.258,0.254,0.288,0.252,0.202,0.127,
0.0,0.11,0.18,0.237,0.315,0.2,0.287,0.209,0.273,0.267,
0.0,0.066,0.131,0.285,0.182,0.283,0.24,0.233,0.223,0.273,
0.0,0.179,0.237,0.264,0.216,0.311,0.269,0.232,0.22,0.319,
0.0,0.034,0.048,0.07,0.03,0.0,0.034,0.062,0.098,0.136,
0.0,0.098,0.167,0.183,0.09,0.172,0.138,0.194,0.104,0.178,
0.0,0.097,0.242,0.251,0.324,0.277,0.305,0.311,0.237,0.32,
0.0,0.124,0.155,0.145,0.236,0.221,0.159,0.212,0.273,0.228,
0.0,0.146,0.038,0.191,0.178,0.159,0.093,0.126,0.105,0.151,
0.0,0.139,0.169,0.151,0.19,0.256,0.188,0.225,0.249,0.237,
0.0,0.067,0.149,0.174,0.214,0.225,0.192,0.231,0.135,0.125,
0.0,0.089,0.216,0.156,0.241,0.173,0.231,0.145,0.289,0.182,
0.0,0.156,0.273,0.283,0.286,0.28,0.273,0.272,0.243,0.316,
0.0,0.207,0.194,0.302,0.265,0.316,0.283,0.347,0.253,0.327,
0.0,0.098,0.263,0.121,0.26,0.213,0.304,0.231,0.248,0.302,
0.0,-0.037,0.132,0.0,0.051,0.043,0.147,0.055,0.144,0.157,
0.0,0.086,0.25,0.233,0.242,0.283,0.292,0.359,0.279,0.329,
0.0,0.137,0.222,0.298,0.281,0.332,0.332,0.325,0.334,0.286,
0.0,0.041,0.202,0.18,0.156,0.24,0.203,0.216,0.187,0.272,
0.0,0.14,0.135,0.196,0.3,0.205,0.231,0.244,0.293,0.248,
0.0,0.198,0.232,0.206,0.16,0.287,0.144,0.286,0.248,0.285,
0.0,-0.011,0.091,0.108,0.143,0.124,0.163,0.176,0.166,0.136,
0.0,0.125,0.052,0.185,0.039,0.148,0.233,0.157,0.18,0.189,
0.0,0.193,0.194,0.157,0.257,0.295,0.364,0.309,0.277,0.318,
0.0,0.038,0.178,0.184,0.189,0.183,0.255,0.215,0.196,0.274,
0.0,0.107,0.196,0.222,0.271,0.237,0.235,0.325,0.199,0.326,
0.0,0.051,0.045,0.168,0.128,0.13,0.203,0.282,0.121,0.199,
0.0,0.147,0.18,0.296,0.272,0.226,0.247,0.2,0.257,0.275,
0.0,0.217,0.145,0.197,0.213,0.159,0.231,0.175,0.158,0.225,
0.0,0.155,0.192,0.274,0.148,0.298,0.31,0.238,0.257,0.267,
0.0,0.116,0.12,0.206,0.235,0.268,0.239,0.261,0.18,0.149,
0.0,0.183,0.128,0.083,0.155,0.151,0.15,0.139,0.161,0.18,
0.0,0.065,0.202,0.231,0.177,0.177,0.268,0.234,0.178,0.308,
0.0,0.166,0.219,0.262,0.283,0.293,0.245,0.329,0.367,0.283,
0.0,0.129,0.163,0.196,0.198,0.303,0.184,0.355,0.326,0.269,
0.0,0.226,0.201,0.314,0.261,0.278,0.279,0.307,0.344,0.317,
0.0,0.146,0.168,0.186,0.235,0.274,0.239,0.272,0.264,0.234,
0.0,0.142,0.107,0.227,0.258,0.232,0.225,0.196,0.234,0.263,
0.0,0.1,0.13,0.134,0.227,0.245,0.179,0.232,0.15,0.189,
0.0,0.127,0.226,0.224,0.22,0.248,0.213,0.189,0.27,0.207,
0.0,0.134,0.131,0.248,0.169,0.215,0.177,0.252,0.172,0.28,
0.0,0.15,0.235,0.221,0.21,0.292,0.279,0.284,0.304,0.315,
0.0,0.055,0.239,0.169,0.207,0.114,0.181,0.245,0.214,0.238,
0.0,0.102,0.264,0.22,0.267,0.198,0.295,0.209,0.3,0.295,
0.0,0.119,0.23,0.318,0.268,0.359,0.378,0.3,0.295,0.332,
0.0,0.038,0.138,0.19,0.215,0.191,0.204,0.225,0.26,0.188,
0.0,0.179,0.22,0.279,0.337,0.205,0.29,0.264,0.304,0.312,
0.0,0.078,0.227,0.282,0.267,0.2,0.269,0.281,0.321,0.281,
0.0,0.193,0.197,0.222,0.256,0.262,0.29,0.262,0.195,0.307,
0.0,0.191,0.243,0.269,0.274,0.272,0.217,0.214,0.265,0.287,
0.0,0.118,0.184,0.223,0.234,0.313,0.237,0.328,0.292,0.314,
0.0,0.159,0.203,0.318,0.259,0.304,0.292,0.289,0.269,0.33,
0.0,0.184,0.215,0.312,0.293,0.304,0.304,0.272,0.274,0.271,
0.0,0.163,0.22,0.216,0.25,0.335,0.199,0.218,0.338,0.275,
0.0,0.16,0.1,0.207,0.12,0.19,0.174,0.183,0.111,0.118,
0.0,0.174,0.201,0.208,0.129,0.172,0.203,0.186,0.303,0.228,
0.026,0.127,0.201,0.23,0.218,0.27,0.338,0.28,0.321,0.297,
0.0,0.122,0.207,0.157,0.329,0.278,0.253,0.24,0.295,0.226,
0.0,0.098,0.215,0.262,0.236,0.298,0.333,0.291,0.271,0.238,
0.0,0.088,0.166,0.079,0.091,0.149,0.178,0.243,0.183,0.033,
0.0,0.155,0.2,0.161,0.236,0.264,0.155,0.142,0.169,0.178,
0.0,0.136,0.183,0.256,0.289,0.316,0.247,0.111,0.284,0.308,
0.0,0.11,0.245,0.129,0.212,0.271,0.167,0.148,0.147,0.207,
0.0,0.213,0.212,0.209,0.305,0.306,0.307,0.307,0.357,0.31,
0.0,0.133,0.207,0.28,0.121,0.285,0.209,0.284,0.233,0.338,
0.0,0.12,0.228,0.248,0.313,0.284,0.285,0.221,0.309,0.317,
0.0,0.082,0.043,0.161,0.131,0.117,0.201,0.039,0.107,0.208,
0.0,0.123,0.147,0.166,0.29,0.273,0.248,0.182,0.16,0.253,
0.0,0.091,0.134,0.2,0.216,0.261,0.158,0.222,0.247,0.183,
0.0,0.221,0.21,0.184,0.259,0.193,0.228,0.274,0.326,0.282,
0.0,0.194,0.235,0.221,0.242,0.277,0.234,0.3,0.344,0.252,
0.0,0.263,0.281,0.274,0.33,0.285,0.289,0.302,0.268,0.285,
0.0,0.251,0.207,0.228,0.195,0.229,0.169,0.214,0.264,0.263,
0.0,0.098,0.222,0.207,0.24,0.195,0.135,0.183,0.158,0.125,
0.0,0.078,-0.019,0.153,0.183,0.042,0.126,0.12,0.066,0.121,
0.0,0.073,0.257,0.181,0.252,0.179,0.136,0.179,0.212,0.209,
0.0,0.047,0.041,0.157,0.133,0.16,0.195,0.151,0.155,0.17,
0.0,0.159,0.211,0.189,0.213,0.224,0.248,0.278,0.255,0.281,
0.0,0.062,0.175,0.28,0.316,0.191,0.287,0.281,0.237,0.223,
0.0,0.089,0.152,0.13,0.281,0.235,0.196,0.278,0.303,0.296,
0.0,0.153,0.234,0.288,0.299,0.333,0.302,0.326,0.32,0.303,
0.0,0.208,0.163,0.172,0.147,0.258,0.267,0.233,0.263,0.276,
0.0,-0.001,0.04,0.148,0.049,0.024,0.051,0.02,0.125,0.121,
0.0,0.092,0.13,0.243,0.151,0.227,0.262,0.203,0.221,0.166,
0.0,0.081,0.137,0.166,0.149,0.18,0.159,0.205,0.255,0.191,
0.0,0.16,0.197,0.13,0.187,0.192,0.245,0.208,0.185,0.184,
0.0,0.025,0.156,0.16,0.147,0.235,0.23,0.199,0.114,0.244,
0.0,0.134,0.076,0.102,0.159,0.175,0.19,0.187,0.165,0.116,
0.0,0.054,0.17,0.077,0.089,0.071,0.049,0.19,0.19,-0.001,
0.0,0.186,0.183,0.175,0.19,0.171,0.145,0.146,0.169,0.276,
0.0,0.145,0.021,0.155,0.203,0.168,0.133,0.16,0.099,0.145,
0.0,0.107,0.144,0.133,0.149,0.134,0.151,0.159,0.09,0.242,
0.0,0.06,0.131,0.134,0.127,0.125,0.183,0.111,0.18,0.207,
0.0,0.126,0.164,0.208,0.173,0.189,0.153,0.179,0.112,0.151,
0.0,0.08,0.211,0.171,0.139,0.089,0.185,0.172,0.21,0.179,
0.0,0.115,0.153,0.142,0.157,0.134,0.13,0.144,0.134,0.189,
0.0,0.188,0.134,0.226,0.176,0.215,0.119,0.225,0.174,0.229,
-0.025,0.073,0.119,0.159,0.201,0.185,0.196,0.141,0.224,0.192,
0.0,0.073,0.135,0.158,0.102,0.149,0.19,0.155,0.178,0.186,
0.0,0.073,0.049,0.214,0.086,0.244,0.251,0.261,0.234,0.222,
0.0,0.054,0.038,0.1,0.165,0.168,0.182,0.176,0.214,0.158,
0.0,0.213,0.226,0.139,0.255,0.281,0.251,0.237,0.192,0.241,
0.0,0.136,0.14,0.172,0.156,0.146,0.159,0.16,0.11,0.183,
0.0,0.091,0.17,0.212,0.146,0.114,0.23,0.282,0.153,0.225,
0.0,0.145,0.116,0.151,0.154,0.222,0.201,0.147,0.209,0.132,
0.0,0.131,0.103,0.121,0.2,0.202,0.209,0.143,0.13,0.233,
0.0,0.067,0.055,0.076,0.06,0.096,0.098,0.125,0.11,0.059,
0.0,0.116,0.137,0.142,0.223,0.159,0.188,0.203,0.176,0.222,
0.006,0.148,0.095,0.241,0.167,0.213,0.202,0.196,0.208,0.232,
0.0,0.063,0.125,0.119,0.127,0.219,0.179,0.14,0.217,0.21,
0.0,0.122,0.145,0.128,0.182,0.179,0.166,0.222,0.211,0.127,
0.0,0.093,0.239,0.108,0.188,0.197,0.206,0.238,0.15,0.166,
0.0,0.087,0.029,0.108,0.188,0.181,0.168,0.161,0.095,0.14,
0.0,0.004,0.064,0.154,0.128,0.154,0.12,0.101,0.097,0.149,
0.0,-0.022,0.016,0.205,0.079,0.123,0.127,0.171,0.116,0.109,
0.0,0.109,0.161,0.172,0.125,0.167,0.227,0.191,0.225,0.174,
0.0,0.263,0.133,0.087,0.092,0.26,0.24,0.196,0.218,0.217,
0.0,0.169,0.241,0.27,0.218,0.287,0.232,0.233,0.293,0.234,
0.0,0.177,0.134,0.197,0.249,0.248,0.253,0.194,0.196,0.21,
0.0,0.165,0.259,0.309,0.298,0.311,0.36,0.323,0.325,0.347,
0.0,0.196,0.217,0.206,0.098,0.188,0.292,0.151,0.274,0.241,
0.0,0.181,0.062,0.089,0.138,0.15,0.088,0.225,0.137,0.171,
0.0,0.164,0.217,0.278,0.235,0.271,0.332,0.292,0.27,0.252,
0.0,0.144,0.22,0.202,0.186,0.209,0.297,0.182,0.157,0.214,
0.0,0.179,0.217,0.187,0.136,0.104,0.189,0.186,0.137,0.206,
-0.029,0.123,0.166,0.178,0.148,0.171,0.247,0.254,0.276,0.332,
0.0,0.132,0.212,0.296,0.31,0.219,0.226,0.278,0.301,0.373,
0.0,0.12,0.203,0.158,0.312,0.258,0.252,0.208,0.201,0.318,
0.0,0.113,0.188,0.277,0.276,0.265,0.277,0.329,0.297,0.323,
0.0,0.173,0.1,0.127,0.176,0.203,0.299,0.288,0.169,0.116,
0.0,0.145,0.218,0.209,0.174,0.316,0.272,0.227,0.295,0.286,
0.0,0.136,0.154,0.073,0.174,0.2,0.237,0.217,0.274,0.209,
0.0,-0.052,0.205,0.088,0.188,0.068,0.193,0.162,0.156,0.003,
0.0,0.104,0.105,0.158,0.21,0.217,0.18,0.24,0.21,0.239,
0.0,0.102,0.116,0.165,0.202,0.18,0.197,0.179,0.219,0.241,
0.0,0.119,0.165,0.152,0.169,0.153,0.14,0.236,0.194,0.127,
0.0,0.034,0.076,0.146,0.145,0.157,0.106,0.119,0.038,0.177,
0.0,0.165,0.171,0.204,0.205,0.255,0.201,0.273,0.222,0.214,
0.0,0.046,0.206,0.121,0.243,0.269,0.165,0.207,0.165,0.146,
0.0,0.067,0.106,0.224,0.19,0.236,0.154,0.206,0.246,0.149,
0.0,0.101,0.052,0.089,0.156,0.233,0.166,0.186,0.154,0.159,
0.0,0.109,0.127,0.143,0.162,0.192,0.143,0.217,0.232,0.201,
0.0,0.059,0.095,0.105,0.246,0.189,0.198,0.184,0.141,0.154,
0.0,0.044,0.139,0.213,0.179,0.202,0.2,0.245,0.154,0.204,
0.0,0.033,0.113,0.178,0.026,0.103,0.124,0.127,0.079,0.106,
0.0,0.009,0.073,0.183,0.208,0.163,0.146,0.125,0.213,0.215,
0.0,0.032,0.065,0.162,0.149,0.116,0.149,0.074,0.204,0.154,
0.0,0.064,0.175,0.166,0.117,0.102,0.125,0.165,0.23,0.092,
0.0,0.122,0.254,0.235,0.251,0.253,0.311,0.265,0.259,0.247,
0.0,0.146,0.199,0.219,0.232,0.244,0.247,0.296,0.26,0.259,
0.0,0.217,0.274,0.212,0.245,0.168,0.283,0.19,0.208,0.174,
0.0,0.158,0.278,0.129,0.277,0.149,0.204,0.115,0.235,0.178,
0.0,0.132,0.158,0.202,0.155,0.12,0.208,0.151,0.241,0.207,
0.0,0.032,0.306,0.24,0.309,0.248,0.273,0.283,0.242,0.322,
0.0,0.182,0.147,0.223,0.243,0.19,0.251,0.195,0.204,0.163,
0.0,0.093,0.274,0.299,0.133,0.097,0.152,0.239,0.305,0.199,
-0.051,0.1,0.016,0.199,0.175,0.294,0.192,0.159,0.139,0.303,
0.0,0.16,0.168,0.189,0.163,0.191,0.236,0.178,0.242,0.176,
0.0,0.096,0.132,0.19,0.185,0.203,0.188,0.24,0.272,0.139,
0.0,0.056,0.17,0.125,0.22,0.189,0.243,0.237,0.142,0.143,
0.0,0.102,0.216,0.232,0.313,0.267,0.358,0.278,0.313,0.313,
0.0,0.23,0.095,0.12,0.245,0.174,0.196,0.192,0.267,0.247,
0.0,0.072,0.22,0.209,0.308,0.26,0.227,0.278,0.293,0.277,
0.0,0.163,0.192,0.274,0.357,0.316,0.374,0.222,0.302,0.228,


