0.0,0.227,0.217,0.184,0.275,0.304,0.206,0.164,0.155,0.396,
0.0,0.211,0.331,0.404,0.29,0.275,0.281,0.32,0.283,0.283,
0.0,0.219,0.275,0.257,0.103,0.158,0.16,0.244,0.065,0.133,
0.0,0.291,0.269,0.273,0.161,0.345,0.269,0.326,0.31,0.382,
0.0,0.393,0.137,0.162,0.228,0.341,0.232,0.176,0.206,0.336,
0.0,0.284,0.435,0.342,0.303,0.313,0.317,0.314,0.367,0.293,
0.0,0.324,0.171,0.138,0.122,0.321,0.287,0.319,0.128,0.186,
0.0,0.28,0.396,0.293,0.156,0.137,0.198,0.309,0.2,0.2,
0.0,0.335,0.306,0.238,0.222,0.292,0.367,0.315,0.318,0.32,
0.0,0.317,0.261,0.191,0.031,0.08,0.22,0.042,0.088,0.086,
0.0,0.279,0.245,0.218,0.266,0.182,0.182,0.306,0.135,0.139,
0.0,0.313,0.208,0.332,0.22,0.242,0.264,0.228,0.251,0.27,
0.0,0.376,0.244,0.241,0.233,0.257,0.305,0.311,0.281,0.275,
0.0,0.323,0.288,0.161,0.177,0.289,0.305,0.271,0.21,0.21,
0.0,0.255,0.226,0.268,0.121,0.127,0.15,0.218,0.15,0.15,
0.0,0.251,0.104,0.137,0.151,0.172,0.221,0.128,0.048,0.13,
0.0,0.278,0.363,0.226,0.277,0.217,0.369,0.304,0.215,0.263,
0.0,0.345,0.107,0.215,0.29,0.293,0.183,0.24,0.099,0.184,
0.0,0.279,0.263,0.176,0.251,0.244,0.319,0.243,0.265,0.265,
0.0,0.247,0.303,0.43,0.357,0.307,0.309,0.309,0.268,0.249,
0.0,0.307,0.296,0.253,0.217,0.379,0.265,0.324,0.368,0.265,
0.0,0.267,0.29,0.014,0.25,0.127,0.249,0.31,0.196,0.094,
0.0,0.253,0.237,0.256,0.25,0.196,0.198,0.126,0.203,0.2,
0.0,0.219,0.376,0.269,0.276,0.341,0.343,0.383,0.323,0.338,
0.0,0.259,0.181,0.37,0.128,0.293,0.144,0.13,0.186,0.146,
-0.007,0.255,0.221,0.223,0.132,0.143,0.211,0.143,0.212,0.212,
0.0,0.328,0.372,0.328,0.299,0.439,0.323,0.323,0.323,0.322,
0.0,0.221,0.262,0.341,0.162,0.202,0.204,0.198,0.199,0.313,
0.0,-0.008,0.324,0.272,0.258,0.296,0.289,0.214,0.216,0.216,
0.0,0.271,0.167,0.273,0.312,0.283,0.317,0.228,0.204,0.185,
0.0,0.26,0.327,0.204,0.287,0.262,0.216,0.218,0.169,0.213,
0.0,0.264,0.254,0.06,0.064,0.066,0.151,0.058,0.041,0.06,
0.0,0.236,0.22,0.456,0.299,0.367,0.293,0.268,0.307,0.306,
0.0,0.331,0.31,0.269,0.272,0.251,0.212,0.244,0.234,0.33,
0.0,0.27,0.214,0.274,0.354,0.314,0.326,0.316,0.343,0.266,
0.0,0.242,0.359,0.409,0.351,0.271,0.344,0.418,0.323,0.346,
0.0,0.345,0.298,0.179,0.284,0.208,0.248,0.208,0.248,0.24,
0.0,0.357,0.214,0.194,0.252,0.269,0.243,0.235,0.273,0.273,
0.0,0.151,0.076,0.354,0.035,0.038,0.046,0.195,0.023,0.086,
0.0,0.212,0.324,0.252,0.159,0.28,0.267,0.121,0.206,0.157,
0.0,0.308,0.359,0.361,0.291,0.272,0.297,0.259,0.362,0.256,
0.0,0.254,0.188,0.37,0.065,0.128,0.192,-0.03,0.284,0.076,
0.0,0.261,0.118,0.108,0.023,0.2,-0.004,0.12,-0.072,0.049,
0.0,0.335,0.225,0.326,0.166,0.262,0.155,0.236,0.18,0.252,
0.0,0.244,0.244,-0.023,0.119,0.158,0.168,0.0,0.166,0.074,
0.0,0.288,0.42,0.351,0.34,0.331,0.295,0.364,0.235,0.359,
0.0,0.347,0.274,0.301,0.324,0.266,0.353,0.271,0.259,0.291,
0.0,0.309,0.357,0.304,0.323,0.285,0.327,0.295,0.281,0.277,
0.0,0.363,0.208,0.202,0.223,0.189,0.145,0.21,0.21,0.208,
0.0,0.201,0.201,0.326,0.22,0.274,0.186,0.21,0.337,0.327,
0.0,0.339,0.168,0.071,0.126,0.195,0.128,0.099,0.101,0.13,
0.0,0.205,0.369,0.271,0.333,0.275,0.341,0.253,0.279,0.303,
0.0,0.341,0.201,0.14,0.318,0.347,0.255,0.195,0.255,0.187,
0.0,0.401,0.235,0.222,0.317,0.263,0.331,0.182,0.267,0.292,
0.0,0.236,0.361,0.19,0.21,0.278,0.242,0.125,0.248,0.269,
0.0,0.41,0.334,0.237,0.261,0.272,0.329,0.258,0.279,0.264,
0.0,0.32,0.316,0.267,0.325,0.287,0.324,0.291,0.238,0.276,
0.0,0.187,0.292,0.01,-0.032,-0.04,-0.051,0.012,-0.028,0.332,
0.0,0.37,0.124,0.113,0.202,0.098,0.0,0.1,0.083,0.096,
0.0,0.249,0.32,0.303,0.359,0.305,0.309,0.288,0.288,0.353,
0.0,0.383,0.263,0.256,0.309,0.355,0.315,0.317,0.302,0.308,
0.0,0.261,0.281,0.317,0.321,0.183,0.23,0.23,0.175,0.319,
0.0,0.347,0.385,0.155,0.339,0.212,0.178,0.18,0.178,0.146,
0.0,0.229,0.322,0.22,0.331,0.27,0.288,0.291,0.277,0.368,
0.0,0.237,0.41,0.19,0.202,0.183,0.159,0.283,0.206,0.184,
0.0,0.104,0.166,0.05,0.29,0.103,0.058,0.0,0.056,0.042,
0.0,0.261,0.304,0.342,0.303,0.192,0.084,0.117,0.094,0.076,
0.0,0.306,0.183,0.36,0.304,0.455,0.261,0.299,0.281,0.245,
0.0,0.336,0.24,0.321,0.218,0.21,0.216,0.15,0.218,0.155,
0.0,0.272,0.186,0.061,0.201,0.24,0.092,0.052,0.092,0.034,
0.0,0.243,0.272,0.039,0.062,-0.045,0.064,0.002,0.064,0.064,
0.0,0.238,0.224,0.133,0.138,0.106,0.142,0.188,0.146,0.108,
0.0,0.192,0.17,0.192,0.265,0.278,0.185,0.202,0.127,0.241,
0.0,0.213,0.334,0.224,0.265,0.186,0.186,0.117,0.204,0.188,
0.0,0.332,0.286,0.03,0.03,0.026,0.032,0.032,-0.004,-0.021,
0.0,0.327,0.287,0.304,0.164,0.176,0.174,0.164,0.176,0.176,
0.0,0.28,0.211,0.26,0.156,0.16,0.224,0.125,0.119,0.155,
0.0,0.205,0.318,0.344,0.289,0.298,0.377,0.37,0.264,0.292,
0.0,0.293,0.224,0.189,0.132,0.096,0.148,0.107,0.263,0.12,
0.0,0.094,0.276,0.264,0.048,0.128,0.075,0.019,0.183,0.002,
0.0,0.258,0.365,0.226,0.327,0.244,0.318,0.246,0.235,0.235,
0.0,0.318,0.058,0.372,0.193,0.271,0.308,0.287,0.252,0.289,
0.0,0.378,0.248,0.054,0.125,0.096,0.225,0.068,0.088,0.049,
0.0,0.329,0.193,0.061,0.23,0.14,0.14,0.239,0.091,0.142,
0.0,0.269,0.132,0.243,0.17,0.268,0.242,0.197,0.185,0.207,
0.0,0.2,0.343,0.361,0.422,0.378,0.359,0.285,0.292,0.37,
0.0,0.259,0.148,0.04,0.142,0.031,0.002,-0.008,0.048,0.05,
0.0,0.314,0.297,0.182,0.206,0.216,0.179,0.179,0.161,0.194,
0.0,0.257,0.367,0.114,0.061,0.157,0.11,0.051,0.11,0.267,
0.0,0.163,0.356,0.255,0.125,0.126,0.195,0.286,0.163,0.139,
0.0,0.183,0.267,0.191,0.135,0.146,0.211,0.171,0.145,0.15,
0.0,0.205,0.314,0.201,0.279,0.123,0.213,0.176,0.147,0.27,
0.0,0.356,0.186,0.341,0.194,0.22,0.194,0.22,0.144,0.19,
0.0,0.226,0.335,0.182,0.326,0.266,0.279,0.281,0.281,0.25,
0.0,0.28,0.244,0.459,0.287,0.204,0.323,0.322,0.28,0.34,
0.0,0.397,0.181,0.118,0.13,0.132,0.136,0.138,0.227,0.163,
0.0,0.37,0.228,0.359,0.343,0.381,0.303,0.267,0.302,0.303,
0.0,0.37,0.349,0.34,0.246,0.24,0.256,0.257,0.247,0.359,
0.0,0.349,0.257,0.236,0.307,0.334,0.341,0.266,0.272,0.272,
0.0,0.27,0.208,0.299,0.199,0.158,0.16,0.17,0.145,0.134,
0.0,0.248,0.247,0.265,0.188,0.141,0.181,0.279,0.181,0.081,
0.0,0.315,0.205,0.142,0.156,0.183,0.316,0.166,0.166,0.154,
0.0,0.246,0.364,0.288,0.377,0.261,0.265,0.302,0.308,0.276,
0.0,0.322,0.301,0.254,0.246,0.248,0.25,0.248,0.351,0.208,
0.0,0.346,0.312,0.205,0.324,0.248,0.236,0.197,0.252,0.284,
0.0,0.244,0.2,0.298,0.365,0.274,0.198,0.242,0.246,0.246,
0.0,0.243,0.347,0.295,0.232,0.324,0.242,0.217,0.244,0.202,
0.0,0.296,0.34,0.301,0.234,0.333,0.306,0.251,0.251,0.251,
0.0,0.166,0.274,0.322,0.181,0.187,0.183,0.195,0.234,0.338,
0.0,0.381,0.254,0.102,0.138,0.23,0.201,0.081,0.138,0.138,
0.0,0.286,0.124,0.374,0.211,0.27,0.38,0.285,0.38,0.317,
0.0,0.343,0.07,0.157,0.062,0.131,0.066,0.062,0.203,0.048,
0.0,0.226,0.355,0.124,0.139,0.077,0.125,0.113,0.055,0.267,
0.0,0.234,0.15,0.164,0.275,0.149,0.092,0.178,0.229,0.21,
0.0,0.277,0.168,0.329,0.313,0.238,0.308,0.317,0.236,0.325,
0.0,0.074,0.339,0.378,0.136,0.102,0.186,0.136,0.136,0.134,
0.0,0.28,0.097,0.14,0.187,0.057,-0.023,-0.034,0.048,-0.042,
0.0,0.337,0.118,0.248,0.198,0.095,0.128,0.217,0.078,0.086,
0.0,0.287,0.245,0.208,0.325,0.188,0.12,0.192,0.19,0.153,
0.0,0.246,0.234,0.424,0.307,0.378,0.283,0.392,0.315,0.315,
0.0,0.242,0.252,0.145,0.118,0.272,0.181,0.275,0.227,0.184,
0.0,0.292,0.01,0.26,0.125,0.048,0.038,0.088,0.092,0.094,
0.0,0.285,0.274,0.139,0.176,0.282,0.212,0.121,0.254,0.193,
0.0,0.267,0.359,0.298,0.34,0.289,0.285,0.291,0.352,0.291,
0.0,0.257,0.279,0.225,0.226,0.317,0.345,0.195,0.206,0.232,
0.0,0.282,0.394,0.315,0.365,0.305,0.392,0.318,0.311,0.242,
0.0,0.275,0.306,0.058,0.106,0.11,0.11,0.108,0.11,0.108,
0.0,0.305,0.345,0.263,0.383,0.455,0.333,0.31,0.333,0.297,
0.0,0.3,0.256,0.276,0.192,0.304,0.216,0.218,0.285,0.202,
0.0,0.339,0.233,0.269,0.281,0.295,0.297,0.354,0.299,0.289,
0.0,0.151,0.246,0.127,0.279,0.108,0.065,0.104,0.108,0.011,
0.0,0.204,0.35,0.255,0.29,0.21,0.214,0.216,0.216,0.216,
0.0,0.236,0.278,0.333,0.378,0.266,0.329,0.289,0.289,0.246,
0.0,0.374,0.226,0.068,0.215,0.086,0.067,0.03,0.08,0.067,
0.0,0.38,0.131,0.064,0.109,0.063,0.037,0.123,0.074,0.187,
0.0,0.226,0.279,0.299,0.136,0.118,0.138,0.138,0.091,0.098,
0.0,0.169,0.353,0.422,0.259,0.242,0.287,0.191,0.296,0.349,
0.0,0.177,0.379,0.376,0.374,0.276,0.231,0.382,0.278,0.395,
0.0,0.344,0.28,0.247,0.275,0.396,0.343,0.363,0.295,0.343,
0.0,0.151,0.42,0.246,0.333,0.307,0.259,0.262,0.259,0.229,
0.0,0.304,0.288,0.145,0.092,0.099,0.11,0.11,0.11,0.11,
0.0,0.296,0.042,0.07,0.228,0.139,0.045,0.076,0.037,0.029,
0.0,0.331,0.336,0.285,0.433,0.254,0.271,0.261,0.296,0.235,
0.0,0.137,0.281,0.336,0.358,0.306,0.265,0.267,0.225,0.372,
0.0,0.316,0.298,0.254,0.257,0.301,0.345,0.312,0.267,0.297,
0.0,0.214,0.225,0.171,0.082,0.075,0.112,0.201,0.051,0.114,
0.0,0.217,0.224,0.35,0.293,0.395,0.231,0.253,0.299,0.281,
0.0,0.334,0.335,0.293,0.279,0.408,0.323,0.322,0.231,0.323,
0.0,0.341,0.204,0.091,0.323,0.126,0.099,0.112,0.082,0.126,
0.0,0.215,0.381,0.184,0.259,0.076,0.066,0.141,0.143,0.26,
0.0,0.314,0.307,0.2,0.162,0.271,0.248,0.135,0.248,0.362,
0.0,0.384,0.186,0.212,0.22,0.198,0.301,0.2,0.225,0.202,
0.0,0.322,0.239,0.114,0.263,0.194,0.194,0.206,0.208,0.208,
0.0,0.239,0.134,0.245,0.081,0.034,0.034,0.034,0.034,0.158,
0.0,0.308,0.39,0.285,0.286,0.308,0.323,0.341,0.32,0.281,
0.0,0.277,0.091,0.296,0.234,0.198,0.183,0.24,0.296,0.136,
0.0,0.232,0.339,0.197,0.212,0.286,0.2,0.204,0.25,0.242,
0.0,0.197,0.414,0.152,0.202,0.18,0.16,0.184,0.157,0.184,
0.0,0.337,0.257,0.347,0.269,0.365,0.301,0.301,0.301,0.3,
0.0,0.21,0.314,0.14,0.279,0.353,0.262,0.189,0.214,0.244,
0.0,0.34,0.337,0.12,0.18,0.157,0.122,0.194,0.122,0.122,
0.0,0.254,0.226,0.033,0.041,0.137,0.066,0.175,0.068,0.045,
0.0,0.229,0.375,0.398,0.238,0.2,0.244,0.244,0.361,0.217,
0.0,0.393,0.265,0.268,0.306,0.337,0.193,0.228,0.25,0.155,
0.0,0.197,0.425,0.252,0.192,0.228,0.258,0.277,0.302,0.198,
0.0,0.342,0.215,0.187,0.269,0.197,0.259,0.265,0.264,0.264,
0.0,0.332,0.303,0.197,0.327,0.296,0.33,0.236,0.194,0.253,
0.0,0.35,0.357,0.319,0.329,0.393,0.404,0.286,0.298,0.305,
0.0,0.297,0.289,0.176,0.143,0.13,0.178,0.16,0.16,0.16,
0.0,0.337,0.232,0.062,0.082,0.064,0.11,0.105,0.17,0.13,
0.0,0.285,0.334,0.301,0.254,0.24,0.242,0.244,0.244,0.225,
0.0,0.272,0.108,0.204,0.046,0.057,0.112,0.114,0.23,0.118,
0.0,0.363,0.212,0.32,0.249,0.247,0.307,0.282,0.283,0.2,
0.0,0.305,0.374,0.151,0.2,0.198,0.177,0.205,0.18,0.29,
0.0,0.317,0.196,0.283,0.148,0.241,0.245,0.176,0.147,0.187,
0.0,0.287,0.152,0.178,0.364,0.227,0.189,0.214,0.209,0.149,
0.0,0.294,0.129,0.276,0.119,0.231,0.13,0.278,0.093,0.156,
0.0,0.281,0.277,0.046,0.09,0.146,0.088,0.092,-0.02,0.036,
0.0,0.142,0.357,0.29,0.156,0.186,0.141,0.184,0.28,0.154,
0.0,0.131,0.275,0.283,0.398,0.233,0.253,0.232,0.33,0.267,
0.0,0.154,0.462,0.293,0.226,0.267,0.263,0.276,0.303,0.305,
0.0,0.371,0.316,0.273,0.295,0.217,0.297,0.298,0.362,0.299,
0.0,0.161,0.309,0.273,0.274,0.19,0.18,0.182,0.178,0.186,
0.0,0.173,0.337,0.192,0.204,0.176,0.426,0.209,0.181,0.208,
0.0,0.28,0.076,0.234,0.153,0.096,0.094,0.132,0.092,0.107,
0.0,0.359,0.277,0.222,0.284,0.202,0.169,0.214,0.222,0.165,
0.0,0.281,0.162,0.149,0.295,0.178,0.184,0.113,0.186,0.157,
0.0,0.316,0.195,0.038,-0.014,0.099,0.114,0.174,-0.01,0.04,
0.0,0.258,0.372,0.214,0.3,0.313,0.266,0.323,0.271,0.36,
0.0,0.229,0.289,0.23,0.168,0.183,0.208,0.167,0.214,0.212,
0.0,0.337,0.29,0.283,0.362,0.272,0.246,0.273,0.235,0.22,
0.0,0.309,0.243,0.167,0.126,0.186,0.332,0.303,0.339,0.192,
0.0,0.201,0.016,0.104,0.217,0.044,0.046,0.046,0.154,0.046,
0.0,0.25,0.447,0.318,0.317,0.321,0.349,0.27,0.376,0.321,
0.0,0.203,0.379,0.183,0.35,0.218,0.224,0.157,0.157,0.218,
0.0,0.318,0.292,0.134,0.101,0.332,0.23,0.162,0.162,0.164,
0.0,0.31,0.186,0.251,0.04,0.054,0.158,0.027,0.101,0.102,
0.0,0.302,0.314,0.189,0.212,0.216,0.216,0.191,0.216,0.225,
0.0,0.215,0.352,0.325,0.294,0.282,0.275,0.278,0.303,0.303,
0.0,0.286,0.096,0.199,0.143,0.098,0.129,0.093,0.102,0.102,
0.0,0.25,0.244,0.277,0.186,0.208,0.189,0.164,0.154,0.091,
0.0,0.299,0.229,0.206,0.36,0.138,0.161,0.17,0.218,0.284,
0.0,0.314,0.083,0.156,0.0,0.188,0.011,0.188,0.106,0.055,
-0.003,0.241,0.12,0.026,0.285,0.139,0.192,0.211,0.198,0.2,
0.0,0.274,0.241,0.321,0.263,0.357,0.273,0.275,0.274,0.275,
0.0,0.295,0.146,0.288,0.18,0.106,0.034,0.104,0.106,0.055,
-0.005,0.247,0.362,0.326,0.305,0.227,0.275,0.321,0.305,0.265,
0.0,0.393,0.263,0.274,0.3,0.275,0.307,0.26,0.272,0.258,
0.0,0.364,0.275,0.069,0.124,0.177,0.122,0.136,0.079,0.138,
0.0,0.21,0.196,0.323,0.12,0.039,0.158,0.255,0.233,0.132,
-0.021,0.182,0.163,0.241,0.252,0.235,0.177,0.236,0.151,0.176,
0.0,0.367,0.222,0.209,0.259,0.223,0.263,0.263,0.264,0.265,
0.0,0.271,0.379,0.232,0.221,0.297,0.274,0.233,0.279,0.322,
0.0,0.299,0.289,0.186,0.291,0.221,0.191,0.244,0.196,0.221,
0.0,0.224,0.22,0.43,0.236,0.216,0.238,0.272,0.248,0.213,
0.0,0.288,0.219,0.146,0.146,0.278,0.244,0.184,0.249,0.184,
0.0,0.325,0.282,0.335,0.34,0.251,0.291,0.341,0.293,0.391,
0.0,0.334,0.181,0.195,0.251,0.301,0.23,0.259,0.34,0.258,
0.0,0.311,0.451,0.186,0.191,-0.046,0.332,0.222,0.242,0.25,
0.0,0.319,0.189,0.259,0.385,0.226,0.234,0.279,0.259,0.262,
0.0,0.141,0.339,0.356,0.16,0.38,0.246,0.275,0.275,0.271,
0.0,0.259,0.396,0.321,0.283,0.267,0.335,0.249,0.277,0.267,
0.0,0.311,0.327,0.352,0.178,0.235,0.151,0.182,0.068,0.18,
0.0,0.23,0.286,0.182,0.201,0.161,0.202,0.156,0.202,0.165,
0.0,0.143,0.223,0.363,0.31,0.253,0.197,0.293,0.28,0.233,
0.0,0.361,0.147,0.06,0.203,0.053,0.072,0.015,0.07,-0.022,
0.0,0.322,0.148,0.322,0.201,0.219,0.256,0.295,0.143,0.294,
-0.004,0.32,0.386,0.172,0.251,0.184,0.173,0.186,0.186,0.252,
0.0,0.293,0.315,0.276,0.19,0.22,0.191,0.224,0.224,0.224,
0.0,0.39,0.178,0.172,0.274,0.232,0.309,0.236,0.293,0.236,
0.0,0.331,0.44,0.251,0.207,0.269,0.271,0.243,0.382,0.273,
0.024,0.322,0.284,0.074,0.131,0.166,0.193,0.08,0.037,0.076,
0.0,0.074,0.114,0.403,0.228,0.259,0.187,0.22,0.217,0.181,
0.0,0.293,0.389,0.246,0.307,0.41,0.294,0.315,0.315,0.315,
0.0,0.14,0.312,0.214,0.177,0.281,0.236,0.194,0.192,0.159,
0.0,0.214,0.272,0.22,0.158,0.25,0.309,0.15,0.218,0.304,
0.0,0.21,0.288,0.359,0.393,0.351,0.3,0.331,0.289,0.379,
0.0,0.252,0.372,0.347,0.331,0.252,0.274,0.298,0.404,0.313,
0.0,0.205,0.331,0.309,0.302,0.342,0.327,0.541,0.327,0.331,
0.0,0.325,0.26,0.156,0.136,0.138,0.166,0.128,0.14,0.19,
0.0,0.342,0.318,0.431,0.313,0.408,0.325,0.316,0.383,0.329,
0.0,0.347,0.159,0.187,0.291,0.186,0.18,0.158,0.184,0.184,
0.0,0.336,0.352,0.237,0.306,0.303,0.233,0.368,0.237,0.154,
0.0,0.288,0.238,0.342,0.138,0.144,0.144,0.144,0.159,0.121,
0.0,0.299,0.323,0.223,0.265,0.377,0.328,0.269,0.241,0.269,
0.0,0.192,0.314,0.147,0.038,0.004,0.068,0.096,0.212,0.096,
0.0,0.358,0.338,0.251,0.299,0.414,0.396,0.303,0.303,0.307,
0.0,0.281,0.303,0.337,0.303,0.345,0.229,0.3,0.22,0.265,
0.0,0.282,0.053,0.267,0.18,0.201,0.071,0.049,0.018,0.118,
0.0,0.294,0.4,0.176,0.151,0.178,0.251,0.25,0.098,0.147,
0.0,0.313,0.184,0.249,0.257,0.319,0.268,0.273,0.29,0.402,
0.0,0.195,0.389,0.336,0.286,0.292,0.304,0.369,0.315,0.314,
0.0,0.193,0.284,0.091,0.156,0.05,0.002,0.046,0.052,0.109,
0.0,0.309,0.212,0.121,0.15,0.24,0.11,0.194,0.369,0.162,
0.0,0.25,0.264,0.24,0.208,0.228,0.204,0.25,0.25,0.317,
0.0,0.32,0.284,0.404,0.38,0.387,0.333,0.344,0.394,0.305,
0.0,0.303,0.086,0.271,0.109,0.353,0.18,0.182,0.157,0.174,
0.0,0.33,0.329,0.34,0.242,0.224,0.423,0.269,0.232,0.299,
0.0,0.225,0.228,0.191,0.198,0.436,0.157,0.206,0.208,0.208,
0.0,0.292,0.379,0.337,0.196,0.304,0.268,0.208,0.276,0.278,
0.0,0.408,0.224,0.286,0.198,0.198,0.32,0.177,0.272,0.264,
0.0,0.271,0.324,0.3,0.208,0.257,0.327,0.236,0.257,0.239,
0.0,0.214,0.16,0.352,0.297,0.215,0.25,0.132,0.222,0.129,
0.0,0.304,0.135,0.026,-0.012,-0.027,0.144,0.024,0.024,0.024,
0.0,0.378,0.096,0.088,0.094,0.102,0.098,0.104,0.102,0.102,
0.0,0.152,0.324,0.329,0.22,0.188,0.158,0.366,0.19,0.262,
0.0,0.303,0.253,0.338,0.277,0.252,0.288,0.283,0.239,0.252,
0.0,0.325,0.188,0.318,0.369,0.448,0.255,0.275,0.264,0.241,
0.0,0.286,0.3,0.335,0.238,0.308,0.293,0.293,0.293,0.229,
0.0,0.386,0.183,0.198,0.261,0.224,0.171,0.226,0.196,0.226,
0.0,0.157,0.215,0.265,0.282,0.228,0.157,0.184,0.213,0.251,
0.0,0.234,0.151,0.362,0.18,0.161,0.165,0.211,0.241,0.204,
0.0,0.241,0.365,0.063,0.058,0.046,0.015,0.019,0.099,0.058,
0.0,0.225,0.253,0.244,0.267,0.258,0.176,0.176,0.2,0.147,
0.0,0.219,0.281,0.275,0.438,0.269,0.314,0.255,0.252,0.205,
0.0,0.27,0.297,0.236,0.122,0.181,0.171,0.12,0.122,0.122,
0.0,0.248,0.266,0.217,0.27,0.245,0.216,0.216,0.294,0.218,
0.0,0.147,0.318,0.276,0.19,0.074,0.2,0.111,0.2,0.16,
0.0,0.145,0.412,0.425,0.28,0.341,0.242,0.303,0.303,0.267,
0.0,0.269,0.371,0.19,0.198,0.2,0.274,0.202,0.202,0.2,
0.0,0.289,0.245,0.261,0.144,0.091,0.148,0.146,0.146,0.148,
0.0,0.254,0.366,0.202,0.166,0.175,0.212,0.219,0.212,0.301,
0.0,0.233,0.393,0.212,0.345,0.286,0.291,0.291,0.291,0.291,
0.0,0.274,0.126,0.289,0.135,0.135,0.223,0.051,0.13,0.053,
0.0,0.223,0.308,0.141,0.195,0.276,0.2,0.142,0.184,0.254,
0.0,0.188,0.349,0.174,0.346,0.251,0.34,0.254,0.249,0.275,
0.0,0.216,0.333,0.232,0.188,0.327,0.164,0.194,0.151,0.194,
0.0,0.163,0.448,0.345,0.291,0.279,0.371,0.311,0.326,0.296,
0.0,0.271,0.03,0.034,0.087,-0.008,0.174,0.117,0.036,0.016,
0.0,0.292,0.274,0.258,0.116,0.152,0.054,0.05,0.054,0.05,
0.0,0.391,0.18,0.231,0.227,0.314,0.26,0.263,0.234,0.263,
0.0,0.265,0.234,0.142,0.303,0.07,0.068,0.041,-0.021,0.068,
0.0,0.293,0.269,0.245,0.152,0.152,0.204,0.198,0.222,0.245,
0.0,0.067,0.287,0.364,0.214,0.3,0.24,0.243,0.25,0.217,
0.0,0.216,0.329,0.333,0.158,0.234,0.208,0.351,0.242,0.245,
0.0,0.198,0.404,0.312,0.23,0.199,0.353,0.22,0.209,0.191,
0.0,0.348,0.303,0.157,0.17,0.172,0.126,0.134,0.208,0.163,
0.0,0.378,0.336,0.171,0.177,0.264,0.269,0.271,0.271,0.184,
0.0,0.382,0.309,0.209,0.254,0.251,0.38,0.301,0.337,0.336,
0.0,0.235,0.27,0.103,0.296,0.231,0.218,0.279,0.178,0.216,
0.0,0.337,0.167,0.185,0.08,0.267,0.08,0.08,0.08,0.08,
0.0,0.266,0.189,0.343,0.227,0.31,0.22,0.22,0.163,0.288,
0.0,0.175,0.204,0.252,0.162,0.087,0.148,0.126,0.05,0.126,
0.0,0.269,0.302,0.076,0.084,0.086,0.024,0.086,0.069,0.204,
0.0,0.214,0.298,0.259,0.14,0.185,0.16,0.15,0.136,0.136,
0.0,0.33,0.276,0.128,0.146,0.291,0.27,0.227,0.184,0.144,
0.0,0.198,0.218,0.405,0.401,0.423,0.358,0.346,0.394,0.295,
0.0,0.199,0.174,0.294,0.167,0.244,0.136,0.109,0.136,0.088,
0.0,0.116,0.203,0.219,0.12,0.064,0.224,0.155,0.07,0.111,
0.0,0.281,0.291,0.309,0.244,0.268,0.18,0.234,0.244,0.212,
0.0,0.14,0.274,0.458,0.356,0.375,0.284,0.335,0.319,0.254,
0.0,0.326,0.168,0.062,0.056,0.107,0.198,0.16,0.142,0.146,
0.0,0.328,0.161,0.37,0.339,0.28,0.368,0.377,0.298,0.283,
0.0,0.145,0.004,0.263,0.12,0.036,0.032,0.016,0.032,0.032,
0.0,0.323,0.07,0.13,0.212,0.159,0.102,0.199,0.31,0.106,
0.0,0.273,0.27,0.054,0.098,0.055,0.1,0.058,0.1,0.068,
0.0,0.225,0.382,0.422,0.385,0.296,0.28,0.384,0.309,0.342,
0.0,0.304,0.259,0.104,0.08,0.094,0.172,0.036,0.112,-0.018,
0.0,0.299,0.369,0.292,0.253,0.284,0.295,0.297,0.297,0.289,
0.0,0.248,0.318,0.277,0.348,0.288,0.259,0.26,0.273,0.242,
0.0,0.265,0.367,0.383,0.215,0.201,0.202,0.228,0.202,0.31,
0.0,0.315,0.176,0.058,0.098,0.214,0.083,-0.013,0.142,0.068,
0.0,0.298,0.252,0.206,0.242,0.345,0.406,0.275,0.275,0.252,
0.0,0.226,0.388,0.275,0.279,0.354,0.295,0.382,0.27,0.267,
0.0,0.241,0.409,0.345,0.277,0.307,0.331,0.289,0.371,0.199,
0.0,0.232,0.405,0.284,0.311,0.219,0.172,0.174,0.172,0.172,
0.0,0.226,0.3,0.276,0.358,0.196,0.109,0.173,0.2,0.202,
0.0,0.227,0.322,0.274,0.408,0.19,0.291,0.265,0.285,0.293,
0.0,0.279,0.44,0.252,0.382,0.266,0.34,0.319,0.434,0.312,
0.0,0.243,0.372,0.075,0.065,0.096,0.137,0.135,0.154,0.168,
0.0,0.25,0.404,0.29,0.345,0.267,0.33,0.396,0.299,0.304,
0.0,0.332,0.376,0.316,0.289,0.278,0.299,0.301,0.301,0.284,
0.0,0.322,0.253,0.258,0.226,0.173,0.274,0.228,0.228,0.25,
0.0,0.301,0.394,0.312,0.363,0.184,0.203,0.182,0.204,0.184,
0.0,0.289,0.268,0.099,-0.037,0.016,0.089,0.039,-0.037,0.105,
0.0,0.364,0.07,0.161,0.102,0.068,0.122,0.07,0.068,0.068,
-0.019,0.324,-0.004,0.328,0.226,0.226,0.246,0.236,0.236,0.195,
-0.023,0.288,0.185,0.339,0.219,0.24,0.229,0.214,0.192,0.203,
0.0,0.176,0.431,0.282,0.435,0.389,0.393,0.352,0.309,0.303,
0.0,0.265,0.27,0.187,0.108,0.124,0.059,0.11,0.11,0.069,
0.0,0.27,0.413,0.299,0.438,0.427,0.329,0.316,0.329,0.29,
0.0,0.248,0.123,0.0,0.27,0.256,0.263,0.162,0.06,0.162,
0.0,0.199,0.282,0.263,0.056,0.046,0.1,0.036,0.102,0.198,
0.0,0.313,0.302,0.125,0.157,0.075,0.124,0.128,0.242,0.177,
0.0,0.226,0.389,0.318,0.329,0.239,0.126,0.221,0.166,0.196,
0.0,0.209,0.166,0.378,0.294,0.263,0.161,0.17,0.139,0.17,
0.0,0.233,0.266,0.287,0.132,0.134,0.166,0.204,0.124,0.168,
0.0,0.335,0.34,0.197,0.212,0.345,0.246,0.226,0.228,0.226,
0.0,0.282,0.385,0.247,0.214,0.192,0.241,0.299,0.196,0.171,
0.0,0.36,0.302,0.378,0.359,0.432,0.341,0.399,0.299,0.392,
0.0,0.265,0.103,0.224,0.254,0.147,0.207,0.142,0.164,0.202,
0.0,0.295,0.311,0.114,0.214,0.185,0.38,0.279,0.34,0.351,
0.0,0.284,0.358,0.269,0.236,0.227,0.24,0.24,0.227,0.434,
0.0,0.36,0.267,0.151,0.186,0.302,0.202,0.186,0.322,0.19,
0.0,0.241,0.119,0.216,0.36,0.279,0.287,0.291,0.178,0.252,
0.0,0.313,0.216,0.132,0.253,0.158,0.162,0.164,0.127,0.171,
0.0,0.19,0.345,0.381,0.411,0.365,0.317,0.301,0.319,0.319,
0.0,0.28,0.375,0.107,0.201,0.266,0.076,0.095,0.149,0.066,
0.0,0.275,0.221,0.054,0.192,0.072,0.104,0.204,0.104,0.053,
0.0,0.323,0.142,0.048,0.054,-0.013,-0.006,0.056,0.199,0.058,
0.0,0.276,0.186,0.291,0.155,0.206,0.209,0.153,0.204,0.204,
0.0,0.318,0.168,0.335,0.268,0.196,0.176,0.166,0.287,0.181,
0.0,0.182,0.194,0.098,0.245,0.248,0.112,0.11,0.078,0.244,
0.0,0.32,0.295,0.262,0.224,0.323,0.247,0.277,0.258,0.276,
0.0,0.094,0.485,0.241,0.259,0.226,0.226,0.228,0.228,0.228,
0.0,0.258,0.132,0.008,0.149,0.018,0.004,-0.072,0.096,-0.068,
0.0,0.164,0.404,0.168,0.172,0.151,0.176,0.255,0.263,0.173,
0.0,0.148,0.36,0.206,0.383,0.268,0.341,0.26,0.293,0.293,
0.0,0.328,0.255,0.264,0.256,0.244,0.208,0.267,0.277,0.207,
0.0,0.308,0.325,0.291,0.311,0.353,0.405,0.319,0.178,0.311,
0.0,0.278,0.213,0.325,0.327,0.268,0.319,0.32,0.414,0.284,
0.0,0.256,0.384,0.264,0.165,0.29,0.354,0.219,0.277,0.283,
0.0,0.261,0.253,0.354,0.305,0.197,0.333,0.241,0.248,0.248,
0.0,0.273,0.111,0.211,0.179,0.233,0.181,0.105,0.15,0.049,
-0.007,0.127,0.245,0.385,0.232,0.232,0.344,0.231,0.322,0.132,
0.0,0.28,0.231,0.187,0.334,0.191,0.218,0.219,0.242,0.29,
0.0,0.383,0.225,0.262,0.267,0.273,0.276,0.188,0.277,0.246,
0.0,0.331,0.316,0.206,0.311,0.324,0.261,0.261,0.208,0.249,
0.0,0.351,0.269,0.256,0.166,0.17,0.213,0.172,0.123,0.17,
0.0,0.192,0.223,0.347,0.126,0.372,0.26,0.172,0.106,0.084,
0.0,0.209,0.339,0.286,0.235,0.307,0.336,0.209,0.317,0.244,
0.0,0.303,0.211,0.287,0.173,0.212,0.214,0.149,0.242,0.193,
0.0,0.338,0.261,0.204,0.3,0.246,0.234,0.215,0.258,0.189,
0.0,0.263,0.355,0.369,0.158,0.22,0.19,0.224,0.3,0.299,
0.0,0.294,0.218,0.315,0.282,0.308,0.397,0.276,0.279,0.362,
0.0,0.26,0.331,0.335,0.377,0.295,0.276,0.376,0.321,0.4,
0.0,0.296,0.226,0.186,0.222,0.312,0.2,0.202,0.202,0.223,
0.0,0.231,0.43,0.18,0.185,0.135,0.354,0.227,0.184,0.169,
0.0,0.264,0.229,0.25,0.084,0.133,0.195,0.086,0.086,0.267,
0.0,0.348,0.36,0.345,0.358,0.335,0.313,0.323,0.409,0.28,
0.0,0.298,0.171,0.222,0.259,0.104,0.124,0.085,0.111,0.216,
0.0,0.239,0.406,0.151,0.264,0.276,0.159,0.192,0.194,0.195,
0.0,0.27,0.27,0.295,0.086,0.242,0.134,0.258,0.103,0.147,
0.0,0.29,0.221,0.214,0.098,0.108,0.081,0.082,0.051,0.076,
0.0,0.308,0.307,0.29,0.297,0.265,0.217,0.211,0.377,0.222,
0.0,0.264,0.231,0.174,0.347,0.336,0.338,0.252,0.276,0.32,
0.0,0.216,0.327,0.24,0.243,0.113,0.264,0.129,0.209,0.285,
0.0,0.138,0.31,0.059,0.089,0.066,0.09,0.094,0.032,0.04,
0.0,0.373,0.301,0.285,0.386,0.362,0.311,0.281,0.355,0.28,
0.0,0.267,0.15,0.122,0.098,0.293,0.239,0.055,0.144,0.099,
0.0,0.211,0.411,0.279,0.164,0.198,0.168,0.176,0.198,0.23,
0.0,0.312,0.199,0.241,0.192,0.287,0.234,0.166,0.211,0.238,
0.0,0.152,0.294,0.079,0.072,0.074,0.232,0.074,0.104,-0.002,
0.0,0.346,0.214,0.292,0.161,0.273,0.251,0.202,0.202,0.267,
0.0,0.131,0.352,0.357,0.264,0.183,0.211,0.234,0.232,0.234,
0.0,0.291,0.312,0.311,0.34,0.417,0.329,0.303,0.279,0.328,
0.0,0.343,0.265,0.159,0.323,0.295,0.251,0.274,0.253,0.226,
0.0,0.253,0.092,0.11,-0.002,0.119,0.022,0.042,0.058,0.06,
0.0,0.285,0.351,0.262,0.255,0.236,0.265,0.287,0.267,0.267,
0.0,0.295,0.26,0.296,0.236,0.34,0.222,0.224,0.226,0.226,
0.0,0.321,0.24,0.094,0.044,0.202,0.168,0.279,0.19,0.154,
0.0,0.229,0.237,0.114,0.183,0.167,0.081,0.122,0.009,0.223,
0.0,0.286,0.198,0.175,0.108,0.059,0.069,0.17,0.112,0.063,
0.0,0.292,0.244,0.112,0.115,0.118,0.146,0.146,0.121,0.286,
0.0,0.231,0.343,0.327,0.254,0.279,0.299,0.391,0.263,0.386,
0.0,0.33,0.184,0.29,0.081,0.212,0.136,0.135,0.14,0.023,
0.0,0.317,0.189,0.092,0.314,0.136,0.118,0.17,0.116,0.136,
0.0,0.21,0.343,0.055,0.173,0.028,0.074,0.202,0.1,0.105,
0.0,0.247,0.386,0.262,0.299,0.272,0.329,0.275,0.362,0.403,
0.0,0.309,0.283,0.224,0.182,0.301,0.315,0.313,0.255,0.295,
0.0,0.142,0.363,0.334,0.362,0.297,0.338,0.267,0.297,0.362,
0.0,0.129,0.336,0.226,0.244,0.222,0.376,0.235,0.213,0.253,
0.0,0.091,0.32,0.27,0.11,0.112,0.112,0.165,0.114,0.114,
0.0,0.131,0.389,0.12,0.093,0.11,0.062,0.187,0.068,0.07,
0.0,0.157,0.466,0.377,0.321,0.297,0.411,0.327,0.3,0.309,
0.0,0.174,0.024,0.373,0.22,0.122,0.14,0.11,0.034,0.095,
0.0,0.206,0.26,0.333,0.29,0.244,0.226,0.228,0.226,0.18,
0.0,0.248,0.306,0.154,0.247,0.239,0.141,0.188,0.166,0.174,
0.0,0.349,0.261,0.303,0.242,0.338,0.295,0.319,0.265,0.349,
0.0,0.276,0.43,0.283,0.32,0.35,0.275,0.277,0.272,0.345,
0.0,0.114,0.364,0.25,0.21,0.381,0.21,0.222,0.243,0.145,
0.0,0.319,0.257,0.147,0.194,0.126,0.07,0.073,0.106,0.068,
0.0,0.268,0.415,0.303,0.253,0.2,0.212,0.247,0.327,0.251,
0.0,0.132,0.169,0.281,0.18,0.1,0.131,0.1,0.1,0.066,
0.0,0.329,0.074,0.092,0.195,0.185,0.15,0.098,0.102,0.194,
0.0,0.29,0.261,0.268,0.307,0.234,0.265,0.312,0.267,0.266,
0.0,0.318,0.035,0.225,-0.006,0.066,-0.038,0.064,0.128,0.066,
0.0,0.361,0.262,0.178,0.196,0.22,0.305,0.224,0.224,0.224,
0.0,0.338,-0.01,0.204,0.006,-0.027,0.032,-0.113,-0.068,-0.049,
0.0,0.116,0.238,0.417,0.265,0.342,0.276,0.276,0.35,0.277,
0.0,0.329,0.287,0.234,0.29,0.413,0.24,0.364,0.261,0.276,
0.0,0.328,0.062,0.08,0.228,0.219,0.176,0.152,0.078,0.152,
0.0,0.237,0.217,0.33,0.194,0.209,0.206,0.267,0.155,0.184,
0.0,0.271,0.255,0.367,0.35,0.389,0.305,0.327,0.288,0.305,
0.0,0.295,0.167,0.174,0.128,0.388,0.114,0.076,0.076,0.179,
0.0,0.379,0.269,0.33,0.281,0.284,0.275,0.274,0.295,0.306,
0.0,0.266,0.347,0.36,0.261,0.294,0.296,0.351,0.429,0.297,
0.0,0.355,0.326,0.24,0.255,0.237,0.264,0.265,0.267,0.229,
0.0,0.312,0.025,0.11,0.201,0.337,0.154,0.082,0.122,0.082,
-0.014,0.361,0.297,0.044,0.204,0.256,0.273,0.275,0.277,0.248,
0.0,0.227,0.28,0.257,0.391,0.389,0.281,0.29,0.302,0.228,
0.0,0.114,0.359,0.42,0.155,0.194,0.291,0.198,0.2,0.2,
0.0,0.227,0.253,0.124,0.248,0.168,0.135,0.17,0.121,0.25,
0.0,0.276,0.365,0.11,0.188,0.192,0.17,0.176,0.23,0.192,
0.0,0.297,0.265,0.401,0.279,0.384,0.27,0.301,0.331,0.286,
0.0,0.364,0.098,0.138,0.209,0.238,0.14,0.105,0.315,0.154,
0.0,0.301,0.195,0.308,0.13,0.225,0.132,0.103,0.13,0.209,
0.0,0.268,0.167,0.333,0.368,0.337,0.255,0.255,0.257,0.291,
0.0,0.374,0.297,0.291,0.316,0.379,0.283,0.286,0.444,0.313,
0.0,0.264,0.4,0.359,0.17,0.248,0.307,0.194,0.25,0.279,
0.0,0.189,0.371,0.246,0.156,0.198,0.2,0.202,0.204,0.204,
0.0,0.267,0.2,0.202,0.208,0.065,0.196,0.164,0.215,0.164,
0.0,0.272,0.179,0.363,0.242,0.293,0.387,0.25,0.251,0.251,
0.0,0.349,0.467,0.212,0.186,0.331,0.403,0.322,0.301,0.383,
0.0,0.245,0.369,0.397,0.384,0.298,0.303,0.333,0.464,0.297,
0.0,0.269,0.401,0.256,0.241,0.158,0.166,0.117,0.281,0.156,
0.0,0.328,0.358,0.345,0.384,0.312,0.307,0.425,0.281,0.296,
0.0,0.204,0.312,0.329,0.235,0.227,0.371,0.259,0.259,0.24,
0.0,0.359,0.196,0.164,0.13,0.253,0.174,0.117,0.247,0.13,
0.0,0.324,0.26,0.143,0.208,0.279,0.172,0.38,0.186,0.139,
0.0,0.283,0.352,0.399,0.409,0.333,0.399,0.333,0.333,0.321,
0.0,0.27,0.37,0.25,0.186,0.307,0.188,0.313,0.226,0.255,
0.0,0.265,0.097,0.173,0.205,0.267,0.086,0.086,0.086,0.255,
0.0,0.337,0.263,0.251,0.208,0.244,0.236,0.233,0.349,0.251,
0.0,0.302,0.176,0.206,0.13,0.134,0.136,0.085,0.138,-0.014,
0.0,0.332,0.078,0.189,0.196,0.325,0.348,0.248,0.246,0.25,
0.0,0.215,0.328,0.117,0.281,0.15,0.165,0.152,0.169,0.154,
0.0,0.377,0.308,0.314,0.323,0.326,0.304,0.331,0.443,0.353,
0.0,0.293,0.273,0.286,0.244,0.262,0.228,0.23,0.168,0.23,
0.0,0.296,0.254,0.236,0.2,0.159,0.214,0.19,0.216,0.247,
0.0,0.176,0.315,0.118,0.302,0.116,0.107,0.159,0.134,0.027,
0.0,0.212,0.338,0.174,0.331,0.312,0.152,0.311,0.197,0.163,
0.0,0.221,0.296,0.184,0.224,0.138,0.306,0.154,0.052,0.172,
0.0,0.21,0.102,0.404,0.254,0.358,0.275,0.236,0.222,0.229,
0.0,0.072,0.278,0.363,0.287,0.299,0.201,0.28,0.312,0.231,
0.0,0.324,0.196,0.23,0.293,0.323,0.273,0.367,0.275,0.237,
0.0,0.277,0.381,0.214,0.247,0.359,0.332,0.379,0.353,0.291,
0.0,0.248,0.214,0.183,0.24,0.371,0.286,0.248,0.218,0.297,
0.0,0.291,0.342,0.375,0.309,0.31,0.268,0.276,0.319,0.396,
0.0,0.341,0.209,0.333,0.299,0.371,0.325,0.362,0.469,0.384,
0.0,0.349,0.258,0.323,0.272,0.354,0.3,0.287,0.289,0.285,
0.0,0.257,0.19,0.431,0.341,0.279,0.283,0.338,0.23,0.268,
0.0,0.161,0.262,0.213,0.183,0.129,0.119,0.376,0.19,0.151,
0.0,0.247,0.331,0.325,0.23,0.201,0.234,0.192,0.234,0.205,
0.0,0.153,0.325,0.057,0.078,0.169,0.008,0.008,-0.01,0.006,
0.0,0.381,0.102,0.12,0.124,0.157,0.252,0.124,0.126,0.126,
0.0,0.242,0.366,0.271,0.364,0.296,0.275,0.295,0.307,0.307,
0.0,0.301,0.306,0.207,0.238,0.179,0.3,0.169,0.192,0.189,
0.0,0.292,0.136,0.392,0.213,0.218,0.293,0.218,0.194,0.35,
0.0,0.219,0.348,0.254,0.365,0.184,0.207,0.222,0.281,0.198,
0.0,0.388,0.11,0.083,0.107,0.104,0.089,0.152,0.222,0.251,
0.0,0.297,0.283,0.204,0.206,0.323,0.184,0.156,0.212,0.165,
0.0,0.28,0.297,0.241,0.226,0.293,0.192,0.287,0.257,0.2,
0.0,0.239,0.319,0.123,0.141,0.114,0.1,0.116,0.114,0.116,
0.0,0.307,0.267,0.052,0.06,0.094,0.098,0.036,0.098,0.225,
0.0,0.273,0.097,0.086,0.109,0.21,0.094,0.064,0.092,0.022,
0.0,0.191,0.341,0.349,0.28,0.273,0.117,0.267,0.243,0.279,
0.0,0.183,0.381,0.337,0.361,0.297,0.281,0.269,0.296,0.301,
0.0,0.311,0.292,0.196,0.19,0.182,0.382,0.172,0.22,0.17,
0.0,0.248,0.38,0.245,0.43,0.377,0.306,0.225,0.321,0.283,
0.0,0.338,0.149,0.184,0.114,0.237,0.146,0.122,0.223,0.098,
0.0,0.364,0.136,0.188,0.115,0.186,0.19,0.152,0.21,0.17,
0.0,0.384,0.26,0.343,0.201,0.304,0.174,0.174,0.23,0.319,
0.0,0.38,0.214,0.26,0.254,0.277,0.281,0.238,0.285,0.284,
0.0,0.252,0.221,0.267,0.307,0.253,0.225,0.339,0.202,0.259,
0.0,0.249,0.34,0.269,0.287,0.399,0.368,0.286,0.261,0.277,
0.0,0.181,0.314,0.337,0.333,0.154,0.198,0.183,0.26,0.157,
0.0,0.301,0.19,0.248,0.241,0.249,0.335,0.333,0.275,0.253,
0.0,0.233,0.194,0.269,0.383,0.31,0.25,0.244,0.245,0.251,
0.0,0.314,0.281,0.224,0.182,0.218,0.188,0.186,0.236,0.109,
0.0,0.25,0.362,0.241,0.251,0.279,0.287,0.258,0.289,0.361,
0.0,0.177,0.023,0.133,0.253,0.063,0.006,0.062,0.074,0.078,
0.0,0.248,0.356,0.196,0.026,0.21,0.065,0.106,0.088,0.21,
0.0,0.23,0.413,0.328,0.283,0.257,0.265,0.276,0.263,0.325,
0.0,0.252,0.065,0.167,0.368,0.183,0.194,0.092,0.158,0.282,
0.0,0.278,0.23,0.266,0.061,0.076,0.033,0.111,0.236,0.039,
0.0,0.369,0.267,0.194,0.101,0.363,0.127,0.223,0.219,0.253,
0.0,0.388,0.316,0.256,0.278,0.354,0.343,0.357,0.301,0.301,
0.0,0.334,0.386,0.191,0.228,0.214,0.232,0.181,0.296,0.198,
0.0,0.252,0.243,0.155,0.174,0.293,0.174,0.176,0.178,0.281,
0.0,0.27,0.325,0.076,0.084,0.084,0.023,0.04,0.084,0.084,
0.0,0.289,0.298,0.442,0.301,0.323,0.391,0.301,0.278,0.316,
0.0,0.278,0.41,0.176,0.202,0.21,0.331,0.222,0.133,0.224,
0.0,0.187,0.176,0.239,0.104,0.286,0.12,0.108,0.108,0.073,
0.0,0.351,0.281,0.283,0.327,0.285,0.284,0.287,0.321,0.321,
0.0,0.376,0.278,0.338,0.337,0.323,0.418,0.357,0.326,0.285,
0.0,0.33,0.527,0.373,0.378,0.329,0.367,0.313,0.373,0.335,
0.0,0.224,0.45,0.361,0.4,0.367,0.323,0.304,0.369,0.36,
0.0,0.43,0.331,0.358,0.35,0.347,0.353,0.303,0.3,0.353,
0.0,0.217,0.374,0.363,0.306,0.287,0.291,0.293,0.273,0.293,
0.0,0.362,0.38,0.28,0.264,0.431,0.298,0.358,0.343,0.351,
-0.015,0.293,0.257,0.504,0.295,0.441,0.322,0.381,0.392,0.335,
0.0,0.331,0.478,0.447,0.371,0.373,0.333,0.373,0.373,0.367,
0.0,0.313,0.34,0.487,0.393,0.416,0.357,0.335,0.426,0.357,
0.0,0.426,0.374,0.329,0.266,0.265,0.281,0.292,0.341,0.333,
0.0,0.308,0.335,0.375,0.428,0.297,0.338,0.371,0.331,0.362,
0.0,0.332,0.38,0.46,0.335,0.298,0.323,0.303,0.326,0.365,
0.0,0.341,0.473,0.371,0.371,0.32,0.32,0.36,0.36,0.369,
-0.01,0.239,0.344,0.44,0.357,0.345,0.347,0.366,0.35,0.365,
0.0,0.351,0.453,0.403,0.31,0.362,0.348,0.369,0.338,0.35,
0.0,0.293,0.381,0.23,0.369,0.203,0.454,0.349,0.349,0.335,
0.0,0.389,0.42,0.361,0.32,0.369,0.364,0.348,0.374,0.34,
0.0,0.4,0.293,0.454,0.342,0.365,0.358,0.369,0.38,0.34,
0.0,0.332,0.391,0.42,0.424,0.469,0.379,0.338,0.357,0.347,
0.0,0.028,0.518,0.327,0.302,0.334,0.339,0.343,0.339,0.301,
0.0,0.381,0.306,0.244,0.221,0.245,0.241,0.217,0.237,0.221,
0.0,0.362,0.296,0.308,0.364,0.249,0.292,0.299,0.242,0.301,
0.0,0.201,0.254,0.517,0.345,0.342,0.347,0.341,0.342,0.339,
0.0,0.393,0.4,0.361,0.352,0.353,0.373,0.317,0.371,0.346,
0.0,0.189,0.475,0.325,0.417,0.413,0.355,0.351,0.357,0.357,
0.0,0.345,0.384,0.524,0.347,0.366,0.348,0.354,0.363,0.358,
0.0,0.313,0.448,0.451,0.363,0.369,0.348,0.328,0.369,0.369,
0.0,0.198,0.403,0.444,0.347,0.345,0.424,0.331,0.353,0.34,
0.0,0.383,0.374,0.37,0.367,0.36,0.367,0.362,0.453,0.36,
0.0,0.3,0.438,0.333,0.345,0.264,0.347,0.334,0.334,0.347,
0.0,0.294,0.42,0.394,0.314,0.348,0.378,0.384,0.353,0.315,
0.0,0.324,0.257,0.27,0.446,0.339,0.27,0.33,0.331,0.323,
0.0,0.402,0.267,0.426,0.399,0.349,0.343,0.351,0.35,0.338,
0.0,0.155,0.486,0.456,0.342,0.407,0.32,0.326,0.367,0.337,
0.0,0.319,0.323,0.431,0.216,0.289,0.257,0.286,0.291,0.291,
0.0,0.302,0.476,0.358,0.31,0.305,0.338,0.251,0.339,0.37,
0.0,0.289,0.264,0.222,0.184,0.323,0.232,0.215,0.262,0.244,
0.0,0.381,0.388,0.44,0.429,0.339,0.346,0.365,0.356,0.365,
0.0,0.22,0.412,0.409,0.253,0.327,0.329,0.296,0.393,0.298,
0.0,0.395,0.402,0.357,0.323,0.361,0.359,0.356,0.285,0.361,
0.0,0.426,0.32,0.387,0.29,0.363,0.35,0.388,0.328,0.35,
0.0,0.315,0.318,0.439,0.429,0.373,0.373,0.329,0.242,0.358,
0.0,0.359,0.337,0.253,0.409,0.291,0.306,0.236,0.401,0.295,
0.0,0.309,0.357,0.447,0.331,0.337,0.365,0.329,0.328,0.306,
0.0,0.403,0.372,0.287,0.351,0.333,0.349,0.314,0.292,0.358,
0.0,0.365,0.314,0.353,0.452,0.346,0.284,0.361,0.36,0.348,
0.0,0.372,0.447,0.331,0.335,0.313,0.414,0.339,0.288,0.293,
0.0,0.376,0.342,0.335,0.392,0.249,0.296,0.349,0.315,0.336,
0.0,0.309,0.441,0.409,0.418,0.359,0.26,0.389,0.346,0.352,
0.0,0.327,0.486,0.453,0.367,0.282,0.371,0.371,0.37,0.37,
0.0,0.395,0.373,0.344,0.314,0.328,0.328,0.356,0.353,0.351,
0.0,0.183,0.268,0.342,0.328,0.246,0.279,0.281,0.281,0.211,
0.0,0.238,0.456,0.294,0.43,0.345,0.347,0.347,0.28,0.338,
0.0,0.316,0.452,0.439,0.286,0.342,0.353,0.339,0.346,0.346,
0.0,0.182,0.48,0.424,0.317,0.292,0.341,0.317,0.333,0.331,
0.0,0.32,0.523,0.388,0.336,0.319,0.352,0.326,0.331,0.414,
0.0,0.152,0.333,0.313,0.237,0.165,0.323,0.202,0.21,0.357,
0.0,0.3,0.381,0.474,0.377,0.347,0.375,0.243,0.35,0.371,
0.0,0.244,0.352,0.42,0.454,0.43,0.367,0.362,0.346,0.358,
0.0,0.397,0.475,0.437,0.344,0.354,0.365,0.323,0.365,0.365,
0.0,0.418,0.428,0.409,0.373,0.366,0.32,0.373,0.368,0.311,
0.0,0.219,0.479,0.327,0.228,0.337,0.337,0.289,0.339,0.269,
0.0,0.295,0.423,0.388,0.363,0.365,0.365,0.332,0.365,0.326,
0.0,0.323,0.397,0.453,0.355,0.331,0.308,0.315,0.365,0.371,
-0.012,0.316,0.402,0.369,0.342,0.396,0.365,0.347,0.333,0.347,
0.0,0.356,0.441,0.369,0.432,0.418,0.357,0.352,0.357,0.357,
0.0,0.356,0.442,0.394,0.303,0.289,0.365,0.414,0.328,0.346,
0.0,0.374,0.451,0.358,0.289,0.319,0.322,0.364,0.373,0.367,
0.0,0.395,0.289,0.303,0.327,0.281,0.343,0.291,0.337,0.337,
0.0,0.355,0.34,0.322,0.468,0.355,0.39,0.335,0.359,0.31,
0.0,0.189,0.424,0.418,0.347,0.351,0.432,0.322,0.341,0.317,
0.0,0.281,0.501,0.354,0.361,0.35,0.309,0.289,0.313,0.304,
0.0,0.334,0.394,0.371,0.452,0.37,0.365,0.321,0.35,0.36,
0.0,0.123,0.189,0.365,0.342,0.224,0.11,0.169,0.226,0.208,
0.0,0.473,0.37,0.403,0.34,0.373,0.362,0.238,0.373,0.371,
0.0,0.274,0.461,0.467,0.359,0.417,0.361,0.359,0.361,0.347,
0.0,0.383,0.359,0.331,0.333,0.359,0.348,0.335,0.263,0.378,
0.0,0.4,0.462,0.368,0.421,0.327,0.315,0.309,0.371,0.36,
0.0,0.385,0.444,0.429,0.327,0.408,0.318,0.327,0.358,0.362,
0.0,0.415,0.43,0.403,0.32,0.362,0.338,0.36,0.429,0.369,
0.0,0.342,0.047,0.439,0.279,0.291,0.295,0.384,0.286,0.274,
0.0,0.214,0.478,0.408,0.36,0.387,0.3,0.394,0.361,0.342,
0.0,0.319,0.315,0.493,0.333,0.335,0.335,0.304,0.328,0.335,
-0.003,0.35,0.269,0.301,0.233,0.296,0.26,0.254,0.313,0.312,
0.0,0.329,0.387,0.417,0.354,0.377,0.375,0.377,0.354,0.317,
0.0,0.381,0.403,0.43,0.335,0.316,0.34,0.341,0.341,0.331,
0.0,0.279,0.489,0.259,0.351,0.355,0.357,0.305,0.289,0.357,
0.0,0.361,0.424,0.362,0.34,0.428,0.336,0.328,0.276,0.368,
0.0,0.409,0.428,0.336,0.335,0.41,0.369,0.361,0.361,0.321,
0.0,0.376,0.332,0.401,0.337,0.341,0.336,0.265,0.29,0.331,
0.0,0.395,0.345,0.347,0.299,0.357,0.346,0.385,0.343,0.356,
0.0,0.426,0.404,0.359,0.369,0.364,0.369,0.315,0.363,0.359,
0.0,0.289,0.445,0.417,0.354,0.424,0.356,0.349,0.337,0.344,
0.0,0.266,0.368,0.311,0.225,0.185,0.266,0.258,0.271,0.271,
0.0,0.322,0.345,0.341,0.391,0.343,0.304,0.335,0.354,0.323,
-0.025,0.316,0.368,0.431,0.297,0.31,0.331,0.306,0.348,0.304,
0.0,0.344,0.459,0.393,0.432,0.386,0.346,0.367,0.367,0.35,
0.0,0.44,0.293,0.315,0.351,0.289,0.291,0.353,0.353,0.352,
0.0,0.285,0.423,0.427,0.423,0.361,0.318,0.321,0.355,0.283,
0.0,0.305,0.359,0.262,0.238,0.26,0.303,0.235,0.303,0.231,
0.0,0.281,0.415,0.304,0.405,0.345,0.324,0.335,0.368,0.389,
0.0,0.326,0.265,0.323,0.232,0.234,0.246,0.209,0.257,0.191,
0.0,0.22,0.477,0.522,0.405,0.277,0.365,0.354,0.322,0.219,
0.0,0.399,0.279,0.339,0.343,0.333,0.419,0.351,0.345,0.351,
0.0,0.315,0.36,0.418,0.425,0.353,0.333,0.381,0.313,0.284,
0.0,0.393,0.391,0.314,0.357,0.353,0.335,0.32,0.355,0.326,
0.0,0.35,0.401,0.403,0.319,0.32,0.339,0.337,0.355,0.355,
0.0,0.297,0.253,0.36,0.404,0.353,0.324,0.316,0.321,0.234,
0.0,0.382,0.279,0.366,0.374,0.319,0.407,0.322,0.324,0.239,
0.0,0.369,0.411,0.351,0.357,0.355,0.337,0.352,0.359,0.359,
0.0,0.336,0.351,0.373,0.469,0.403,0.373,0.371,0.33,0.329,
0.0,0.333,0.35,0.424,0.425,0.337,0.266,0.309,0.315,0.343,
0.0,0.203,0.362,0.392,0.472,0.316,0.31,0.397,0.346,0.353,
0.0,0.429,0.355,0.382,0.389,0.299,0.361,0.41,0.367,0.331,
0.0,0.338,0.261,0.282,0.291,0.305,0.325,0.304,0.326,0.412,
0.0,0.389,0.354,0.324,0.303,0.339,0.298,0.341,0.335,0.336,
0.0,0.331,0.382,0.289,0.343,0.34,0.305,0.322,0.397,0.311,
0.0,0.318,0.119,0.132,0.219,0.29,0.152,0.27,0.101,0.217,
0.0,0.407,0.462,0.372,0.395,0.311,0.375,0.306,0.297,0.426,
0.0,0.373,0.395,0.291,0.319,0.349,0.311,0.351,0.286,0.351,
0.0,0.273,0.499,0.458,0.321,0.303,0.347,0.276,0.349,0.348,
0.0,0.382,0.372,0.357,0.516,0.341,0.333,0.341,0.322,0.341,
0.0,0.345,0.391,0.333,0.463,0.363,0.352,0.361,0.36,0.312,
0.0,0.265,0.491,0.333,0.308,0.472,0.401,0.356,0.34,0.346,
0.0,0.37,0.313,0.301,0.412,0.325,0.335,0.265,0.262,0.32,
0.0,0.361,0.389,0.513,0.374,0.375,0.375,0.375,0.375,0.368,
0.0,0.348,0.431,0.333,0.354,0.316,0.35,0.31,0.469,0.349,
0.0,0.197,0.28,0.504,0.435,0.413,0.37,0.371,0.338,0.302,
0.0,0.222,0.455,0.384,0.352,0.426,0.363,0.356,0.308,0.435,
0.0,0.293,0.519,0.373,0.372,0.361,0.355,0.398,0.337,0.361,
0.0,0.398,0.302,0.329,0.335,0.338,0.343,0.338,0.345,0.339,
-0.008,0.33,0.388,0.301,0.362,0.445,0.342,0.375,0.376,0.311,
0.0,0.369,0.407,0.362,0.339,0.354,0.321,0.361,0.352,0.38,
0.0,0.339,0.517,0.319,0.36,0.346,0.365,0.358,0.39,0.346,
0.0,0.268,0.334,0.329,0.335,0.368,0.334,0.331,0.288,0.294,
0.0,0.385,0.415,0.405,0.287,0.302,0.353,0.352,0.367,0.328,
0.0,0.321,0.273,0.462,0.353,0.316,0.309,0.349,0.346,0.322,
0.0,0.257,0.496,0.363,0.315,0.315,0.365,0.319,0.331,0.269,
0.0,0.354,0.39,0.409,0.335,0.302,0.325,0.356,0.312,0.312,
0.0,0.276,0.4,0.467,0.369,0.432,0.34,0.369,0.416,0.359,
0.0,0.324,0.474,0.476,0.292,0.295,0.388,0.361,0.371,0.362,
0.0,0.344,0.348,0.371,0.388,0.417,0.47,0.325,0.294,0.366,
0.0,0.396,0.258,0.229,0.263,0.43,0.346,0.304,0.351,0.297,
0.0,0.245,0.542,0.363,0.312,0.365,0.347,0.365,0.321,0.354,
0.0,0.3,0.473,0.256,0.317,0.335,0.37,0.367,0.387,0.367,
0.0,0.198,0.469,0.336,0.389,0.462,0.286,0.367,0.365,0.357,
0.0,0.33,0.288,0.329,0.256,0.281,0.347,0.331,0.347,0.444,
0.0,0.39,0.394,0.339,0.351,0.289,0.353,0.341,0.333,0.353,
0.0,0.38,0.389,0.306,0.353,0.357,0.355,0.348,0.312,0.342,
0.0,0.293,0.448,0.413,0.288,0.324,0.341,0.367,0.36,0.32,
0.045,0.351,0.495,0.441,0.384,0.362,0.38,0.378,0.369,0.403,
0.0,0.228,0.44,0.233,0.397,0.331,0.296,0.306,0.339,0.288,
0.0,0.325,0.244,0.359,0.373,0.362,0.348,0.303,0.353,0.353,
0.0,0.211,0.539,0.401,0.373,0.438,0.328,0.366,0.373,0.373,
0.0,0.35,0.309,0.265,0.287,0.288,0.297,0.299,0.282,0.295,
0.0,0.26,0.439,0.356,0.361,0.361,0.421,0.324,0.32,0.363,
0.0,0.283,0.468,0.369,0.431,0.37,0.371,0.323,0.248,0.371,
0.0,0.345,0.376,0.482,0.32,0.34,0.337,0.371,0.358,0.303,
0.0,0.275,0.308,0.35,0.462,0.367,0.29,0.468,0.369,0.344,
0.0,0.348,0.429,0.379,0.385,0.279,0.271,0.39,0.335,0.312,
0.0,0.294,0.439,0.464,0.39,0.334,0.358,0.344,0.362,0.362,
0.0,0.364,0.388,0.33,0.339,0.283,0.277,0.338,0.226,0.275,
0.013,0.301,0.283,0.454,0.426,0.367,0.323,0.318,0.323,0.288,
0.0,0.336,0.388,0.382,0.278,0.393,0.349,0.316,0.347,0.338,
0.0,0.17,0.322,0.53,0.366,0.346,0.454,0.346,0.359,0.358,
0.0,0.32,0.228,0.348,0.351,0.261,0.244,0.265,0.2,0.265,
0.0,0.277,0.462,0.485,0.424,0.386,0.414,0.373,0.373,0.366,
0.0,0.332,0.37,0.407,0.35,0.365,0.359,0.246,0.365,0.333,
0.0,0.316,0.34,0.341,0.339,0.389,0.346,0.341,0.373,0.346,
0.0,0.26,0.402,0.416,0.44,0.415,0.349,0.357,0.359,0.381,
0.0,0.218,0.43,0.413,0.247,0.273,0.441,0.314,0.327,0.355,
0.0,0.336,0.356,0.355,0.394,0.405,0.355,0.402,0.337,0.346,
0.0,0.408,0.353,0.403,0.333,0.334,0.387,0.341,0.328,0.312,
0.0,0.242,0.407,0.387,0.345,0.341,0.342,0.309,0.326,0.415,
0.0,0.385,0.382,0.404,0.361,0.435,0.366,0.346,0.443,0.357,
0.0,0.392,0.345,0.341,0.377,0.346,0.257,0.279,0.359,0.358,
0.0,0.359,0.183,0.323,0.128,0.228,0.22,0.265,0.165,0.228,
0.0,0.23,0.299,0.364,0.401,0.328,0.335,0.341,0.278,0.341,
0.0,0.385,0.337,0.429,0.363,0.363,0.363,0.363,0.294,0.353,
0.0,0.404,0.446,0.494,0.387,0.352,0.366,0.337,0.356,0.315,
0.0,0.283,0.376,0.456,0.339,0.297,0.353,0.285,0.368,0.335,
0.0,0.341,0.3,0.379,0.341,0.337,0.328,0.293,0.386,0.345,
0.0,0.388,0.452,0.498,0.369,0.309,0.347,0.426,0.348,0.35,
0.0,0.213,0.511,0.512,0.334,0.359,0.348,0.312,0.428,0.375,
0.0,0.297,0.358,0.426,0.341,0.322,0.343,0.3,0.242,0.286,
0.0,0.224,0.277,0.099,0.369,0.314,0.303,0.351,0.445,0.345,
0.0,0.402,0.28,0.406,0.313,0.349,0.311,0.267,0.359,0.341,
0.0,0.45,0.25,0.337,0.339,0.302,0.347,0.301,0.334,0.309,
-0.006,0.36,0.431,0.365,0.314,0.331,0.356,0.337,0.402,0.32,
0.0,0.428,0.438,0.384,0.343,0.402,0.46,0.371,0.362,0.371,
0.0,0.193,0.381,0.397,0.332,0.418,0.337,0.304,0.369,0.345,
0.0,0.288,0.337,0.38,0.299,0.362,0.272,0.305,0.281,0.297,
0.0,0.292,0.196,0.403,0.288,0.283,0.299,0.392,0.296,0.283,
0.0,0.23,0.47,0.426,0.405,0.318,0.349,0.352,0.357,0.313,
0.0,0.288,0.457,0.349,0.407,0.324,0.348,0.355,0.326,0.347,
0.0,0.357,0.298,0.342,0.313,0.394,0.298,0.26,0.301,0.347,
0.0,0.268,0.405,0.253,0.343,0.437,0.322,0.343,0.353,0.348,
0.0,0.364,0.331,0.405,0.351,0.377,0.347,0.355,0.351,0.348,
0.0,0.202,0.524,0.332,0.429,0.413,0.412,0.368,0.338,0.375,
0.0,0.403,0.435,0.392,0.379,0.319,0.359,0.452,0.369,0.369,
0.0,0.341,0.329,0.411,0.348,0.364,0.265,0.353,0.354,0.359,
0.0,0.357,0.425,0.374,0.317,0.351,0.359,0.355,0.351,0.361,
0.0,0.43,0.396,0.415,0.34,0.335,0.275,0.308,0.456,0.341,
0.0,0.349,0.212,0.44,0.386,0.313,0.313,0.315,0.301,0.314,
0.0,0.252,0.414,0.204,0.214,0.287,0.224,0.19,0.192,0.277,
0.0,0.294,0.324,0.404,0.396,0.334,0.356,0.359,0.326,0.358,
0.0,0.429,0.263,0.288,0.257,0.321,0.395,0.35,0.347,0.347,
0.0,0.277,0.414,0.379,0.432,0.312,0.345,0.314,0.314,0.304,
0.0,0.274,0.51,0.389,0.315,0.331,0.423,0.323,0.365,0.351,
0.0,0.398,0.471,0.363,0.365,0.365,0.31,0.369,0.365,0.295,
0.0,0.366,0.508,0.374,0.375,0.346,0.351,0.354,0.409,0.368,
0.0,0.414,0.523,0.383,0.356,0.372,0.367,0.364,0.363,0.29,
0.0,0.384,0.346,0.347,0.42,0.411,0.365,0.355,0.356,0.356,
0.0,0.319,0.398,0.466,0.356,0.302,0.392,0.288,0.348,0.32,
0.0,0.275,0.428,0.354,0.502,0.371,0.308,0.324,0.371,0.356,
0.0,0.307,0.293,0.374,0.298,0.483,0.368,0.372,0.32,0.354,
0.0,0.358,0.424,0.3,0.353,0.35,0.355,0.305,0.355,0.347,
0.0,0.235,0.37,0.436,0.363,0.404,0.361,0.354,0.36,0.365,
0.0,0.35,0.442,0.328,0.361,0.424,0.331,0.396,0.341,0.356,
0.0,0.322,0.422,0.4,0.351,0.365,0.367,0.361,0.363,0.351,
0.0,0.33,0.373,0.359,0.273,0.275,0.349,0.349,0.274,0.289,
0.0,0.376,0.358,0.402,0.404,0.309,0.362,0.413,0.335,0.369,
0.0,0.447,0.46,0.4,0.346,0.373,0.349,0.373,0.367,0.351,
0.0,0.244,0.373,0.452,0.302,0.284,0.323,0.343,0.335,0.275,
0.0,0.405,0.347,0.354,0.353,0.351,0.355,0.386,0.355,0.313,
0.0,0.378,0.114,0.314,0.069,0.192,0.236,0.305,0.309,0.382,
0.0,0.4,0.304,0.341,0.396,0.343,0.29,0.335,0.333,0.337,
0.0,0.315,0.396,0.378,0.365,0.435,0.352,0.357,0.256,0.195,
0.0,0.358,0.405,0.425,0.404,0.381,0.367,0.302,0.356,0.327,
0.0,0.303,0.486,0.405,0.318,0.344,0.365,0.259,0.367,0.367,
0.0,0.295,0.472,0.431,0.39,0.344,0.353,0.342,0.371,0.371,
0.0,0.409,0.371,0.521,0.371,0.349,0.346,0.363,0.363,0.361,
0.034,0.306,0.407,0.396,0.411,0.317,0.32,0.317,0.42,0.365,
0.0,0.268,0.357,0.327,0.408,0.409,0.345,0.339,0.345,0.345,
0.0,0.312,0.36,0.385,0.408,0.412,0.335,0.369,0.356,0.369,
0.0,0.306,0.391,0.355,0.303,0.459,0.352,0.377,0.322,0.361,
0.0,0.275,0.498,0.305,0.414,0.357,0.299,0.341,0.348,0.354,
0.0,0.379,0.357,0.353,0.395,0.359,0.345,0.338,0.354,0.359,
0.0,0.214,0.375,0.387,0.399,0.216,0.348,0.337,0.337,0.341,
0.0,0.284,0.456,0.276,0.335,0.33,0.308,0.328,0.314,0.341,
0.0,0.38,0.244,0.315,0.387,0.355,0.313,0.3,0.363,0.356,
0.0,0.245,0.444,0.476,0.398,0.363,0.364,0.338,0.339,0.338,
0.0,0.388,0.294,0.396,0.397,0.377,0.355,0.356,0.36,0.369,
0.0,0.351,0.479,0.354,0.357,0.383,0.363,0.358,0.303,0.363,
-0.029,0.398,0.13,0.315,0.269,0.367,0.328,0.357,0.328,0.337,
0.0,0.373,0.262,0.415,0.337,0.343,0.341,0.343,0.33,0.299,
0.0,0.235,0.43,0.396,0.321,0.27,0.208,0.331,0.331,0.333,
0.0,0.223,0.332,0.353,0.458,0.278,0.294,0.304,0.288,0.301,
0.0,0.272,0.434,0.438,0.28,0.468,0.337,0.324,0.381,0.299,
0.0,0.372,0.315,0.391,0.361,0.381,0.363,0.362,0.342,0.373,
0.0,0.306,0.309,0.495,0.459,0.351,0.361,0.326,0.333,0.361,
0.0,0.363,0.345,0.37,0.452,0.435,0.398,0.328,0.328,0.325,
0.0,0.328,0.389,0.296,0.432,0.359,0.347,0.212,0.321,0.271,
0.0,0.31,0.239,0.426,0.4,0.353,0.353,0.353,0.293,0.353,
0.0,0.436,0.413,0.363,0.371,0.373,0.308,0.289,0.432,0.368,
0.0,0.42,0.313,0.323,0.341,0.312,0.357,0.336,0.341,0.345,
0.0,0.304,0.275,0.399,0.43,0.397,0.345,0.341,0.34,0.299,
-0.002,0.311,0.484,0.296,0.402,0.293,0.356,0.33,0.362,0.327,
0.0,0.272,0.335,0.403,0.425,0.3,0.343,0.413,0.356,0.337,
0.0,0.337,0.31,0.369,0.39,0.42,0.325,0.391,0.321,0.371,
0.0,0.254,0.531,0.383,0.333,0.33,0.362,0.33,0.356,0.387,
0.0,0.337,0.443,0.425,0.337,0.321,0.35,0.367,0.337,0.367,
0.0,0.295,0.557,0.309,0.331,0.36,0.409,0.254,0.361,0.365,
0.0,0.355,0.33,0.366,0.454,0.314,0.359,0.314,0.359,0.345,
0.0,0.294,0.412,0.265,0.263,0.249,0.287,0.301,0.301,0.265,
0.0,0.178,0.483,0.421,0.327,0.454,0.371,0.36,0.371,0.364,
0.0,0.378,0.286,0.39,0.301,0.321,0.343,0.338,0.343,0.261,
0.0,0.327,0.258,0.408,0.406,0.34,0.348,0.339,0.331,0.324,
0.0,0.369,0.44,0.323,0.369,0.326,0.319,0.36,0.369,0.372,
0.0,0.394,0.381,0.358,0.363,0.358,0.31,0.362,0.28,0.342,
0.0,0.409,0.31,0.339,0.361,0.294,0.356,0.319,0.336,0.361,
0.0,0.308,0.48,0.402,0.434,0.435,0.351,0.364,0.367,0.372,
0.0,0.357,0.398,0.393,0.384,0.4,0.359,0.321,0.353,0.359,
0.0,0.295,0.373,0.448,0.389,0.433,0.359,0.359,0.354,0.359,
0.0,0.371,0.398,0.347,0.359,0.361,0.352,0.354,0.357,0.381,
0.0,0.233,0.414,0.46,0.358,0.462,0.367,0.364,0.323,0.367,
0.0,0.249,0.316,0.465,0.259,0.285,0.323,0.275,0.173,0.252,
0.0,0.325,0.268,0.272,0.341,0.345,0.347,0.41,0.342,0.347,
0.0,0.257,0.466,0.439,0.38,0.338,0.323,0.365,0.291,0.369,
0.0,0.336,0.449,0.419,0.313,0.296,0.346,0.457,0.369,0.358,
-0.017,0.213,0.447,0.296,0.375,0.222,0.217,0.233,0.222,0.232,
0.0,0.256,0.508,0.345,0.353,0.338,0.354,0.301,0.355,0.337,
0.0,0.268,0.502,0.375,0.3,0.29,0.365,0.333,0.34,0.35,
0.0,0.381,0.353,0.357,0.411,0.347,0.354,0.34,0.333,0.278,
0.0,0.236,0.437,0.514,0.389,0.377,0.334,0.362,0.36,0.417,
-0.042,0.379,0.328,0.342,0.404,0.298,0.225,0.328,0.346,0.236,
0.0,0.354,0.417,0.319,0.345,0.307,0.407,0.399,0.357,0.352,
0.0,0.338,0.341,0.438,0.283,0.329,0.327,0.335,0.335,0.284,
0.0,0.364,0.345,0.347,0.444,0.355,0.395,0.341,0.318,0.28,
0.0,0.396,0.434,0.434,0.414,0.373,0.366,0.35,0.373,0.373,
0.0,0.075,0.393,0.305,0.433,0.331,0.333,0.337,0.333,0.331,
0.0,0.356,0.415,0.299,0.331,0.448,0.411,0.361,0.36,0.306,
0.0,0.313,0.368,0.405,0.36,0.383,0.34,0.251,0.308,0.314,
0.0,0.33,0.437,0.435,0.433,0.4,0.356,0.369,0.367,0.35,
0.0,0.157,0.41,0.238,0.256,0.273,0.173,0.266,0.268,0.279,
0.0,0.322,0.291,0.415,0.477,0.403,0.36,0.432,0.365,0.361,
0.0,0.401,0.442,0.413,0.411,0.331,0.341,0.367,0.385,0.357,
0.0,0.363,0.386,0.43,0.382,0.369,0.317,0.448,0.371,0.445,
0.0,0.37,0.359,0.455,0.444,0.359,0.358,0.357,0.323,0.307,
0.0,0.328,0.379,0.4,0.296,0.27,0.394,0.336,0.349,0.349,
0.0,0.347,0.449,0.361,0.383,0.347,0.337,0.349,0.354,0.349,
0.0,0.37,0.362,0.363,0.355,0.401,0.351,0.363,0.429,0.358,
0.0,0.291,0.432,0.447,0.386,0.358,0.363,0.363,0.363,0.315,
0.0,0.21,0.401,0.399,0.251,0.257,0.325,0.276,0.237,0.285,
0.0,0.384,0.498,0.406,0.285,0.379,0.379,0.503,0.363,0.352,
0.0,0.326,0.383,0.269,0.367,0.455,0.372,0.36,0.365,0.299,
0.0,0.322,0.178,0.304,0.257,0.255,0.254,0.248,0.268,0.252,
0.0,0.036,0.308,0.475,0.484,0.353,0.352,0.353,0.353,0.291,
0.0,0.388,0.372,0.354,0.452,0.422,0.366,0.338,0.371,0.371,
0.0,0.43,0.309,0.274,0.328,0.276,0.357,0.343,0.357,0.316,
0.0,0.249,0.427,0.416,0.366,0.337,0.333,0.365,0.337,0.344,
0.0,0.278,0.497,0.431,0.331,0.355,0.328,0.338,0.355,0.354,
0.0,0.352,0.379,0.393,0.345,0.345,0.333,0.316,0.333,0.334,
0.0,0.312,0.447,0.39,0.394,0.413,0.371,0.358,0.366,0.351,
0.0,0.268,0.537,0.357,0.351,0.375,0.373,0.349,0.303,0.335,
0.0,0.35,0.333,0.283,0.394,0.25,0.309,0.261,0.254,0.315,
0.0,0.286,0.337,0.334,0.457,0.43,0.357,0.3,0.356,0.34,
0.0,0.382,0.477,0.305,0.373,0.364,0.243,0.373,0.355,0.325,
0.0,0.211,0.448,0.208,0.263,0.267,0.274,0.274,0.27,0.281,
0.0,0.368,0.419,0.345,0.337,0.294,0.355,0.291,0.357,0.294,
0.0,0.302,0.328,0.221,0.447,0.333,0.349,0.354,0.266,0.32,
0.0,0.39,0.359,0.332,0.355,0.322,0.343,0.313,0.331,0.343,
0.0,0.267,0.471,0.401,0.465,0.306,0.347,0.347,0.326,0.322,
0.0,0.397,0.244,0.309,0.255,0.313,0.323,0.428,0.316,0.319,
0.0,0.239,0.425,0.409,0.498,0.351,0.362,0.359,0.255,0.369,
0.0,0.403,0.36,0.357,0.335,0.365,0.459,0.365,0.358,0.346,
0.0,0.382,0.326,0.303,0.384,0.315,0.349,0.28,0.352,0.28,
0.0,0.367,0.321,0.244,0.264,0.375,0.239,0.261,0.267,0.26,
0.0,0.265,0.469,0.439,0.375,0.334,0.37,0.375,0.344,0.303,
0.0,0.208,0.419,0.332,0.431,0.349,0.289,0.281,0.298,0.351,
0.0,0.316,0.403,0.335,0.374,0.349,0.321,0.424,0.312,0.348,
0.0,0.41,0.385,0.376,0.397,0.362,0.367,0.335,0.288,0.337,
0.0,0.078,0.413,0.477,0.421,0.355,0.295,0.361,0.287,0.352,
0.0,0.224,0.398,0.371,0.326,0.331,0.333,0.306,0.277,0.286,
0.0,0.291,0.43,0.435,0.354,0.345,0.321,0.363,0.361,0.367,
0.0,0.38,0.361,0.384,0.358,0.296,0.333,0.363,0.353,0.334,
0.0,0.281,0.343,0.437,0.292,0.356,0.345,0.267,0.349,0.294,
0.0,0.293,0.441,0.383,0.353,0.293,0.331,0.319,0.347,0.346,
0.0,0.194,0.344,0.454,0.498,0.33,0.36,0.358,0.342,0.367,
0.0,0.279,0.457,0.431,0.354,0.368,0.355,0.343,0.274,0.351,
0.0,0.323,0.347,0.464,0.344,0.329,0.442,0.35,0.355,0.413,
0.0,0.317,0.378,0.337,0.29,0.383,0.237,0.313,0.309,0.441,
0.0,0.362,0.331,0.291,0.325,0.329,0.28,0.37,0.325,0.312,
0.0,0.18,0.507,0.275,0.416,0.329,0.321,0.325,0.304,0.293,
0.0,0.336,0.288,0.409,0.351,0.286,0.28,0.353,0.331,0.353,
0.0,0.254,0.181,0.397,0.353,0.313,0.403,0.257,0.271,0.26,
0.0,0.289,0.409,0.297,0.431,0.432,0.287,0.35,0.401,0.328,
0.0,0.364,0.407,0.311,0.324,0.334,0.363,0.402,0.357,0.363,
0.0,0.286,0.303,0.389,0.44,0.338,0.349,0.482,0.356,0.365,
0.0,0.413,0.315,0.424,0.41,0.363,0.369,0.335,0.362,0.335,
0.0,0.388,0.368,0.353,0.346,0.361,0.306,0.373,0.361,0.303,
0.0,0.33,0.394,0.479,0.362,0.326,0.363,0.326,0.369,0.279,
0.0,0.358,0.453,0.412,0.363,0.367,0.327,0.367,0.312,0.367,
0.0,0.278,0.486,0.349,0.36,0.276,0.318,0.342,0.276,0.452,
0.0,0.42,0.298,0.419,0.404,0.406,0.307,0.35,0.355,0.349,
0.0,0.214,0.471,0.383,0.278,0.303,0.286,0.347,0.398,0.338,
0.0,0.288,0.417,0.274,0.385,0.267,0.327,0.253,0.385,0.301,
0.0,0.317,0.503,0.406,0.435,0.333,0.34,0.349,0.437,0.371,
0.0,0.407,0.427,0.416,0.371,0.37,0.32,0.341,0.364,0.253,
0.0,0.221,0.345,0.317,0.4,0.364,0.369,0.369,0.404,0.344,
0.0,0.346,0.479,0.445,0.373,0.37,0.279,0.375,0.357,0.375,
0.0,0.316,0.377,0.552,0.324,0.354,0.318,0.369,0.357,0.304,
0.0,0.273,0.469,0.247,0.333,0.337,0.339,0.334,0.339,0.329,
0.0,0.301,0.508,0.43,0.334,0.343,0.419,0.333,0.345,0.337,
0.0,0.419,0.232,0.313,0.22,0.28,0.208,0.307,0.274,0.197,
0.0,0.347,0.453,0.253,0.415,0.371,0.383,0.429,0.286,0.353,
0.0,0.416,0.244,0.26,0.251,0.265,0.332,0.296,0.339,0.327,
0.0,0.338,0.433,0.404,0.341,0.295,0.269,0.355,0.355,0.308,
0.0,0.235,0.504,0.38,0.352,0.4,0.446,0.3,0.304,0.36,
0.0,0.362,0.289,0.376,0.276,0.336,0.273,0.303,0.319,0.315,
0.0,0.346,0.336,0.353,0.329,0.346,0.434,0.297,0.277,0.353,
0.0,0.308,0.505,0.386,0.378,0.431,0.321,0.338,0.34,0.341,
0.0,0.37,0.345,0.204,0.211,0.156,0.224,0.228,0.209,0.228,
0.0,0.416,0.319,0.299,0.315,0.323,0.321,0.327,0.291,0.317,
0.0,0.359,0.321,0.347,0.379,0.271,0.333,0.343,0.353,0.332,
0.0,0.35,0.306,0.417,0.349,0.351,0.351,0.351,0.341,0.347,
0.0,0.323,0.377,0.269,0.295,0.418,0.316,0.297,0.371,0.297,
0.0,0.355,0.309,0.502,0.423,0.356,0.306,0.345,0.36,0.356,
0.0,0.284,0.445,0.492,0.296,0.298,0.498,0.376,0.372,0.431,
0.0,0.251,0.402,0.466,0.423,0.34,0.394,0.276,0.367,0.362,
0.0,0.319,0.459,0.363,0.387,0.326,0.331,0.354,0.367,0.28,
0.0,0.264,0.512,0.435,0.358,0.369,0.355,0.305,0.316,0.369,
0.0,0.318,0.399,0.514,0.356,0.367,0.318,0.348,0.318,0.34,
0.0,0.216,0.34,0.521,0.463,0.329,0.336,0.303,0.336,0.365,
0.0,0.266,0.537,0.318,0.339,0.369,0.359,0.335,0.338,0.369,
0.0,0.251,0.386,0.42,0.354,0.343,0.352,0.32,0.388,0.355,
0.0,0.236,0.222,0.138,0.095,0.085,0.054,-0.013,-0.038,0.129,
0.0,0.311,0.269,0.342,0.226,0.347,0.252,0.285,0.285,0.37,
0.0,0.248,0.18,0.177,0.229,0.227,0.097,0.144,0.11,0.142,
0.0,0.296,0.216,0.091,0.138,0.156,0.24,0.148,0.278,0.15,
0.0,0.384,0.25,0.228,0.147,0.196,0.276,0.161,0.2,0.18,
0.0,0.304,0.231,0.01,0.036,0.036,0.034,0.036,0.036,0.049,
0.0,0.156,0.267,0.271,0.239,0.188,0.329,0.238,0.204,0.204,
0.0,0.234,0.338,0.298,0.228,0.223,0.191,0.198,0.367,0.23,
0.0,0.15,0.301,0.244,0.134,0.107,0.027,0.159,0.074,0.074,
0.0,0.216,0.387,0.297,0.453,0.39,0.317,0.443,0.357,0.319,
0.0,0.225,0.399,0.243,0.288,0.385,0.245,0.251,0.251,0.245,
0.0,0.188,0.28,0.336,0.129,0.152,0.156,0.262,0.156,0.156,
-0.025,0.252,0.295,0.28,0.26,0.283,0.175,0.168,0.279,0.223,
0.0,0.255,0.309,0.315,0.214,0.491,0.328,0.375,0.303,0.298,
0.0,0.219,0.403,0.215,0.202,0.269,0.245,0.276,0.281,0.372,
0.0,0.258,0.331,0.307,0.346,0.342,0.278,0.293,0.235,0.278,
0.0,0.227,0.221,0.076,0.002,-0.036,-0.036,0.002,0.002,0.002,
0.0,0.337,0.204,0.285,0.316,0.257,0.236,0.225,0.217,0.238,
0.0,0.357,0.215,0.252,0.129,0.169,0.062,0.188,0.133,0.154,
0.0,0.351,0.186,0.199,0.145,0.145,0.154,0.142,0.153,0.267,
0.0,0.317,0.303,0.392,0.311,0.379,0.313,0.346,0.421,0.324,
0.0,0.244,0.234,0.245,0.371,0.363,0.267,0.348,0.296,0.357,
0.0,0.307,0.208,0.234,0.104,0.126,0.167,0.187,0.142,0.232,
0.0,0.352,0.279,0.178,0.153,0.151,0.139,0.123,0.159,0.128,
0.0,0.292,0.363,0.228,0.244,0.251,0.235,0.411,0.275,0.255,
0.0,0.209,0.315,0.06,0.048,0.017,0.056,0.054,0.052,0.168,
0.0,0.287,0.319,0.293,0.266,0.271,0.255,0.205,0.227,0.291,
0.0,0.351,0.274,0.37,0.295,0.39,0.313,0.288,0.282,0.372,
0.0,0.165,0.112,0.194,0.203,0.038,0.125,0.008,0.036,0.038,
0.0,0.075,0.205,0.149,0.025,0.267,0.063,0.052,0.052,0.05,
0.0,0.252,0.299,0.262,0.207,0.172,0.143,0.13,0.257,0.174,
0.0,0.332,0.418,0.327,0.366,0.382,0.356,0.357,0.33,0.514,
0.0,0.321,0.346,0.465,0.356,0.333,0.367,0.313,0.369,0.316,
0.0,0.366,0.371,0.284,0.344,0.46,0.336,0.425,0.337,0.308,
0.0,0.194,0.512,0.393,0.339,0.397,0.314,0.337,0.334,0.371,
0.0,0.2,0.385,0.442,0.372,0.32,0.308,0.335,0.335,0.287,
0.0,0.395,0.399,0.374,0.344,0.345,0.348,0.26,0.278,0.311,
0.0,0.274,0.363,0.456,0.447,0.386,0.333,0.386,0.344,0.319,
0.0,0.371,0.371,0.448,0.365,0.399,0.306,0.365,0.282,0.365,
0.0,0.279,0.452,0.439,0.369,0.365,0.282,0.362,0.343,0.362,
-0.029,0.382,0.455,0.376,0.386,0.354,0.31,0.395,0.346,0.28,
0.0,0.345,0.426,0.425,0.371,0.371,0.324,0.371,0.346,0.356,
0.0,0.331,0.335,0.515,0.476,0.439,0.272,0.372,0.359,0.345,
0.0,0.131,0.423,0.369,0.318,0.343,0.314,0.325,0.408,0.317,
0.0,0.356,0.266,0.223,0.331,0.404,0.324,0.344,0.331,0.371,
0.0,0.283,0.367,0.424,0.322,0.329,0.312,0.329,0.299,0.349,
0.0,0.297,0.505,0.339,0.283,0.359,0.437,0.359,0.445,0.246,
0.0,0.361,0.295,0.202,0.195,0.097,0.202,0.397,0.202,0.202,
0.0,0.318,0.261,0.349,0.273,0.277,0.272,0.26,0.249,0.279,
0.0,0.334,0.302,0.16,0.153,0.145,0.164,0.257,0.152,0.154,
0.0,0.312,0.304,0.23,0.262,0.293,0.204,0.164,0.221,0.1,
0.0,0.388,0.164,0.195,0.05,0.098,0.098,0.137,0.098,0.098,
0.0,0.172,0.217,0.389,0.215,0.226,0.277,0.197,0.228,0.226,
0.0,0.28,0.346,0.229,0.293,0.236,0.236,0.16,0.236,0.304,
0.0,0.286,0.29,0.226,0.268,0.123,0.174,0.13,0.176,0.144,
0.0,0.34,0.288,0.226,0.172,0.251,0.226,0.327,0.223,0.255,
0.0,0.21,0.277,0.431,0.328,0.279,0.264,0.246,0.252,0.264,
0.0,0.326,0.028,0.088,0.1,0.357,0.221,0.126,0.126,0.126,
0.0,0.192,0.332,0.223,0.126,0.2,0.149,0.226,0.191,0.24,
0.0,0.255,0.254,0.017,0.06,0.06,-0.021,0.121,0.06,0.037,
0.0,0.281,0.326,0.21,0.122,0.13,0.132,0.132,0.262,0.189,
0.0,0.207,0.146,0.383,0.333,0.281,0.317,0.291,0.291,0.293,
0.0,0.277,0.135,0.176,0.112,0.114,0.065,0.083,0.298,0.081,
0.0,0.338,0.441,0.358,0.403,0.365,0.365,0.364,0.331,0.355,
0.0,0.22,0.363,0.365,0.24,0.307,0.421,0.346,0.313,0.276,
0.0,0.367,0.48,0.382,0.278,0.344,0.387,0.448,0.341,0.334,
0.0,0.345,0.383,0.469,0.364,0.365,0.359,0.342,0.329,0.365,
0.0,0.304,0.4,0.359,0.378,0.491,0.377,0.358,0.296,0.36,
0.0,0.322,0.305,0.433,0.321,0.325,0.321,0.222,0.37,0.158,
0.0,0.357,0.192,0.17,0.299,0.319,0.412,0.315,0.323,0.21,
0.0,0.425,0.331,0.311,0.264,0.33,0.333,0.328,0.333,0.248,
-0.051,0.303,0.468,0.363,0.331,0.331,0.326,0.274,0.313,0.331,
0.0,0.354,0.362,0.383,0.351,0.298,0.355,0.287,0.355,0.301,
0.0,0.333,0.447,0.456,0.325,0.365,0.393,0.351,0.342,0.313,
0.0,0.339,0.36,0.309,0.439,0.326,0.357,0.342,0.265,0.226,
0.0,0.248,0.521,0.4,0.339,0.339,0.333,0.338,0.373,0.427,
0.0,0.279,0.445,0.345,0.355,0.316,0.33,0.337,0.261,0.432,
0.0,0.309,0.337,0.275,0.44,0.374,0.322,0.336,0.344,0.336,
0.0,0.43,0.287,0.336,0.269,0.351,0.29,0.286,0.339,0.351,


