0.0,0.207,0.284,0.273,0.211,0.151,0.232,0.209,0.282,0.225,
0.0,0.262,0.171,0.158,0.199,0.231,0.276,0.26,0.215,0.176,
0.0,0.197,0.27,0.319,0.211,0.281,0.127,0.205,0.272,0.228,
0.0,0.26,0.26,0.144,0.254,0.19,0.231,0.255,0.224,0.203,
0.0,0.298,0.287,0.305,0.314,0.107,0.245,0.199,0.28,0.197,
0.0,0.189,0.251,0.301,0.329,0.215,0.214,0.269,0.258,0.224,
0.0,0.207,0.233,0.185,0.207,0.241,0.295,0.244,0.293,0.263,
0.0,0.188,0.217,0.223,0.204,0.337,0.281,0.164,0.227,0.204,
0.0,0.246,0.198,0.233,0.234,0.26,0.233,0.228,0.204,0.259,
0.0,0.228,0.195,0.132,0.261,0.161,0.107,0.253,0.275,0.19,
0.0,0.046,0.238,0.214,0.282,0.178,0.203,0.125,0.231,0.132,
0.0,0.099,0.2,0.157,0.267,0.314,0.316,0.207,0.174,0.224,
0.0,0.205,0.2,0.158,0.28,0.285,0.242,0.299,0.186,0.155,
0.0,0.2,0.232,0.238,0.24,0.272,0.186,0.172,0.187,0.228,
0.0,0.16,0.126,0.146,0.155,0.187,0.216,0.294,0.119,0.195,
0.0,0.129,0.224,0.249,0.252,0.236,0.176,0.261,0.269,0.302,
0.0,0.235,0.335,0.165,0.265,0.206,0.207,0.146,0.224,0.295,
0.0,0.311,0.195,0.263,0.293,0.154,0.212,0.101,0.122,0.14,
0.0,0.17,0.214,0.249,0.2,0.21,0.229,0.225,0.179,0.188,
0.0,0.152,0.193,0.186,0.202,0.24,0.188,0.284,0.208,0.287,
0.0,0.205,0.236,0.269,0.209,0.255,0.195,0.115,0.232,0.186,
0.0,0.197,0.219,0.284,0.267,0.318,0.194,0.111,0.204,0.222,
0.0,0.266,0.233,0.215,0.176,0.258,0.246,0.196,0.208,0.241,
0.0,0.171,0.258,0.224,0.216,0.168,0.162,0.229,0.211,0.217,
0.0,0.145,0.251,0.165,0.282,0.287,0.182,0.238,0.172,0.203,
0.0,0.102,0.294,0.253,0.244,0.214,0.211,0.243,0.144,0.27,
0.0,0.105,0.11,0.224,0.228,0.242,0.197,0.256,0.24,0.303,
0.0,0.141,0.179,0.123,0.204,0.123,0.184,0.175,0.282,0.33,
0.0,0.209,0.25,0.227,0.223,0.182,0.251,0.161,0.236,0.263,
0.0,0.217,0.154,0.314,0.247,0.269,0.191,0.183,0.269,0.183,
0.0,0.238,0.312,0.303,0.166,0.193,0.217,0.233,0.228,0.192,
0.0,0.163,0.262,0.259,0.237,0.238,0.289,0.277,0.272,0.237,
0.0,0.178,0.252,0.253,0.213,0.199,0.319,0.263,0.17,0.278,
0.0,0.14,0.267,0.201,0.182,0.207,0.181,0.263,0.301,0.291,
0.0,0.313,0.315,0.294,0.286,0.352,0.148,0.196,0.214,0.215,
0.0,0.197,0.187,0.211,0.324,0.254,0.238,0.218,0.167,0.145,
0.0,0.192,0.196,0.162,0.182,0.12,0.25,0.22,0.237,0.293,
0.0,-0.021,0.272,0.178,0.213,0.133,0.285,0.255,0.295,0.237,
0.0,0.195,0.205,0.218,0.299,0.285,0.196,0.288,0.289,0.307,
0.0,0.24,0.224,0.216,0.267,0.25,0.224,0.194,0.265,0.181,
0.0,0.062,0.273,0.22,0.222,0.218,0.256,0.268,0.291,0.272,
0.0,0.088,0.208,0.207,0.197,0.168,0.273,0.248,0.354,0.233,
0.0,0.205,0.184,0.183,0.173,0.235,0.203,0.287,0.162,0.235,
0.0,0.161,0.179,0.239,0.248,0.194,0.259,0.269,0.179,0.244,
0.0,0.165,0.318,0.262,0.201,0.219,0.191,0.231,0.281,0.237,
0.0,0.097,0.22,0.224,0.294,0.171,0.175,0.226,0.259,0.326,
0.0,0.228,0.268,0.258,0.275,0.148,0.278,0.225,0.186,0.286,
0.0,0.282,0.234,0.217,0.223,0.252,0.311,0.19,0.293,0.198,
0.0,0.231,0.159,0.167,0.248,0.226,0.189,0.308,0.294,0.294,
0.0,0.177,0.21,0.22,0.198,0.117,0.169,0.148,0.244,0.28,
0.0,0.205,0.216,0.272,0.288,0.261,0.251,0.26,0.246,0.238,
0.0,0.062,0.276,0.236,0.247,0.257,0.175,0.15,0.237,0.199,
0.0,0.267,0.259,0.29,0.242,0.259,0.3,0.261,0.272,0.221,
0.0,0.138,0.276,0.275,0.273,0.192,0.262,0.226,0.288,0.199,
0.0,0.256,0.226,0.223,0.248,0.212,0.234,0.246,0.238,0.193,
0.0,0.176,0.322,0.288,0.251,0.202,0.221,0.274,0.25,0.184,
0.0,0.239,0.199,0.203,0.208,0.257,0.2,0.197,0.169,0.166,
0.0,0.091,0.176,0.254,0.319,0.24,0.155,0.216,0.257,0.181,
0.0,0.283,0.184,0.26,0.284,0.169,0.224,0.224,0.304,0.245,
0.0,0.069,0.248,0.161,0.185,0.245,0.252,0.294,0.134,0.14,
0.0,0.236,0.131,0.311,0.261,0.184,0.221,0.227,0.203,0.288,
0.0,0.283,0.191,0.252,0.283,0.209,0.269,0.093,0.236,0.165,
0.0,0.25,0.232,0.256,0.098,0.205,0.246,0.208,0.286,0.245,
0.0,0.17,0.239,0.185,0.303,0.231,0.339,0.168,0.196,0.194,
0.0,0.072,0.243,0.244,0.219,0.23,0.293,0.293,0.235,0.235,
0.0,0.144,0.191,0.195,0.225,0.253,0.179,0.226,0.26,0.128,
0.0,0.042,0.171,0.203,0.2,0.25,0.314,0.229,0.241,0.27,
0.0,0.192,0.217,0.205,0.248,0.307,0.244,0.258,0.244,0.246,
0.0,0.064,0.172,0.145,0.274,0.307,0.21,0.298,0.267,0.293,
0.0,0.202,0.235,0.265,0.31,0.226,0.282,0.298,0.261,0.238,
0.0,0.162,0.08,0.278,0.301,0.259,0.251,0.212,0.222,0.28,
0.0,0.143,0.249,0.188,0.244,0.196,0.225,0.232,0.215,0.197,
0.0,0.175,0.272,0.238,0.247,0.235,0.144,0.243,0.267,0.185,
0.0,0.075,0.246,0.299,0.327,0.222,0.17,0.304,0.287,0.21,
0.0,0.034,0.203,0.114,0.28,0.191,0.284,0.231,0.286,0.176,
0.0,0.207,0.181,0.2,0.099,0.197,0.274,0.243,0.221,0.278,
0.0,0.242,0.308,0.233,0.299,0.21,0.188,0.238,0.307,0.18,
0.0,0.154,0.232,0.256,0.235,0.217,0.286,0.183,0.194,0.152,
0.0,0.182,0.237,0.163,0.161,0.202,0.213,0.272,0.303,0.249,
0.0,0.21,0.196,0.229,0.265,0.182,0.159,0.329,0.193,0.255,
0.0,0.095,0.184,0.275,0.262,0.249,0.241,0.268,0.258,0.222,
0.0,0.257,0.291,0.197,0.317,0.328,0.295,0.232,0.171,0.196,
0.0,0.099,0.306,0.206,0.246,0.209,0.22,0.332,0.214,0.297,
0.0,0.206,0.174,0.179,0.192,0.244,0.216,0.168,0.228,0.214,
0.0,0.233,0.211,0.241,0.29,0.292,0.286,0.27,0.225,0.268,
0.0,0.143,0.287,0.241,0.229,0.153,0.217,0.253,0.263,0.264,
0.0,0.235,0.215,0.284,0.2,0.305,0.254,0.209,0.258,0.211,
0.0,0.245,0.166,0.191,0.242,0.283,0.23,0.222,0.211,0.206,
0.0,0.246,0.245,0.231,0.199,0.172,0.208,0.289,0.218,0.218,
0.0,0.132,0.264,0.228,0.326,0.221,0.148,0.15,0.118,0.188,
0.0,0.183,0.152,0.208,0.213,0.089,0.181,0.224,0.256,0.225,
0.0,0.245,0.295,0.245,0.209,0.247,0.23,0.276,0.25,0.208,
0.0,0.208,0.126,0.212,0.206,0.263,0.219,0.299,0.194,0.267,
0.0,0.172,0.302,0.298,0.228,0.259,0.189,0.243,0.223,0.219,
0.0,0.096,0.229,0.314,0.184,0.226,0.206,0.175,0.201,0.286,
0.0,0.329,0.306,0.227,0.244,0.179,0.218,0.198,0.117,0.224,
0.0,0.086,0.206,0.254,0.317,0.266,0.19,0.158,0.331,0.283,
0.0,0.232,0.22,0.201,0.173,0.295,0.194,0.266,0.201,0.065,
0.0,0.085,0.217,0.211,0.176,0.261,0.224,0.257,0.211,0.282,
0.0,0.171,0.27,0.169,0.268,0.259,0.322,0.141,0.247,0.267,
0.0,0.169,0.253,0.232,0.204,0.248,0.232,0.217,0.193,0.25,
0.0,0.24,0.184,0.212,0.18,0.227,0.172,0.278,0.277,0.234,
0.0,0.182,0.217,0.268,0.211,0.278,0.278,0.242,0.234,0.243,
0.0,0.255,0.21,0.298,0.228,0.247,0.291,0.266,0.309,0.253,
0.0,0.233,0.256,0.207,0.246,0.265,0.259,0.249,0.239,0.315,
0.0,0.224,0.233,0.14,0.168,0.154,0.32,0.171,0.217,0.211,
0.0,0.139,0.232,0.319,0.213,0.243,0.258,0.227,0.254,0.259,
0.0,0.141,0.194,0.114,0.256,0.223,0.173,0.279,0.216,0.257,
0.0,0.195,0.25,0.177,0.237,0.188,0.218,0.218,0.23,0.266,
0.0,0.252,0.25,0.182,0.242,0.273,0.29,0.179,0.123,0.205,
0.0,0.211,0.295,0.27,0.278,0.224,0.228,0.227,0.136,0.294,
0.0,0.142,0.248,0.257,0.295,0.224,0.281,0.345,0.234,0.234,
0.0,0.18,0.184,0.286,0.172,0.295,0.196,0.312,0.193,0.207,
0.0,0.102,0.237,0.197,0.191,0.209,0.176,0.217,0.256,0.21,
0.0,0.177,0.216,0.171,0.195,0.256,0.237,0.242,0.205,0.24,
0.0,0.062,0.207,0.191,0.277,0.223,0.235,0.219,0.223,0.278,
0.0,0.05,0.25,0.264,0.058,0.095,0.232,0.202,0.112,0.102,
0.0,0.218,0.283,0.335,0.205,0.242,0.248,0.186,0.162,0.249,
0.0,0.184,0.112,0.14,0.224,0.208,0.18,0.232,0.186,0.284,
0.0,0.177,0.208,0.156,0.125,0.272,0.2,0.22,0.225,0.184,
0.0,0.136,0.25,0.256,0.2,0.282,0.275,0.245,0.218,0.252,
0.0,0.184,0.317,0.301,0.214,0.276,0.264,0.172,0.257,0.239,
0.0,0.123,0.268,0.246,0.272,0.161,0.302,0.182,0.272,0.173,
0.0,0.267,0.136,0.165,0.181,0.217,0.166,0.238,0.209,0.257,
0.0,0.167,0.267,0.231,0.241,0.231,0.205,0.21,0.242,0.255,
0.0,0.227,0.261,0.235,0.264,0.218,0.176,0.186,0.211,0.164,
0.0,0.217,0.273,0.371,0.289,0.22,0.05,0.094,0.163,0.164,
0.0,0.202,0.228,0.308,0.128,0.224,0.287,0.273,0.179,0.175,
0.0,0.236,0.274,0.159,0.259,0.155,0.255,0.227,0.259,0.223,
0.0,0.203,0.228,0.243,0.293,0.223,0.32,0.13,0.283,0.313,
0.0,0.226,0.108,0.208,0.308,0.216,0.141,0.115,0.157,0.193,
0.0,0.088,0.322,0.337,0.234,0.244,0.264,0.224,0.228,0.281,
0.0,0.137,0.244,0.262,0.213,0.278,0.259,0.215,0.237,0.251,
0.0,0.115,0.24,0.27,0.171,0.204,0.246,0.146,0.262,0.202,
0.0,0.218,0.157,0.136,0.203,0.259,0.247,0.261,0.246,0.238,
0.0,0.252,0.292,0.2,0.239,0.256,0.308,0.234,0.157,0.159,
0.0,0.148,0.14,0.224,0.25,0.231,0.114,0.185,0.279,0.175,
0.0,0.157,0.236,0.286,0.273,0.24,0.24,0.238,0.205,0.202,
0.0,0.098,0.207,0.296,0.231,0.238,0.182,0.245,0.164,0.282,
0.0,0.029,0.249,0.215,0.282,0.271,0.278,0.264,0.246,0.231,
0.0,0.092,0.175,0.313,0.204,0.172,0.233,0.126,0.188,0.232,
0.0,0.134,0.227,0.261,0.154,0.274,0.179,0.269,0.332,0.257,
0.0,0.173,0.207,0.257,0.195,0.162,0.231,0.214,0.225,0.264,
0.0,0.146,0.215,0.27,0.209,0.243,0.089,0.236,0.263,0.177,
0.0,0.208,0.174,0.169,0.221,0.238,0.255,0.292,0.301,0.32,
0.0,0.15,0.265,0.213,0.134,0.225,0.128,0.302,0.27,0.309,
0.0,0.243,0.256,0.256,0.244,0.144,0.22,0.222,0.271,0.172,
0.0,0.283,0.25,0.21,0.24,0.148,0.267,0.181,0.231,0.274,
0.0,0.222,0.22,0.278,0.272,0.246,0.198,0.259,0.28,0.199,
0.0,0.149,0.286,0.226,0.283,0.23,0.294,0.189,0.253,0.226,
0.0,0.254,0.187,0.263,0.187,0.193,0.136,0.278,0.162,0.107,
0.0,0.207,0.186,0.204,0.147,0.119,0.279,0.188,0.247,0.287,
0.0,0.2,0.249,0.291,0.186,0.218,0.183,0.132,0.175,0.183,
0.0,0.152,0.281,0.312,0.222,0.323,0.243,0.32,0.236,0.216,
0.0,0.039,0.26,0.218,0.2,0.247,0.24,0.124,0.294,0.226,
0.0,0.158,0.187,0.194,0.267,0.223,0.204,0.241,0.256,0.293,
0.0,0.209,0.259,0.259,0.232,0.206,0.22,0.189,0.239,0.227,
0.0,0.114,0.216,0.284,0.238,0.206,0.268,0.184,0.216,0.237,
0.0,0.224,0.158,0.294,0.219,0.282,0.123,0.285,0.273,0.2,
0.0,0.213,0.173,0.213,0.233,0.167,0.292,0.186,0.233,0.164,
0.0,0.207,0.191,0.22,0.12,0.27,0.182,0.177,0.226,0.129,
0.0,0.2,0.148,0.303,0.252,0.303,0.236,0.22,0.215,0.238,
0.0,0.111,0.292,0.224,0.267,0.243,0.23,0.111,0.296,0.304,
0.0,0.163,0.294,0.208,0.225,0.243,0.288,0.261,0.347,0.22,
0.0,0.031,0.182,0.245,0.217,0.138,0.268,0.208,0.214,0.204,
0.0,0.243,0.299,0.181,0.287,0.25,0.182,0.242,0.188,0.226,
0.0,0.159,0.248,0.172,0.253,0.206,0.22,0.176,0.255,0.307,
0.0,0.229,0.256,0.099,0.162,0.183,0.303,0.178,0.248,0.257,
0.0,0.214,0.206,0.156,0.311,0.21,0.17,0.205,0.231,0.222,
0.0,0.245,0.243,0.303,0.15,0.259,0.218,0.316,0.292,0.247,
0.0,0.08,0.2,0.209,0.302,0.227,0.223,0.219,0.197,0.203,
0.0,0.184,0.243,0.306,0.223,0.298,0.174,0.265,0.281,0.26,
0.0,0.169,0.258,0.135,0.28,0.205,0.307,0.219,0.155,0.232,
0.0,0.131,0.265,0.299,0.237,0.126,0.163,0.151,0.177,0.264,
0.0,0.233,0.119,0.216,0.179,0.238,0.229,0.284,0.111,0.2,
0.0,0.16,0.195,0.196,0.25,0.331,0.257,0.213,0.228,0.234,
0.0,0.259,0.197,0.213,0.281,0.257,0.205,0.305,0.231,0.161,
0.0,0.129,0.189,0.254,0.299,0.207,0.277,0.255,0.091,0.208,
0.0,0.189,0.185,0.24,0.294,0.12,0.203,0.229,0.139,0.285,
0.0,0.259,0.164,0.317,0.164,0.243,0.205,0.324,0.32,0.178,
0.0,0.253,0.192,0.224,0.226,0.229,0.241,0.214,0.264,0.263,
0.0,0.147,0.274,0.168,0.182,0.219,0.298,0.182,0.186,0.256,
0.0,0.272,0.217,0.153,0.23,0.189,0.2,0.272,0.193,0.191,
0.0,0.184,0.203,0.133,0.163,0.289,0.219,0.244,0.253,0.238,
0.0,0.191,0.289,0.202,0.154,0.173,0.217,0.129,0.198,0.202,
0.0,0.17,0.28,0.243,0.186,0.211,0.201,0.24,0.191,0.237,
0.0,0.273,0.269,0.296,0.249,0.211,0.25,0.224,0.219,0.269,
0.0,0.262,0.241,0.135,0.238,0.205,0.178,0.207,0.25,0.206,
0.0,-0.007,0.236,0.149,0.339,0.235,0.2,0.138,0.2,0.253,
0.0,0.128,0.226,0.141,0.155,0.177,0.177,0.184,0.216,0.137,
0.0,0.266,0.165,0.113,0.275,0.159,0.222,0.195,0.291,0.224,
0.0,0.291,0.193,0.217,0.187,0.141,0.28,0.207,0.174,0.242,
0.0,0.092,0.236,0.255,0.312,0.185,0.183,0.218,0.105,0.229,
0.0,0.128,0.125,0.217,0.219,0.244,0.28,0.243,0.198,0.286,
0.0,0.243,0.247,0.262,0.211,0.254,0.267,0.208,0.26,0.233,
0.0,0.165,0.188,0.204,0.236,0.24,0.268,0.223,0.28,0.21,
0.0,0.227,0.245,0.179,0.2,0.203,0.195,0.263,0.27,0.155,
0.0,0.179,0.123,0.22,0.137,0.183,0.252,0.258,0.16,0.228,
0.0,0.104,0.237,0.227,0.258,0.256,0.171,0.246,0.114,0.226,
0.0,0.199,0.235,0.16,0.254,0.269,0.217,0.215,0.167,0.248,
0.0,0.298,0.182,0.227,0.116,0.206,0.162,0.204,0.28,0.227,
0.0,0.204,0.227,0.169,0.213,0.207,0.24,0.29,0.241,0.281,
0.0,0.132,0.23,0.309,0.277,0.204,0.25,0.156,0.203,0.224,
0.0,0.008,0.199,0.177,0.301,0.249,0.251,0.184,0.222,0.234,
0.0,0.227,0.181,0.277,0.239,0.287,0.271,0.177,0.245,0.261,
0.0,0.16,0.233,0.194,0.243,0.228,0.216,0.174,0.242,0.167,
0.0,0.243,0.196,0.179,0.272,0.249,0.226,0.346,0.236,0.232,
0.0,0.189,0.26,0.134,0.253,0.25,0.256,0.182,0.239,0.305,
0.0,0.089,0.194,0.179,0.159,0.207,0.129,0.13,0.153,0.271,
0.0,0.191,0.263,0.189,0.284,0.255,0.225,0.191,0.274,0.207,
0.0,0.234,0.248,0.197,0.221,0.126,0.2,0.233,0.234,0.263,
0.0,0.143,0.199,0.203,0.263,0.162,0.109,0.21,0.166,0.195,
0.0,0.148,0.213,0.283,0.284,0.216,0.295,0.262,0.309,0.137,
0.0,0.138,0.175,0.224,0.301,0.232,0.249,0.196,0.318,0.278,
0.0,0.134,0.274,0.254,0.284,0.214,0.164,0.238,0.232,0.313,
0.0,0.164,0.275,0.224,0.185,0.251,0.153,0.167,0.199,0.272,
0.0,0.211,0.231,0.265,0.218,0.196,0.319,0.271,0.227,0.237,
0.0,0.189,0.249,0.23,0.252,0.28,0.267,0.279,0.241,0.219,
0.0,0.158,0.242,0.32,0.272,0.135,0.178,0.11,0.208,0.278,
0.0,0.22,0.168,0.194,0.072,0.247,0.203,0.15,0.259,0.177,
0.0,0.16,0.236,0.21,0.255,0.158,0.264,0.199,0.302,0.199,
0.0,0.121,0.219,0.29,0.267,0.267,0.15,0.19,0.224,0.221,
0.0,0.232,0.24,0.306,0.16,0.168,0.231,0.199,0.199,0.079,
0.0,0.221,0.304,0.19,0.291,0.18,0.277,0.198,0.239,0.217,
0.0,0.091,0.192,0.256,0.224,0.274,0.23,0.213,0.245,0.25,
0.0,0.294,0.287,0.288,0.23,0.224,0.223,0.129,0.138,0.172,
0.0,0.233,0.222,0.204,0.23,0.171,0.268,0.303,0.257,0.298,
0.0,0.222,0.247,0.234,0.204,0.106,0.157,0.173,0.27,0.153,
0.0,0.291,0.161,0.216,0.213,0.204,0.268,0.286,0.216,0.242,
0.0,0.144,0.297,0.219,0.276,0.287,0.246,0.192,0.244,0.2,
0.0,0.189,0.342,0.275,0.194,0.26,0.155,0.274,0.23,0.289,
0.0,0.248,0.216,0.181,0.157,0.213,0.28,0.214,0.324,0.245,
0.0,0.146,0.252,0.244,0.151,0.232,0.167,0.256,0.255,0.19,
0.0,0.261,0.264,0.277,0.207,0.271,0.275,0.303,0.201,0.247,
0.0,0.203,0.236,0.208,0.171,0.284,0.225,0.275,0.239,0.224,
0.0,0.25,0.151,0.324,0.194,0.177,0.164,0.134,0.233,0.193,
0.0,0.272,0.231,0.189,0.226,0.279,0.267,0.188,0.281,0.196,
0.0,0.125,0.258,0.218,0.224,0.204,0.175,0.23,0.299,0.215,
0.0,0.161,0.218,0.23,0.23,0.278,0.268,0.203,0.241,0.205,
0.0,0.144,0.255,0.284,0.205,0.207,0.241,0.317,0.258,0.182,
0.0,0.249,0.28,0.206,0.273,0.253,0.198,0.204,0.195,0.237,
0.0,0.206,0.193,0.229,0.202,0.211,0.19,0.155,0.213,0.258,
0.0,0.253,0.191,0.289,0.27,0.298,0.229,0.207,0.346,0.286,
0.0,0.167,0.231,0.179,0.288,0.284,0.196,0.325,0.277,0.158,
0.0,0.213,0.296,0.15,0.256,0.257,0.211,0.249,0.228,0.246,
0.0,0.181,0.172,0.232,0.289,0.221,0.29,0.332,0.307,0.218,
0.0,0.189,0.23,0.257,0.281,0.259,0.17,0.248,0.232,0.221,
0.0,0.219,0.179,0.241,0.244,0.29,0.212,0.247,0.25,0.16,
0.0,0.199,0.249,0.192,0.257,0.146,0.309,0.228,0.302,0.22,
0.0,0.114,0.165,0.228,0.214,0.285,0.236,0.249,0.187,0.166,
0.0,0.108,0.237,0.239,0.235,0.21,0.21,0.213,0.208,0.18,
0.0,0.18,0.259,0.265,0.266,0.232,0.237,0.248,0.242,0.219,
0.0,0.202,0.287,0.177,0.262,0.111,0.224,0.291,0.164,0.258,
0.0,0.268,0.268,0.155,0.24,0.264,0.286,0.144,0.151,0.172,
0.0,0.112,0.204,0.172,0.292,0.265,0.298,0.144,0.307,0.218,
0.0,0.208,0.206,0.253,0.273,0.255,0.239,0.21,0.232,0.19,
0.0,0.256,0.204,0.266,0.177,0.18,0.171,0.213,0.254,0.176,
0.0,0.2,0.258,0.248,0.316,0.12,0.201,0.203,0.253,0.231,
0.0,0.174,0.13,0.264,0.25,0.123,0.188,0.233,0.221,0.188,
0.0,0.204,0.221,0.271,0.227,0.217,0.203,0.287,0.297,0.296,
0.0,0.223,0.171,0.06,0.193,0.188,0.069,0.097,0.131,0.15,
0.0,0.155,0.248,0.185,0.219,0.278,0.287,0.21,0.238,0.136,
0.0,0.12,0.239,0.251,0.184,0.223,0.216,0.222,0.268,0.234,
0.0,0.275,0.205,0.196,0.224,0.187,0.256,0.211,0.282,0.21,
0.0,0.191,0.168,0.25,0.242,0.216,0.24,0.357,0.3,0.286,
0.0,0.189,0.281,0.212,0.253,0.258,0.316,0.19,0.291,0.288,
0.0,0.113,0.177,0.269,0.257,0.276,0.21,0.264,0.222,0.286,
0.0,0.24,0.221,0.247,0.269,0.263,0.235,0.22,0.261,0.153,
0.0,0.114,0.149,0.22,0.291,0.172,0.245,0.26,0.178,0.227,
0.0,0.236,0.239,0.187,0.264,0.168,0.193,0.253,0.231,0.287,
0.0,0.199,0.199,0.182,0.251,0.215,0.176,0.16,0.194,0.105,
0.0,0.13,0.25,0.159,0.244,0.273,0.196,0.207,0.305,0.196,
0.0,0.103,0.294,0.217,0.161,0.233,0.218,0.294,0.219,0.209,
0.0,0.22,0.269,0.196,0.169,0.222,0.225,0.282,0.162,0.183,
0.0,0.278,0.255,0.19,0.153,0.255,0.207,0.128,0.301,0.104,
0.0,0.073,0.212,0.204,0.199,0.237,0.255,0.285,0.209,0.259,
0.0,0.184,0.166,0.243,0.168,0.267,0.281,0.222,0.271,0.179,
0.0,-0.017,0.248,0.229,0.167,0.226,0.207,0.132,0.147,0.04,
0.0,0.069,0.214,0.228,0.259,0.251,0.253,0.264,0.286,0.162,
0.0,0.198,0.176,0.272,0.237,0.27,0.21,0.242,0.179,0.212,
0.0,0.282,0.246,0.235,0.188,0.245,0.19,0.244,0.22,0.274,
0.0,0.133,0.121,0.251,0.167,0.17,0.166,0.187,0.25,0.131,
0.0,0.058,0.233,0.227,0.245,0.251,0.276,0.265,0.222,0.197,
0.0,0.094,0.198,0.218,0.201,0.28,0.144,0.207,0.23,0.308,
0.0,0.228,0.273,0.301,0.238,0.247,0.245,0.223,0.26,0.237,
0.0,0.197,0.178,0.222,0.181,0.177,0.206,0.309,0.242,0.171,
0.0,0.143,0.231,0.231,0.291,0.235,0.222,0.249,0.228,0.25,
0.0,0.053,0.198,0.276,0.245,0.249,0.264,0.306,0.205,0.212,
0.0,0.28,0.187,0.241,0.202,0.232,0.228,0.273,0.228,0.33,
0.0,0.209,0.272,0.208,0.176,0.175,0.248,0.216,0.255,0.205,
0.0,-0.007,0.282,0.231,0.142,0.263,0.192,0.138,0.267,0.26,
0.0,0.198,0.246,0.178,0.227,0.228,0.175,0.203,0.207,0.147,
0.0,0.099,0.243,0.204,0.26,0.241,0.287,0.283,0.223,0.287,
0.0,0.114,0.223,0.219,0.177,0.28,0.271,0.271,0.264,0.255,
0.0,0.213,0.2,0.29,0.222,0.217,0.227,0.247,0.111,0.181,
0.0,0.241,0.248,0.193,0.194,0.21,0.211,0.282,0.22,0.224,
0.0,0.168,0.246,0.22,0.124,0.222,0.204,0.197,0.277,0.19,
0.0,0.268,0.26,0.196,0.187,0.302,0.252,0.215,0.289,0.203,
0.0,0.228,0.27,0.286,0.222,0.224,0.24,0.214,0.139,0.253,
0.0,0.208,0.234,0.242,0.222,0.245,0.282,0.25,0.219,0.261,
0.0,0.096,0.214,0.18,0.256,0.293,0.245,0.269,0.28,0.234,
0.0,0.156,0.281,0.224,0.168,0.172,0.179,0.227,0.201,0.165,
0.0,0.012,0.231,0.267,0.237,0.204,0.19,0.26,0.244,0.272,
0.0,0.217,0.209,0.192,0.187,0.274,0.158,0.205,0.089,0.234,
0.0,0.226,0.218,0.211,0.322,0.205,0.18,0.206,0.177,0.232,
0.0,0.19,0.247,0.186,0.171,0.273,0.251,0.242,0.24,0.265,
0.0,0.236,0.278,0.243,0.196,0.172,0.196,0.209,0.249,0.244,
0.0,0.166,0.17,0.198,0.268,0.285,0.276,0.231,0.262,0.174,
0.0,0.129,0.173,0.271,0.205,0.197,0.22,0.215,0.305,0.208,
0.0,0.189,0.246,0.253,0.233,0.115,0.243,0.238,0.21,0.268,
0.0,0.233,0.203,0.256,0.285,0.247,0.284,0.236,0.303,0.243,
0.0,0.115,0.23,0.293,0.216,0.268,0.233,0.138,0.225,0.246,
0.0,0.148,0.289,0.251,0.233,0.225,0.224,0.232,0.3,0.174,
0.0,0.209,0.228,0.059,0.183,0.225,0.175,0.35,0.266,0.237,
0.0,0.159,0.166,0.296,0.295,0.322,0.312,0.168,0.256,0.275,
0.0,0.26,0.263,0.198,0.177,0.299,0.282,0.193,0.255,0.33,
0.0,0.15,0.194,0.174,0.202,0.199,0.216,0.199,0.261,0.31,
0.0,0.293,0.12,0.189,0.298,0.227,0.246,0.255,0.305,0.234,
0.0,0.108,0.237,0.177,0.245,0.263,0.253,0.28,0.16,0.233,
0.0,0.219,0.276,0.343,0.23,0.252,0.217,0.256,0.237,0.189,
0.0,0.176,0.214,0.199,0.258,0.219,0.259,0.242,0.226,0.159,
0.0,0.211,0.265,0.279,0.183,0.089,0.198,0.303,0.226,0.196,
0.0,0.277,0.22,0.238,0.269,0.243,0.207,0.271,0.306,0.281,
0.0,0.253,0.262,0.209,0.253,0.261,0.273,0.178,0.26,0.247,
0.0,0.192,0.207,0.233,0.291,0.274,0.285,0.29,0.266,0.238,
0.0,0.109,0.243,0.245,0.187,0.225,0.293,0.161,0.235,0.211,
0.0,0.139,0.23,0.154,0.256,0.146,0.134,0.244,0.14,0.205,
0.0,0.181,0.149,0.268,0.174,0.226,0.182,0.218,0.199,0.224,
0.0,0.237,0.197,0.175,0.202,0.249,0.212,0.183,0.202,0.277,
0.0,0.182,0.242,0.206,0.213,0.24,0.247,0.231,0.283,0.208,
0.0,0.161,0.221,0.246,0.289,0.283,0.223,0.32,0.255,0.317,
0.0,0.251,0.292,0.24,0.222,0.231,0.138,0.175,0.204,0.145,
0.0,0.071,0.193,0.294,0.249,0.227,0.181,0.229,0.261,0.237,
0.0,0.152,0.218,0.168,0.246,0.16,0.259,0.282,0.229,0.262,
0.0,0.068,0.289,0.303,0.259,0.31,0.128,0.167,0.174,0.256,
0.0,0.238,0.239,0.159,0.209,0.229,0.28,0.288,0.179,0.151,
0.0,0.152,0.251,0.253,0.23,0.226,0.212,0.151,0.183,0.203,
0.0,0.108,0.193,0.173,0.281,0.302,0.327,0.296,0.322,0.251,
0.0,0.138,0.201,0.188,0.103,0.18,0.326,0.216,0.231,0.202,
0.0,0.178,0.234,0.275,0.228,0.221,0.229,0.256,0.275,0.263,
0.0,0.222,0.197,0.288,0.194,0.225,0.272,0.224,0.16,0.205,
0.0,0.277,0.311,0.294,0.182,0.209,0.237,0.154,0.111,0.273,
0.0,0.273,0.223,0.176,0.175,0.333,0.295,0.313,0.236,0.222,
0.0,0.168,0.177,0.256,0.224,0.272,0.231,0.265,0.29,0.273,
0.0,0.13,0.25,0.141,0.257,0.11,0.245,0.222,0.172,0.172,
0.0,0.073,0.233,0.195,0.274,0.211,0.281,0.251,0.241,0.277,
0.0,0.085,0.266,0.213,0.34,0.317,0.204,0.251,0.228,0.195,
0.0,0.1,0.26,0.2,0.189,0.26,0.242,0.228,0.269,0.233,
0.0,0.115,0.202,0.293,0.228,0.294,0.173,0.274,0.217,0.239,
0.0,0.173,0.278,0.267,0.216,0.256,0.276,0.249,0.213,0.185,
0.0,0.191,0.255,0.246,0.275,0.277,0.182,0.318,0.208,0.216,
0.0,0.096,0.196,0.261,0.239,0.199,0.28,0.278,0.318,0.27,
0.0,0.128,0.212,0.289,0.226,0.255,0.207,0.156,0.234,0.315,
0.0,0.255,0.169,0.133,0.202,0.096,0.149,0.199,0.255,0.282,
0.0,0.165,0.216,0.232,0.246,0.237,0.27,0.232,0.221,0.27,
0.0,0.198,0.229,0.26,0.225,0.188,0.235,0.2,0.215,0.203,
0.0,0.182,0.252,0.245,0.243,0.215,0.19,0.183,0.278,0.174,
0.0,0.215,0.281,0.164,0.305,0.222,0.286,0.167,0.236,0.22,
0.0,0.274,0.166,0.277,0.277,0.217,0.218,0.225,0.16,0.195,
0.0,0.2,0.201,0.105,0.179,0.226,0.257,0.283,0.219,0.162,
0.0,0.217,0.197,0.226,0.222,0.288,0.257,0.251,0.229,0.256,
0.0,0.19,0.251,0.192,0.255,0.224,0.257,0.203,0.276,0.179,
0.0,0.163,0.251,0.271,0.223,0.208,0.267,0.315,0.29,0.312,
0.0,0.151,0.259,0.24,0.195,0.29,0.265,0.24,0.265,0.249,
0.0,0.154,0.27,0.248,0.266,0.267,0.252,0.225,0.276,0.22,
0.0,0.181,0.219,0.177,0.216,0.278,0.262,0.278,0.155,0.238,
0.0,0.167,0.323,0.205,0.232,0.191,0.211,0.266,0.292,0.238,
0.0,0.227,0.306,0.253,0.206,0.204,0.241,0.231,0.281,0.203,
0.0,0.226,0.227,0.267,0.261,0.2,0.255,0.23,0.261,0.277,
0.0,0.22,0.272,0.099,0.194,0.229,0.318,0.278,0.235,0.303,
0.0,0.176,0.294,0.164,0.182,0.203,0.247,0.222,0.197,0.143,
0.0,0.218,0.191,0.311,0.284,0.219,0.32,0.26,0.28,0.23,
0.0,0.181,0.234,0.259,0.206,0.206,0.235,0.317,0.271,0.271,
0.0,0.201,0.22,0.203,0.202,0.225,0.245,0.203,0.173,0.242,
0.0,0.142,0.219,0.267,0.275,0.214,0.233,0.197,0.258,0.226,
0.0,0.193,0.251,0.182,0.231,0.167,0.302,0.225,0.224,0.238,
0.0,0.26,0.242,0.258,0.174,0.166,0.277,0.148,0.125,0.089,
0.0,0.127,0.236,0.232,0.228,0.148,0.171,0.253,0.234,0.19,
0.0,0.209,0.218,0.231,0.214,0.311,0.251,0.142,0.126,0.25,
0.0,0.189,0.237,0.255,0.231,0.258,0.204,0.201,0.274,0.233,
0.0,0.167,0.284,0.225,0.253,0.162,0.271,0.145,0.171,0.263,
0.0,0.087,0.298,0.204,0.233,0.239,0.206,0.272,0.256,0.167,
0.0,0.278,0.169,0.13,0.18,0.263,0.239,0.225,0.189,0.198,
0.0,0.226,0.233,0.275,0.226,0.242,0.289,0.29,0.235,0.209,
0.0,0.238,0.273,0.206,0.197,0.278,0.247,0.231,0.206,0.209,
0.0,0.13,0.24,0.21,0.321,0.189,0.226,0.147,0.251,0.235,
0.0,0.234,0.167,0.216,0.226,0.329,0.16,0.238,0.222,0.175,
0.0,0.128,0.272,0.235,0.286,0.26,0.193,0.161,0.131,0.273,
0.0,0.242,0.167,0.271,0.28,0.294,0.238,0.318,0.195,0.273,
0.0,0.208,0.298,0.314,0.264,0.259,0.223,0.2,0.263,0.212,
0.0,0.231,0.154,0.247,0.241,0.239,0.2,0.221,0.261,0.173,
0.0,0.252,0.306,0.302,0.284,0.196,0.228,0.284,0.253,0.16,
0.0,0.116,0.274,0.225,0.167,0.226,0.225,0.197,0.222,0.154,
0.0,0.173,0.2,0.153,0.246,0.183,0.235,0.231,0.248,0.271,
0.0,0.162,0.238,0.183,0.21,0.272,0.264,0.24,0.21,0.283,
0.0,0.22,0.216,0.281,0.248,0.26,0.24,0.271,0.256,0.254,
0.0,0.131,0.156,0.252,0.22,0.096,0.196,0.119,0.282,0.254,
0.0,0.089,0.209,0.223,0.255,0.178,0.244,0.24,0.252,0.239,
0.0,0.212,0.243,0.172,0.25,0.297,0.301,0.255,0.188,0.256,
0.0,0.199,0.242,0.243,0.231,0.21,0.212,0.208,0.234,0.163,
0.0,0.121,0.125,0.224,0.287,0.182,0.25,0.252,0.309,0.31,
0.0,0.156,0.246,0.185,0.218,0.265,0.2,0.171,0.214,0.218,
0.0,0.182,0.218,0.251,0.199,0.285,0.179,0.222,0.232,0.168,
0.0,0.129,0.272,0.231,0.279,0.263,0.287,0.133,0.296,0.226,
0.0,0.175,0.309,0.246,0.287,0.302,0.23,0.185,0.242,0.308,
0.0,0.268,0.207,0.238,0.239,0.194,0.135,0.231,0.186,0.126,
0.0,0.161,0.216,0.277,0.251,0.266,0.249,0.291,0.26,0.244,
0.0,0.168,0.256,0.211,0.324,0.183,0.231,0.262,0.154,0.162,
0.0,0.213,0.244,0.201,0.241,0.233,0.282,0.281,0.227,0.227,
0.0,0.202,0.256,0.175,0.166,0.168,0.248,0.286,0.282,0.233,
0.0,0.234,0.237,0.153,0.255,0.244,0.295,0.283,0.301,0.228,
0.0,0.22,0.307,0.189,0.315,0.24,0.222,0.231,0.206,0.274,
0.0,0.116,0.214,0.141,0.265,0.166,0.204,0.147,0.22,0.306,
0.0,0.183,0.23,0.306,0.148,0.281,0.219,0.164,0.21,0.276,
0.0,0.172,0.187,0.291,0.317,0.242,0.261,0.2,0.303,0.268,
0.0,0.17,0.208,0.271,0.205,0.224,0.218,0.171,0.189,0.193,
0.0,0.217,0.221,0.266,0.161,0.293,0.225,0.18,0.15,0.249,
0.0,0.169,0.259,0.207,0.278,0.284,0.186,0.156,0.174,0.222,
0.0,0.225,0.249,0.257,0.25,0.254,0.2,0.181,0.237,0.279,
0.0,0.119,0.27,0.253,0.259,0.224,0.123,0.102,0.199,0.123,
0.0,0.024,0.157,0.245,0.292,0.286,0.247,0.184,0.269,0.354,
0.0,0.058,0.298,0.216,0.324,0.241,0.218,0.111,0.334,0.284,
0.0,0.268,0.228,0.213,0.297,0.25,0.15,0.19,0.254,0.211,
0.0,0.193,0.179,0.254,0.223,0.267,0.297,0.169,0.221,0.239,
0.0,0.207,0.208,0.259,0.24,0.298,0.294,0.168,0.153,0.268,
0.0,0.117,0.222,0.241,0.343,0.16,0.144,0.274,0.089,0.291,
0.0,0.198,0.265,0.239,0.253,0.187,0.13,0.327,0.265,0.272,
0.0,0.141,0.154,0.279,0.225,0.276,0.244,0.201,0.312,0.154,
0.0,0.174,0.295,0.238,0.18,0.239,0.253,0.266,0.191,0.258,
0.0,0.249,0.234,0.205,0.246,0.138,0.235,0.215,0.265,0.215,
0.0,0.208,0.228,0.226,0.205,0.172,0.219,0.28,0.28,0.282,
0.0,0.144,0.36,0.253,0.272,0.181,0.223,0.258,0.252,0.185,
0.0,0.113,0.17,0.176,0.233,0.22,0.199,0.24,0.271,0.25,
0.0,0.289,0.29,0.211,0.138,0.255,0.137,0.126,0.171,0.141,
0.0,0.287,0.281,0.307,0.279,0.148,0.209,0.308,0.205,0.193,
0.0,0.253,0.254,0.247,0.222,0.252,0.278,0.251,0.168,0.168,
0.0,0.276,0.315,0.268,0.262,0.233,0.266,0.32,0.217,0.173,
0.0,0.223,0.272,0.168,0.227,0.216,0.171,0.285,0.252,0.175,
0.0,0.278,0.3,0.167,0.218,0.172,0.206,0.223,0.226,0.195,
0.0,0.125,0.283,0.25,0.215,0.161,0.183,0.182,0.216,0.16,
0.0,0.206,0.233,0.3,0.236,0.272,0.235,0.232,0.173,0.2,
0.0,0.223,0.257,0.307,0.238,0.276,0.28,0.187,0.245,0.242,
0.0,0.164,0.215,0.206,0.2,0.271,0.237,0.289,0.23,0.26,
0.0,0.199,0.248,0.196,0.216,0.274,0.145,0.167,0.169,0.22,
0.0,0.185,0.254,0.215,0.299,0.258,0.271,0.205,0.213,0.136,
0.0,0.221,0.272,0.261,0.205,0.133,0.172,0.261,0.141,0.115,
0.0,0.21,0.2,0.224,0.246,0.228,0.142,0.276,0.174,0.224,
0.0,0.236,0.193,0.258,0.207,0.183,0.205,0.204,0.192,0.241,
0.0,0.208,0.206,0.196,0.227,0.218,0.25,0.269,0.267,0.308,
0.0,0.121,0.178,0.152,0.238,0.276,0.134,0.201,0.262,0.265,
0.0,0.132,0.291,0.222,0.242,0.202,0.204,0.232,0.209,0.225,
0.0,0.199,0.197,0.186,0.297,0.224,0.289,0.186,0.273,0.109,
0.0,0.09,0.177,0.283,0.248,0.259,0.231,0.197,0.188,0.249,
0.0,0.174,0.23,0.28,0.186,0.216,0.202,0.283,0.285,0.22,
0.0,0.209,0.191,0.203,0.235,0.255,0.267,0.23,0.304,0.321,
0.0,0.218,0.31,0.173,0.18,0.288,0.23,0.202,0.311,0.076,
0.0,0.104,0.234,0.193,0.114,0.193,0.174,0.203,0.242,0.276,
0.0,0.211,0.322,0.245,0.16,0.172,0.188,0.236,0.178,0.165,
0.0,0.262,0.272,0.205,0.216,0.24,0.293,0.218,0.19,0.238,
0.0,0.24,0.179,0.273,0.273,0.26,0.182,0.228,0.218,0.259,
0.0,0.121,0.256,0.211,0.18,0.21,0.222,0.307,0.272,0.243,
0.0,0.088,0.269,0.215,0.244,0.222,0.268,0.2,0.179,0.153,
0.0,0.172,0.27,0.228,0.238,0.222,0.24,0.213,0.26,0.2,
0.0,0.163,0.266,0.249,0.21,0.201,0.252,0.259,0.227,0.126,
0.0,0.079,0.22,0.285,0.208,0.239,0.227,0.223,0.229,0.12,
0.0,0.284,0.221,0.259,0.23,0.248,0.182,0.158,0.221,0.233,
0.0,0.153,0.273,0.273,0.214,0.242,0.256,0.226,0.256,0.23,
0.0,0.153,0.26,0.259,0.209,0.184,0.203,0.247,0.282,0.244,
0.0,0.242,0.253,0.216,0.1,0.224,0.222,0.216,0.304,0.073,
0.0,0.244,0.131,0.243,0.245,0.212,0.316,0.27,0.278,0.274,
0.0,0.232,0.24,0.242,0.154,0.149,0.254,0.263,0.205,0.239,
0.0,0.231,0.1,0.245,0.201,0.205,0.263,0.211,0.254,0.244,
0.0,0.244,0.273,0.261,0.191,0.305,0.265,0.274,0.243,0.256,
0.0,0.27,0.167,0.232,0.291,0.245,0.232,0.23,0.184,0.226,
0.0,0.207,0.202,0.258,0.211,0.257,0.194,0.237,0.158,0.318,
0.0,0.307,0.284,0.208,0.271,0.189,0.24,0.273,0.198,0.222,
0.0,0.116,0.216,0.194,0.237,0.204,0.29,0.277,0.162,0.183,
0.0,0.146,0.238,0.145,0.25,0.227,0.189,0.242,0.244,0.269,
0.0,0.186,0.186,0.092,0.259,0.242,0.284,0.168,0.298,0.168,
0.0,0.138,0.194,0.168,0.273,0.205,0.168,0.22,0.253,0.28,
0.0,0.123,0.26,0.17,0.275,0.276,0.224,0.21,0.257,0.29,
0.0,0.231,0.283,0.204,0.236,0.294,0.322,0.243,0.235,0.191,
0.0,0.137,0.259,0.245,0.186,0.189,0.268,0.196,0.064,0.256,
0.0,0.249,0.204,0.247,0.096,0.238,0.22,0.249,0.287,0.174,
0.0,0.18,0.336,0.219,0.217,0.197,0.271,0.166,0.155,0.283,
0.0,0.183,0.296,0.171,0.178,0.238,0.228,0.175,0.222,0.26,
0.0,0.12,0.18,0.193,0.066,0.169,0.178,0.258,0.248,0.224,
0.0,0.29,0.288,0.213,0.232,0.171,0.258,0.2,0.166,0.221,
0.0,0.258,0.126,0.275,0.172,0.262,0.235,0.275,0.232,0.184,
0.0,0.215,0.255,0.257,0.269,0.222,0.172,0.205,0.141,0.219,
0.0,0.189,0.191,0.238,0.251,0.273,0.218,0.32,0.308,0.263,
0.0,0.191,0.129,0.197,0.164,0.314,0.088,0.247,0.18,0.195,
0.0,0.221,0.336,0.232,0.259,0.277,0.18,0.129,0.272,0.207,
0.0,0.114,0.223,0.205,0.256,0.285,0.273,0.207,0.231,0.174,
0.0,0.079,0.223,0.207,0.268,0.255,0.141,0.236,0.188,0.16,
0.0,0.111,0.136,0.187,0.148,0.114,0.033,0.167,0.175,0.284,
0.0,0.302,0.251,0.278,0.303,0.299,0.254,0.237,0.259,0.193,
0.0,0.134,0.269,0.242,0.207,0.226,0.247,0.285,0.216,0.186,
0.0,0.158,0.275,0.259,0.241,0.174,0.214,0.261,0.248,0.263,
0.0,0.191,0.291,0.128,0.185,0.086,0.21,0.207,0.303,0.278,
0.0,0.203,0.28,0.22,0.226,0.244,0.244,0.208,0.195,0.179,
0.0,0.176,0.275,0.205,0.254,0.223,0.243,0.192,0.2,0.243,
0.0,0.288,0.207,0.197,0.21,0.25,0.179,0.213,0.219,0.245,
0.0,0.228,0.262,0.236,0.273,0.314,0.137,0.24,0.285,0.249,
0.0,0.21,0.078,0.312,0.333,0.256,0.315,0.123,0.33,0.294,
0.0,0.26,0.261,0.266,0.271,0.201,0.249,0.261,0.289,0.284,
0.0,0.138,0.203,0.261,0.213,0.224,0.245,0.184,0.21,0.212,
0.0,0.2,0.309,0.235,0.256,0.269,0.211,0.228,0.243,0.209,
0.0,0.159,0.12,0.187,0.23,0.056,0.177,0.138,0.173,0.216,
0.0,0.205,0.272,0.303,0.213,0.224,0.233,0.221,0.252,0.294,
0.0,0.223,0.208,0.232,0.143,0.292,0.186,0.24,0.341,0.269,
0.0,0.129,0.254,0.203,0.23,0.16,0.168,0.264,0.219,0.274,
0.0,0.203,0.198,0.073,0.174,0.183,0.292,0.266,0.288,0.212,
0.0,0.313,0.309,0.282,0.231,0.178,0.261,0.269,0.258,0.121,
0.0,0.201,0.19,0.201,0.321,0.303,0.211,0.261,0.227,0.283,
0.0,0.207,0.204,0.262,0.183,0.195,0.251,0.212,0.268,0.259,
0.0,0.088,0.249,0.202,0.076,0.161,0.228,0.22,0.177,0.274,
0.0,0.193,0.235,0.26,0.253,0.321,0.18,0.214,0.22,0.247,
0.0,0.1,0.243,0.206,0.226,0.265,0.201,0.213,0.282,0.305,
0.0,0.29,0.271,0.251,0.293,0.186,0.183,0.249,0.211,0.26,
0.0,0.181,0.218,0.266,0.251,0.2,0.164,0.266,0.268,0.23,
0.0,0.197,0.288,0.155,0.129,0.205,0.253,0.301,0.278,0.215,
0.0,0.248,0.156,0.176,0.231,0.317,0.22,0.293,0.194,0.267,
0.0,0.196,0.168,0.166,0.208,0.252,0.262,0.123,0.273,0.237,
0.0,0.239,0.212,0.219,0.182,0.18,0.196,0.238,0.21,0.253,
0.0,0.098,0.192,0.197,0.169,0.126,0.206,0.239,0.2,0.214,
0.0,0.155,0.23,0.252,0.259,0.237,0.21,0.275,0.316,0.265,
0.0,0.119,0.308,0.265,0.288,0.269,0.27,0.261,0.239,0.225,
0.0,0.254,0.27,0.242,0.204,0.226,0.173,0.169,0.276,0.246,
0.0,0.249,0.274,0.273,0.165,0.139,0.287,0.22,0.123,0.157,
0.0,0.107,0.258,0.092,0.249,0.18,0.18,0.173,0.135,0.236,
0.0,0.154,0.231,0.287,0.28,0.254,0.167,0.091,0.265,0.154,
0.0,0.048,0.281,0.258,0.294,0.245,0.284,0.241,0.233,0.217,
0.0,0.229,0.239,0.273,0.231,0.178,0.244,0.217,0.167,0.164,
0.0,0.216,0.249,0.229,0.289,0.291,0.276,0.175,0.206,0.225,
0.0,0.188,0.227,0.197,0.153,0.258,0.249,0.213,0.253,0.236,
0.0,0.197,0.194,0.125,0.096,0.111,0.137,0.13,0.145,0.203,
0.0,0.231,0.163,0.206,0.112,0.153,0.071,0.16,0.153,0.17,
0.0,0.257,0.25,0.207,0.172,0.138,0.17,0.23,0.133,0.177,
0.0,0.287,0.07,0.194,0.191,0.102,0.157,0.274,0.122,0.055,
0.0,0.156,0.218,0.143,0.095,0.184,0.238,0.149,0.079,0.188,
0.0,0.148,0.188,0.179,0.178,0.158,0.179,0.142,0.216,0.06,
0.0,0.237,0.208,0.113,0.144,0.183,0.224,0.09,0.098,0.141,
0.0,0.238,0.181,0.122,0.156,0.231,0.229,0.09,0.169,0.18,
0.0,0.202,0.185,0.16,0.205,0.132,0.108,0.146,0.121,0.188,
0.0,0.209,0.157,0.097,0.235,0.131,0.21,0.121,0.186,0.15,
0.0,0.225,0.263,0.189,0.154,0.171,0.23,0.168,0.15,0.14,
0.0,0.199,0.178,0.137,0.06,0.094,0.115,0.219,0.142,0.088,
0.0,0.189,0.1,0.252,0.158,0.101,0.149,0.192,0.141,0.135,
0.0,0.201,0.139,0.26,0.192,0.228,0.235,0.129,0.273,0.106,
0.0,0.289,0.226,0.188,0.212,0.153,0.21,0.098,0.129,0.138,
0.0,0.221,0.152,0.186,0.179,0.165,0.124,0.11,0.106,0.225,
0.0,0.234,0.235,0.217,0.126,0.18,0.102,0.143,0.096,0.131,
0.0,0.253,0.193,0.15,0.071,0.208,0.137,0.229,0.129,0.151,
0.0,0.143,0.172,0.196,0.14,0.11,0.25,0.154,0.167,0.155,
0.0,0.218,0.109,0.208,0.16,0.164,0.233,0.107,0.126,0.117,
0.0,0.137,0.081,0.228,0.25,0.149,0.179,0.17,0.153,0.137,
0.0,0.237,0.111,0.178,0.103,0.221,0.092,0.136,0.118,0.262,
0.0,0.212,0.178,0.169,0.179,0.197,0.195,0.122,0.172,0.165,
0.0,0.1,0.216,0.208,0.102,0.25,0.085,0.203,0.139,0.23,
0.0,0.201,0.147,0.227,0.164,0.193,0.18,0.122,0.198,0.163,
0.0,0.22,0.195,0.27,0.096,0.136,0.182,0.145,0.089,0.163,
0.0,0.15,0.273,0.115,0.202,0.196,0.121,0.222,0.148,0.184,
0.0,0.231,0.207,0.134,0.172,0.209,0.083,0.119,0.199,0.19,
0.0,0.161,0.128,0.032,0.134,0.059,0.275,0.097,0.136,0.142,
0.0,0.242,0.201,0.144,0.117,0.201,0.101,0.179,0.111,0.228,
0.0,0.185,0.286,0.152,0.177,0.111,0.041,0.158,0.01,0.127,
0.0,0.217,0.197,0.118,0.081,0.214,0.116,0.11,0.206,0.229,
0.0,0.285,0.137,0.235,0.193,0.165,0.197,0.211,0.149,0.275,
0.0,0.22,0.228,0.193,0.202,0.132,0.211,0.18,0.165,0.129,
0.0,0.224,0.208,0.128,0.176,0.212,0.27,0.118,0.212,0.25,
0.0,0.189,0.17,0.142,0.125,0.13,0.179,0.128,0.123,0.164,
0.0,0.212,0.16,0.19,0.16,0.074,0.146,0.177,0.242,0.122,
0.0,0.162,0.202,0.124,0.114,0.175,0.184,0.101,0.212,0.194,
0.0,0.262,0.148,0.176,0.152,0.075,0.054,0.22,0.104,0.196,
0.0,0.336,0.205,0.122,0.169,0.181,0.089,0.128,0.133,0.205,
0.0,0.192,0.194,0.199,0.157,0.159,0.149,0.141,0.117,0.19,
0.0,0.2,0.236,0.156,0.046,0.248,0.103,0.158,0.196,0.161,
0.0,0.138,0.232,0.108,0.12,0.186,0.152,0.108,0.152,0.069,
0.0,0.259,0.134,0.172,0.158,0.073,0.14,0.173,0.1,0.154,
0.0,0.249,0.142,0.22,0.091,0.091,0.142,0.204,0.215,0.111,
0.0,0.265,0.286,0.191,0.146,0.113,0.079,0.254,0.125,0.235,
0.0,0.168,0.286,0.127,0.144,0.195,0.054,0.22,0.181,0.024,
0.0,0.205,0.274,0.064,0.14,0.026,0.187,0.12,0.049,0.119,
0.0,0.27,0.243,0.164,0.134,0.176,0.082,0.114,0.166,0.159,
0.0,0.21,0.193,0.177,0.106,0.106,0.091,0.185,0.111,0.204,
0.0,0.274,0.207,0.152,0.191,0.21,0.124,0.108,0.236,0.15,
0.0,0.141,0.138,0.149,0.136,0.084,0.191,0.086,0.255,0.166,
0.0,0.181,0.171,0.169,0.071,0.192,0.127,0.204,0.155,0.106,
0.0,0.184,0.185,0.185,0.07,0.15,0.048,0.092,0.156,0.11,
0.0,0.257,0.153,0.168,0.138,0.188,0.218,0.172,0.123,0.226,
0.0,0.193,0.075,0.329,0.086,0.15,0.127,0.166,0.194,0.1,
0.0,0.226,0.211,0.114,0.133,0.143,0.159,0.132,0.201,0.137,
0.0,0.257,0.157,0.151,0.151,0.148,0.121,0.182,0.092,0.192,
0.0,0.248,0.271,0.055,0.143,0.152,0.048,0.116,0.161,0.175,
0.0,0.29,0.169,0.136,0.21,0.161,0.208,0.119,0.189,0.161,
0.0,0.102,0.154,0.175,0.138,0.194,0.188,0.004,0.181,0.194,
0.0,0.252,0.114,0.228,0.038,0.242,0.091,0.19,0.094,0.186,
0.0,0.295,0.21,0.114,0.166,0.123,0.066,0.138,0.102,0.157,
0.0,0.212,0.228,0.174,0.194,0.139,0.033,0.156,0.143,0.136,
0.0,0.194,0.176,0.155,0.113,0.109,0.097,0.111,0.223,0.257,
0.0,0.178,0.196,0.142,0.104,0.167,0.133,0.179,0.136,0.173,
0.0,0.164,0.154,0.206,0.155,0.103,0.226,0.13,0.147,0.109,
0.0,0.19,0.243,0.122,0.137,0.194,0.185,0.107,0.183,0.173,
0.0,0.166,0.239,0.156,0.141,0.121,0.21,0.121,0.201,0.077,
0.0,0.286,0.194,0.117,0.066,0.176,0.162,0.08,0.172,0.185,
0.0,0.205,0.28,0.137,0.227,0.194,0.141,0.117,0.24,0.102,
0.0,0.281,0.222,0.14,0.113,0.106,0.175,0.138,0.176,0.116,
0.0,0.163,0.135,0.196,0.071,0.18,0.136,0.184,0.175,0.038,
0.0,0.163,0.269,0.221,0.163,0.159,0.165,0.18,0.192,0.149,
0.0,0.184,0.247,0.109,0.176,0.07,0.135,0.157,0.189,0.075,
0.0,0.112,0.217,0.142,0.078,0.105,0.177,0.113,0.133,0.139,
0.0,0.227,0.15,0.229,0.166,0.083,0.208,0.116,0.162,0.224,
0.0,0.248,0.229,0.226,0.155,0.143,0.058,0.037,0.181,0.213,
0.0,0.221,0.231,0.127,0.14,0.195,0.15,0.112,0.179,0.085,
0.0,0.266,0.227,0.155,0.056,0.206,0.19,0.115,0.203,0.134,
0.0,0.177,0.2,0.035,0.159,0.113,0.25,0.104,0.262,0.107,
0.0,0.272,0.118,0.237,0.149,0.039,0.17,0.243,0.116,0.205,
0.0,0.199,0.169,0.169,0.159,0.141,0.166,0.101,0.163,0.194,
0.0,0.15,0.237,0.125,0.207,0.17,0.092,0.129,0.148,0.087,
0.0,0.252,0.148,0.269,0.086,0.176,0.142,0.222,0.135,0.032,
0.0,0.164,0.104,0.182,0.198,0.171,0.118,0.258,0.092,0.173,
0.0,0.217,0.202,0.156,0.19,0.125,0.164,0.196,0.258,0.204,
0.0,0.296,0.192,0.182,0.107,0.099,0.232,0.091,0.143,0.214,
0.0,0.285,0.118,0.157,0.117,0.066,0.113,0.248,0.079,0.099,
0.0,0.184,0.177,0.204,0.222,0.191,0.195,0.093,0.112,0.141,
0.0,0.132,0.175,0.12,0.163,0.183,0.061,0.192,0.177,0.167,
0.0,0.177,0.215,0.119,0.163,0.133,0.093,0.142,0.116,0.119,
0.0,0.269,0.205,0.151,0.123,0.233,0.1,0.163,0.135,0.25,
0.0,0.198,0.228,0.202,0.153,0.184,0.209,0.225,0.182,0.156,
0.0,0.208,0.182,0.243,0.129,0.188,0.234,0.245,0.152,0.135,
0.0,0.195,0.202,0.16,0.134,0.199,0.102,0.192,0.119,0.114,
0.0,0.202,0.182,0.205,0.139,0.19,0.147,0.154,0.205,0.151,
0.0,0.239,0.257,0.118,0.204,0.165,0.095,0.16,0.202,0.143,
0.0,0.191,0.219,0.219,0.189,0.114,0.185,0.201,0.11,0.139,
0.0,0.164,0.277,0.169,0.272,0.207,0.179,0.175,0.185,0.168,
0.0,0.185,0.195,0.146,0.105,0.237,0.097,0.158,0.15,0.197,
0.0,0.248,0.233,0.134,0.146,0.216,0.154,0.17,0.097,0.189,
0.0,0.28,0.207,0.143,0.119,0.182,0.135,0.248,0.168,0.114,
0.0,0.142,0.207,0.142,0.231,0.142,0.162,0.181,0.155,0.153,
0.0,0.197,0.159,0.14,0.062,0.236,0.173,0.062,0.224,0.183,
0.0,0.156,0.102,0.205,0.13,0.215,0.103,0.182,0.121,0.175,
0.0,0.204,0.136,0.241,0.097,0.197,0.277,0.168,0.077,0.16,
0.0,0.189,0.192,0.129,0.147,0.235,0.176,0.176,0.107,0.146,
0.0,0.238,0.21,0.112,0.213,0.099,0.142,0.117,0.164,0.129,
0.0,0.261,0.176,0.175,0.288,0.113,0.187,0.164,0.145,0.21,
0.0,0.243,0.15,0.235,0.16,0.114,0.11,0.236,0.116,0.159,
0.0,0.143,0.122,0.202,0.125,0.188,0.178,0.224,0.215,0.155,
0.0,0.228,0.202,0.222,0.201,0.109,0.18,0.233,0.164,0.246,
0.0,0.214,0.201,0.183,0.12,0.097,0.189,0.212,0.178,0.147,
0.0,0.039,0.193,0.149,0.155,0.175,0.117,0.174,0.165,0.162,
0.0,0.26,0.096,0.228,0.101,0.084,0.185,0.166,0.051,0.154,
0.0,0.232,0.26,0.128,0.155,0.191,0.074,0.184,0.146,0.244,
0.0,0.195,0.221,0.231,0.119,0.159,0.166,0.14,0.183,0.169,
0.0,0.203,0.256,0.113,0.081,0.212,0.134,0.177,0.163,0.094,
0.0,0.19,0.272,0.081,0.098,0.127,0.248,0.088,0.194,0.105,
0.0,0.199,0.178,0.111,0.15,0.115,0.164,0.107,0.129,0.131,
0.0,0.23,0.255,0.169,0.196,0.177,0.124,0.127,0.19,0.132,
0.0,0.248,0.223,0.135,0.179,0.138,0.073,0.107,0.161,0.099,
0.0,0.313,0.261,0.1,0.148,0.154,0.22,0.163,0.22,0.262,
0.0,0.234,0.236,0.155,0.186,0.145,0.181,0.193,0.235,0.08,
0.0,0.27,0.196,0.214,0.138,0.109,0.163,0.182,0.127,0.085,
0.0,0.203,0.182,0.163,0.215,0.134,0.237,0.137,0.285,0.124,
0.0,0.214,0.18,0.232,0.114,0.178,0.176,0.149,0.156,0.224,
0.0,0.282,0.169,0.206,0.173,0.17,0.206,0.233,0.135,0.087,
0.0,0.236,0.141,0.22,0.236,0.083,0.224,0.198,0.171,0.176,
0.0,0.139,0.188,0.198,0.166,0.138,0.134,0.166,0.071,0.178,
0.0,0.255,0.179,0.133,0.184,0.121,0.166,0.109,0.121,0.217,
0.0,0.225,0.2,0.17,0.189,0.099,0.292,0.112,0.266,0.138,
0.0,0.222,0.233,0.237,0.077,0.274,0.123,0.036,0.254,0.109,
0.0,0.177,0.202,0.086,0.035,0.172,0.138,0.081,0.24,0.07,
0.0,0.196,0.193,0.235,0.146,0.136,0.21,0.062,0.19,0.104,
0.0,0.096,0.187,0.166,0.131,0.163,0.216,0.044,0.306,0.057,
0.0,0.136,0.263,0.166,0.164,0.195,0.182,0.149,0.17,0.139,
0.0,0.203,0.264,0.094,0.169,0.13,0.13,0.11,0.271,0.19,
0.0,0.207,0.148,0.14,0.17,0.172,0.13,0.168,0.186,0.108,
0.0,0.234,0.231,0.131,0.074,0.163,0.209,0.081,0.274,0.177,
0.0,0.228,0.194,0.166,0.181,0.146,0.137,0.18,0.183,0.094,
0.0,0.256,0.213,0.152,0.056,0.28,0.024,0.116,0.164,0.153,
0.0,0.212,0.206,0.181,0.189,0.206,0.169,0.2,0.226,0.139,
0.0,0.227,0.176,0.127,0.125,0.176,0.088,0.145,0.177,0.158,
0.0,0.311,0.134,0.056,0.155,0.081,0.185,0.216,0.136,0.119,
0.0,0.227,0.2,0.193,0.107,0.137,0.241,0.099,0.156,0.106,
0.0,0.191,0.189,0.183,0.117,0.146,0.112,0.097,0.112,0.155,
0.0,0.196,0.196,0.068,0.202,0.145,0.125,0.165,0.042,0.136,
0.0,0.263,0.239,0.032,0.131,0.231,0.087,0.195,0.193,0.192,
0.0,0.03,0.289,0.286,0.136,0.095,0.187,0.148,0.295,0.131,
0.0,0.227,0.145,0.062,0.247,0.179,0.192,0.158,0.227,0.069,
0.0,0.235,0.175,0.181,0.109,0.211,0.157,0.191,0.107,0.211,
0.0,0.155,0.139,0.16,0.198,0.197,0.08,0.084,0.347,0.071,
0.0,0.248,0.209,0.168,0.305,0.145,0.192,0.178,0.149,0.157,
0.0,0.184,0.175,0.074,0.123,0.167,0.201,0.145,0.105,0.118,
0.0,0.222,0.234,0.185,0.097,0.231,0.152,0.193,0.125,0.153,
0.0,0.299,0.194,0.222,0.138,0.168,0.19,0.212,0.086,0.195,
0.0,0.208,0.258,0.118,0.176,0.154,0.157,0.258,0.092,0.25,
0.0,0.188,0.192,0.173,0.198,0.132,0.022,0.171,0.054,0.135,
0.0,0.266,0.142,0.085,0.189,0.119,0.095,0.21,0.129,0.164,
0.0,0.25,0.035,0.114,0.167,0.138,0.108,0.207,0.11,0.085,
0.0,0.23,0.247,0.15,0.203,0.138,0.218,0.173,0.216,0.17,
0.0,0.218,0.167,0.086,0.128,0.192,0.107,0.191,0.226,0.099,
0.0,0.224,0.23,0.139,0.243,0.18,0.178,0.107,0.136,0.139,
0.0,0.227,0.263,0.184,0.122,0.124,0.248,0.124,0.171,0.171,
0.0,0.239,0.221,0.14,0.202,0.17,0.229,0.147,0.19,0.14,
0.0,0.149,0.279,0.141,0.123,0.206,0.139,0.119,0.164,0.136,
0.0,0.168,0.188,0.214,0.165,0.14,0.182,0.158,0.136,0.197,
0.0,0.152,0.208,0.123,0.097,0.17,0.154,0.157,0.153,0.123,
0.0,0.212,0.201,0.151,0.064,0.165,0.121,0.157,0.13,0.116,
0.0,0.22,0.098,0.122,0.287,0.14,0.06,0.205,0.15,0.061,
0.0,0.214,0.303,0.117,0.074,0.165,0.181,0.122,0.139,0.116,
0.0,0.307,0.133,0.123,0.16,0.181,0.101,0.161,0.182,0.093,
0.0,0.228,0.204,0.17,0.076,0.219,0.175,0.146,0.273,0.06,
0.0,0.301,0.103,0.244,0.183,0.112,0.128,0.181,0.178,0.122,
0.0,0.211,0.189,0.13,0.199,0.153,0.215,0.11,0.251,0.165,
0.0,0.187,0.259,0.053,0.098,0.209,0.165,0.161,0.137,0.119,
0.0,0.134,0.213,0.135,0.119,0.14,0.207,0.198,0.076,0.19,
0.0,0.271,0.198,0.241,0.145,0.18,0.16,0.165,0.2,0.158,
0.0,0.261,0.214,0.076,0.241,0.18,0.195,0.191,0.135,0.141,
0.0,0.285,0.175,0.203,0.101,0.222,0.096,0.195,0.099,0.114,
0.0,0.187,0.2,0.173,0.176,0.188,0.123,0.21,0.157,0.191,
0.0,0.165,0.179,0.222,0.04,0.224,0.132,0.23,0.124,0.269,
0.0,0.186,0.182,0.204,0.221,0.203,0.088,0.211,0.217,0.148,
0.0,0.237,0.204,0.18,0.076,0.217,0.165,0.109,0.19,0.133,
0.0,0.201,0.144,0.158,0.18,0.182,0.155,0.102,0.138,0.146,
0.0,0.231,0.214,0.101,0.187,0.083,0.19,0.224,0.142,0.169,
0.0,0.328,0.179,0.153,0.138,0.105,0.028,0.23,0.131,0.166,
0.0,0.228,0.298,0.257,0.167,0.233,0.192,0.245,0.227,0.14,
0.0,0.21,0.204,0.193,0.16,0.2,0.178,0.171,0.178,0.153,
0.0,0.186,0.096,0.255,0.076,0.2,0.077,0.237,0.245,0.046,
0.0,0.159,0.244,0.122,0.229,0.151,0.17,0.221,0.13,0.086,
0.0,0.138,0.196,0.094,0.284,0.14,0.175,0.221,0.143,0.186,
0.0,0.247,0.235,0.115,0.235,0.16,0.124,0.172,0.169,0.113,
0.0,0.084,0.156,0.171,0.205,0.099,0.173,0.164,0.115,0.141,
0.0,0.289,0.129,0.18,0.096,0.259,0.14,0.207,0.16,0.202,
0.0,0.179,0.208,0.168,0.217,0.187,0.142,0.131,0.212,0.183,
0.0,0.26,0.156,0.16,0.272,0.17,0.202,0.157,0.177,0.107,
0.0,0.223,0.155,0.165,0.169,0.109,0.143,0.109,0.206,0.171,
0.0,0.246,0.25,0.162,0.232,0.168,0.164,0.191,0.229,0.152,
0.0,0.269,0.056,0.275,0.157,0.133,0.122,0.248,0.166,0.074,
0.0,0.226,0.092,0.172,0.148,0.185,0.167,0.291,0.082,0.104,
0.0,0.122,0.21,0.098,0.16,0.034,0.198,0.066,0.178,0.108,
0.0,0.184,0.175,0.1,0.216,0.096,0.093,0.155,0.109,0.09,
0.0,0.311,0.173,0.179,0.15,0.272,0.092,0.143,0.066,0.259,
0.0,0.197,0.284,0.147,0.141,0.125,0.223,0.254,0.143,0.185,
0.0,0.116,0.177,0.161,0.199,0.158,0.164,0.145,0.125,0.196,
0.0,0.24,0.097,0.133,0.182,0.18,0.105,0.134,0.104,0.209,
0.0,0.257,0.284,0.2,0.121,0.092,0.23,0.133,0.234,0.108,
0.0,0.287,0.119,0.13,0.152,0.192,0.156,0.135,0.093,0.142,
0.0,0.321,0.17,0.197,0.216,0.056,0.176,0.095,0.203,0.136,
0.0,0.222,0.14,0.24,0.105,0.197,0.113,0.076,0.133,0.249,
0.0,0.153,0.252,0.124,0.122,0.173,0.122,0.236,0.128,0.161,
0.0,0.135,0.244,0.116,0.179,0.125,0.126,0.159,0.152,0.15,
0.0,0.217,0.204,0.138,0.181,0.083,0.054,0.219,0.06,0.135,
0.0,0.239,0.146,0.174,0.139,0.173,0.12,0.178,0.158,0.137,
0.0,0.224,0.128,0.154,0.182,0.055,0.071,0.125,0.198,0.155,
0.0,0.24,0.161,0.22,0.188,0.124,0.084,0.215,0.05,0.115,
0.0,0.24,0.127,0.156,0.099,0.183,0.086,0.176,0.089,0.22,
0.0,0.159,0.167,0.156,0.179,0.223,0.11,0.267,0.155,0.2,
0.0,0.147,0.281,0.121,0.175,0.179,0.083,0.209,0.209,0.121,
0.0,0.081,0.197,0.169,0.084,0.195,0.113,0.219,0.147,0.093,
0.0,0.172,0.21,0.171,0.213,0.18,0.192,0.201,0.159,0.106,
0.0,0.172,0.211,0.196,0.18,0.214,0.177,0.114,0.195,0.184,
0.0,0.248,0.139,0.235,0.048,0.168,0.142,0.182,0.091,0.18,
0.0,0.191,0.22,0.108,0.104,0.105,0.159,0.144,0.235,0.15,
0.0,0.186,0.192,0.163,0.075,0.119,0.194,0.174,0.225,0.137,
0.0,0.217,0.271,0.133,0.143,0.159,0.166,0.235,0.143,0.127,
0.0,0.201,0.167,0.196,0.113,0.128,0.16,0.103,0.214,0.118,
0.0,0.183,0.211,0.172,0.193,0.203,0.151,0.191,0.251,0.149,
0.0,0.18,0.234,0.159,0.166,0.141,0.141,0.153,0.188,0.136,
0.0,0.187,0.165,0.186,0.146,0.172,0.231,0.162,0.103,0.167,
0.0,0.179,0.325,0.178,0.168,0.217,0.131,0.152,0.218,0.201,
0.0,0.227,0.246,0.157,0.177,0.132,0.096,0.18,0.113,0.206,
0.0,0.169,0.19,0.111,0.17,0.18,0.137,0.118,0.233,0.18,
0.0,0.172,0.252,0.161,0.147,0.199,0.148,0.233,0.093,0.253,
0.0,0.246,0.161,0.164,0.212,0.146,0.215,0.187,0.135,0.145,
0.0,0.218,0.231,0.188,0.14,0.144,0.095,0.127,0.147,0.194,
0.0,0.245,0.216,0.18,0.226,0.163,0.121,0.22,0.172,0.183,
0.0,0.22,0.24,0.224,0.174,0.256,0.173,0.283,0.21,0.253,
0.0,0.279,0.186,0.173,0.244,0.06,0.216,0.132,0.104,0.145,
0.0,0.2,0.265,0.126,0.264,0.117,0.138,0.092,0.211,0.171,
0.0,0.319,0.238,0.075,0.162,0.117,0.162,0.132,0.133,0.163,
0.0,0.242,0.244,0.231,0.156,0.137,0.223,0.176,0.179,0.237,
0.0,0.278,0.281,0.126,0.175,0.112,0.221,0.117,0.176,0.045,
0.0,0.225,0.183,0.152,0.262,0.183,0.08,0.105,0.192,0.086,
0.0,0.193,0.179,0.183,0.186,0.084,0.151,0.159,0.132,0.189,
0.0,0.196,0.217,0.156,0.199,0.133,0.127,0.103,0.175,0.113,
0.0,0.176,0.194,0.231,0.137,0.223,0.169,0.084,0.211,0.137,
0.0,0.156,0.231,0.2,0.135,0.122,0.228,0.166,0.086,0.153,
0.0,0.185,0.248,0.198,0.144,0.168,0.234,0.088,0.173,0.214,
0.0,0.187,0.188,0.239,0.191,0.154,0.139,0.253,0.081,0.28,
0.0,0.26,0.186,0.165,0.171,0.114,0.148,0.07,0.215,0.072,
0.0,0.269,0.255,0.071,0.117,0.205,0.108,0.089,0.086,0.137,
0.0,0.28,0.215,0.079,0.139,0.215,0.143,0.123,0.166,0.119,
0.0,0.17,0.22,0.162,0.182,0.068,0.191,0.178,0.089,0.201,
0.0,0.145,0.25,0.172,0.1,0.159,0.171,0.164,0.203,0.191,
0.0,0.21,0.122,0.144,0.133,0.188,0.048,0.17,0.11,0.082,
0.0,0.239,0.075,0.218,0.197,0.136,0.183,0.153,0.16,0.173,
0.0,0.22,0.218,0.255,0.222,0.145,0.131,0.071,0.252,0.198,
0.0,0.147,0.239,0.11,0.162,0.154,0.122,0.165,0.157,0.186,
0.0,0.15,0.17,0.227,0.198,0.157,0.253,0.131,0.257,0.085,
0.0,0.259,0.179,0.166,0.094,0.121,0.086,0.263,0.123,0.199,
0.0,0.217,0.167,0.193,0.057,0.129,0.173,0.169,0.149,0.125,
0.0,0.238,0.239,0.129,0.141,0.185,0.142,0.136,0.23,0.206,
0.0,0.237,0.115,0.216,0.108,0.231,0.156,0.196,0.233,0.201,
0.0,0.166,0.226,0.17,0.153,0.17,0.191,0.163,0.137,0.053,
0.0,0.151,0.174,0.184,0.115,0.117,0.162,0.159,0.134,0.076,
0.0,0.249,0.257,0.142,0.088,0.166,0.15,0.084,0.178,0.174,
0.0,0.141,0.242,0.23,0.125,0.112,0.244,0.166,0.172,0.165,
0.0,0.201,0.06,0.106,0.221,0.075,0.157,0.182,0.103,0.171,
0.0,0.153,0.137,0.144,0.241,0.135,0.168,0.106,0.141,0.175,
0.0,0.201,0.157,0.156,0.153,0.104,0.193,0.088,0.134,0.117,
0.0,0.284,0.172,0.202,0.142,0.205,0.082,0.21,0.123,0.189,
0.0,0.207,0.191,0.089,0.122,0.145,0.143,0.173,0.171,0.103,
0.0,0.235,0.207,0.174,0.166,0.104,0.24,0.119,0.094,0.273,
0.0,0.201,0.183,0.135,0.238,0.271,0.147,0.144,0.137,0.192,
0.0,0.142,0.129,0.238,0.095,0.21,0.121,0.148,0.152,0.182,
0.0,0.197,0.207,0.178,0.18,0.096,0.121,0.204,0.088,0.25,
0.0,0.212,0.258,0.192,0.146,0.191,0.182,0.136,0.241,0.188,
0.0,0.129,0.238,0.127,0.197,0.194,0.19,0.145,0.231,0.14,
0.0,0.25,0.246,0.236,0.054,0.125,0.23,0.165,0.095,0.256,
0.0,0.169,0.214,0.131,0.138,0.121,0.14,0.045,0.068,0.226,
0.0,0.117,0.207,0.088,0.087,0.186,0.166,0.074,0.179,0.112,
0.0,0.21,0.238,0.064,0.148,0.127,0.143,0.129,0.278,0.162,
0.0,0.228,0.211,0.096,0.171,0.15,0.054,0.128,0.135,0.16,
0.0,0.137,0.186,0.193,0.136,0.199,0.121,0.139,0.272,0.245,
0.0,0.227,0.214,0.155,0.161,0.198,0.147,0.142,0.208,0.147,
0.0,0.173,0.263,0.058,0.1,0.308,0.117,0.131,0.191,0.227,
0.0,0.22,0.152,0.136,0.147,0.157,0.193,0.191,0.131,0.076,
0.0,0.188,0.197,0.125,0.119,0.155,0.217,0.175,0.212,0.168,
0.0,0.175,0.222,0.131,0.186,0.141,0.197,0.107,0.059,0.275,
0.0,0.072,0.113,0.218,0.184,0.113,0.199,0.144,0.152,0.03,
0.0,0.198,0.198,0.132,0.187,0.1,0.285,0.088,0.159,0.162,
0.0,0.161,0.154,0.182,0.096,0.14,0.141,0.221,0.139,0.083,
0.0,0.165,0.22,0.121,0.074,0.139,0.198,0.141,0.197,0.138,
0.0,0.26,0.253,0.153,0.202,0.081,0.169,0.208,0.137,0.192,
0.0,0.287,0.129,0.305,0.11,0.1,0.142,0.208,0.112,0.157,
0.0,0.27,0.196,0.09,0.21,0.153,0.087,0.147,0.215,0.097,
0.0,0.266,0.216,0.195,0.148,0.195,0.131,0.184,0.164,0.1,
0.0,0.136,0.166,0.157,0.174,0.054,0.104,0.182,0.19,0.065,
0.0,0.209,0.166,0.23,0.236,0.194,0.208,0.189,0.215,0.151,
0.0,0.203,0.282,0.125,0.191,0.137,0.187,0.159,0.138,0.14,
0.0,0.23,0.201,0.138,0.158,0.13,0.219,0.071,0.251,0.127,
0.0,0.269,0.166,0.209,0.12,0.092,0.059,0.098,0.248,0.086,
0.0,0.264,0.218,0.132,0.101,0.098,0.284,0.096,0.086,0.143,
0.0,0.232,0.166,0.187,0.111,0.139,0.148,0.124,0.189,0.16,
0.0,0.236,0.047,0.188,0.182,0.15,0.161,0.232,0.095,0.206,
0.0,0.231,0.176,0.175,0.193,0.124,0.224,0.051,0.17,0.156,
0.0,0.184,0.228,0.143,0.121,0.195,0.1,0.191,0.141,0.177,
0.0,0.251,0.236,0.072,0.138,0.168,0.049,0.186,0.054,0.181,
0.0,0.251,0.228,0.124,0.107,0.114,0.199,0.149,0.057,0.054,
0.0,0.216,0.235,0.101,0.143,0.14,0.193,0.123,0.217,0.093,
0.0,0.131,0.179,0.158,0.175,0.102,0.177,0.09,0.164,0.051,
0.0,0.205,0.244,0.129,0.203,0.086,0.231,0.171,0.204,0.173,
0.0,0.216,0.125,0.221,0.141,0.046,0.191,0.173,0.033,0.151,
0.0,0.158,0.24,0.166,0.158,0.081,0.176,0.213,0.112,0.244,
0.0,0.111,0.21,0.236,0.14,0.168,0.193,0.221,0.102,0.169,
0.0,0.193,0.208,0.177,0.092,0.165,0.151,0.175,0.119,0.22,
0.0,0.176,0.201,0.093,0.189,0.06,0.146,0.184,0.098,0.183,
0.0,0.203,0.129,0.165,0.267,0.072,0.237,0.142,0.193,0.184,
0.0,0.152,0.242,0.17,0.2,0.149,0.179,0.172,0.152,0.185,
0.0,0.25,0.161,0.251,0.258,0.229,0.167,0.222,0.242,0.232,
0.0,0.23,0.23,0.207,0.077,0.159,0.092,0.035,0.182,0.142,
0.0,0.215,0.215,0.106,0.205,0.061,0.175,0.052,0.119,0.133,
0.0,0.161,0.279,0.195,0.174,0.14,0.224,0.213,0.136,0.106,
0.0,0.15,0.26,0.091,0.156,0.117,0.106,0.074,0.103,0.06,
0.0,0.183,0.175,0.198,0.212,0.134,0.256,0.085,0.267,0.148,
0.0,0.245,0.232,0.122,0.061,0.194,0.099,0.073,0.144,0.175,
0.0,0.229,0.233,0.152,0.133,0.12,0.207,0.157,0.177,0.154,
0.0,0.224,0.266,0.124,0.217,0.1,0.133,0.116,0.184,0.192,
0.0,0.07,0.195,0.18,0.157,0.183,0.135,0.153,0.186,0.215,
0.0,0.211,0.279,0.134,0.202,0.19,0.084,0.228,0.165,0.163,
0.0,0.219,0.196,0.113,0.102,0.187,0.16,0.076,0.113,0.22,
0.0,0.255,0.225,0.11,0.13,0.165,0.169,0.207,0.17,0.199,
0.0,0.236,0.223,0.175,0.087,0.193,0.042,0.264,0.034,0.146,
0.0,0.203,0.18,0.048,0.198,0.179,0.281,0.123,0.159,0.209,
0.0,0.165,0.156,0.185,0.141,0.113,0.164,0.119,0.172,0.202,
0.0,0.074,0.211,0.166,0.149,0.095,0.192,0.154,0.152,0.111,
0.0,0.299,0.186,0.125,0.083,0.146,0.145,0.1,0.127,0.127,
0.0,0.268,0.166,0.286,0.068,0.27,0.145,0.099,0.256,0.193,
0.0,0.187,0.273,0.015,0.103,0.157,0.111,0.166,0.179,0.052,
0.0,0.202,0.248,0.076,0.245,0.066,0.057,0.211,0.092,0.173,
0.0,0.111,0.155,0.236,0.115,0.156,0.201,0.25,0.156,0.21,
0.0,0.118,0.174,0.061,0.217,0.184,0.177,0.181,0.2,0.224,
0.0,0.276,0.126,0.136,0.164,0.156,0.108,0.173,0.135,0.163,
0.0,0.201,0.161,0.123,0.119,0.133,0.19,0.219,0.163,0.084,
0.0,0.287,0.233,0.192,0.165,0.092,0.091,0.197,0.147,0.118,
0.0,0.225,0.199,0.153,0.181,0.203,0.053,0.212,0.148,0.083,
0.0,0.234,0.211,0.104,0.181,0.107,0.197,0.097,0.127,0.167,
0.0,0.234,0.232,0.064,0.224,0.105,0.148,0.148,0.172,0.068,
0.0,0.237,0.182,0.246,0.125,0.148,0.194,0.152,0.217,0.102,
0.0,0.146,0.127,0.175,0.116,0.169,0.169,0.134,0.103,0.092,
0.0,0.245,0.223,0.151,0.063,0.22,0.205,0.159,0.128,0.245,
0.0,0.207,0.241,0.146,0.146,0.2,0.136,0.172,0.202,0.111,
0.0,0.167,0.243,0.172,0.218,0.253,0.133,0.197,0.094,0.197,
0.0,0.171,0.158,0.145,0.248,0.174,0.12,0.224,0.11,0.161,
0.0,0.195,0.205,0.2,0.166,0.14,0.209,0.156,0.187,0.205,
0.0,0.164,0.189,0.234,0.085,0.2,0.193,0.126,0.14,0.216,
0.0,0.192,0.24,0.152,0.131,0.171,0.162,0.115,0.058,0.102,
0.0,0.202,0.169,0.124,0.177,0.112,0.099,0.118,0.172,0.086,
0.0,0.235,0.249,0.141,0.263,0.15,0.058,0.131,0.226,0.153,
0.0,0.294,0.198,0.254,0.093,0.194,0.1,0.166,0.159,0.132,
0.0,0.214,0.274,0.087,0.144,0.182,0.105,0.148,0.132,0.182,
0.0,0.245,0.238,0.153,0.173,0.211,0.213,0.145,0.12,0.158,
0.0,0.178,0.142,0.135,0.154,0.161,0.073,0.089,0.213,0.105,
0.0,0.122,0.294,0.125,0.026,0.159,0.131,0.111,0.197,0.124,
0.0,0.27,0.208,0.147,0.155,0.152,0.083,0.182,0.191,0.14,
0.0,0.283,0.273,0.144,0.082,0.131,0.18,0.193,0.147,0.084,
0.0,0.205,0.242,0.126,0.166,0.195,0.105,0.128,0.201,0.227,
0.0,0.305,0.206,0.163,0.117,0.214,0.122,0.256,0.128,0.159,
0.0,0.33,0.034,0.243,0.067,0.09,0.197,0.156,0.138,0.119,
0.0,0.254,0.243,0.197,0.268,0.229,0.184,0.264,0.116,0.152,
0.0,0.145,0.208,0.174,0.162,0.187,0.249,0.15,0.105,0.207,
0.0,0.168,0.15,0.261,0.16,0.123,0.161,0.194,0.247,0.187,
0.0,0.192,0.261,0.083,0.183,0.226,0.203,0.145,0.141,0.195,
0.0,0.183,0.205,0.161,0.226,0.147,0.116,0.231,0.105,0.214,
0.0,0.214,0.213,0.16,0.157,0.223,0.078,0.202,0.205,0.163,
0.0,0.247,0.16,0.189,0.145,0.108,0.092,0.083,0.088,0.085,
0.0,0.297,0.215,0.183,0.115,0.173,0.177,0.051,0.199,0.105,
0.0,0.297,0.194,0.138,0.241,0.087,0.131,0.164,0.149,0.175,
0.0,0.257,0.18,0.228,0.158,0.232,0.183,0.148,0.223,0.203,
0.0,0.182,0.227,0.134,0.086,0.176,0.149,0.184,0.079,0.141,
0.0,0.207,0.227,0.297,0.192,0.223,0.182,0.19,0.245,0.171,
0.0,0.14,0.285,0.24,0.302,0.212,0.247,0.162,0.15,0.176,
0.0,0.135,0.19,0.248,0.284,0.174,0.226,0.311,0.084,0.267,
0.0,0.246,0.213,0.289,0.271,0.23,0.29,0.268,0.15,0.193,
0.0,0.249,0.192,0.284,0.275,0.195,0.234,0.062,0.254,0.198,
0.0,0.246,0.204,0.155,0.323,0.264,0.283,0.221,0.276,0.267,
0.0,0.218,0.24,0.197,0.263,0.294,0.285,0.256,0.171,0.239,
0.0,0.16,0.16,0.219,0.241,0.223,0.215,0.238,0.219,0.253,
0.0,0.083,0.281,0.36,0.179,0.247,0.277,0.236,0.193,0.306,
0.0,0.098,0.238,0.31,0.313,0.214,0.286,0.248,0.275,0.222,
0.0,0.245,0.236,0.223,0.322,0.202,0.123,0.218,0.187,0.18,
0.0,0.143,0.293,0.209,0.26,0.175,0.173,0.221,0.182,0.139,
0.0,0.24,0.259,0.261,0.234,0.187,0.246,0.334,0.292,0.222,
0.0,0.113,0.214,0.239,0.241,0.272,0.229,0.175,0.137,0.249,
0.0,0.3,0.158,0.192,0.195,0.259,0.235,0.253,0.268,0.271,
0.0,0.191,0.275,0.202,0.199,0.226,0.183,0.208,0.254,0.232,
0.0,0.111,0.22,0.219,0.264,0.211,0.317,0.268,0.206,0.221,
0.0,0.277,0.176,0.121,0.169,0.187,0.241,0.138,0.227,0.265,
0.0,0.151,0.231,0.27,0.236,0.218,0.201,0.253,0.187,0.309,
0.0,0.192,0.217,0.251,0.299,0.16,0.279,0.079,0.204,0.159,
0.0,0.206,0.247,0.229,0.256,0.299,0.099,0.121,0.189,0.208,
0.0,0.116,0.212,0.125,0.211,0.141,0.278,0.209,0.186,0.173,
0.0,0.171,0.188,0.248,0.252,0.163,0.2,0.199,0.259,0.277,
0.0,0.282,0.157,0.221,0.219,0.313,0.309,0.204,0.225,0.285,
0.0,0.155,0.229,0.219,0.228,0.194,0.213,0.295,0.329,0.24,
0.0,0.234,0.176,0.207,0.107,0.234,0.171,0.266,0.198,0.121,
0.0,0.259,0.31,0.253,0.335,0.251,0.245,0.238,0.183,0.139,
0.0,0.175,0.199,0.222,0.244,0.219,0.225,0.243,0.21,0.255,
0.0,0.202,0.264,0.24,0.165,0.247,0.204,0.192,0.203,0.269,
0.0,0.131,0.305,0.21,0.255,0.223,0.219,0.287,0.185,0.322,
0.0,0.202,0.206,0.184,0.254,0.247,0.242,0.168,0.212,0.244,
0.0,0.22,0.202,0.186,0.284,0.251,0.233,0.179,0.253,0.248,
0.0,0.213,0.218,0.186,0.201,0.252,0.21,0.248,0.119,0.303,
0.0,0.224,0.209,0.209,0.158,0.242,0.095,0.186,0.144,0.132,
0.0,0.241,0.256,0.236,0.15,0.277,0.278,0.247,0.215,0.29,
0.0,0.178,0.164,0.15,0.198,0.151,0.154,0.134,0.165,0.136,
0.0,0.151,0.192,0.125,0.216,0.163,0.14,0.215,0.214,0.194,
0.0,0.16,0.187,0.171,0.253,0.151,0.187,0.28,0.126,0.227,
0.0,0.157,0.161,0.178,0.133,0.184,0.247,0.108,0.133,0.208,
0.0,0.254,0.106,0.224,0.143,0.14,0.178,0.21,0.214,0.146,
0.0,0.223,0.187,0.296,0.126,0.197,0.15,0.221,0.14,0.244,
0.0,0.259,0.21,0.148,0.15,0.067,0.152,0.176,0.089,0.173,
0.0,0.22,0.135,0.19,0.153,0.108,0.208,0.083,0.205,0.14,
0.0,0.095,0.212,0.107,0.16,0.21,0.108,0.171,0.116,0.091,
0.0,0.236,0.161,0.149,0.235,0.093,0.158,0.213,0.195,0.17,
0.0,0.128,0.186,0.173,0.127,0.176,0.15,0.166,0.219,0.089,
0.0,0.246,0.185,0.183,0.13,0.148,0.148,0.135,0.208,0.071,
0.0,0.317,0.108,0.221,0.054,0.165,0.072,0.056,0.149,0.219,
0.0,0.174,0.161,0.266,0.271,0.181,0.252,0.2,0.103,0.191,
0.0,0.219,0.219,0.237,0.258,0.268,0.228,0.235,0.255,0.205,
0.0,0.202,0.216,0.186,0.203,0.207,0.247,0.249,0.25,0.249,
0.0,0.159,0.198,0.298,0.098,0.189,0.301,0.24,0.231,0.184,
0.0,0.149,0.134,0.243,0.133,0.239,0.264,0.102,0.202,0.208,
0.0,0.167,0.249,0.252,0.263,0.176,0.19,0.144,0.154,0.242,
0.0,0.161,0.27,0.228,0.29,0.322,0.225,0.141,0.195,0.198,
0.0,0.185,0.26,0.238,0.263,0.247,0.239,0.27,0.26,0.166,
0.0,0.16,0.183,0.232,0.25,0.177,0.174,0.198,0.22,0.247,
0.0,0.178,0.204,0.224,0.226,0.211,0.248,0.273,0.258,0.271,
0.0,0.185,0.248,0.234,0.23,0.259,0.277,0.264,0.269,0.25,
0.0,0.202,0.23,0.155,0.274,0.248,0.152,0.21,0.216,0.265,
0.0,0.118,0.306,0.2,0.232,0.228,0.249,0.275,0.193,0.268,
0.0,0.252,0.173,0.274,0.216,0.197,0.256,0.233,0.293,0.229,
0.0,0.246,0.328,0.164,0.197,0.217,0.244,0.229,0.262,0.254,
0.0,0.081,0.129,0.24,0.2,0.264,0.277,0.233,0.262,0.278,
0.0,0.272,0.181,0.271,0.173,0.185,0.186,0.241,0.201,0.107,
0.0,0.27,0.165,0.253,0.132,0.187,0.142,0.15,0.186,0.131,
0.0,0.253,0.182,0.13,0.201,0.239,0.081,0.19,0.154,0.223,
0.0,0.2,0.263,0.127,0.196,0.143,0.1,0.105,0.239,0.134,
0.0,0.249,0.18,0.204,0.201,0.121,0.232,0.182,0.147,0.226,
0.0,0.204,0.185,0.177,0.118,0.196,0.191,0.109,0.149,0.129,
0.0,0.156,0.154,0.107,0.195,0.064,0.131,0.024,0.318,0.168,
0.0,0.215,0.261,0.13,0.2,0.127,0.113,0.138,0.154,0.127,
0.0,0.087,0.193,0.157,0.181,0.132,0.186,0.249,0.103,0.204,
0.0,0.261,0.148,0.197,0.13,0.149,0.213,0.091,0.178,0.211,
0.0,0.039,0.273,0.151,0.153,0.21,0.25,0.129,0.168,0.204,
0.0,0.259,0.215,0.186,0.18,0.235,0.174,0.263,0.207,0.201,
0.0,0.18,0.267,0.157,0.195,0.125,0.081,0.096,0.262,0.132,
0.0,0.279,0.193,0.285,0.152,0.103,0.19,0.152,0.122,0.25,
0.0,0.243,0.153,0.125,0.235,0.145,0.126,0.19,0.12,0.186,
0.0,0.169,0.255,0.152,0.195,0.142,0.152,0.17,0.208,0.142,


