

Data analysis for each instance 
AVG,MED,MAX,MIN
-0.01,-0.009,0.124,-0.126,
-0.045,-0.036,0.027,-0.165,
-0.044,-0.038,0.115,-0.177,
0.008,0.011,0.119,-0.101,
-0.054,-0.064,0.08,-0.145,
-0.013,-0.009,0.061,-0.098,
-0.041,-0.042,0.11,-0.162,
-0.018,-0.018,0.067,-0.153,
-0.011,-0.016,0.072,-0.075,
0.049,0.045,0.212,-0.113,
0.026,0.022,0.166,-0.159,
0.072,0.071,0.19,-0.109,
0.001,0.004,0.203,-0.117,
0.125,0.136,0.263,-0.085,
-0.013,-0.023,0.091,-0.09,
-0.038,-0.046,0.094,-0.099,
0.111,0.133,0.291,-0.128,
0.014,0.009,0.224,-0.125,
0.089,0.072,0.312,-0.146,
0.09,0.089,0.257,-0.075,
0.003,0.002,0.129,-0.142,
0.167,0.171,0.34,-0.012,
0.06,0.065,0.262,-0.136,
0.024,0.025,0.132,-0.099,
-0.052,-0.053,0.033,-0.154,
-0.001,0.004,0.085,-0.083,
-0.009,-0.015,0.085,-0.094,
0.029,0.025,0.116,-0.04,
-0.021,-0.019,0.065,-0.12,
0.14,0.142,0.303,-0.033,
0.152,0.148,0.407,-0.073,
-0.065,-0.071,0.065,-0.158,
0.006,0.007,0.087,-0.092,
-0.034,-0.035,0.027,-0.088,
0.028,0.028,0.144,-0.065,
-0.009,-0.007,0.05,-0.081,
-0.011,-0.031,0.128,-0.103,
-0.044,-0.052,0.045,-0.11,
-0.004,0.003,0.11,-0.142,
-0.008,-0.01,0.079,-0.113,
-0.022,-0.013,0.065,-0.151,
0.075,0.066,0.243,-0.114,
0.009,0.005,0.079,-0.058,
0.089,0.092,0.273,-0.077,
0.147,0.15,0.292,-0.096,
0.011,0.006,0.147,-0.072,
0.036,0.041,0.164,-0.109,
0.096,0.092,0.219,-0.091,
-0.032,-0.03,0.067,-0.124,
0.156,0.161,0.26,-0.11,
0.07,0.071,0.15,-0.037,
-0.045,-0.05,0.062,-0.161,
-0.015,-0.018,0.061,-0.101,
0.073,0.076,0.261,-0.062,
-0.065,-0.071,0.106,-0.162,
0.047,0.058,0.146,-0.08,
0.149,0.15,0.318,-0.072,
-0.028,-0.033,0.205,-0.16,
-0.013,-0.017,0.102,-0.095,
-0.019,-0.025,0.045,-0.083,
-0.011,-0.012,0.065,-0.077,
0.009,0.007,0.08,-0.045,
-0.015,-0.018,0.102,-0.138,
-0.014,-0.016,0.202,-0.166,
-0.019,-0.018,0.065,-0.123,
-0.023,-0.028,0.066,-0.099,
0.17,0.188,0.361,-0.07,
-0.042,-0.04,0.043,-0.124,
0.18,0.193,0.27,-0.06,
0.049,0.052,0.236,-0.1,
0.049,0.05,0.125,-0.067,
0.035,0.024,0.158,-0.106,
-0.012,-0.01,0.069,-0.098,
-0.014,-0.005,0.083,-0.095,
0.047,0.052,0.195,-0.078,
0.013,0.01,0.128,-0.143,
-0.014,-0.013,0.094,-0.145,
0.006,0.009,0.129,-0.108,
-0.022,-0.025,0.07,-0.102,
-0.034,-0.035,0.157,-0.166,
-0.041,-0.043,0.096,-0.148,
0.117,0.111,0.277,-0.074,
0.091,0.08,0.249,-0.082,
-0.045,-0.048,0.08,-0.138,
-0.011,-0.015,0.062,-0.077,
0.027,0.031,0.165,-0.082,
0.04,0.037,0.16,-0.149,
-0.028,-0.036,0.081,-0.109,
0.125,0.155,0.426,-0.159,
0.013,0.003,0.147,-0.166,
0.053,0.043,0.212,-0.109,
-0.028,-0.025,0.031,-0.105,
-0.028,-0.036,0.099,-0.126,
-0.036,-0.036,0.082,-0.132,
0.325,0.356,0.418,0.073,
0.124,0.116,0.314,-0.1,
-0.007,-0.003,0.089,-0.102,
-0.027,-0.042,0.153,-0.146,
0.006,0.007,0.14,-0.101,
-0.008,-0.004,0.119,-0.13,
-0.022,-0.021,0.032,-0.103,
-0.002,-0.005,0.086,-0.078,
0.064,0.068,0.177,-0.076,
-0.007,-0.007,0.057,-0.068,
-0.001,0.002,0.143,-0.207,
0.052,0.05,0.203,-0.03,
0.052,0.054,0.167,-0.052,
0.001,0.001,0.177,-0.145,
0.023,0.009,0.255,-0.129,
-0.033,-0.036,0.046,-0.104,
0.266,0.284,0.377,-0.017,
0.04,0.051,0.165,-0.152,
-0.003,0.005,0.07,-0.08,
0.03,0.02,0.191,-0.107,
-0.019,-0.017,0.035,-0.073,
-0.025,-0.025,0.053,-0.129,
-0.024,-0.014,0.109,-0.161,
0.047,0.046,0.19,-0.061,
-0.068,-0.072,0.098,-0.183,
0.033,0.033,0.122,-0.082,
0.017,0.017,0.09,-0.067,
0.104,0.106,0.294,-0.11,
0.005,0.003,0.147,-0.071,
0.128,0.126,0.36,-0.066,
-0.001,0.005,0.105,-0.103,
0.068,0.07,0.232,-0.146,
-0.049,-0.052,0.053,-0.145,
-0.016,-0.019,0.1,-0.076,
-0.021,-0.028,0.089,-0.101,
-0.043,-0.042,0.058,-0.179,
-0.038,-0.031,0.062,-0.142,
0.056,0.064,0.153,-0.111,
-0.029,-0.029,0.078,-0.135,
-0.038,-0.032,0.087,-0.175,
-0.005,-0.012,0.096,-0.107,
-0.027,-0.029,0.037,-0.103,
0.013,0.01,0.172,-0.116,
-0.013,-0.013,0.172,-0.138,
0.08,0.076,0.32,-0.067,
0.004,0.009,0.084,-0.093,
0.074,0.057,0.236,-0.062,
-0.028,-0.029,0.051,-0.084,
-0.003,-0.007,0.151,-0.119,
0.01,0.017,0.13,-0.086,
0.081,0.08,0.166,-0.047,
-0.02,-0.018,0.042,-0.092,
0.021,0.023,0.098,-0.041,
-0.012,-0.01,0.076,-0.111,
0.02,0.019,0.151,-0.13,
0.094,0.082,0.376,-0.143,
0.031,0.027,0.135,-0.062,
0.031,0.03,0.168,-0.113,
0.189,0.216,0.362,-0.092,
0.034,0.036,0.125,-0.057,
-0.058,-0.054,0.035,-0.139,
0.051,0.043,0.182,-0.049,
-0.035,-0.028,0.046,-0.139,
0.013,0.007,0.138,-0.065,
-0.039,-0.039,0.075,-0.143,
0.182,0.176,0.429,-0.167,
-0.019,-0.022,0.112,-0.145,
0.097,0.114,0.271,-0.076,
-0.019,-0.019,0.062,-0.08,
-0.025,-0.022,0.133,-0.158,
0.013,0.018,0.166,-0.159,
0.083,0.107,0.252,-0.095,
-0.034,-0.034,0.056,-0.104,
-0.047,-0.044,0.052,-0.149,
0.018,0.012,0.19,-0.104,
0.017,0.021,0.123,-0.089,
-0.015,-0.004,0.063,-0.092,
-0.017,-0.023,0.113,-0.095,
-0.029,-0.029,0.059,-0.116,
0.092,0.101,0.228,-0.044,
-0.057,-0.051,0.038,-0.175,
0.021,0.021,0.107,-0.11,
-0.019,-0.021,0.115,-0.092,
-0.026,-0.027,0.025,-0.086,
-0.094,-0.105,-0.005,-0.163,
0.01,0.011,0.161,-0.122,
0,-0.009,0.245,-0.171,
-0.03,-0.032,0.051,-0.102,
0.007,0.008,0.158,-0.133,
0.025,0.019,0.119,-0.092,
0.012,0.015,0.087,-0.082,
-0.003,0.001,0.1,-0.11,
0.008,0.009,0.116,-0.099,
0.022,0.028,0.171,-0.129,
0.18,0.215,0.325,-0.07,
-0.018,-0.011,0.096,-0.113,
0.1,0.098,0.285,-0.074,
-0.026,-0.021,0.061,-0.085,
-0.018,-0.013,0.054,-0.078,
0.001,-0.004,0.086,-0.084,
-0.04,-0.037,0.082,-0.104,
0.181,0.176,0.401,-0.067,
-0.015,-0.016,0.075,-0.11,
-0.019,-0.015,0.105,-0.109,
-0.032,-0.041,0.072,-0.102,
0.116,0.115,0.334,-0.117,
-0.03,-0.031,0.022,-0.08,
-0.018,-0.021,0.082,-0.102,
0.328,0.358,0.472,0.038,
-0.033,-0.028,0.03,-0.143,
-0.016,-0.022,0.045,-0.069,
0.017,0.029,0.199,-0.1,
-0.004,0,0.125,-0.096,
0.046,0.037,0.18,-0.067,
-0.005,-0.011,0.143,-0.148,
-0.077,-0.072,0.007,-0.174,
-0.038,-0.043,0.075,-0.154,
-0.004,-0.009,0.181,-0.105,
0.003,0.007,0.104,-0.078,
-0.036,-0.042,0.123,-0.151,
0.025,0.032,0.106,-0.095,
-0.015,-0.005,0.037,-0.073,
-0.03,-0.034,0.07,-0.133,
0.004,0.012,0.189,-0.101,
0.028,0.032,0.139,-0.152,
0.233,0.216,0.44,-0.055,
0.003,0.004,0.091,-0.074,
-0.027,-0.029,0.07,-0.12,
0.024,0.021,0.216,-0.11,
-0.009,-0.015,0.059,-0.1,
0.011,0.007,0.104,-0.063,
0.061,0.056,0.24,-0.104,
-0.012,-0.026,0.083,-0.105,
0.122,0.115,0.344,-0.065,
0.01,0.011,0.132,-0.077,
-0.01,-0.018,0.099,-0.167,
-0.01,-0.028,0.15,-0.131,
-0.017,-0.011,0.061,-0.111,
-0.03,-0.029,0.042,-0.103,
0.067,0.062,0.222,-0.073,
0.095,0.085,0.287,-0.071,
-0.011,-0.02,0.143,-0.124,
0.114,0.12,0.252,-0.071,
-0.005,-0.007,0.097,-0.093,
-0.034,-0.035,0.061,-0.099,
0.069,0.074,0.202,-0.272,
0.007,0,0.137,-0.082,
0.026,0.051,0.187,-0.122,
0.067,0.061,0.198,-0.035,
-0,0.001,0.141,-0.136,
0.034,0.034,0.171,-0.087,
-0.06,-0.065,0.127,-0.151,
0.129,0.138,0.332,-0.093,
-0.002,0.002,0.101,-0.066,
0.029,0.026,0.139,-0.077,
0.003,0.009,0.117,-0.123,
0.054,0.061,0.142,-0.063,
-0.041,-0.042,0.043,-0.113,
0.029,0.039,0.227,-0.164,
-0.04,-0.039,0.109,-0.146,
0.07,0.061,0.204,-0.077,
0.076,0.08,0.162,-0.068,
0.046,0.062,0.258,-0.086,
-0.069,-0.079,0.117,-0.156,
0.106,0.098,0.268,-0.058,
-0.005,-0.008,0.115,-0.08,
-0.041,-0.042,0.031,-0.126,
-0.023,-0.021,0.093,-0.134,
0.01,-0.003,0.153,-0.096,
-0.017,-0.018,0.042,-0.083,
-0.075,-0.076,0.044,-0.171,
0.051,0.028,0.304,-0.172,
0.014,0.012,0.117,-0.129,
0.049,0.049,0.156,-0.044,
0.124,0.136,0.231,-0.027,
0.073,0.081,0.254,-0.146,
0.112,0.121,0.266,-0.037,
0.195,0.198,0.286,0.018,
0.162,0.165,0.343,-0.061,
0.109,0.125,0.268,-0.125,
0.216,0.229,0.349,0.017,
0.101,0.103,0.275,-0.083,
0.024,0.032,0.187,-0.124,
0.168,0.178,0.262,-0.02,
0.16,0.164,0.334,-0.043,
0.106,0.113,0.278,-0.029,
0.125,0.122,0.279,-0.131,
0.045,0.054,0.17,-0.172,
0.083,0.09,0.197,-0.094,
0.164,0.163,0.317,-0.002,
0.203,0.231,0.325,-0.068,
0.055,0.044,0.241,-0.118,
0.161,0.167,0.391,-0.06,
0.081,0.085,0.239,-0.062,
0.152,0.151,0.347,-0.003,
0.127,0.132,0.225,-0.04,
0.06,0.057,0.239,-0.03,
0.019,0.03,0.139,-0.124,
0.137,0.138,0.276,-0.048,
0.112,0.116,0.238,-0.011,
0.084,0.091,0.211,-0.113,
0.061,0.067,0.211,-0.128,
0.103,0.112,0.285,-0.045,
0.172,0.187,0.301,-0.057,
0.127,0.13,0.347,-0.039,
0.193,0.198,0.281,-0.013,
0.134,0.14,0.273,-0.047,
0.056,0.051,0.192,-0.1,
0.04,0.037,0.133,-0.082,
0.128,0.123,0.275,-0.112,
0.141,0.146,0.268,-0.069,
0.147,0.143,0.278,-0.035,
0.035,0.035,0.2,-0.104,
0.14,0.142,0.309,-0.064,
0.09,0.091,0.205,-0.081,
0.165,0.187,0.288,-0.22,
0.069,0.066,0.176,-0.019,
0.16,0.15,0.345,0.043,
0.125,0.122,0.297,-0.084,
0.187,0.202,0.299,-0.081,
0.13,0.123,0.247,-0.02,
0.06,0.069,0.177,-0.048,
0.177,0.188,0.324,-0.126,
0.189,0.195,0.304,0.032,
0.068,0.076,0.179,-0.096,
0.153,0.168,0.256,-0.024,
0.115,0.123,0.273,-0.092,
0.084,0.104,0.171,-0.135,
0.138,0.146,0.265,-0.015,
0.1,0.113,0.198,-0.045,
0.18,0.191,0.405,-0.099,
0.139,0.138,0.297,0.002,
0.119,0.129,0.266,-0.003,
0.135,0.142,0.272,-0.067,
0.119,0.128,0.228,-0.031,
0.06,0.055,0.202,-0.071,
0.229,0.24,0.374,-0.049,
0.033,0.035,0.125,-0.111,
0.203,0.196,0.342,-0.03,
0.103,0.117,0.255,-0.087,
0.09,0.097,0.236,-0.048,
0.138,0.152,0.344,-0.137,
0.173,0.19,0.265,-0.017,
0.139,0.151,0.335,-0.113,
0.054,0.058,0.175,-0.07,
0.108,0.11,0.259,-0.06,
0.084,0.077,0.196,-0.016,
0.211,0.194,0.44,0.081,
0.111,0.121,0.237,-0.033,
0.131,0.14,0.278,-0.018,
0.249,0.253,0.444,0.051,
0.05,0.052,0.205,-0.07,
0.155,0.159,0.273,-0.006,
0.126,0.124,0.229,-0.07,
0.111,0.118,0.211,-0.079,
0.093,0.102,0.178,-0.032,
0.236,0.235,0.398,0.068,
0.195,0.198,0.294,-0.03,
0.141,0.155,0.278,-0.134,
0.139,0.148,0.269,-0.04,
0.074,0.079,0.211,-0.131,
0.148,0.143,0.277,-0.026,
0.105,0.129,0.257,-0.136,
0.119,0.134,0.228,-0.059,
0.119,0.113,0.29,-0.089,
0.127,0.134,0.276,-0.008,
0.077,0.085,0.189,-0.067,
0.122,0.122,0.235,-0.002,
0.134,0.134,0.272,-0.045,
0.142,0.142,0.343,-0.032,
0.126,0.123,0.221,0,
0.131,0.138,0.235,-0.015,
0.221,0.231,0.325,-0.007,
0.059,0.057,0.226,-0.07,
0.031,0.041,0.216,-0.242,
0.108,0.108,0.253,-0.038,
0.145,0.15,0.307,-0.025,
0.075,0.082,0.161,-0.121,
0.103,0.105,0.246,-0.028,
0.097,0.108,0.25,-0.081,
0.115,0.122,0.255,-0.024,
0.166,0.162,0.282,-0.112,
0.06,0.055,0.164,-0.068,
0.173,0.184,0.307,0.019,
0.165,0.173,0.32,-0.005,
0.142,0.142,0.325,-0.062,
0.152,0.176,0.256,-0.052,
0.089,0.095,0.266,-0.093,
0.162,0.174,0.334,-0.009,
0.062,0.074,0.197,-0.106,
0.125,0.126,0.228,0.009,
0.205,0.208,0.313,-0.028,
0.061,0.066,0.233,-0.062,
0.139,0.148,0.378,-0.047,
0.117,0.126,0.237,-0.068,
0.261,0.272,0.411,-0.043,
0.048,0.046,0.255,-0.184,
0.143,0.131,0.355,-0.121,
0.077,0.099,0.198,-0.108,
0.041,0.041,0.173,-0.094,
0.156,0.153,0.257,-0.041,
0.126,0.135,0.241,-0.053,
0.181,0.189,0.288,-0.046,
0.103,0.112,0.259,-0.07,
0.105,0.108,0.227,-0.043,
0.11,0.098,0.316,-0.037,
0.104,0.116,0.254,-0.142,
0.165,0.16,0.347,-0.088,
0.073,0.072,0.3,-0.175,
0.129,0.145,0.233,0,
0.125,0.132,0.325,-0.047,
0.22,0.219,0.369,-0.026,
0.12,0.116,0.296,0.002,
0.101,0.107,0.217,-0.026,
0.175,0.174,0.335,-0.023,
0.111,0.116,0.256,-0.005,
0.128,0.136,0.297,-0.073,
0.2,0.22,0.34,-0.091,
0.067,0.066,0.211,-0.107,
0.256,0.272,0.358,0.031,
0.092,0.101,0.211,-0.056,
0.107,0.102,0.323,-0.11,
0.21,0.204,0.377,0.001,
0.172,0.166,0.346,-0.043,
0.092,0.09,0.214,-0.051,
0.138,0.134,0.248,-0.03,
0.128,0.138,0.241,-0.005,
-0.01,0.001,0.159,-0.216,
0.062,0.057,0.17,-0.102,
0.225,0.236,0.307,-0.037,
0.193,0.198,0.36,-0.014,
0.127,0.135,0.279,-0.093,
0.166,0.16,0.286,0.022,
0.07,0.067,0.226,-0.035,
0.25,0.258,0.395,-0.054,
0.116,0.124,0.284,-0.129,
0.175,0.178,0.32,0.01,
0.131,0.134,0.296,-0.048,
0.187,0.2,0.333,-0.046,
0.133,0.132,0.261,0.007,
0.102,0.106,0.224,-0.008,
0.117,0.119,0.255,0.02,
0.089,0.085,0.207,-0.034,
0.088,0.094,0.201,-0.05,
0.162,0.166,0.301,-0.062,
0.137,0.145,0.239,-0.023,
0.125,0.135,0.233,-0.031,
0.104,0.1,0.205,-0.02,
0.101,0.102,0.23,-0.003,
0.146,0.154,0.256,-0.058,
0.164,0.16,0.306,-0.124,
0.042,0.048,0.145,-0.176,
0.111,0.107,0.233,0.011,
0.106,0.113,0.237,-0.036,
0.118,0.121,0.268,-0.034,
0.108,0.108,0.225,-0.061,
0.153,0.161,0.244,0.024,
0.166,0.161,0.344,-0.01,
0.157,0.14,0.297,0.014,
0.074,0.065,0.232,-0.066,
0.088,0.097,0.266,-0.08,
0.148,0.155,0.303,-0.056,
0.163,0.169,0.256,0.012,
0.128,0.141,0.228,-0.059,
0.092,0.103,0.228,-0.093,
0.221,0.226,0.361,0.007,
-0.049,-0.052,0.043,-0.144,
-0.023,-0.03,0.13,-0.148,
0.038,0.029,0.203,-0.081,
-0.029,-0.027,0.045,-0.089,
0.069,0.078,0.231,-0.058,
-0.028,-0.041,0.114,-0.101,
-0.003,-0.001,0.065,-0.067,
-0.018,-0.02,0.044,-0.085,
0.113,0.117,0.269,-0.085,
-0.02,-0.026,0.084,-0.083,
-0.08,-0.083,0.017,-0.178,
-0.008,-0.014,0.09,-0.131,
0.019,0.018,0.159,-0.105,
-0.036,-0.04,0.049,-0.14,
-0.013,-0.019,0.169,-0.166,
0.013,0.014,0.22,-0.154,
0.146,0.157,0.291,-0.135,
-0.023,-0.023,0.094,-0.149,
0.151,0.169,0.281,-0.084,
0.15,0.168,0.278,-0.076,
0.06,0.064,0.203,-0.075,
0.097,0.106,0.198,-0.045,
0.102,0.108,0.241,-0.073,
0.125,0.126,0.262,-0.064,
-0.005,0,0.132,-0.112,
0.015,0.016,0.099,-0.083,
-0.004,-0.018,0.157,-0.094,
0.067,0.058,0.24,-0.065,
-0.037,-0.038,0.049,-0.1,
0.063,0.077,0.211,-0.175,
0.065,0.057,0.399,-0.117,
-0.021,-0.019,0.179,-0.164,
0.123,0.135,0.288,-0.088,
0.191,0.201,0.313,-0.024,
0.074,0.08,0.174,-0.058,
0.119,0.119,0.323,-0.105,
0.082,0.075,0.22,-0.096,
0.136,0.14,0.265,-0.123,
0.177,0.17,0.358,-0.088,
0.087,0.09,0.208,-0.052,


0.085,0.078,0.235,-0.049,
0.082,0.072,0.18,-0.022,
-0.055,-0.054,0.025,-0.212,
0.163,0.168,0.218,0.072,
-0.021,-0.025,0.061,-0.077,
0.011,0.011,0.065,-0.033,
-0.033,-0.036,0.061,-0.106,
-0.011,-0.013,0.085,-0.124,
0.009,0.01,0.093,-0.072,
-0.059,-0.064,0.092,-0.154,
0.089,0.106,0.159,-0.051,
0.022,0.029,0.09,-0.085,
0.074,0.08,0.133,-0.052,
0.004,0.001,0.2,-0.112,
0.043,0.044,0.072,0.005,
0.007,0.005,0.083,-0.031,
-0.142,-0.179,0.086,-0.334,
0.028,0.031,0.15,-0.108,
-0.12,-0.12,0.061,-0.262,
0.058,0.062,0.201,-0.027,
0.012,0.021,0.109,-0.129,
-0.065,-0.061,0.092,-0.184,
-0.11,-0.109,-0.004,-0.219,
0.144,0.143,0.231,0.049,
0.007,0.007,0.085,-0.066,
0.042,0.042,0.08,0,
0.056,0.058,0.107,0.005,
0.163,0.16,0.221,0.099,
0.011,0.015,0.084,-0.07,
0.078,0.093,0.186,-0.092,
-0.171,-0.177,0,-0.299,
-0.066,-0.07,0.054,-0.15,
0.061,0.059,0.158,-0.028,
0.069,0.069,0.107,0.003,
0.027,0.034,0.077,-0.053,
-0.014,-0.015,0.019,-0.056,
0.015,0.028,0.113,-0.12,
0.129,0.136,0.169,0.084,
0.08,0.077,0.137,0.012,
-0.038,-0.039,0.014,-0.063,
-0.011,-0.008,0.089,-0.13,
-0.126,-0.136,0.031,-0.286,
0.113,0.106,0.181,0.052,
-0.031,-0.027,0.092,-0.228,
-0.153,-0.171,0.035,-0.285,
0.121,0.131,0.161,0.03,
-0.04,-0.038,0.055,-0.147,
-0.101,-0.104,0.091,-0.183,
0.066,0.057,0.171,0.004,
-0.12,-0.125,0.119,-0.238,
0.182,0.182,0.27,0.098,
-0.024,-0.019,0.024,-0.114,
0.017,0.021,0.054,-0.052,
-0.057,-0.057,0.083,-0.181,
-0.069,-0.097,0.03,-0.126,
0.011,0.002,0.133,-0.098,
-0.069,-0.063,0.167,-0.21,
0.003,0.004,0.047,-0.072,
-0.025,-0.026,0.063,-0.08,
0.073,0.076,0.143,0.022,
0.084,0.087,0.124,0.006,
0.058,0.056,0.111,0.006,
0.095,0.09,0.149,0.032,
-0.051,-0.06,0.063,-0.189,
0.063,0.065,0.133,-0.049,
0.018,0.012,0.081,-0.035,
-0.109,-0.107,0.127,-0.301,
-0.029,-0.027,0.046,-0.087,
-0.024,-0.024,0.146,-0.171,
0.051,0.064,0.161,-0.108,
0.009,0.013,0.152,-0.162,
0.031,0.038,0.117,-0.081,
0.015,0.021,0.079,-0.076,
0.045,0.042,0.098,-0.003,
-0.043,-0.034,0.11,-0.183,
0.009,0.005,0.084,-0.071,
0.012,0.013,0.059,-0.061,
0.104,0.103,0.162,0.049,
0.038,0.036,0.096,-0.013,
-0.033,-0.039,0.075,-0.148,
0.076,0.073,0.155,0.017,
-0.023,-0.015,0.113,-0.194,
-0.062,-0.052,0.116,-0.284,
0.062,0.069,0.158,-0.11,
0.133,0.134,0.164,0.086,
-0.046,-0.046,0.056,-0.157,
-0.088,-0.073,0.067,-0.256,
0.041,0.036,0.13,-0.031,
-0.152,-0.164,0.008,-0.303,
0.025,0.021,0.141,-0.103,
0.033,0.048,0.188,-0.188,
0.05,0.052,0.08,0.009,
0.024,0.026,0.102,-0.062,
0.085,0.081,0.171,0.026,
-0.36,-0.392,0,-0.424,
-0.012,-0.007,0.183,-0.226,
0.057,0.061,0.127,0.008,
0.075,0.095,0.163,-0.116,
-0.01,-0.013,0.052,-0.064,
0.12,0.125,0.194,0.028,
-0.014,-0.017,0.068,-0.089,
0.029,0.029,0.08,-0.048,
0.037,0.03,0.146,-0.062,
0.164,0.166,0.203,0.129,
-0.03,-0.02,0.078,-0.239,
-0.001,-0.004,0.109,-0.158,
-0.02,-0.017,0.063,-0.083,
0.052,0.052,0.169,-0.044,
-0.057,-0.055,0.196,-0.253,
-0.009,-0.01,0.049,-0.044,
-0.317,-0.33,0,-0.356,
0.073,0.075,0.153,-0.002,
0.015,0.018,0.07,-0.042,
-0.072,-0.072,0.064,-0.179,
-0.036,-0.042,0.006,-0.098,
0.047,0.043,0.094,0.015,
0.109,0.115,0.178,0.047,
0.124,0.123,0.194,0.061,
0.121,0.134,0.219,-0.031,
0.096,0.102,0.18,0.015,
0.171,0.17,0.231,0.078,
-0.058,-0.042,0.077,-0.216,
-0.092,-0.108,0.05,-0.24,
-0.108,-0.102,0.039,-0.247,
-0.013,-0.013,0.111,-0.096,
-0.166,-0.174,0.014,-0.3,
0.006,0.004,0.095,-0.054,
0.087,0.085,0.137,0.049,
0.036,0.036,0.06,0.014,
-0.099,-0.104,0.06,-0.189,
-0.011,-0.007,0.041,-0.048,
0.028,0.035,0.12,-0.083,
-0.051,-0.052,-0.012,-0.101,
-0.003,-0.004,0.051,-0.097,
0.046,0.042,0.103,0.017,
-0.009,-0.009,0.053,-0.051,
0.02,0.02,0.135,-0.069,
-0.005,0.003,0.08,-0.098,
-0.036,-0.029,0.154,-0.261,
0.01,0.013,0.05,-0.06,
0.096,0.103,0.186,-0.045,
0.056,0.058,0.111,0.016,
0.059,0.069,0.131,-0.053,
0.129,0.135,0.187,0.046,
0.072,0.075,0.171,-0.029,
-0.005,-0.004,0.051,-0.084,
0.038,0.035,0.13,-0.064,
0.042,0.044,0.121,-0.029,
0.028,0.023,0.179,-0.069,
-0.052,-0.046,0.082,-0.204,
0.047,0.042,0.105,-0.014,
-0.033,-0.037,0.086,-0.152,
-0.229,-0.238,0,-0.375,
0.001,-0.001,0.07,-0.074,
-0.014,-0.016,0.054,-0.061,
0.01,0.013,0.105,-0.083,
-0.058,-0.064,0.017,-0.136,
0.091,0.092,0.168,-0.014,
0.002,0,0.071,-0.054,
-0.296,-0.306,0,-0.383,
-0.028,-0.025,0.027,-0.101,
-0.137,-0.134,0.005,-0.29,
0.072,0.071,0.137,0.045,
0.017,0.014,0.142,-0.104,
0.036,0.042,0.13,-0.09,
-0.094,-0.092,0.066,-0.296,
0.177,0.177,0.222,0.135,
-0.013,-0.019,0.066,-0.048,
-0.03,-0.026,0.052,-0.224,
-0.038,-0.033,0.054,-0.107,
0.066,0.071,0.118,0.019,
0.014,0.013,0.044,-0.025,
0.092,0.093,0.154,-0.003,
-0.053,-0.055,0.059,-0.177,
0.017,0.022,0.091,-0.043,
-0.06,-0.067,0.018,-0.121,
-0.04,-0.044,0.062,-0.161,
0.048,0.05,0.081,-0.012,
0.05,0.066,0.096,-0.036,
0.091,0.093,0.137,0.042,
-0.072,-0.07,0.056,-0.249,
0.062,0.061,0.109,-0.012,
-0.025,-0.028,0.077,-0.149,
-0.039,-0.041,0.032,-0.114,
-0.02,-0.019,0.044,-0.068,
0.048,0.046,0.126,-0.03,
0.103,0.099,0.182,0.058,
0.024,0.028,0.127,-0.046,
-0.23,-0.266,0.001,-0.321,
0.001,-0.004,0.07,-0.033,
-0.165,-0.174,0.081,-0.33,
0.068,0.072,0.104,-0.025,
0.023,0.024,0.061,-0.015,
0.172,0.173,0.24,0.104,
0.051,0.055,0.168,-0.111,
-0.178,-0.181,0.045,-0.375,
-0.009,-0.011,0.112,-0.082,
0.086,0.087,0.168,0.016,
0.027,0.028,0.053,0.001,
-0.128,-0.136,0.047,-0.294,
0.054,0.051,0.102,0.015,
-0.041,-0.044,0.037,-0.105,
-0.404,-0.436,0,-0.483,
0.075,0.071,0.163,-0.003,
0.107,0.107,0.188,0.007,
0.009,0.007,0.082,-0.075,
0.003,-0.003,0.119,-0.075,
0.116,0.121,0.186,0.047,
-0.015,-0.021,0.066,-0.054,
0.063,0.059,0.148,-0.034,
0.065,0.066,0.13,-0.004,
0.1,0.101,0.147,0.033,
0.117,0.113,0.2,0.016,
0.164,0.165,0.227,0.091,
0.098,0.104,0.139,0.041,
0.051,0.052,0.085,0.015,
-0.049,-0.052,-0.007,-0.098,
-0.073,-0.077,0.06,-0.236,
-0.063,-0.067,0.026,-0.162,
-0.283,-0.295,0,-0.365,
0.032,0.034,0.112,-0.062,
-0.006,0.007,0.08,-0.135,
0.067,0.069,0.178,-0.049,
0.148,0.152,0.212,0.091,
-0.01,-0.013,0.041,-0.048,
-0.025,-0.026,0.094,-0.171,
0.003,0.003,0.052,-0.032,
-0.144,-0.143,0.046,-0.25,
0.078,0.077,0.167,-0.022,
0.003,-0,0.064,-0.074,
0.076,0.081,0.164,-0.009,
-0.033,-0.04,0.129,-0.136,
0.096,0.096,0.157,0.052,
-0.081,-0.068,0.033,-0.206,
-0.007,0.011,0.108,-0.189,
0.149,0.158,0.203,0.022,
0.02,0.051,0.225,-0.175,
-0.025,-0.031,0.087,-0.075,
0.002,0,0.083,-0.032,
-0.099,-0.102,0.078,-0.307,
0.118,0.117,0.167,0.068,
-0.076,-0.083,0.115,-0.163,
-0.103,-0.109,0.021,-0.187,
0.016,0.018,0.072,-0.042,
0.17,0.171,0.252,0.079,
-0.04,-0.036,0.065,-0.143,
-0.152,-0.151,0.013,-0.313,
0.081,0.086,0.134,0.012,
-0.107,-0.107,0.014,-0.214,
0.027,0.025,0.07,-0.035,
-0.028,-0.027,0.067,-0.133,
-0.029,-0.028,0.03,-0.069,
-0.074,-0.088,0.1,-0.224,
-0.019,-0.021,0.066,-0.072,
0.038,0.04,0.105,-0.085,
0.055,0.057,0.149,-0.069,
0.064,0.083,0.162,-0.116,
0.018,0.033,0.077,-0.057,
0.057,0.059,0.203,-0.051,
-0.012,-0.009,0.061,-0.1,
0.094,0.1,0.182,-0.017,
0.071,0.067,0.153,-0.048,
0.089,0.098,0.178,0,
0.048,0.045,0.106,0.007,
0.049,0.038,0.135,-0.06,
-0.038,0.007,0.186,-0.278,
0.089,0.093,0.143,-0.006,
0.091,0.09,0.179,-0.012,
-0.027,-0.034,0.087,-0.102,
-0.142,-0.153,0.017,-0.272,
-0.057,-0.069,0.141,-0.144,
-0.035,-0.042,0.127,-0.154,
-0.171,-0.173,0.019,-0.271,
-0.138,-0.153,0.053,-0.298,
-0.129,-0.139,0.084,-0.245,
-0.097,-0.105,0.086,-0.292,
-0.092,-0.092,0.016,-0.2,
-0.117,-0.128,0.087,-0.198,
-0.119,-0.128,0.155,-0.248,
-0.09,-0.1,0.05,-0.179,
-0.105,-0.098,0.055,-0.209,
-0.085,-0.091,0.04,-0.233,
-0.151,-0.148,0.032,-0.318,
-0.081,-0.087,0.122,-0.198,
-0.179,-0.189,0.073,-0.256,
-0.155,-0.163,0.022,-0.295,
-0.253,-0.257,0,-0.301,
-0.156,-0.167,-0.006,-0.276,
-0.147,-0.149,0.035,-0.249,
-0.074,-0.083,0.127,-0.198,
-0.084,-0.087,0.047,-0.234,
-0.094,-0.089,-0.022,-0.165,
-0.103,-0.105,0.034,-0.183,
-0.102,-0.107,0.04,-0.215,
-0.148,-0.157,0.068,-0.276,
-0.044,-0.051,0.096,-0.159,
0.013,0.027,0.166,-0.161,
-0.2,-0.202,0.02,-0.318,
-0.02,-0.022,0.16,-0.181,
-0.067,-0.07,0.136,-0.151,
-0.154,-0.161,0.029,-0.26,
-0.021,-0.017,0.106,-0.139,
-0.09,-0.096,0.003,-0.188,
0.005,-0.007,0.177,-0.13,
-0.082,-0.092,0.1,-0.218,
-0.163,-0.175,0.064,-0.336,
-0.051,-0.057,0.06,-0.136,
-0.102,-0.116,0.131,-0.224,
-0.137,-0.141,0.013,-0.252,
-0.231,-0.245,0.022,-0.366,
-0.154,-0.16,-0.015,-0.246,
-0.18,-0.193,-0.004,-0.273,
-0.147,-0.149,0.11,-0.242,
-0.042,-0.044,0.145,-0.201,
-0.124,-0.13,0.046,-0.256,
-0.072,-0.071,0.024,-0.204,
-0.095,-0.103,0.109,-0.226,
-0.184,-0.186,0.031,-0.263,
-0.168,-0.179,0.002,-0.262,
-0.072,-0.076,0.106,-0.214,
-0.136,-0.147,0.07,-0.299,
-0.125,-0.131,0.09,-0.208,
-0.1,-0.106,0.059,-0.205,
-0.116,-0.122,0.062,-0.242,
-0.143,-0.153,0.114,-0.237,
-0.123,-0.127,0.044,-0.28,
-0.039,-0.045,0.087,-0.141,
-0.118,-0.126,0.074,-0.224,
-0.119,-0.133,0.074,-0.186,
0.01,0.011,0.102,-0.092,
-0.237,-0.24,0,-0.322,
-0.106,-0.097,-0.052,-0.18,
-0.126,-0.121,0.058,-0.24,
-0.079,-0.075,0.103,-0.2,
-0.033,-0.037,0.095,-0.147,
-0.086,-0.092,0.079,-0.275,
0.044,0.045,0.267,-0.066,
-0.153,-0.162,0.087,-0.283,
-0.087,-0.099,0.014,-0.18,
-0.125,-0.126,0.013,-0.206,
-0.024,-0.03,0.13,-0.171,
-0.073,-0.077,0.061,-0.227,
-0.065,-0.06,0.046,-0.167,
-0.097,-0.085,0.055,-0.255,
-0.056,-0.074,0.174,-0.207,
-0.096,-0.102,0.069,-0.237,
-0.064,-0.065,0.116,-0.207,
-0.011,-0.013,0.112,-0.087,
-0.178,-0.187,-0.025,-0.278,
-0.107,-0.113,0.04,-0.216,
-0.087,-0.1,0.196,-0.272,
-0.138,-0.141,0.046,-0.232,
-0.155,-0.159,0.099,-0.267,
-0.014,-0.009,0.141,-0.155,
-0.225,-0.227,-0.1,-0.352,
-0.124,-0.135,0.056,-0.231,
-0.141,-0.155,0.072,-0.303,
-0.103,-0.106,0.059,-0.206,
-0.055,-0.054,0.136,-0.182,
-0.094,-0.098,0.069,-0.197,
-0.15,-0.158,-0.037,-0.211,
-0.063,-0.064,0.075,-0.185,
-0.015,-0.018,0.147,-0.16,
-0.227,-0.224,0.002,-0.414,
0.011,0.014,0.14,-0.122,
-0.11,-0.12,0.061,-0.203,
-0.15,-0.165,0.103,-0.3,
0.002,0.004,0.105,-0.119,
-0.052,-0.059,0.129,-0.186,
-0.102,-0.11,0.068,-0.217,
-0.056,-0.057,0.148,-0.227,
0.021,0.029,0.127,-0.133,
-0.081,-0.087,0.066,-0.205,
-0.089,-0.1,0.111,-0.227,
-0.161,-0.163,-0.049,-0.288,
-0.11,-0.115,0.108,-0.23,
-0.15,-0.152,0.025,-0.246,
-0.143,-0.141,0.073,-0.242,
0.036,0.031,0.164,-0.112,
-0.145,-0.157,0.11,-0.281,
-0.108,-0.112,0.102,-0.249,
-0.048,-0.05,0.071,-0.159,
-0.122,-0.124,0.067,-0.271,
-0.036,-0.03,0.155,-0.184,
-0.124,-0.126,-0.018,-0.204,
-0.169,-0.17,-0.029,-0.317,
0.01,0.005,0.126,-0.085,
-0.179,-0.191,0.057,-0.359,
-0.144,-0.148,0.02,-0.27,
-0.275,-0.294,0,-0.348,
0.078,0.077,0.261,-0.165,
-0.108,-0.111,0.068,-0.274,
-0.042,-0.045,0.073,-0.143,
-0.028,-0.029,0.061,-0.131,
-0.166,-0.166,-0.049,-0.26,
0.03,0.032,0.167,-0.083,
-0.022,-0.036,0.247,-0.148,
-0.063,-0.066,0.094,-0.169,
-0.122,-0.126,0.08,-0.278,
-0.074,-0.079,0.053,-0.253,
-0.082,-0.091,0.062,-0.23,
-0.145,-0.155,0.136,-0.315,
0.039,0.06,0.191,-0.137,
-0.022,-0.023,0.131,-0.143,
-0.123,-0.129,0.039,-0.197,
-0.195,-0.197,0.04,-0.283,
-0.142,-0.149,0,-0.236,
-0.137,-0.14,-0.006,-0.205,
-0.141,-0.154,0.098,-0.257,
-0.075,-0.089,0.082,-0.196,
-0.138,-0.145,0.012,-0.254,
-0.152,-0.159,0.068,-0.317,
-0.054,-0.056,0.063,-0.169,
-0.022,-0.025,0.099,-0.127,
-0.114,-0.114,-0.023,-0.22,
-0.169,-0.162,-0.004,-0.323,
-0.086,-0.097,0.142,-0.194,
-0.156,-0.16,0.097,-0.293,
-0.027,-0.029,0.125,-0.125,
-0.129,-0.125,0.02,-0.224,
-0.113,-0.113,0.031,-0.213,
-0.069,-0.066,0.034,-0.183,
-0.091,-0.101,0.071,-0.21,
-0.199,-0.206,0.023,-0.284,
-0.187,-0.201,0.083,-0.312,
-0.128,-0.13,0.062,-0.226,
-0.012,-0.017,0.188,-0.137,
-0.066,-0.067,0.036,-0.226,
-0.213,-0.217,0.011,-0.335,
-0.134,-0.139,0.044,-0.251,
-0.071,-0.077,0.116,-0.184,
-0.093,-0.102,0.094,-0.275,
-0.155,-0.168,0.098,-0.235,
-0.022,-0.025,0.148,-0.152,
-0.101,-0.102,0.058,-0.184,
-0.023,-0.022,0.113,-0.131,
-0.07,-0.074,0.116,-0.179,
0.011,0.009,0.154,-0.115,
-0.205,-0.211,-0.032,-0.272,
-0.087,-0.088,0.076,-0.189,
-0.062,-0.075,0.079,-0.149,
-0.112,-0.117,0.026,-0.22,
0.02,0.007,0.214,-0.111,
-0.17,-0.178,0,-0.279,
-0.177,-0.175,0,-0.338,
-0.097,-0.098,0.091,-0.211,
-0.064,-0.072,0.073,-0.156,
-0.126,-0.137,0.053,-0.249,
-0.124,-0.122,0.017,-0.225,
-0.119,-0.116,0.04,-0.231,
-0.059,-0.055,0.094,-0.136,
-0.149,-0.155,0.012,-0.289,
-0.128,-0.125,0.108,-0.224,
-0.125,-0.129,0.019,-0.214,
-0.038,-0.045,0.097,-0.151,
-0.047,-0.059,0.123,-0.159,
-0.017,-0.03,0.182,-0.084,
-0.137,-0.145,0.075,-0.273,
-0.005,-0.009,0.105,-0.111,
-0.224,-0.234,0,-0.32,
0.004,0.009,0.055,-0.067,
-0.018,-0.021,0.052,-0.1,
0.116,0.12,0.19,-0.046,
0.006,0.006,0.045,-0.035,
-0.12,-0.115,-0.024,-0.234,
-0.108,-0.119,0.027,-0.187,
0.055,0.053,0.091,0.03,
0.002,0.004,0.042,-0.028,
-0.134,-0.139,0.059,-0.248,
0.135,0.135,0.174,0.082,
0.085,0.092,0.174,-0.006,
-0.055,-0.056,0.029,-0.13,
0.039,0.043,0.107,-0.025,
0.014,0.018,0.044,-0.041,
-0.029,-0.015,0.032,-0.191,
-0.007,-0.013,0.135,-0.14,
-0.203,-0.213,0.035,-0.316,
0.001,-0.004,0.077,-0.063,
0.038,0.021,0.247,-0.115,
-0.076,-0.079,0.086,-0.211,
-0.085,-0.086,0.009,-0.175,
-0.043,-0.042,0.07,-0.157,
-0.031,-0.031,0.088,-0.123,
-0.051,-0.063,0.138,-0.196,
0.113,0.106,0.182,0.068,
-0.007,-0.007,0.043,-0.051,
0.032,0.036,0.088,-0.033,
-0.002,-0.007,0.115,-0.086,
-0.061,-0.055,-0.021,-0.187,
-0.09,-0.089,0.107,-0.229,
-0.019,-0.019,0.159,-0.212,
0.069,0.077,0.179,-0.044,
0.105,0.108,0.235,-0.067,
-0.146,-0.154,0.039,-0.261,
-0.122,-0.127,-0.018,-0.233,
-0.082,-0.071,0.055,-0.203,
-0.011,-0.014,0.103,-0.1,
-0.141,-0.147,0.038,-0.278,
-0.187,-0.199,0.009,-0.294,
-0.077,-0.08,0.066,-0.19,




Further Data analysis of all test cases 
avg med max min 
AVGs,0.063,0.06,0.328,-0.094,
MEDs,0.064,0.057,0.358,-0.105,
MAXs,0.196,0.201,0.472,-0.005,
MINs,-0.086,-0.086,0.081,-0.272,


AVGs,-0.037,-0.032,0.182,-0.404,
MEDs,-0.039,-0.031,0.182,-0.436,
MAXs,0.091,0.084,0.27,-0.1,
MINs,-0.142,-0.148,0.135,-0.483,



