

Data analysis for each instance 
AVG,MED,MAX,MIN
0.027,0.015,0.237,-0.201,
-0.086,-0.085,0.064,-0.24,
-0.042,-0.048,0.229,-0.314,
0.023,0.023,0.219,-0.154,
-0.036,-0.038,0.157,-0.215,
-0.022,-0.016,0.167,-0.185,
-0.078,-0.075,0.152,-0.25,
-0.04,-0.052,0.121,-0.211,
-0.063,-0.061,0.109,-0.246,
0.045,0.053,0.29,-0.16,
0.061,0.067,0.37,-0.2,
0.046,0.064,0.305,-0.113,
0.019,0.025,0.174,-0.132,
0.12,0.106,0.388,-0.141,
-0.02,-0.014,0.144,-0.209,
-0.042,-0.041,0.123,-0.192,
0.132,0.122,0.503,-0.169,
-0.018,-0.046,0.29,-0.278,
0.084,0.067,0.421,-0.203,
0.088,0.089,0.411,-0.179,
-0.021,-0.017,0.246,-0.216,
0.149,0.157,0.354,-0.097,
0.003,0.015,0.251,-0.241,
0.007,-0.013,0.199,-0.224,
-0.089,-0.094,0.144,-0.247,
-0.005,-0.015,0.221,-0.154,
0.019,0.013,0.216,-0.152,
0.026,0.021,0.299,-0.13,
-0.028,-0.013,0.184,-0.254,
0.097,0.103,0.388,-0.162,
0.111,0.099,0.424,-0.26,
-0.089,-0.095,0.114,-0.309,
-0.044,-0.038,0.143,-0.281,
-0.064,-0.072,0.134,-0.182,
0.033,0.036,0.334,-0.183,
-0.024,-0.029,0.14,-0.2,
0.003,-0.004,0.164,-0.155,
-0.05,-0.045,0.105,-0.209,
-0,-0.009,0.184,-0.16,
-0.042,-0.044,0.129,-0.181,
-0.026,-0.033,0.155,-0.198,
0.014,0.015,0.341,-0.253,
0.005,0.009,0.142,-0.122,
0.102,0.12,0.337,-0.152,
0.09,0.105,0.336,-0.198,
0.014,0.016,0.211,-0.166,
0.001,-0.031,0.267,-0.255,
0.045,0.048,0.353,-0.13,
-0.033,-0.032,0.113,-0.269,
0.142,0.17,0.359,-0.125,
0.05,0.034,0.25,-0.132,
-0.038,-0.046,0.146,-0.198,
-0.048,-0.049,0.147,-0.214,
0.075,0.063,0.292,-0.232,
-0.084,-0.082,0.131,-0.341,
0.018,0.026,0.278,-0.231,
0.124,0.113,0.348,-0.15,
-0.039,-0.05,0.158,-0.16,
-0.021,-0.04,0.272,-0.152,
-0.025,-0.019,0.136,-0.168,
-0.007,-0.026,0.238,-0.145,
0.019,0.039,0.188,-0.209,
-0.018,-0.026,0.179,-0.218,
-0.029,-0.03,0.184,-0.22,
-0.032,-0.036,0.104,-0.149,
-0.057,-0.071,0.083,-0.207,
0.116,0.103,0.344,-0.083,
-0.049,-0.05,0.198,-0.238,
0.16,0.173,0.491,-0.181,
0.023,0.029,0.299,-0.241,
0.046,0.047,0.314,-0.184,
-0.003,-0.016,0.241,-0.175,
-0.041,-0.047,0.183,-0.27,
-0.021,-0.026,0.177,-0.187,
0.037,0.028,0.321,-0.165,
0.03,0.015,0.241,-0.216,
0.006,-0.018,0.299,-0.183,
-0.019,-0.038,0.229,-0.212,
-0.025,-0.035,0.159,-0.194,
-0.035,-0.037,0.268,-0.221,
-0.044,-0.048,0.193,-0.223,
0.135,0.136,0.464,-0.149,
0.129,0.141,0.401,-0.18,
-0.066,-0.08,0.221,-0.312,
-0.026,-0.028,0.193,-0.212,
0.032,0.033,0.32,-0.233,
0.072,0.079,0.341,-0.233,
-0.064,-0.074,0.21,-0.262,
0.1,0.105,0.356,-0.265,
0.003,0.005,0.235,-0.219,
0.048,0.051,0.451,-0.178,
-0.034,-0.055,0.221,-0.211,
-0.01,-0.003,0.13,-0.17,
-0.031,-0.056,0.206,-0.263,
0.191,0.198,0.551,-0.244,
0.156,0.143,0.447,-0.098,
0.018,0.021,0.198,-0.213,
0.008,-0.005,0.354,-0.225,
-0.009,-0.005,0.236,-0.209,
-0.022,-0.044,0.171,-0.232,
-0.05,-0.059,0.134,-0.198,
-0.008,-0.01,0.184,-0.193,
0.079,0.083,0.286,-0.083,
-0.006,-0.017,0.275,-0.256,
0.01,0,0.261,-0.253,
0.029,0.026,0.285,-0.156,
0.021,0.02,0.371,-0.23,
-0.008,-0.002,0.259,-0.255,
-0.025,-0.03,0.224,-0.257,
-0.037,-0.043,0.118,-0.206,
0.283,0.289,0.534,-0.051,
0.048,0.05,0.297,-0.211,
0.011,0.004,0.191,-0.149,
0.005,0.015,0.252,-0.234,
-0.028,-0.022,0.14,-0.173,
-0.053,-0.065,0.146,-0.216,
0.003,-0.008,0.275,-0.233,
0.022,0.019,0.222,-0.167,
-0.064,-0.062,0.205,-0.274,
0.03,0.026,0.221,-0.117,
-0.008,0,0.171,-0.172,
0.1,0.116,0.31,-0.168,
-0.009,-0.017,0.281,-0.205,
0.089,0.089,0.326,-0.168,
-0.048,-0.06,0.185,-0.289,
0.041,0.048,0.303,-0.245,
-0.054,-0.061,0.21,-0.192,
-0.003,-0.005,0.161,-0.201,
-0.033,-0.04,0.155,-0.203,
-0.066,-0.053,0.13,-0.279,
-0.044,-0.047,0.113,-0.186,
0.019,0.03,0.208,-0.17,
-0.059,-0.056,0.071,-0.246,
-0.059,-0.071,0.162,-0.279,
-0.015,-0.02,0.125,-0.16,
-0.034,-0.022,0.1,-0.202,
0.024,0.009,0.3,-0.186,
-0.007,-0.007,0.186,-0.16,
0.031,0.034,0.284,-0.229,
-0.017,-0.023,0.138,-0.175,
0.056,0.051,0.381,-0.217,
-0.014,-0.015,0.132,-0.143,
0.024,0.026,0.238,-0.178,
0.037,0.051,0.291,-0.203,
0.063,0.054,0.252,-0.112,
-0.028,-0.028,0.15,-0.18,
-0,0.007,0.258,-0.191,
-0.012,-0.017,0.173,-0.181,
0.032,0.035,0.265,-0.266,
0.05,0.056,0.31,-0.216,
0.018,0.021,0.259,-0.228,
0.045,0.059,0.304,-0.245,
0.134,0.166,0.442,-0.263,
0.031,0.018,0.231,-0.162,
-0.063,-0.078,0.126,-0.224,
0.048,0.039,0.293,-0.163,
-0.03,-0.027,0.16,-0.187,
0.015,0.023,0.193,-0.159,
-0.041,-0.058,0.164,-0.183,
0.144,0.135,0.467,-0.137,
-0.012,0.004,0.162,-0.231,
0.082,0.082,0.314,-0.178,
-0.005,-0.009,0.235,-0.155,
-0.035,-0.042,0.17,-0.276,
0.01,0.019,0.294,-0.286,
0.063,0.057,0.341,-0.201,
-0.027,-0.034,0.126,-0.146,
-0.061,-0.071,0.104,-0.247,
0.004,-0.004,0.201,-0.205,
0.006,-0.005,0.195,-0.176,
-0.02,-0.036,0.188,-0.194,
0.006,-0.002,0.171,-0.143,
0.008,0.014,0.218,-0.178,
0.097,0.07,0.446,-0.149,
-0.05,-0.059,0.162,-0.187,
0,0.011,0.211,-0.262,
-0.033,-0.028,0.191,-0.256,
-0.016,-0.016,0.138,-0.137,
-0.071,-0.062,0.151,-0.242,
-0.003,-0.017,0.225,-0.14,
-0.043,-0.069,0.287,-0.272,
-0.017,-0.009,0.212,-0.19,
-0.026,-0.024,0.187,-0.252,
0.011,0.019,0.215,-0.186,
-0.026,-0.018,0.138,-0.194,
-0.014,-0.008,0.144,-0.156,
0.007,0.009,0.192,-0.216,
0.021,0.042,0.296,-0.21,
0.057,0.059,0.511,-0.279,
-0.07,-0.079,0.137,-0.192,
0.016,0.037,0.202,-0.24,
-0.024,-0.038,0.15,-0.173,
-0.025,-0.027,0.109,-0.197,
0.003,0.009,0.219,-0.18,
-0.033,-0.049,0.166,-0.213,
0.115,0.097,0.394,-0.142,
-0.024,-0.023,0.093,-0.18,
-0.052,-0.07,0.202,-0.223,
-0.033,-0.032,0.16,-0.179,
0.15,0.138,0.439,-0.127,
-0.045,-0.052,0.14,-0.205,
-0.049,-0.046,0.156,-0.239,
0.277,0.274,0.565,-0.116,
-0.046,-0.053,0.159,-0.216,
-0.041,-0.045,0.154,-0.217,
0.015,0.005,0.235,-0.206,
0.017,0.019,0.303,-0.209,
0.019,0.013,0.252,-0.203,
-0.04,-0.049,0.158,-0.168,
-0.069,-0.067,0.114,-0.272,
-0.066,-0.081,0.101,-0.238,
-0.009,0.003,0.151,-0.227,
0.03,0.033,0.326,-0.207,
-0.052,-0.065,0.182,-0.279,
-0.002,0.004,0.243,-0.215,
-0.009,-0.017,0.156,-0.186,
-0.056,-0.061,0.134,-0.208,
-0.059,-0.07,0.194,-0.231,
-0.009,-0.015,0.249,-0.237,
0.182,0.218,0.414,-0.142,
0.024,0.028,0.184,-0.109,
-0.052,-0.053,0.106,-0.195,
-0.006,-0.002,0.294,-0.241,
-0.018,-0.009,0.203,-0.217,
-0.009,-0.008,0.24,-0.237,
0.068,0.077,0.27,-0.265,
-0.03,-0.044,0.164,-0.189,
0.082,0.061,0.333,-0.193,
-0.01,-0.014,0.233,-0.198,
-0.001,-0.02,0.182,-0.212,
-0.032,-0.033,0.223,-0.245,
-0.015,0.002,0.242,-0.211,
-0.008,-0.014,0.186,-0.158,
0.051,0.045,0.322,-0.226,
0.089,0.101,0.292,-0.151,
0.011,-0.002,0.2,-0.175,
0.12,0.14,0.346,-0.111,
-0.036,-0.036,0.207,-0.328,
-0.062,-0.063,0.067,-0.206,
0.065,0.055,0.381,-0.257,
-0.001,0.009,0.16,-0.18,
0.048,0.011,0.31,-0.155,
0.078,0.098,0.353,-0.18,
-0.026,-0.031,0.18,-0.187,
0.016,0.002,0.286,-0.166,
-0.044,-0.071,0.202,-0.21,
0.075,0.074,0.379,-0.292,
0.005,-0,0.217,-0.197,
0.029,0.036,0.201,-0.227,
0.026,0.042,0.291,-0.237,
0.069,0.057,0.351,-0.136,
-0.038,-0.052,0.171,-0.169,
-0.041,-0.044,0.212,-0.261,
-0.068,-0.08,0.155,-0.194,
0.051,0.051,0.292,-0.204,
0.087,0.098,0.368,-0.143,
0.036,0.028,0.301,-0.148,
-0.074,-0.087,0.118,-0.296,
0.094,0.113,0.295,-0.22,
-0.019,-0.028,0.172,-0.239,
-0.049,-0.036,0.282,-0.249,
-0.035,-0.066,0.273,-0.284,
-0.038,-0.03,0.179,-0.243,
0.01,-0.005,0.18,-0.154,
-0.058,-0.074,0.198,-0.23,
0.03,0.024,0.41,-0.229,
-0.003,-0.014,0.28,-0.236,
-0.001,0.017,0.187,-0.204,
0.09,0.09,0.217,-0.084,
0.079,0.056,0.354,-0.204,
0.063,0.059,0.218,-0.146,
0.119,0.127,0.315,-0.119,
0.129,0.139,0.345,-0.153,
0.095,0.087,0.304,-0.094,
0.157,0.169,0.394,-0.189,
0.12,0.133,0.327,-0.215,
-0.031,-0.04,0.148,-0.191,
0.155,0.142,0.317,0.002,
0.145,0.178,0.437,-0.169,
0.07,0.069,0.226,-0.126,
0.097,0.099,0.274,-0.208,
0.026,0.015,0.228,-0.166,
0.072,0.088,0.317,-0.144,
0.102,0.114,0.354,-0.091,
0.187,0.179,0.426,-0.109,
0.052,0.045,0.286,-0.192,
0.219,0.229,0.472,-0.192,
0.057,0.047,0.296,-0.091,
0.14,0.153,0.39,-0.11,
0.109,0.134,0.28,-0.142,
0.039,0.041,0.248,-0.121,
-0.019,-0.022,0.209,-0.182,
0.098,0.121,0.283,-0.141,
0.071,0.066,0.27,-0.144,
0.047,0.055,0.208,-0.162,
0.026,0.045,0.238,-0.22,
0.076,0.098,0.302,-0.201,
0.147,0.158,0.35,-0.113,
0.109,0.116,0.352,-0.153,
0.116,0.115,0.351,-0.134,
0.102,0.127,0.316,-0.159,
0.052,0.071,0.212,-0.198,
0.013,0.01,0.155,-0.166,
0.09,0.104,0.23,-0.163,
0.081,0.096,0.314,-0.204,
0.09,0.097,0.341,-0.245,
0.008,0.029,0.184,-0.222,
0.102,0.119,0.386,-0.191,
0.045,0.043,0.28,-0.138,
0.098,0.118,0.279,-0.179,
0.011,-0.001,0.201,-0.177,
0.1,0.104,0.343,-0.147,
0.128,0.145,0.476,-0.208,
0.191,0.194,0.411,-0.083,
0.126,0.136,0.326,-0.18,
0.043,0.048,0.218,-0.126,
0.157,0.176,0.409,-0.114,
0.125,0.13,0.412,-0.141,
0.068,0.053,0.256,-0.148,
0.145,0.146,0.329,-0.149,
0.02,0.023,0.253,-0.235,
0.058,0.068,0.269,-0.255,
0.118,0.104,0.284,-0.1,
0.027,0.044,0.279,-0.317,
0.135,0.135,0.413,-0.139,
0.128,0.151,0.373,-0.153,
0.092,0.086,0.296,-0.118,
0.108,0.113,0.328,-0.135,
0.082,0.087,0.3,-0.134,
0.04,0.04,0.253,-0.094,
0.225,0.239,0.439,-0.08,
-0.005,-0.011,0.283,-0.165,
0.166,0.168,0.347,-0.144,
0.063,0.072,0.274,-0.161,
0.093,0.103,0.334,-0.194,
0.074,0.068,0.409,-0.227,
0.15,0.166,0.354,-0.081,
0.116,0.092,0.425,-0.117,
0.028,0.018,0.196,-0.137,
0.076,0.074,0.273,-0.15,
0.045,0.056,0.254,-0.149,
0.256,0.26,0.563,-0.082,
0.087,0.095,0.237,-0.11,
0.076,0.085,0.277,-0.269,
0.217,0.228,0.467,-0.034,
0.031,0.021,0.18,-0.1,
0.105,0.129,0.402,-0.309,
0.106,0.089,0.344,-0.104,
0.076,0.078,0.26,-0.1,
0.089,0.089,0.262,-0.1,
0.175,0.183,0.448,-0.181,
0.183,0.205,0.387,-0.042,
0.09,0.075,0.364,-0.199,
0.134,0.138,0.384,-0.152,
0.02,0.026,0.272,-0.214,
0.124,0.136,0.327,-0.093,
0.079,0.071,0.299,-0.198,
0.075,0.079,0.271,-0.109,
0.091,0.083,0.432,-0.175,
0.107,0.099,0.294,-0.08,
0.058,0.069,0.229,-0.148,
0.057,0.063,0.423,-0.225,
0.159,0.161,0.345,-0.114,
0.065,0.076,0.279,-0.23,
0.11,0.121,0.288,-0.165,
0.074,0.069,0.237,-0.165,
0.224,0.211,0.432,0.023,
0.05,0.066,0.281,-0.198,
0.004,0.005,0.183,-0.2,
0.056,0.053,0.225,-0.148,
0.091,0.096,0.326,-0.224,
0.034,0.02,0.223,-0.126,
0.065,0.072,0.26,-0.104,
0.105,0.098,0.295,-0.218,
0.093,0.113,0.257,-0.13,
0.15,0.144,0.352,-0.159,
0.01,0.021,0.171,-0.169,
0.108,0.104,0.402,-0.181,
0.168,0.17,0.376,-0.062,
0.112,0.127,0.318,-0.125,
0.16,0.174,0.382,-0.058,
0.052,0.042,0.286,-0.185,
0.149,0.148,0.44,-0.124,
0.045,0.04,0.294,-0.203,
0.086,0.086,0.323,-0.104,
0.185,0.192,0.356,-0.065,
0.037,0.038,0.236,-0.147,
0.029,0.061,0.3,-0.245,
0.056,0.051,0.28,-0.166,
0.21,0.221,0.491,-0.043,
0.045,0.054,0.359,-0.309,
0.143,0.135,0.508,-0.232,
0.034,0.038,0.229,-0.13,
0.007,0.003,0.252,-0.187,
0.112,0.123,0.324,-0.137,
0.093,0.089,0.303,-0.123,
0.156,0.172,0.477,-0.282,
0.092,0.093,0.264,-0.141,
0.065,0.079,0.351,-0.169,
0.071,0.071,0.343,-0.215,
0.09,0.097,0.32,-0.132,
0.146,0.166,0.394,-0.175,
0.002,0,0.189,-0.225,
0.093,0.101,0.281,-0.117,
0.086,0.083,0.284,-0.107,
0.205,0.215,0.414,-0.08,
0.108,0.098,0.321,-0.052,
0.084,0.1,0.283,-0.172,
0.144,0.15,0.338,-0.136,
0.064,0.079,0.247,-0.253,
0.11,0.122,0.303,-0.118,
0.155,0.179,0.423,-0.169,
0.075,0.075,0.254,-0.097,
0.184,0.198,0.431,-0.059,
0.051,0.054,0.226,-0.116,
0.092,0.121,0.295,-0.216,
0.173,0.191,0.325,-0.028,
0.185,0.186,0.455,-0.108,
0.066,0.087,0.262,-0.167,
0.131,0.144,0.32,-0.069,
0.099,0.083,0.328,-0.078,
-0.01,0.016,0.242,-0.271,
0.033,0.035,0.231,-0.207,
0.179,0.199,0.347,-0.052,
0.129,0.119,0.373,-0.203,
0.111,0.096,0.374,-0.174,
0.105,0.124,0.294,-0.157,
0.024,0.038,0.188,-0.162,
0.27,0.3,0.437,-0.016,
0.106,0.134,0.355,-0.114,
0.132,0.138,0.336,-0.148,
0.145,0.153,0.329,-0.153,
0.135,0.149,0.434,-0.209,
0.132,0.139,0.329,-0.07,
0.101,0.104,0.319,-0.125,
0.085,0.121,0.263,-0.171,
0.091,0.095,0.311,-0.188,
0.09,0.107,0.318,-0.108,
0.137,0.15,0.381,-0.225,
0.094,0.098,0.299,-0.124,
0.069,0.08,0.283,-0.178,
0.049,0.066,0.228,-0.185,
0.095,0.087,0.276,-0.163,
0.086,0.122,0.268,-0.23,
0.14,0.152,0.313,-0.133,
0.015,0.028,0.237,-0.22,
0.087,0.068,0.29,-0.075,
0.059,0.057,0.218,-0.153,
0.074,0.08,0.24,-0.153,
0.067,0.075,0.273,-0.161,
0.076,0.098,0.276,-0.211,
0.201,0.217,0.417,-0.116,
0.127,0.126,0.354,-0.143,
0.05,0.064,0.265,-0.237,
0.071,0.087,0.327,-0.16,
0.144,0.162,0.392,-0.151,
0.127,0.137,0.274,-0.078,
0.085,0.104,0.364,-0.168,
0.056,0.083,0.236,-0.274,
0.207,0.206,0.41,-0.006,
-0.046,-0.06,0.173,-0.245,
-0.027,-0.043,0.196,-0.174,
0.053,0.061,0.295,-0.165,
-0.065,-0.062,0.11,-0.187,
0.033,0.033,0.24,-0.226,
-0.087,-0.099,0.178,-0.275,
0.003,0.002,0.16,-0.179,
-0.047,-0.066,0.101,-0.191,
0.141,0.144,0.476,-0.203,
-0.016,-0.004,0.187,-0.195,
-0.08,-0.102,0.126,-0.243,
-0.021,-0.035,0.266,-0.206,
-0.001,-0.009,0.332,-0.261,
-0.078,-0.085,0.128,-0.219,
-0.043,-0.04,0.16,-0.231,
-0.018,-0.015,0.225,-0.224,
0.093,0.096,0.267,-0.173,
-0.028,-0.04,0.162,-0.187,
0.1,0.098,0.363,-0.268,
0.114,0.122,0.34,-0.089,
0.037,0.058,0.21,-0.141,
0.052,0.059,0.212,-0.132,
0.057,0.052,0.275,-0.187,
0.116,0.126,0.351,-0.163,
-0.037,-0.048,0.167,-0.245,
0.009,-0.007,0.238,-0.188,
0.012,0.015,0.247,-0.23,
0.047,0.05,0.367,-0.185,
-0.038,-0.038,0.176,-0.18,
0.046,0.038,0.359,-0.221,
0.059,0.064,0.343,-0.32,
-0.011,-0.019,0.243,-0.218,
0.108,0.115,0.465,-0.167,
0.179,0.176,0.455,-0.062,
-0.014,-0.004,0.2,-0.234,
0.108,0.114,0.304,-0.225,
0.039,0.033,0.222,-0.14,
0.114,0.114,0.385,-0.143,
0.154,0.143,0.401,-0.085,
0.068,0.059,0.362,-0.141,


0.061,0.056,0.208,-0.081,
0.099,0.098,0.247,0.01,
-0.035,-0.055,0.124,-0.158,
0.151,0.155,0.254,0.009,
-0.032,-0.028,0.068,-0.149,
0.018,0.017,0.122,-0.067,
0.016,0.025,0.209,-0.094,
-0.002,-0.012,0.145,-0.181,
0.056,0.059,0.186,-0.124,
-0.049,-0.052,0.11,-0.231,
0.042,0.056,0.12,-0.096,
0.049,0.051,0.151,-0.045,
0.049,0.04,0.192,-0.039,
-0.009,-0.015,0.252,-0.2,
0.053,0.053,0.143,-0.084,
0.01,0.005,0.082,-0.059,
-0.18,-0.193,0.2,-0.334,
0.028,0.007,0.197,-0.173,
-0.112,-0.105,0.045,-0.29,
0.014,0.022,0.188,-0.225,
0.018,0.016,0.109,-0.099,
-0.063,-0.063,0.081,-0.24,
-0.066,-0.07,0.079,-0.228,
0.122,0.133,0.222,-0.022,
0.004,0.005,0.152,-0.1,
0.047,0.05,0.155,-0.094,
0.041,0.049,0.116,-0.075,
0.166,0.157,0.268,0.073,
-0.014,-0.005,0.09,-0.148,
0.085,0.097,0.263,-0.166,
-0.183,-0.188,0.049,-0.339,
-0.028,-0.013,0.066,-0.17,
0.045,0.038,0.158,-0.079,
0.09,0.081,0.188,-0.003,
0.026,0.021,0.091,-0.098,
0.015,0.009,0.164,-0.062,
-0.002,0.007,0.146,-0.133,
0.123,0.124,0.236,0.033,
0.048,0.053,0.168,-0.113,
-0.007,-0.013,0.17,-0.093,
-0.004,0.003,0.076,-0.096,
-0.053,-0.054,0.14,-0.239,
0.11,0.105,0.241,0.002,
-0.052,-0.057,0.112,-0.185,
-0.146,-0.155,0.009,-0.292,
0.089,0.092,0.186,0,
-0.035,-0.039,0.132,-0.166,
-0.107,-0.103,0.008,-0.351,
0.043,0.036,0.189,-0.079,
-0.124,-0.129,0.071,-0.277,
0.154,0.154,0.224,0.049,
-0.019,-0.013,0.088,-0.141,
0.049,0.056,0.139,-0.051,
-0.106,-0.111,0.045,-0.248,
-0.035,-0.033,0.084,-0.122,
0.02,0.014,0.139,-0.106,
-0.059,-0.066,0.084,-0.202,
-0.003,-0,0.052,-0.087,
-0.014,-0.01,0.16,-0.218,
0.066,0.067,0.127,0,
0.087,0.092,0.185,-0.045,
0.056,0.051,0.183,-0.069,
0.07,0.072,0.187,-0.066,
-0.042,-0.039,0.121,-0.147,
0.053,0.066,0.119,-0.065,
0.001,0.005,0.107,-0.108,
-0.104,-0.104,0.065,-0.254,
-0.019,-0.02,0.061,-0.106,
-0.023,-0.016,0.174,-0.243,
0.06,0.074,0.207,-0.147,
-0.022,-0.013,0.129,-0.2,
0.036,0.036,0.204,-0.173,
0.027,0.03,0.273,-0.13,
0.044,0.052,0.148,-0.076,
-0.062,-0.069,0.115,-0.223,
-0.01,-0.005,0.106,-0.207,
0.02,0.028,0.101,-0.072,
0.103,0.108,0.186,0,
0.041,0.052,0.154,-0.134,
-0.028,-0.026,0.106,-0.163,
0.059,0.058,0.15,-0.106,
-0.039,-0.03,0.137,-0.209,
-0.131,-0.132,0.041,-0.334,
0.065,0.066,0.251,-0.097,
0.111,0.124,0.197,-0.033,
-0.025,-0.03,0.076,-0.147,
-0.106,-0.102,0.101,-0.272,
0.006,0.005,0.151,-0.122,
-0.146,-0.16,0.046,-0.365,
0.005,0.016,0.144,-0.146,
-0.006,0,0.179,-0.205,
0.056,0.059,0.15,-0.049,
0.005,0.015,0.132,-0.14,
0.083,0.091,0.221,-0.136,
-0.299,-0.317,0,-0.467,
-0.068,-0.059,0.158,-0.366,
0.06,0.067,0.171,-0.053,
0.059,0.072,0.217,-0.171,
-0.008,-0.013,0.134,-0.105,
0.092,0.092,0.25,-0.067,
-0.012,-0.019,0.11,-0.126,
0.041,0.041,0.131,-0.051,
0.024,0.025,0.152,-0.095,
0.144,0.151,0.259,-0.038,
-0.027,-0.02,0.153,-0.244,
0.014,0.013,0.145,-0.103,
0.002,0.015,0.097,-0.14,
0.018,0.013,0.195,-0.104,
-0.021,-0.005,0.182,-0.21,
-0.003,-0.007,0.112,-0.103,
-0.327,-0.347,0,-0.416,
0.039,0.048,0.157,-0.134,
0.008,0.005,0.133,-0.061,
-0.052,-0.048,0.086,-0.195,
-0.015,-0.023,0.08,-0.105,
0.049,0.051,0.152,-0.093,
0.075,0.084,0.176,-0.055,
0.113,0.108,0.226,-0.029,
0.137,0.167,0.259,-0.08,
0.085,0.096,0.174,-0.013,
0.149,0.15,0.242,0.046,
-0.093,-0.1,0.114,-0.219,
-0.059,-0.056,0.062,-0.244,
-0.096,-0.091,0.037,-0.257,
0.009,0.007,0.148,-0.126,
-0.136,-0.136,0.054,-0.385,
0.017,0.021,0.16,-0.11,
0.078,0.084,0.159,-0.028,
0.03,0.03,0.139,-0.098,
-0.078,-0.074,0.038,-0.191,
-0.004,-0.015,0.164,-0.112,
0.046,0.037,0.172,-0.059,
-0.04,-0.039,0.056,-0.131,
-0.003,-0.003,0.109,-0.119,
0.054,0.056,0.093,0,
0.013,0.017,0.1,-0.066,
0.012,0.009,0.113,-0.12,
-0.033,-0.024,0.1,-0.193,
0.02,0.027,0.22,-0.177,
0.011,0.013,0.085,-0.091,
0.096,0.116,0.276,-0.195,
0.031,0.037,0.097,-0.069,
0.025,-0.001,0.162,-0.096,
0.1,0.099,0.209,0.018,
0.006,-0.003,0.133,-0.127,
0,-0.007,0.113,-0.074,
0.024,0.029,0.11,-0.084,
0.044,0.044,0.188,-0.175,
0.025,0.023,0.128,-0.127,
-0.025,-0.03,0.145,-0.157,
0.068,0.071,0.194,-0.092,
-0.026,-0.026,0.119,-0.149,
-0.212,-0.248,0,-0.34,
-0.003,0.002,0.111,-0.122,
-0.008,-0.007,0.063,-0.1,
0.006,0.005,0.223,-0.151,
-0.058,-0.063,0.04,-0.144,
0.06,0.07,0.155,-0.105,
0.005,0.005,0.082,-0.095,
-0.251,-0.284,0.187,-0.391,
-0.021,-0.018,0.136,-0.143,
-0.163,-0.17,0.015,-0.259,
0.061,0.067,0.123,-0.017,
0.025,0.022,0.145,-0.098,
0.01,0.014,0.136,-0.146,
-0.108,-0.115,0.088,-0.308,
0.162,0.173,0.223,0.008,
0.001,0.001,0.131,-0.106,
-0.027,-0.033,0.108,-0.172,
-0.012,-0.003,0.093,-0.135,
0.07,0.069,0.203,-0.05,
-0.006,-0.004,0.062,-0.078,
0.057,0.059,0.226,-0.094,
-0.08,-0.083,0.099,-0.208,
0.037,0.033,0.108,-0.032,
-0.025,-0.038,0.147,-0.153,
-0.038,-0.038,0.127,-0.177,
0.037,0.043,0.111,-0.058,
0.026,0.031,0.151,-0.096,
0.081,0.075,0.207,-0.004,
-0.052,-0.061,0.157,-0.165,
0.027,0.043,0.147,-0.1,
-0.007,-0.003,0.127,-0.152,
-0.022,-0.02,0.051,-0.085,
-0.007,-0.007,0.122,-0.119,
0.059,0.066,0.198,-0.062,
0.115,0.116,0.212,-0.027,
0.012,0.013,0.185,-0.154,
-0.18,-0.178,0,-0.378,
0.044,0.038,0.158,-0.04,
-0.135,-0.121,0.007,-0.313,
0.051,0.055,0.105,-0.018,
0.025,0.021,0.11,-0.02,
0.143,0.148,0.241,0,
0.034,0.043,0.228,-0.18,
-0.103,-0.111,0.119,-0.274,
0.014,0.022,0.106,-0.094,
0.098,0.111,0.206,-0.031,
0.008,0.014,0.064,-0.067,
-0.123,-0.127,0.128,-0.311,
0.068,0.057,0.157,-0.028,
-0.006,0.001,0.111,-0.147,
-0.437,-0.456,0,-0.516,
0.073,0.078,0.175,-0.07,
0.104,0.123,0.191,-0.092,
0.002,-0.005,0.091,-0.073,
0.016,0.01,0.187,-0.154,
0.078,0.082,0.2,-0.084,
-0.007,-0.011,0.097,-0.102,
0.036,0.04,0.167,-0.074,
0.037,0.049,0.162,-0.145,
0.087,0.087,0.176,-0.045,
0.085,0.096,0.24,-0.084,
0.162,0.155,0.306,0.052,
0.103,0.118,0.214,-0.078,
0.039,0.042,0.124,-0.049,
-0.051,-0.054,0.028,-0.138,
-0.053,-0.056,0.114,-0.193,
-0.065,-0.066,0.118,-0.215,
-0.235,-0.253,0.053,-0.394,
0.014,0.007,0.118,-0.082,
-0.01,-0.009,0.105,-0.161,
0.049,0.026,0.3,-0.189,
0.136,0.147,0.248,-0.009,
0.006,0.021,0.118,-0.11,
-0.04,-0.04,0.127,-0.17,
-0.001,-0.005,0.09,-0.101,
-0.067,-0.056,0.069,-0.24,
0.06,0.057,0.151,-0.068,
0.002,-0.003,0.146,-0.117,
0.045,0.052,0.125,-0.077,
-0.021,-0.019,0.183,-0.15,
0.076,0.083,0.205,-0.06,
-0.053,-0.052,0.16,-0.213,
0,-0.017,0.202,-0.176,
0.135,0.153,0.214,-0.01,
-0.002,0.003,0.185,-0.242,
-0.006,-0.01,0.171,-0.145,
0.009,0.006,0.083,-0.071,
-0.134,-0.153,0.106,-0.342,
0.121,0.117,0.186,0.034,
-0.095,-0.099,0.068,-0.252,
-0.1,-0.099,0.016,-0.253,
0.03,0.032,0.116,-0.063,
0.173,0.175,0.3,-0.046,
-0.026,-0.022,0.147,-0.188,
-0.192,-0.201,0.086,-0.372,
0.066,0.067,0.166,-0.075,
-0.089,-0.097,0.115,-0.207,
0.026,0.015,0.134,-0.096,
-0.01,-0.016,0.135,-0.196,
-0.017,-0.02,0.083,-0.097,
-0.057,-0.037,0.201,-0.266,
-0.002,-0.007,0.11,-0.108,
0.019,0.01,0.203,-0.125,
0.019,0.023,0.171,-0.138,
0.034,0.035,0.151,-0.171,
0.004,0.003,0.132,-0.084,
0.073,0.074,0.208,-0.057,
-0.022,-0.015,0.072,-0.131,
0.084,0.102,0.232,-0.139,
0.037,0.042,0.188,-0.203,
0.112,0.115,0.239,-0.027,
0.05,0.049,0.22,-0.081,
0.036,0.032,0.134,-0.067,
-0.034,-0.02,0.121,-0.318,
0.073,0.072,0.18,-0.066,
0.081,0.082,0.2,-0.03,
0.016,0.022,0.166,-0.086,
-0.121,-0.132,0.026,-0.297,
0.002,-0.002,0.165,-0.124,
-0.078,-0.085,0.159,-0.245,
-0.087,-0.095,0.105,-0.214,
-0.086,-0.096,0.097,-0.284,
-0.065,-0.064,0.135,-0.216,
-0.056,-0.058,0.062,-0.215,
-0.028,-0.024,0.101,-0.151,
-0.134,-0.133,0.101,-0.246,
-0.12,-0.129,0.183,-0.303,
-0.075,-0.088,0.062,-0.203,
-0.057,-0.057,0.071,-0.244,
-0.062,-0.065,0.107,-0.183,
-0.145,-0.138,0.006,-0.283,
-0.044,-0.056,0.12,-0.182,
-0.137,-0.15,0.075,-0.243,
-0.151,-0.153,0.152,-0.312,
-0.305,-0.333,0,-0.404,
-0.112,-0.104,0,-0.255,
-0.134,-0.136,0,-0.251,
-0.041,-0.041,0.089,-0.173,
-0.074,-0.081,0.052,-0.193,
-0.052,-0.054,0.044,-0.158,
-0.072,-0.076,0.145,-0.252,
-0.046,-0.042,0.073,-0.233,
-0.108,-0.115,0.086,-0.233,
-0.004,-0.003,0.104,-0.126,
0.049,0.057,0.213,-0.173,
-0.171,-0.192,0.059,-0.323,
0.006,0.008,0.18,-0.25,
0.019,0.015,0.22,-0.161,
-0.116,-0.118,0.077,-0.305,
-0.032,-0.036,0.083,-0.136,
-0.074,-0.076,0.02,-0.155,
0.015,0.018,0.157,-0.122,
-0.05,-0.059,0.113,-0.192,
-0.163,-0.171,0.067,-0.329,
-0.028,-0.036,0.155,-0.147,
-0.005,0.002,0.276,-0.18,
-0.132,-0.138,0.109,-0.327,
-0.19,-0.183,0.011,-0.374,
-0.089,-0.083,0.034,-0.23,
-0.128,-0.13,-0.003,-0.211,
-0.142,-0.157,0.085,-0.312,
-0.042,-0.039,0.247,-0.245,
-0.097,-0.1,0.062,-0.253,
-0.079,-0.077,0.019,-0.19,
-0.025,-0.027,0.179,-0.157,
-0.147,-0.158,0.05,-0.251,
-0.169,-0.173,0.014,-0.295,
-0.037,-0.044,0.184,-0.172,
-0.083,-0.087,0.083,-0.293,
-0.079,-0.09,0.094,-0.198,
-0.069,-0.072,0.055,-0.191,
-0.087,-0.091,0.075,-0.232,
-0.14,-0.161,0.105,-0.326,
-0.111,-0.127,0.07,-0.213,
-0.038,-0.04,0.084,-0.207,
-0.113,-0.108,0.039,-0.226,
-0.098,-0.1,0.064,-0.231,
0.014,0.007,0.14,-0.074,
-0.225,-0.238,0.017,-0.328,
-0.095,-0.09,0.037,-0.249,
-0.102,-0.103,0.145,-0.226,
-0.031,-0.041,0.144,-0.164,
-0.043,-0.051,0.152,-0.208,
-0.122,-0.138,0.115,-0.316,
0.066,0.063,0.263,-0.079,
-0.184,-0.199,0.088,-0.351,
-0.064,-0.058,0.059,-0.203,
-0.08,-0.068,0.08,-0.222,
0.039,0.035,0.19,-0.102,
-0.195,-0.215,0.079,-0.37,
-0.035,-0.036,0.092,-0.147,
-0.05,-0.052,0.236,-0.245,
-0.169,-0.17,0.065,-0.345,
-0.052,-0.056,0.123,-0.203,
-0.029,-0.013,0.18,-0.311,
0.05,0.053,0.164,-0.132,
-0.114,-0.117,0.098,-0.253,
-0.09,-0.093,0.085,-0.26,
-0.095,-0.104,0.154,-0.294,
-0.122,-0.126,0.08,-0.219,
-0.141,-0.151,0.146,-0.328,
-0.035,-0.026,0.148,-0.259,
-0.168,-0.173,0.015,-0.291,
-0.125,-0.14,0.01,-0.233,
-0.109,-0.107,0.076,-0.255,
-0.063,-0.075,0.112,-0.204,
-0.081,-0.111,0.157,-0.242,
-0.065,-0.071,0.049,-0.203,
-0.119,-0.135,0.071,-0.268,
-0.039,-0.046,0.133,-0.197,
-0.047,-0.041,0.159,-0.294,
-0.162,-0.18,0.097,-0.281,
0.017,0.013,0.189,-0.107,
-0.067,-0.071,0.065,-0.205,
-0.159,-0.155,0.002,-0.33,
0.002,0.01,0.13,-0.206,
0.003,-0.003,0.208,-0.152,
-0.092,-0.102,0.053,-0.189,
-0.06,-0.07,0.158,-0.217,
-0.021,-0.021,0.129,-0.153,
-0.052,-0.046,0.125,-0.224,
-0.108,-0.11,0.184,-0.314,
-0.154,-0.157,-0.035,-0.28,
-0.113,-0.119,0.063,-0.23,
-0.092,-0.106,0.08,-0.234,
-0.129,-0.132,0.062,-0.295,
-0.025,-0.048,0.261,-0.187,
-0.101,-0.112,0.118,-0.261,
-0.071,-0.082,0.133,-0.223,
-0.069,-0.072,0.094,-0.226,
-0.104,-0.117,0.076,-0.276,
-0.022,-0.018,0.135,-0.197,
-0.083,-0.082,0.119,-0.184,
-0.146,-0.158,0.082,-0.268,
-0.009,-0,0.127,-0.141,
-0.097,-0.082,0.089,-0.334,
-0.107,-0.118,0.055,-0.225,
-0.233,-0.244,0,-0.356,
-0.061,-0.045,0.251,-0.362,
-0.109,-0.105,0.123,-0.328,
-0.008,-0.002,0.111,-0.141,
0.01,0.013,0.134,-0.086,
-0.112,-0.12,0.031,-0.273,
0.062,0.056,0.201,-0.1,
-0.035,-0.035,0.141,-0.257,
-0.063,-0.068,0.131,-0.182,
-0.091,-0.102,0.048,-0.175,
-0.062,-0.071,0.099,-0.227,
-0.077,-0.088,0.171,-0.233,
-0.118,-0.107,0.071,-0.273,
0.034,0.02,0.216,-0.143,
-0.02,-0.021,0.137,-0.183,
-0.09,-0.092,0.091,-0.242,
-0.211,-0.211,-0.05,-0.336,
-0.129,-0.132,-0.005,-0.227,
-0.143,-0.154,-0.022,-0.24,
-0.134,-0.139,0.071,-0.244,
-0.059,-0.062,0.143,-0.181,
-0.087,-0.095,0.07,-0.207,
-0.141,-0.148,0.075,-0.295,
-0.075,-0.084,0.211,-0.25,
-0.217,-0.226,0,-0.421,
-0.088,-0.091,0.042,-0.198,
-0.17,-0.174,0.059,-0.325,
-0.076,-0.091,0.146,-0.244,
-0.148,-0.158,0.143,-0.286,
0.002,0.007,0.155,-0.197,
-0.101,-0.102,0.017,-0.195,
-0.093,-0.109,0.04,-0.185,
-0.073,-0.073,0.117,-0.231,
-0.112,-0.121,0.11,-0.268,
-0.166,-0.167,0.036,-0.265,
-0.176,-0.189,0.019,-0.293,
-0.102,-0.093,0.139,-0.243,
0.062,0.044,0.306,-0.104,
-0.032,-0.036,0.084,-0.135,
-0.197,-0.209,0.018,-0.363,
-0.161,-0.175,0.107,-0.336,
-0.028,-0.03,0.182,-0.199,
-0.087,-0.083,0.144,-0.24,
-0.144,-0.154,0.099,-0.331,
-0.04,-0.028,0.139,-0.205,
-0.094,-0.083,0.087,-0.241,
-0.028,-0.029,0.166,-0.219,
-0.056,-0.06,0.075,-0.2,
0.007,0.022,0.179,-0.178,
-0.178,-0.173,0.013,-0.343,
-0.048,-0.05,0.129,-0.241,
-0.058,-0.056,0.087,-0.159,
-0.054,-0.067,0.104,-0.212,
0.065,0.066,0.233,-0.068,
-0.128,-0.137,0.053,-0.259,
-0.207,-0.22,0.032,-0.345,
-0.006,-0.009,0.126,-0.154,
-0.052,-0.058,0.179,-0.189,
-0.054,-0.069,0.117,-0.218,
-0.115,-0.119,0.032,-0.225,
-0.05,-0.049,0.128,-0.22,
0.002,0.005,0.198,-0.128,
-0.216,-0.225,0,-0.307,
-0.114,-0.133,0.107,-0.208,
-0.08,-0.089,0.115,-0.189,
0.005,-0.004,0.151,-0.134,
-0.031,-0.032,0.179,-0.245,
0.003,-0.001,0.166,-0.134,
-0.113,-0.122,0.07,-0.262,
-0.001,-0.008,0.166,-0.135,
-0.23,-0.236,-0.023,-0.328,
0.007,0.005,0.086,-0.055,
-0.019,-0.009,0.089,-0.188,
0.093,0.093,0.242,-0.096,
0.025,0.014,0.09,-0.023,
-0.083,-0.083,0.061,-0.196,
-0.063,-0.06,0.184,-0.183,
0.031,0.027,0.171,-0.088,
0.026,0.026,0.096,-0.06,
-0.157,-0.162,0.018,-0.29,
0.134,0.124,0.222,0.055,
0.084,0.093,0.216,-0.101,
-0.028,-0.018,0.086,-0.209,
0.065,0.075,0.177,-0.058,
0.031,0.034,0.123,-0.108,
-0.028,-0.017,0.071,-0.166,
0.018,0.026,0.184,-0.164,
-0.16,-0.175,0.107,-0.342,
0.02,0.014,0.106,-0.072,
0.013,0.01,0.227,-0.217,
-0.022,-0.024,0.141,-0.164,
-0.069,-0.062,0.078,-0.189,
-0.017,-0.014,0.083,-0.119,
-0.016,-0.028,0.099,-0.144,
-0.038,-0.038,0.108,-0.192,
0.099,0.094,0.21,-0.033,
0.021,0.029,0.135,-0.093,
0.02,0.018,0.155,-0.073,
0.01,0.013,0.132,-0.107,
-0.041,-0.04,0.062,-0.216,
-0.096,-0.096,0.074,-0.29,
-0.088,-0.103,0.168,-0.322,
0.07,0.073,0.223,-0.035,
0.064,0.068,0.255,-0.225,
-0.077,-0.096,0.13,-0.214,
-0.044,-0.05,0.087,-0.16,
-0.116,-0.095,0.067,-0.342,
0.012,0.001,0.155,-0.124,
-0.146,-0.167,0.136,-0.276,
-0.222,-0.228,-0.025,-0.354,
-0.055,-0.069,0.097,-0.169,




Further Data analysis of all test cases 
avg med max min 
AVGs,0.044,0.036,0.283,-0.089,
MEDs,0.045,0.039,0.3,-0.102,
MAXs,0.268,0.267,0.565,0.064,
MINs,-0.182,-0.184,0.023,-0.341,


AVGs,-0.03,-0.022,0.173,-0.437,
MEDs,-0.032,-0.02,0.175,-0.456,
MAXs,0.126,0.124,0.306,-0.05,
MINs,-0.173,-0.171,0.073,-0.516,



