34626 119593 76369 89024 76386 88186 89364 83030 77546 85284 79722 88912 74241 88912 72370 96586 78063 88767
31650 93941 69345 64421 61926 85541 77746 61021 59872 68741 59872 69346 61926 85541 59872 76899 59872 76899
39438 127378 103948 91610 88751 83608 90592 92079 83396 93778 83891 93424 73721 100479 90592 80422 90592 81696
38135 118780 77167 74778 77887 81500 74340 80456 71036 70650 63991 88933 69487 83902 66378 80598 66507 81244
31490 150547 92157 87470 78647 105915 90324 87140 87987 84979 84650 95447 101638 96105 87752 101275 84415 100322
44986 136864 95536 101846 67574 109275 86165 92774 92774 100875 84374 106247 75974 109947 78586 104308 87136 111365
40783 143128 74638 117928 79533 116858 85893 98512 92509 117928 82783 117928 82783 116858 80289 117928 88689 117928
36652 164787 122708 86400 71930 128398 99877 102368 94444 103198 78890 111896 80054 128398 77940 128398 71277 119998
30474 95554 74509 71712 57374 82995 68657 86135 69335 68657 60935 79434 60935 79434 60511 87834 60511 75867
33934 122102 92674 71140 79355 93290 76801 91303 74125 86946 74254 93976 65231 90493 70333 93290 67717 90307
33567 172750 97249 99969 77687 134981 92503 99290 92474 103412 89795 104889 78168 134981 79681 134981 82400 134981
31680 141191 93248 93788 76781 98828 80943 87172 92393 90428 80220 89395 75206 103973 75105 106092 80302 97692

