33891 51821 42041 40411 38961 48561 40411 40411 38781 40411 38781 43671 38781 46931 35521 45301 35521 46931
42586 53996 49106 47476 44216 50736 45846 47476 45846 47476 44216 50736 44216 50736 44444 50736 45846 49106
34040 53930 40890 43050 40540 46330 44660 40210 40970 41810 40400 46960 39720 43220 43640 41500 39760 43530
31667 51227 38398 43077 38187 44707 39349 41937 41363 41725 37642 40218 36557 43478 38331 41447 38100 42993
31462 48003 37982 39513 36592 41676 37358 38273 36159 43641 36977 40236 36259 41676 36687 41676 36687 41676
33135 50334 37734 38924 38176 43616 39899 40966 38409 40409 38310 42496 39566 41471 38925 42318 36929 44638
44703 54483 47963 49326 47844 56071 47963 49863 49191 47963 56461 55383 56461 55383 51061 51223 47561 65362
52294 48051 47792 50807 41531 57184 44545 57184 41531 58814 41531 47805 41531 47805 43161 58814 43161 58814
29351 52422 40090 38341 38616 42694 40841 42783 43273 39855 38419 42961 36460 43296 38683 43920 40488 46178
40273 54649 49760 48129 48217 50824 46499 48504 40488 45934 40488 49194 40488 49194 48130 51866 48130 51866
34736 49687 38850 43001 39588 41881 43460 40195 42633 41946 40683 41250 41462 41619 41480 45836 41480 42772
44302 57342 49192 50822 45932 52452 50822 54082 50822 52452 44637 54082 47562 54082 47562 48431 47562 48431
35121 43271 40011 38381 36366 43271 39626 39626 38381 39626 36751 42630 36751 42630 39535 40011 38381 40011
47132 60898 56912 50119 52022 54378 51332 53379 50119 51332 49952 51118 51605 54378 53652 56912 55282 56912
40297 47775 47217 42127 43003 48329 44315 41095 42724 42249 40182 43879 43003 43879 42843 45387 37240 45387
38263 51303 41099 47900 46201 50452 47689 47689 44783 45066 39750 47900 46201 49319 46201 46270 42799 49319
29235 48741 36600 43378 38561 40356 37985 37266 37999 45405 40501 39216 33890 41950 34853 39975 34740 37985
46392 59622 53826 53102 52722 54938 57086 57086 51678 58716 50048 51678 52722 54938 52196 58716 51282 58716
29913 43283 36763 34573 37763 44283 39393 42859 34803 36433 33173 37451 37763 38033 34903 39593 34903 37963
35324 47617 41844 44357 41844 44357 41097 40214 41844 42727 41844 42727 41844 42727 40435 44357 40435 44357
28766 48535 37082 37647 37133 42170 37125 39129 40437 40752 35327 40175 37133 37970 37239 42160 35451 37864
39806 61102 48062 49586 46207 54475 48287 51216 46326 52846 44577 54476 46207 52845 46326 54475 46326 54475
44456 62386 53783 44494 50523 54400 47754 50976 48428 54400 49346 57496 49346 55866 52606 52606 49490 54236
32644 44232 37404 38660 35381 39579 36484 37612 38059 40619 36932 39644 37011 38617 39218 40948 37513 40948
32255 42160 37145 35640 35640 37270 34010 38330 33293 35640 34010 37270 34010 37270 34010 37270 34010 35640
34282 54618 43287 49832 41764 47671 42112 40834 42593 44411 42139 46308 40455 46977 41018 48523 41390 48523
36124 51390 41706 40273 35256 46166 41411 43996 41801 45236 38931 40997 37968 41052 36292 45721 36292 44337
34019 53155 41745 43375 38260 53233 46713 47801 48343 48343 45083 45482 38618 53221 40592 49961 40592 46383
35812 49948 40168 42332 37442 48318 42332 42652 42332 43962 37362 44282 37442 47222 39393 47222 39393 45459
35623 55183 45403 43825 40513 50293 48663 46069 45403 47699 43773 48312 40513 53371 38883 50959 38883 49329
35171 59201 44951 45611 40334 49889 44675 52454 43367 46081 41190 45920 42579 47823 42674 49647 43933 45611
36319 47769 42419 39776 37617 44509 39619 41249 41249 39736 36517 41406 42419 38675 37727 39776 37727 41249
31965 49895 38485 36855 36855 43375 38642 40051 38642 38642 38642 41681 38642 41681 37396 43375 37396 41745
48554 64854 56704 55074 55074 51613 50121 56704 50121 50121 50121 56704 50121 56704 50121 49983 50121 49983
32478 52090 42468 37331 38622 39285 39118 43923 40105 36399 35965 38438 35598 39389 38998 40688 37542 37333
39432 45952 45474 44322 43844 45952 42692 41374 45474 42692 45474 44322 45474 44322 43844 44634 43844 45952
31563 45017 36041 36453 37983 49319 34045 40127 36353 34045 36353 47689 37983 47689 34411 47689 35237 47689
34525 45335 37185 38944 40447 40543 39556 37563 40138 38664 36544 44026 38546 40383 34975 37265 38846 40945
34238 49815 44200 41664 39219 44924 40850 44924 41030 40034 39400 43294 37407 44924 42028 44924 40940 44924
37571 53175 43395 45721 40244 51138 47112 44091 40990 48672 45095 45652 42152 50164 43395 45721 43395 45721
37533 47313 48071 49701 44911 49701 46441 48171 46441 46441 39969 48071 39969 48071 46541 47030 46541 47836
29190 53019 41315 42414 40227 43752 44691 41496 37855 41496 39733 42033 38707 44263 36428 42793 36428 42793
40905 55966 42683 45730 41737 49887 44997 49887 46627 38763 43367 45792 44997 46122 41737 45982 44139 51517
42444 61946 46623 53318 45403 55484 50418 53678 50117 55308 51824 56938 47158 55308 45528 55484 45528 55484
44174 60497 52347 50694 44689 52324 53977 53977 50694 55607 49064 57237 50717 52873 49613 47139 49613 50694
28434 53971 39980 36360 35682 43461 43733 38855 36860 36225 35995 39980 36311 40160 39932 44281 38843 44281
30230 53364 40011 41013 41829 40950 41389 40951 39256 40764 36185 46344 36185 46344 39698 43523 36626 42582
31480 46961 40510 43836 42273 40801 43668 41570 41680 40617 36889 40516 38744 38511 38811 43200 41912 39698
46535 61205 54685 51425 51425 45463 51464 53094 51464 54685 51425 54724 51425 54724 53055 43664 53055 43833
33336 53059 42494 43116 42494 49014 44353 43831 40960 43462 43325 46834 42587 46356 42698 46605 39856 46605
42469 57139 49369 51833 45919 58012 47929 49217 48460 49179 48460 52363 48460 54941 44592 58012 47739 56382
36565 49840 40397 46233 36355 48985 41690 41298 42027 40225 40060 43653 42135 41690 38206 44552 38146 44552
39259 56573 46793 43154 44246 49039 47409 47409 48423 47409 45779 49039 45779 51683 47409 49839 44667 48209
34820 51024 43714 40353 37933 42628 42874 39218 40650 38229 39563 42478 39513 42478 42084 42428 42084 40995
31860 47595 36784 40593 40060 41707 37797 39445 37230 38328 38414 40194 40642 40144 36584 40325 36784 40540
35292 49782 40065 37009 41937 39437 38550 39423 40206 40471 42482 40926 39675 40914 42859 40914 38576 40914
31043 52005 43266 38782 34173 46344 41094 40826 37384 39376 39012 40595 37878 42769 35526 43904 38696 42271
39929 47394 46532 43189 44246 44134 44902 48079 46449 45876 43189 43570 43189 51113 43272 45876 44902 45876
31795 53721 39821 41461 38012 40992 40152 39965 38540 40095 40228 42509 39624 40831 43017 43866 38598 41633
33099 57486 40824 42365 42576 45323 42292 48610 42981 43853 39120 43507 39130 45722 40083 48610 39896 44512
39602 54272 44492 47752 39203 48327 45067 47880 42862 45137 42862 45712 44492 45712 44492 48327 44492 48327
41231 55901 47751 45689 42429 48949 48280 45689 48280 48280 46650 45689 46650 45689 42429 49381 42429 49381
35684 45464 38488 38944 38944 41748 40118 40118 38488 40118 38123 40574 38123 40574 38944 41748 38944 40574
39796 51206 43056 46316 50497 49576 44686 46316 53757 44686 52127 46316 52127 47946 52127 49576 52127 47946
28522 50511 37517 40493 37110 42808 38974 40370 37184 38874 40358 40906 34857 39610 35506 46030 35702 46030
33754 54895 43093 47467 41378 49522 42246 47941 44855 46534 45334 48191 41556 48191 44081 48299 42919 49929
37520 44141 45670 41328 37977 41237 44040 46031 41237 39607 39607 41782 39607 41237 44040 45670 44040 45670
34927 50961 43718 40223 42784 47292 46044 45830 44414 42740 39074 47292 43049 47292 41110 47292 41181 47292
33928 44616 41707 41707 36466 43337 38717 38818 38717 40077 37087 40448 37087 43337 36466 42078 36466 42078
33497 47191 40080 40017 37757 39871 38557 40694 42324 44078 36757 40334 36757 40334 39210 40840 37626 42470
30222 52760 36965 40591 39544 40766 39303 39553 37548 37215 36416 38836 37031 40882 35027 40757 35027 42545
28586 55734 44509 41101 36641 45518 46986 42636 42878 41847 42702 43256 37223 45277 40321 45379 40321 44930
30475 47998 36688 36894 35609 39948 39093 38869 38257 40499 36627 39948 36772 39948 35609 38318 34591 38318
41798 53208 47827 46688 43428 51578 44567 44567 44567 44567 45058 46688 45058 46688 45058 46688 45058 46688
44901 64324 53051 54544 48024 57804 54544 54544 51284 56174 51284 56174 49309 57804 49654 57804 50068 57804
33934 53099 42187 38774 34955 43790 37291 47015 41275 40767 35514 47649 37479 44660 34955 43478 45001 43154
33567 54754 41570 42764 38236 47979 39504 46968 40626 44359 38996 41134 40451 48234 39977 46604 36606 46132
31680 51188 41202 48334 43781 40352 39778 44768 38618 36885 39596 43012 36806 41982 41565 42907 41565 44537
34626 54086 40391 44775 39599 46792 41938 40971 43080 43080 45033 44710 39820 46340 39470 48873 40051 48873
31650 43060 36540 38170 39001 40461 38170 33941 38170 35571 37932 37201 37371 38875 37932 40525 38170 40525
39438 54466 47801 48793 43981 45679 44901 44049 47591 42134 46530 42559 45182 52052 44262 42492 51061 44331
40783 60343 44043 52193 51559 55453 48933 53977 52347 49492 48612 56311 47016 56463 45673 53823 50158 53823
36652 59472 46432 44385 41958 51468 43794 46578 43734 46578 43172 50638 40268 51468 43172 51884 43172 50254
30474 45214 34857 34432 34244 38745 35485 37642 35485 35384 33855 36844 33855 36844 33431 36994 34789 36994
38135 47577 42928 40653 38201 39831 38008 39427 39831 40267 38008 44558 39040 43462 40266 38847 40072 38201
31490 50800 37525 41364 36348 40862 39484 39751 38136 38247 37713 42462 37258 39031 37604 41787 38182 40706
44986 62916 49876 53197 50237 59656 51506 51867 51355 51506 50771 54232 50771 55862 49876 55127 49876 54766
32056 46441 37635 41332 35031 40157 38576 44759 36391 38190 36729 46289 36039 46388 38375 38762 38375 38527
33162 52316 42536 38052 42536 42942 39682 41312 42613 41312 36029 44572 37659 44572 38124 42942 40906 42942
30492 50692 40345 41621 35879 39210 39424 42542 37509 45095 39139 44527 40415 41903 37509 44171 38288 42754
29281 46540 38619 36474 35335 39322 38233 37458 36655 39890 35543 39890 35103 43433 35491 40536 35491 41184
34495 49203 39559 51964 39871 41264 39572 47188 42036 39809 45184 41960 39497 41960 41127 39634 41127 39260
34281 52211 44505 46627 47092 47102 41292 42142 42149 42423 41722 47765 41307 42431 41721 48747 43037 51094
39666 52706 44556 44556 44556 52089 44556 41403 48725 44556 43033 52084 43033 52084 46186 45371 46186 45371
29448 47078 36515 36343 35024 36922 34917 35399 35968 38499 35239 36472 34305 38123 35024 39550 35024 38820
37488 52158 42689 44008 40748 48898 44008 44319 42378 45638 40748 45949 40748 47579 40748 48898 40748 48898
30791 47594 38004 38317 41077 40197 38881 38756 41386 36496 36875 39818 38567 38628 35997 38630 36248 42268
36486 51156 41376 43006 34692 49526 39705 41335 40572 39705 36123 42140 36123 44595 36123 47896 37753 42965
33145 45045 40127 33262 38035 37792 36895 40293 35265 35817 37766 35817 40412 35817 41847 39665 40127 34892
34429 55945 44280 45839 39287 46258 46165 43645 41000 46720 39515 43083 39209 44936 38337 45275 38337 46905

