33891 53214 34414 37878 33891 41134 38260 37336 37500 36171 36882 37670 34076 38761 34414 43149 34414 42911
42586 66863 46803 48182 42586 51528 47966 49854 44985 51528 42586 50365 42586 50365 42586 53416 42586 53416
34040 54892 31971 39695 33941 38944 34375 37943 36489 36820 32893 38453 34553 36719 35568 38252 34150 37555
31667 49724 32972 40053 32223 43319 38452 34983 37921 38743 36398 38880 36398 40400 32223 38966 32223 38966
31462 51514 33051 39351 32196 43721 38663 36979 37541 39941 34971 39492 34971 38819 33051 36979 33051 37378
33135 47294 32439 36406 34104 40858 37367 37819 39304 36867 36440 45692 33356 34850 35458 37819 35458 40460
44703 70187 44703 58596 55392 61026 53106 50767 59016 53106 54718 59557 54718 63553 55486 60528 44703 62894
52294 62260 39655 56906 40343 59682 51552 51420 42233 56906 50412 59484 44034 54130 41137 56906 41137 56906
29351 44519 30533 35364 31624 35566 33032 30404 33694 33404 33567 33144 31659 33435 31176 35844 30881 36984
40273 65331 41525 55645 39329 53569 53572 44844 41287 48609 41559 51076 41559 53569 39329 51076 39329 51076
34736 53733 36997 42054 35284 46695 39660 38786 40939 41918 41494 42862 41494 45305 35670 48076 35670 43314
44302 69558 44302 59669 46639 59884 51053 50666 48269 54689 47619 57093 47613 59430 39378 50666 44302 57093
35121 55142 37673 40893 36275 48346 42574 47267 41714 42574 39479 50343 40893 50343 35554 47752 35554 47752
47132 67465 49081 56199 45125 55264 47858 56248 47525 52545 46338 56200 48245 53353 45125 61897 45125 60377
40297 52916 42410 61188 42301 60915 42443 39448 38713 42169 35607 38727 36520 45520 35607 48817 35607 52849
38263 62634 38263 46596 39534 54069 50239 48239 45212 46670 41577 53064 43129 46549 39534 48239 39534 49181
29235 44525 29361 33550 35145 43590 31707 32665 35963 35324 33163 35200 32007 33068 31800 32665 33495 36027
46392 73137 51864 64411 49701 65406 57110 58939 56785 54947 50999 61292 49701 67244 50566 61292 50566 64375
29913 50810 30917 38668 33308 43096 35929 33596 36413 34868 34668 36805 34668 34316 30917 34668 30917 38375
35324 59406 36402 47695 37755 48333 48131 42766 45933 47217 44857 48293 44857 48293 36880 46122 36880 45565
28766 44344 29156 37933 31303 36063 33394 31988 33148 34840 31693 36243 33657 36243 29526 34075 29526 35510
39806 68141 40866 50843 40866 52652 48065 49806 47928 50283 45505 50181 49097 53286 40866 54036 40866 54036
44456 69194 44987 60128 40728 47670 47448 53300 50591 52387 49320 53091 49320 55688 40993 55378 44987 55378
32644 43444 30964 34810 34235 38360 38896 32290 36589 35886 36183 36787 35233 38920 32890 34222 37119 35787
32255 48282 32101 35714 39575 38045 34036 35444 34465 31977 34341 36671 30750 38169 30750 36942 32038 36942
34282 53828 34826 47143 37121 47145 39444 38748 39564 41058 37403 38985 37403 39422 35302 41031 35220 44045
36124 44960 33381 42092 36331 46367 37122 45647 40823 43212 37260 40816 33316 43706 32536 45647 34002 44413
34019 53915 35108 40290 37319 49978 41426 45386 41668 43724 41786 42728 38003 44232 37471 43082 37694 46624
35812 56229 36231 40244 37412 52039 44306 40802 43659 43735 41526 45601 37412 51315 37412 45601 37412 50020
35623 55934 37024 43502 42876 46655 41813 41751 41550 40993 40762 45519 39124 42920 36936 41751 36936 44290
35171 53858 36333 44947 40900 48706 40506 42163 40221 43505 42348 39841 41824 46413 36470 45804 36858 45804
36319 50487 36320 48569 34990 40197 31840 42185 40251 36415 40208 44006 39255 39995 39255 45937 39255 45937
31965 50189 32186 38063 31966 45724 39752 37926 39496 39752 37999 38611 37999 38611 32186 42355 32186 42345
48554 65898 43085 66861 51136 52076 47229 65135 51841 47229 45977 48949 45977 48949 51136 66302 51136 65676
32478 51820 33554 37173 34390 34053 36739 37444 38654 36694 34947 38559 35176 40988 33076 39072 33076 41010
39432 61911 39770 52619 40384 58631 45923 44209 42712 52619 41574 55899 41574 55899 40384 46655 40384 50700
31563 49558 33247 36498 35744 40398 41763 36684 36289 33962 42563 36067 42563 38415 37726 36684 37726 36684
34525 50470 30346 39131 32144 42335 34115 35639 33662 36254 32321 39027 32281 39780 31385 36994 31385 38343
34238 53759 36202 43859 40290 52649 42396 40333 40840 43250 40013 47950 40013 48208 40447 44464 40447 50120
37571 56371 37124 44671 38711 49502 41272 45534 44235 44370 42133 51326 48154 50442 38711 49342 38711 47210
37533 67799 40332 57456 47340 59335 51364 45274 46414 50540 47352 53243 47352 53243 44468 51499 44468 53970
29190 48716 31917 39091 33330 39766 31776 33956 36314 35588 33525 36155 32212 37022 32364 33956 32364 34463
40905 52792 37765 42194 34896 43378 38816 49380 37554 38300 38263 42490 36217 41085 38717 50129 38717 50129
42444 66642 41701 57410 44771 56590 49113 50088 49087 48020 45883 51103 49348 50989 40471 50684 42678 53152
44174 74512 48923 57229 44174 57533 55946 53374 53374 55946 48852 61959 45684 54496 48844 61751 48844 61751
28434 45644 28779 33776 32755 38170 33498 35772 32869 30067 36372 30679 37577 31942 31429 35708 28240 39174
30230 52882 36843 45227 34395 40282 36457 42947 35599 38439 34714 37538 34714 39893 34395 45843 34395 41366
31480 48142 33945 38809 36494 37342 35733 35731 38961 35236 34116 33972 37260 35412 32237 37365 32237 36858
46535 73063 48631 46770 47234 52478 46902 56462 56392 43822 56307 57845 56307 57845 48002 56462 48631 47940
33336 52344 33726 42347 37037 44041 37526 40605 38112 37100 38400 38889 39001 42357 37037 42357 37037 43925
33934 51329 35315 42664 36737 45309 38366 40218 40004 37369 35591 38506 35142 41261 41905 43661 41905 42036
33567 49233 34043 38773 34324 44029 35251 36212 37257 38064 33359 39729 34051 41752 34025 37886 34025 41854
31680 54937 32685 41113 36119 50172 32110 39187 36182 35210 37231 39028 35908 47275 34263 40487 34588 40487
34626 57404 35738 46329 38491 49294 42453 42969 40033 44794 39272 44574 39272 49059 38233 44330 38233 44330
31650 49694 33933 34448 34966 36164 35559 32555 35362 38531 38239 37671 40134 39650 33545 35095 33545 35095
39438 59370 39388 47982 38769 44802 40594 41855 44804 43894 41090 42113 44037 46921 37689 41996 37689 45346
40783 64035 42403 52977 44233 57018 47040 51222 47969 49182 46105 50307 47266 51426 45436 54984 45436 54984
36652 61928 36789 45236 39093 50631 40917 40271 40172 42482 40607 41256 38872 45079 38480 43618 37211 45646
30474 46521 30618 36446 32305 35690 34885 34395 33482 35339 35707 33744 35707 35245 31468 36428 31468 41523
38135 54508 38431 41565 33505 39342 37140 44268 38323 38229 36635 41246 34919 42064 33616 44268 33616 41307
31490 46125 31859 37449 32928 37541 33822 39047 34095 37632 32951 35857 34076 37974 35409 43121 35409 43121
44986 70635 45412 56170 46433 60426 50492 57028 50009 49369 47032 55496 47032 58766 45412 58984 45412 61062
32056 50334 30745 34275 34047 38469 35167 40354 33214 34027 32711 37727 34793 40677 34853 42710 32887 37261
33162 52068 35070 41160 36965 46118 37746 41314 35467 42770 37646 42177 37646 43563 36965 41314 36965 41314
30492 54559 30695 37147 31998 36586 40228 33786 37318 35331 35294 36065 37304 36065 31157 33786 31157 36147
29281 43217 29606 34281 29929 43270 34043 32370 31839 31854 31449 33795 31810 38125 29929 36534 29929 39702
34495 50526 45607 45688 36237 41910 32391 44583 34008 35199 32780 37045 35500 40478 36451 47008 32345 47008
34281 53827 34163 40694 47754 47203 44469 43158 38977 38483 36114 41239 43267 41146 37058 43158 37544 41535
39666 60361 41000 49053 42566 49592 51308 42305 43002 51888 42775 45128 42775 45128 42566 42305 42566 49549
29448 45990 32190 34448 29042 38170 30433 35529 31205 33287 30134 33060 30134 33513 28315 35529 28315 32153
37488 58860 38953 44690 41670 50786 44415 39534 39784 45128 39032 44336 39032 41830 39032 41830 39032 44797
30791 46574 31516 35786 33900 36294 34462 38647 33925 34766 33361 36938 34489 36938 33711 35163 34928 38647
36486 48058 35809 37317 36360 40753 38002 39701 39195 34451 38114 43237 38114 42731 36360 40023 36360 39603
33145 46543 34838 42399 34939 35115 35082 33658 36733 39611 36194 38523 36194 35926 36886 42618 36886 42618
34429 54057 35336 39315 38987 49614 42329 41965 44444 40879 42166 45934 36422 47073 35656 44564 35656 47073
42469 69180 43196 52027 48763 57669 47545 53469 48367 46862 46702 53693 46702 51243 43066 57385 43066 57385
36565 50104 37493 42032 36491 40562 41067 44379 36212 38204 35555 41019 35938 44573 36037 46201 36037 46201
39259 59504 40646 44134 43533 60530 43106 41310 45520 56376 44232 56652 44232 56652 43533 48687 43533 52066
34820 49790 32909 40783 35058 42552 35841 36848 35818 36386 36184 37393 36348 37719 31334 36848 31334 38557
31860 48226 31032 36763 35972 40107 34854 32804 35330 35049 35593 35108 35593 35108 33785 38681 33785 38681
35292 53909 38095 37243 31651 47499 36293 41529 36624 34814 36464 40665 33036 40741 39176 39962 39176 38722
31043 48742 30707 38098 34839 38520 38908 36141 35110 36214 33954 34941 33239 37121 34954 36347 32520 37974
39929 61277 41519 42918 36084 46902 43350 44977 45772 40891 39413 42387 39413 42387 36879 45725 36879 45725
31795 50632 31423 37734 33177 41230 37144 38039 38333 35689 34239 33096 34239 37171 31874 36344 31874 37418
33099 49732 33051 39662 32307 42518 32289 38753 38256 37882 34180 38778 32307 38934 32854 41327 33417 41514
39602 62179 40405 51069 40926 49278 45187 44726 42761 48452 39713 48746 39713 47061 40926 47293 40926 47434
41231 60729 42351 46323 39169 51327 48807 45485 39953 48807 40457 52332 40457 52332 39505 51742 39505 51742
35684 55310 42866 40222 42866 46622 45311 45675 45675 41888 40222 45582 40222 45582 42866 45582 42866 46986
39796 62483 41883 46123 47843 54471 44374 50972 53297 50701 48988 51913 51479 48683 47843 50972 47843 50432
28522 50947 30635 40344 31822 39301 33725 33515 32752 37810 32858 32781 31916 32837 30347 36235 30347 37131
33754 56459 34754 42758 37994 46969 38676 42280 37906 41640 38493 44041 35578 46555 34667 42280 34667 43760
37520 54227 38965 34890 33528 39498 43070 42049 39671 45456 38949 42384 38949 44372 34624 41662 34624 41662
34927 54954 35788 46210 39516 52231 44137 42139 41049 48841 39621 48391 39621 48391 39135 53025 35788 53025
33928 53271 34855 42543 34607 50965 38612 42316 37049 42579 40768 40020 40768 45123 34607 40020 34607 44299
33497 52593 38197 44301 35956 45505 42357 39803 43329 41599 38700 42756 38700 42756 35956 42470 35956 42462
30222 47059 29573 33755 30844 34487 32771 33499 32918 34304 33150 32630 33298 35124 31265 35276 31265 37658
28586 48220 30319 36103 31568 41220 34453 34358 35348 34203 33136 34453 38126 36301 34082 37850 36118 37850
30475 51598 36215 39859 32371 50641 39547 34105 34769 38786 34558 35371 34873 34825 32326 34105 32762 34105
41798 65626 42737 55588 42954 46203 46845 52765 52765 46845 42954 50752 42954 50752 42954 56527 42954 55588
44901 70284 47321 58683 45000 57740 49877 50702 47753 53573 49129 50491 45826 58055 46062 60747 46062 60747

