42469 69109 56964 63189 50892 68652 57040 60000 57040 60000 56812 62049 51120 71840 50892 68652 50892 68652
36565 69449 46710 48942 51365 55590 56008 52967 53652 58968 49447 55198 49447 55198 47944 49670 47944 49670
39259 71437 52647 49835 49453 55755 49835 57019 52647 49835 49687 55755 52413 55658 52647 62557 52938 65517
34820 68314 50554 50504 47498 50306 49072 48283 49363 50010 48033 53366 48033 55389 46016 55983 47100 53071
31860 64654 49367 52181 46127 52448 49836 54211 51999 48940 50983 51900 50168 53295 47475 52576 49834 53345
35292 59178 55865 47541 46227 50603 46125 49894 49561 49894 48501 52293 47008 53563 47186 49086 45192 51411
31043 69295 55604 48622 41597 61230 48575 55536 48575 47673 44148 53569 45615 56553 41505 58270 47197 58270
39929 53680 54729 49555 44144 61387 47415 57689 51769 45703 48809 55148 48809 51786 51769 62280 51769 62280
31795 75802 49282 52913 46556 56890 54155 57477 52859 51594 49576 54872 55684 54727 47304 58720 48973 54818
33099 78391 58492 53742 48288 64604 52352 61525 56777 54868 53628 63327 51722 64604 50851 62124 54590 63177
39602 66242 48482 57362 44467 59267 53347 49970 51305 50457 54402 56377 54402 56377 48482 57362 48482 57362
41231 59398 48049 53282 45089 56438 50518 55230 56031 50518 53071 56438 53071 56438 48049 57028 48049 57028
35684 52623 44604 45972 47901 47068 44108 44108 43743 44108 41148 47068 41148 47068 44564 47524 44564 50028
39796 60516 45716 54596 56117 57556 48676 51636 62037 48676 45716 54596 56117 54596 56117 57556 46559 54596
28522 70435 50907 47340 46976 58135 47864 50749 51430 51952 48535 55261 45127 61045 49031 61606 47377 58059
33754 75536 53423 58384 50631 62374 54816 63117 57775 55571 57610 64451 49651 67411 51191 61491 51191 61491
37520 64137 45472 49517 40680 52477 43845 55641 49517 45472 37968 48432 43597 46601 51596 45901 48365 49608
34927 61279 51091 50432 42583 56723 54324 51379 47915 47915 46766 56293 44955 53763 49712 49784 49712 49784
33928 53926 48657 44325 51399 48728 45697 48439 48439 45697 43819 48728 43819 48728 39126 48728 39126 48728
33497 54894 44661 46014 43139 48974 53711 45675 46607 49144 40348 46184 40348 46184 50751 46014 44491 47537
30222 64742 49578 50143 46036 51157 48456 49319 49619 46950 48905 50907 52976 54658 46898 50908 49196 51821
28586 76256 58540 55583 49881 62385 51382 61766 57796 52796 51340 62518 50992 63044 54432 61196 52355 64375
30475 63256 46238 42008 39599 55906 49091 48479 46131 51439 39867 47928 45458 54399 39599 55906 39599 55906
41798 62518 53638 50678 44758 59558 53638 53638 53638 53638 50678 53638 50678 53638 50678 53638 50678 53638
44901 80284 59701 62524 50684 69541 65484 62524 59564 65484 59219 68444 53644 71404 53644 69541 53644 71404
34282 72442 53936 55002 46336 60763 56285 53104 53486 56979 54148 59162 47694 59908 50976 57642 53936 55506
36124 65487 52456 49973 45009 53316 48301 59279 49878 53026 45393 59136 45533 63338 45154 51787 45057 54697
34019 69115 50931 54739 45897 61764 51090 60613 51090 60613 48395 63573 46389 61764 48440 61613 46321 66851
35812 61918 50078 50612 44981 58958 47652 53592 50612 50612 44692 56552 44981 58958 45469 56552 47673 56532
35623 71143 56992 53383 44503 62263 59303 56343 56395 59303 53383 61717 44503 62263 47463 62213 47463 61555
35171 79371 59396 58948 47409 66954 52979 62488 50513 55114 50600 62393 51713 63800 50499 60840 50499 60840
36319 57425 44528 45974 41575 46655 47250 44149 44914 45585 43477 45745 39003 45756 42785 47420 42785 47420
31965 64525 52685 46765 43805 55888 47291 49661 47291 47291 47291 49661 47291 49661 42487 55645 42487 55645
48554 78154 63354 63354 60394 59593 56771 56771 50816 56771 63354 66314 63354 66314 56771 59593 56771 56633
32478 66063 47205 46891 47916 49535 51785 48877 46628 45373 48741 50373 44841 49097 45268 52863 53198 48199
39432 56714 50794 48312 47834 51272 50794 47834 50794 46240 50794 49954 50794 49954 50794 51272 47834 51272
31563 52938 46364 46041 39194 45951 40444 45040 49001 42325 43081 54756 43403 54756 37237 43403 43239 51796
34525 63556 49098 45403 49086 56296 47336 48525 48896 46944 41695 51206 41934 50645 45374 49994 44655 52864
34238 56289 47409 46078 41546 52904 46442 49038 47980 44449 41064 52904 41397 52904 45836 51998 45836 51998
37571 66475 54319 55331 47742 63408 49728 51568 59056 49728 49243 59404 48090 57140 45214 53662 46488 53662
37533 55293 46413 46413 51355 55021 53491 49101 49590 53491 49590 53491 49590 53491 43825 55021 45589 51509
29190 71134 49599 53578 43946 57753 50986 60133 58023 52068 50727 55206 44941 56235 48204 57486 50941 63228
40905 61656 46604 51383 44683 53911 49259 53281 49312 46451 46352 54164 45238 53911 44378 57303 44378 57303
42444 77906 54176 69084 53055 66124 57862 64017 58155 64017 55313 66742 49635 69026 49217 70314 49217 70314
44174 64436 49499 56014 48679 54324 56014 56014 51639 48679 53054 51639 53377 51639 56700 54512 56700 54512
28434 73921 49201 50195 44588 52680 46692 52455 47100 49765 48658 52137 49698 54893 45903 51958 45402 61019
30230 70779 49382 48116 44716 48115 49019 59065 53973 48566 45093 63103 47676 59077 48304 50260 44679 51075
31480 59618 50504 45461 46457 50563 45764 47743 47719 49684 43449 49802 46724 50972 43507 51499 43507 45614
46535 73175 59744 56784 58375 53743 56784 62704 56784 61335 47823 62704 58375 62704 56784 50314 56784 50314
33336 70349 52794 55549 50801 62936 52614 59197 54036 59976 53159 62157 50801 58692 52223 59976 52223 58509
33891 66451 51651 48691 46483 60531 51651 48691 51651 48691 48691 51651 42771 57571 41320 60531 44280 57571
42586 63306 54426 51466 48506 57386 51466 51466 48506 51466 45546 57386 45546 57386 50064 57386 50064 57386
34040 77080 56160 57080 51240 57720 56160 53120 52600 54000 53240 56560 48960 57440 50360 55160 51800 57000
31667 67187 49470 57086 45953 55347 49711 51158 49427 52387 46751 56833 45797 55347 47133 55347 47691 55347
31462 61303 46612 50568 44954 50021 45253 46003 47914 54392 44954 58582 42499 60312 47914 50021 47914 50021
33135 68218 51664 51963 47647 57929 49029 51013 56527 49623 48193 50782 46543 55598 53567 55190 45383 55004
44703 62463 60046 57217 57491 68391 53583 53583 54120 53179 62333 59373 62333 59373 59373 56813 57491 59773
52294 57361 54394 48535 51434 54455 48535 51495 54394 48535 48474 54455 51434 54455 51434 54455 53582 54455
29351 74816 57975 53309 51239 57359 50684 56124 59222 55954 52307 62740 50046 62356 50825 58677 51407 60427
40273 65289 47056 62137 53450 60134 53449 47056 45720 53449 50873 57174 50869 57174 44098 57174 51255 57174
34736 65062 46882 58552 45145 59506 48773 48526 47147 49516 47147 50605 46673 51867 48829 61512 48829 61512
44302 55911 56142 57849 51474 62062 56142 62062 52383 59102 54889 54889 46348 62062 49766 54889 52726 54889
35121 49921 44001 43360 40400 49921 44001 46320 41041 44001 38989 49280 41041 49280 42195 46320 42195 44001
47132 75528 63567 56769 56012 73772 59312 62689 56769 59729 63271 65649 57351 73772 54808 70812 57768 64892
40297 61075 47429 53367 50389 56309 46354 45977 47229 51559 48103 54519 47052 57479 44487 59210 43674 54201
38263 61943 45270 58840 43815 60259 53063 53063 51774 57299 47113 55880 53151 60259 53151 56023 44183 54692
29235 66359 47520 47557 42522 53575 48616 47345 48892 51885 46529 48805 42439 56380 45125 52737 45197 49489
46392 70262 55955 60433 51875 62918 57473 59958 61192 59958 58232 64342 52255 62918 57169 62918 57169 61382
29913 55253 46066 41753 42418 50021 49303 42594 42418 49303 41776 49585 41776 48338 40423 47061 44783 45837
35324 57433 47164 49677 43547 49677 46717 47164 50124 46717 47164 48553 47164 48553 47164 52637 47164 52637
28766 65886 46526 47707 47949 52810 48282 47950 49538 46942 45113 50583 48648 50457 45376 48804 44591 55060
39806 79456 56967 57566 51527 66445 57566 60526 54487 63486 51646 66446 51527 66445 51527 66445 54606 69405
44456 77893 62216 58665 57173 58588 62216 55628 49814 61030 52774 68136 49814 68136 60133 62216 61010 62216
32644 57815 47833 44218 42405 49857 48325 50201 51661 46294 43460 49254 42679 50958 43726 50958 45038 50958
32255 51470 41573 42590 39630 42590 41573 41787 40763 39630 45280 44211 38613 45550 39630 44211 38613 45550
33934 66399 51010 47524 44530 55964 45621 53845 47925 46404 41888 53845 46624 53845 43167 50920 41942 53915
33567 73120 54346 56449 49793 64240 49114 52981 49114 54793 51715 60459 45722 64240 46651 64240 46665 64240
31680 67578 53862 54622 46015 55308 48769 52193 53316 51781 49752 52415 47800 58526 49065 55567 46495 56188
34626 67386 47440 51549 46396 59602 53089 51360 51102 55346 53617 53547 45170 54320 45434 54766 52586 51671
31650 52370 44094 43490 44109 51101 46376 40530 44321 43490 43552 45181 47281 51101 43552 48505 43552 48505
39438 66419 60428 51464 51208 57483 52512 56052 51548 51039 49552 59012 46619 54480 54339 53021 52738 52512
40783 76303 49590 67423 48890 67423 55583 64358 62038 64463 55583 65058 55583 64463 52623 69611 52623 69611
36652 74064 56660 53760 47840 66490 57017 58848 63002 56720 51690 65600 50800 66490 50740 67022 53232 62580
30474 53391 46527 47907 39249 48055 42135 48055 42135 50867 40459 53827 40459 53827 38751 53827 38751 53499
38135 59547 49441 48224 43521 48409 46537 45973 48933 45828 43521 50538 43521 50473 47578 52152 47578 48546
31490 67855 50658 49390 49249 52115 48591 50095 52021 48356 51739 53995 49907 57142 49672 49390 47652 52962
44986 77546 62896 64960 51254 67920 59040 64437 60134 59786 57174 68268 61526 71228 56826 70357 59936 68666
32056 62701 48354 49816 41728 49400 44423 51026 47686 44877 42270 50005 41175 50975 41565 51212 43328 47095
33162 64286 52446 45002 46603 50922 47962 52446 46603 47962 44925 56842 44925 56842 44284 53882 44284 53882
30492 67680 49015 47493 46019 58075 50859 53431 45576 48625 48449 48003 44779 50007 50859 47827 49937 47827
29281 66003 48644 44972 40098 55198 45086 47363 44168 49765 43743 53645 43460 51243 45582 52238 45386 51087
34495 66282 50835 46980 45936 54517 49243 57402 49195 49317 50437 54143 50437 53472 50437 51904 50437 51904
34281 68163 51210 54291 45016 57251 48371 50828 49286 48371 57250 52884 51439 59283 54291 53211 48384 57181
39666 56204 51506 50284 48546 47956 43868 50365 48546 43675 48546 53539 48546 53539 54466 50284 54466 50284
29448 63844 48195 44035 41202 47219 44418 47154 45718 43926 41298 48301 41888 49857 41514 45921 41514 45921
37488 64128 51178 55248 43408 58208 50504 53929 46368 52288 46368 56889 43408 58208 45258 58208 43408 58208
30791 64307 47249 53595 45118 52767 48428 48316 47562 47113 47035 51688 49507 51715 45619 61071 51138 49331
36486 63126 51286 51286 39326 60166 45407 48367 51286 45407 41743 51327 45366 51750 41642 57206 42406 57206
33145 55024 48740 38882 40141 47402 44978 47945 42912 45427 43817 48392 43817 42912 44794 41842 44794 43103
34429 69244 48524 55149 47795 56891 52815 50294 47773 55149 49026 54023 44044 59851 45604 57393 47551 57393

