34626 45784 36223 44622 37532 42993 39770 37223 39883 39559 38658 42042 38559 42558 37109 43187 37109 48217 37109 48217
31650 39564 33709 37505 37468 34279 36712 31820 35541 34049 35787 38374 36995 33973 36410 37223 36032 36392 36410 37223
39438 49302 38999 44857 41744 44768 42733 39176 38521 44662 40168 42380 37016 44061 40292 45052 38999 45494 38999 45052
38135 40414 38475 39620 36201 37232 40217 37925 36685 37055 34361 38329 37249 39652 36201 36377 35136 36377 35555 36377
31490 35900 33159 34887 34968 35593 32503 34241 34559 37178 31785 37392 32903 33843 30374 36698 30729 35253 30374 36039
44986 56239 45734 52915 46647 53832 48495 50229 49613 48551 47544 51424 47544 52059 45734 54446 45734 54446 45734 54838
33934 40867 38668 34574 35556 40912 35867 37736 34483 38746 38377 39465 34775 40975 35648 40880 40147 37457 35648 41534
33567 41963 35944 36630 35307 40102 35671 35842 36667 35716 36241 36832 35307 39368 34973 37383 35976 40302 34973 37383
31680 44774 36605 34009 40236 39733 32237 34524 37819 36747 33815 33272 36410 38763 36307 34280 36579 34280 41101 34280
40783 50985 44978 48544 43802 49199 46047 46895 46329 45855 44159 47964 44486 48099 43818 49199 41989 49838 43131 49199
36652 45821 37945 42286 36681 43031 38106 40331 40182 40969 38237 40036 38297 42971 36681 42645 36681 42645 37688 42645
30474 35870 31390 31939 32938 32981 35404 34297 34788 31899 31856 32557 31856 32557 32726 37927 32831 37927 34172 36484

