34626 40257 38056 35901 35773 37670 37707 35051 37062 37835 37282 37835 37282 37670 39114 35901 39114 35901
31650 34625 32500 32075 32075 32075 32075 32075 32075 32500 33331 32500 31745 32500 32075 32500 32075 32500
39438 42132 41917 37953 39511 37528 39157 39438 39511 38164 37882 39157 37882 39014 38732 40713 38732 40713
33934 38071 33105 33965 34246 35240 32596 36383 31557 38572 32928 34825 33613 39122 35159 35634 35159 35375
33567 39517 33992 37648 33582 38115 34343 33054 34044 34768 32204 34894 33619 37421 33510 35692 33510 34329
31680 39376 32955 32955 33873 38066 42671 36027 35602 38629 32530 32903 35941 36866 35270 33380 35695 33380
38135 41841 38985 39410 32790 38866 38441 38689 33822 38441 32763 34247 38016 34027 33177 38689 33177 38985
31490 36593 30268 32340 30837 33944 30274 33190 32062 31968 32622 32912 31357 32912 30975 32765 30975 32765
44986 49192 45411 46261 45411 47260 45836 46261 45411 46261 44986 46410 44986 47111 45411 46686 45411 47111
40783 45883 42218 42483 42218 44353 43307 42483 43732 43366 42058 46188 42228 42908 41803 43333 41803 43333
36652 43443 37502 38352 37077 40043 39063 39193 39488 39064 38085 38777 36975 39202 37077 38777 37502 38777
30474 33874 31749 31324 31324 31242 31242 31324 31242 31071 33363 31242 33363 31667 31324 31749 31324 32854

