34282 57348 46096 47162 40973 51455 47775 48978 48605 48682 44765 48921 42925 49828 44256 48682 46096 47614
36124 53910 41630 42133 38766 48936 44301 50319 44901 47981 39212 45547 40198 44737 37786 50081 39170 48241
34019 55675 46528 46475 41379 55531 49813 51653 49813 48662 42795 52737 41644 54577 42718 51533 42718 49693
35812 51838 44478 45012 37652 48159 43172 45752 45012 45012 41332 47592 37652 49998 39359 46719 42073 45886
35623 57703 46912 49936 41143 52183 50343 49781 48503 50343 46663 48503 41143 57196 42983 52849 42983 52849
35171 62141 48584 50569 43450 55651 49405 50958 47860 47274 45388 51925 46355 55217 45097 53377 45097 53377
36319 45818 41839 45769 38028 40549 42089 43679 40449 42089 42089 42666 42089 45769 40249 43929 40249 43929
31965 52205 44845 41165 39325 44845 41101 43497 41101 41101 41101 43497 41101 43497 41770 46685 41770 46685
48554 66954 57754 56520 55914 52873 51171 51171 60200 51171 58360 59594 58360 59594 51171 52873 51171 51033
32478 54725 39805 40171 39838 41695 43945 42157 43319 40754 38478 42061 37799 41382 39428 43903 42272 41479
39432 46792 46314 44952 44474 46792 43112 42076 46314 43112 46314 45474 46314 45474 46314 46792 44474 46792
31563 44031 38511 41561 36232 52629 36671 39914 36480 36725 39721 46916 38923 46916 34831 38923 38759 50789
34525 51286 45816 39803 46498 47075 38814 47600 41277 39473 38814 43184 41277 41904 38253 42836 40953 41643
34238 47329 44830 41598 39849 46184 44830 43438 43500 39969 38824 46184 38037 46184 39640 45278 39640 45278
37571 55275 46075 48611 47607 54448 48162 47567 51224 46075 46145 56643 44551 50768 44235 48611 44235 48611
37533 48573 43053 43053 43053 50541 46861 46861 42229 46861 41171 48701 41171 48701 47171 50541 52146 49290
29190 56927 50469 45514 38793 50773 45916 48933 47362 44806 40493 45701 39814 49513 38482 53955 40717 48665
40905 51012 45837 51357 45837 44432 43379 44493 41053 46333 40347 50670 41255 46371 41255 55037 41255 55037
42444 64466 47906 59004 47906 57164 51142 54822 53308 54822 47462 56662 47788 58946 45857 60234 45857 60234
44174 55687 48327 51534 45319 53374 50167 50167 51534 52007 49694 53847 51137 53847 50243 49819 50243 49819
28434 57121 41645 37726 37730 49005 40108 40652 42794 41995 41750 42600 41541 40250 39309 44124 41269 40908
30230 53440 43300 45745 39492 43486 40455 43653 48399 44343 41082 44239 42922 44867 40163 42817 41456 46811
31480 50960 41000 43224 40622 45297 41844 41675 44043 41844 39861 42255 40004 43132 41701 46090 41701 41675
46535 63095 54144 52304 53895 48143 52304 55984 52304 55735 52055 55984 53895 55984 52304 44714 52304 44714
33336 55789 47224 46589 41814 51736 44376 49117 43970 49896 42548 50957 41814 49306 43230 49896 43230 50997
33891 54131 48512 43091 40011 50451 44931 43091 44931 43091 43091 44931 39411 48611 37671 50451 39411 48611
42586 55466 49946 48106 46266 51786 48106 48106 46266 48106 44426 51786 44426 51786 46704 51786 46704 51786
34040 58440 44360 46760 42920 46520 43360 45840 49440 43800 44160 46280 43600 45880 46000 47040 44760 48760
31667 53747 40783 46387 40140 48295 41285 43318 44615 44547 40867 43318 41479 46387 39445 49118 39802 47278
31462 50103 39591 43848 37938 42181 40150 39462 39447 45111 37607 43305 39447 43943 39303 42181 39303 42181
33135 53064 42704 44187 39827 44236 42999 42349 41854 42147 40647 44112 41158 46044 41158 48180 41158 45101
44703 55743 56686 52737 48474 52333 50223 50223 49821 48699 57853 56013 57853 56013 50897 52333 55251 54173
52294 49521 49914 59654 48074 48855 45175 47015 49914 45175 46234 61494 48074 61494 48074 59654 49102 59654
29351 57205 46824 44843 41039 45039 43002 42554 44638 45175 43347 50420 41232 45544 41785 51110 42647 45199
40273 56329 42576 49091 52527 52294 48969 45793 41118 48969 46393 50454 43312 50454 48970 50454 48970 50454
34736 51997 41689 46345 41073 51291 42435 45203 46058 43140 41524 48356 41857 47043 41302 46345 41302 46345
44302 59022 51662 52249 48114 55342 51662 55342 48947 53502 50409 50409 45267 55342 49822 50409 49822 50409
35121 44321 40641 40000 41319 44321 40641 43159 38801 40641 36961 43680 38801 43680 39955 41840 39955 40641
47132 63208 54682 51169 52652 55848 52592 54849 51169 53009 55431 56689 51751 55848 50328 55848 52168 58172
40297 49875 40039 46647 48465 49589 40754 51827 41935 43719 44172 45559 42888 47399 48147 46647 41550 53440
38263 52983 41939 51000 46831 52419 47463 50579 45054 50579 41800 49160 48671 52419 48671 50579 41943 49303
29235 49146 39176 40066 39950 42246 40776 41494 44176 42925 43601 41127 41863 42940 38047 42318 36301 41744
46392 61302 51912 61606 53562 56198 57926 59766 52518 59766 50678 57622 53562 56198 54246 63446 54246 55782
29913 45173 42555 37273 38183 39576 43703 37736 36818 43703 38416 46235 38416 40498 38183 40341 38183 39117
35324 48877 42684 45197 41307 45197 43357 42684 44524 43357 42684 43357 42684 43357 42684 47037 42684 47037
28766 53324 41405 39867 37766 45470 40442 40756 41698 40182 39325 41068 40808 41707 38112 45690 38425 45524
39806 63622 50247 50846 47047 56365 50846 52686 48887 54526 47166 56366 47047 56365 47047 56365 49006 58205
44456 64696 57093 59110 51573 55870 55496 52190 49976 50854 53656 59176 51816 59176 53656 55496 53656 55496
32644 48091 42426 38618 40586 43137 41605 43628 40949 40823 39419 42534 37707 44048 38999 43118 37907 43118
32255 43630 36283 38110 36270 39509 35973 36270 36283 36270 40800 46750 34430 39950 36270 38110 34430 39950
42469 59029 52049 55349 48652 60849 55215 57055 52560 54400 52332 55329 48880 61760 48652 56563 48652 56563
36565 52150 41110 42222 45765 51285 44790 45127 43287 44790 41672 47472 43634 45744 41222 49445 41222 49445
39259 58253 49053 46619 46619 50299 48459 50299 48459 48459 46619 52139 48459 48556 48459 50889 48459 50889
34820 53754 46072 42664 41527 47468 42862 42293 42033 42170 40773 42650 39958 45628 40008 44391 41220 42811
31860 50096 38362 43784 41753 44385 42545 44131 43039 40151 43792 42895 41994 45433 38865 44233 41994 45084
35292 52092 42529 41529 40568 43804 41689 41327 46775 43571 44935 45896 44714 43187 40568 43248 42823 41964
31043 54735 45524 41902 39319 45749 41855 45794 40274 44012 39088 45976 40015 50132 40558 46609 41372 45536
39929 49074 50396 47289 39664 50396 47289 50969 47289 46142 45449 49822 45449 46460 45532 49129 48556 49129
31795 56871 43237 43915 41214 45719 42677 46256 46960 44372 43726 43527 42339 45906 42182 44024 41133 49706
33099 60846 47743 44098 41695 49207 44249 51121 47627 44924 44737 51683 43273 50933 45789 50070 44360 49658
39602 56162 45122 50642 42227 51427 47747 44922 45705 45977 48802 49657 46516 49657 45122 50642 45122 50642
41231 57791 44689 50431 42849 50209 50431 50750 50431 50431 48591 52590 48591 52590 48591 50431 48591 50431
35684 46724 43516 41492 39364 42588 40748 40748 40383 40748 38908 42588 38908 42588 41204 43044 41204 44428
39796 52676 43476 48996 52757 50836 45316 47156 56437 45316 43476 48996 52757 48996 52757 50836 54597 48996
28522 52751 41052 42076 37810 45815 40318 41789 41350 40268 38642 45815 37233 45430 39986 47399 37983 45270
33754 57625 47459 54526 45599 56458 44527 51515 50455 46611 44891 52131 43046 53971 44515 52959 46355 55506
37520 45821 45996 43917 38913 41113 44459 46720 42077 42077 42077 42077 40237 47836 45996 46629 43885 44008
34927 51199 45491 42903 43204 48883 48724 45275 42287 43435 43580 44743 43679 47043 45332 44127 45332 44127
33928 46086 44177 44177 44177 44177 42337 41397 39557 42337 40459 44177 40459 43128 36886 43128 36886 43128
33497 48661 42550 42697 39630 40921 49231 39630 43247 46758 37177 41853 37177 43693 43310 43374 39420 40942
30222 55481 39775 42653 38279 45802 43194 41479 45314 42519 39401 44358 40221 44382 39337 45313 39337 45313
28586 58884 46207 44874 40997 49375 42927 55189 43236 45632 43500 47764 44564 49604 44325 49552 43324 51189
30475 50098 40531 37835 36612 44212 41208 41760 41147 43600 36851 41208 41082 45439 38452 43599 38452 43599
41798 54678 49158 47318 43638 52137 49158 49158 49158 49158 47318 49158 47318 49158 47318 49158 47318 49158
44901 66844 54101 55804 50698 63164 57644 55804 53964 57644 53619 59484 50284 61324 50284 61324 50284 61324
33934 55172 45529 40804 41136 45073 37968 45383 42325 39835 37719 46539 39925 47970 40022 47375 38582 52018
33567 57440 45394 46074 43120 54856 42394 47815 44533 44234 43618 46502 39649 54856 41280 51920 39286 51920
31680 53708 45696 43785 38988 46743 39775 44695 49108 41893 47165 45523 41253 50824 41945 49708 43024 43475
34626 56057 41986 45825 40275 47600 50631 48697 48920 44828 43920 44829 42601 50631 42115 47600 47244 48826
31650 44530 42334 39010 41681 42141 42238 37170 40192 39010 40192 38461 41681 42141 40192 43295 40192 43295
39438 56776 51468 46090 45451 48497 46371 45736 50691 43115 46018 47010 44391 47999 46371 43967 47291 48000
40783 62863 49211 57343 48317 57343 49983 55922 55447 55503 49983 60251 50281 58411 48143 55503 48143 55503
36652 60692 50304 46684 45496 53745 49177 52144 49592 50955 45260 54400 41874 53745 44368 53806 45852 52619
30474 46894 42989 38742 35629 40215 37894 40215 37894 39421 36902 40215 36902 40215 34271 39674 34271 40582
38135 49467 42625 39849 40655 43333 41978 41816 45822 43818 39041 45786 39041 44722 41978 41367 43204 41367
31490 54209 43860 43289 39830 43578 41221 42490 43557 41228 43061 44619 42067 44102 42020 45129 41778 44612
44986 65226 55081 57120 52917 61696 56026 56175 54832 56597 53241 58188 54460 60028 52346 60277 52346 59706
32056 48541 41634 43096 39316 49698 39744 38205 41055 38157 37149 42795 39568 41836 39316 41837 41609 41583
33162 54206 46846 40522 43166 44202 42362 46846 43166 42362 44403 47882 44403 47882 41605 46042 41605 46042
30492 48887 45075 44582 39190 44787 44289 45574 42449 39477 40609 43878 41260 46284 41388 41742 40609 43582
29281 50948 42738 41541 38385 48583 37505 41290 39784 41962 39154 41910 35022 46743 37240 44903 38172 46743
34495 51723 45583 40859 46234 44335 42325 43167 41380 41503 42597 43541 42597 45060 42597 43220 42597 43220
34281 54139 46335 46451 47231 60392 46450 46334 45984 45851 45249 48002 49960 53032 46451 48493 42771 56712
39666 54386 47026 47026 45186 43253 47026 43873 49355 47026 45186 49466 45186 49466 48866 44797 48866 44797
29448 49598 40881 36932 38792 40221 39309 38381 39883 39363 35607 39432 38719 39432 40632 40773 40632 40773
37488 54048 45578 48528 41168 50368 44848 47209 43008 46688 43008 49049 41168 50368 41898 50368 41168 50368
30791 50114 43924 44635 39408 42356 40184 41103 41520 41687 44488 43234 40955 40894 40288 44175 40203 40663
36486 53046 45686 45686 35390 51206 41202 45686 41202 42385 38383 47526 42006 45030 37162 46065 40166 46065
33145 50872 43017 35522 41267 40682 43512 42345 37945 38707 40236 41672 41672 36867 43017 37362 43017 36189
34429 54465 46853 49051 42708 48842 47215 43574 42401 50895 41530 46183 42152 47868 40611 48585 40812 48585

