34626 34905 34719 34750 34657 34812 34781 34657 34750 34750 34719 34750 34688 34781 34657 34719 34657 34750
31650 31867 31712 31743 31743 31712 31743 31681 31743 31712 31743 31712 31743 31712 31743 31712 31743 31712
39438 39385 39168 39562 39137 39531 39199 39562 39593 39137 39531 39531 39562 39562 39562 39562 37187 39562
40783 41155 40814 40938 40876 41062 40907 40938 40969 40907 40876 40938 40876 41000 40845 40969 40845 41000
36652 37086 36776 36776 36683 36900 36714 36807 36683 36838 36714 36838 36745 36900 36714 36869 36714 36838
30474 30722 30567 30598 30598 30345 32322 30567 32322 32322 32322 30598 32322 30598 30536 30345 30536 30345
38135 37507 38259 38259 38197 38228 37321 38228 38259 37290 38259 38290 38259 38228 38259 38228 38259 38228
31490 31924 31614 31645 31614 29812 29843 31645 29827 31614 30266 31645 29796 31676 32522 32522 32553 32522
44986 45327 45048 45141 45017 45203 45079 45079 45048 45079 45048 45172 45048 45203 45079 45141 45079 45172
33934 34213 33996 34027 34027 34089 34027 34027 32596 34027 32534 34089 32534 34120 33996 34089 33996 34089
33567 34001 33660 31509 33586 33753 33648 33753 33691 33710 31447 32924 31416 33722 33691 33753 33691 33784
31680 32052 33531 31835 31804 33748 34595 34657 31804 30719 31773 30750 34533 33531 31773 31835 31773 33500

