34626 63813 42129 57348 45808 56570 52529 47063 48803 49205 45348 51668 49644 51668 43242 53289 46721 56246 46302 52798
31650 54757 41631 48745 46295 47443 43257 39839 40584 47090 41837 46786 44594 47443 40087 49806 39851 49806 43868 46669
39438 65422 44097 59899 44541 55066 53113 48165 49942 46794 48876 51356 48700 57761 45440 65101 48658 65101 45440 65101
38135 60059 43223 50726 38609 48983 40585 58651 50527 46806 40115 50553 43329 55061 39485 51083 41527 51083 39485 51083
31490 50826 36382 44577 36818 43400 40205 46349 42092 41918 38669 45807 39159 43415 35482 48986 35482 48986 35482 48986
44986 77833 50779 74192 52013 70806 57625 64985 62691 63052 53866 65373 52013 67226 56152 76045 56152 76045 56152 76045
33934 52247 41067 46869 41504 55309 43725 50188 44482 43581 41391 45128 41271 51071 39488 51200 40465 50415 41653 50415
33567 57950 43054 50485 42578 51892 44155 42996 47227 42638 48649 42960 39632 51892 41351 49501 35848 55376 43112 53761
31680 60535 41263 52615 40391 49627 44448 44723 43515 39190 39892 42914 38869 52354 36271 47519 37434 52614 37434 47519
40783 70560 44592 67650 52510 67511 53991 61237 56973 62095 51457 62517 51239 61574 47156 65350 45156 68388 47156 65350
36652 68235 44073 57694 42649 58682 49193 50150 45096 50713 44460 54085 42649 58682 44704 57148 42473 56699 42649 57148
30474 51992 42833 48829 45101 47897 43139 44690 41342 43139 40536 44813 40536 44813 40814 44058 36819 45421 34897 45421

