38135 37771 38245 38300 38245 38245 37331 38245 38245 37331 38300 38300 38245 38245 38245 38245 38245 38245
31490 31734 31129 31600 29727 30410 29822 31710 30355 31710 30300 31655 30300 31710 31655 31655 31655 31655
44986 45591 45041 45151 45041 45316 45096 45151 45041 45151 44986 45206 44986 45261 45190 45206 45190 45261
34626 35121 34626 34791 36597 34956 34736 34681 34736 34791 34736 34791 34736 34901 34681 34791 34681 34791
31650 32035 31760 31705 31705 31705 31705 31705 31705 31760 31760 31760 31815 31760 31705 31760 31705 31760
39438 37692 39178 39603 37197 39548 37307 39548 39603 39123 39548 39548 39548 39603 37252 39603 37252 39603
40783 41443 40838 41003 40893 41223 40948 41003 41003 40948 40948 41003 40893 41058 40893 41113 40893 41113
36652 37422 36762 36872 36707 37037 36762 36872 36707 36927 36652 36927 36707 36982 36707 36927 36762 36927
30474 30914 30022 30584 30584 30584 32315 30584 32315 30584 32260 30584 32260 30584 30584 30639 30584 30386
33934 30812 33989 34099 33934 34209 34099 34099 33532 34099 32558 34154 32558 34154 33989 34154 33989 34154
33567 34337 33622 33787 33711 33897 32697 33787 32934 32934 33603 33044 32879 33933 31464 33842 33732 33842
31680 32340 30760 31845 31900 33813 34636 31900 31900 30815 31790 30815 31790 33703 31790 31900 31845 31900

