34282 44509 39049 39742 38932 41550 39990 37329 38343 40202 39144 39915 38771 40449 38589 40202 39369 39829
36124 40362 40552 35348 35380 38895 37941 42299 39356 39501 35348 41696 34902 37385 36940 37751 36381 39167
34019 42955 37495 39479 36836 41130 38010 38790 38010 39267 37495 42561 40712 41130 38396 41516 35935 40615
35812 42298 39178 39712 36592 41518 38932 39712 39712 39712 38152 40492 36592 41518 36838 41272 36838 41272
35623 44983 40303 40303 42134 42643 41863 43949 41083 41863 41354 41083 43451 42643 40254 41863 40254 41863
35171 47301 42187 40441 37127 42974 38687 41996 37907 39467 43095 43493 39517 42000 42176 41220 42176 41220
36319 40969 38659 36835 40548 39409 37849 37849 38629 36260 37849 36306 37849 37367 37069 38629 37069 38629
31965 40545 37425 35865 35085 37425 35738 35738 35738 35738 35738 35738 35738 35738 35632 38205 35632 38205
48554 56354 52454 45091 51674 46513 45871 45871 46651 45871 45871 53234 45871 53234 45871 46513 45871 45733
32478 41838 39293 33085 39305 39498 36525 36365 38888 34712 36329 35796 36953 37941 37632 37938 37938 37158
39432 42552 40212 41772 39432 42552 40992 40212 40212 40992 40212 41772 40212 41772 40212 42552 39432 42552
31563 38217 34271 37321 37321 44149 33491 36657 38101 42589 36541 43369 34683 43369 32711 34683 32711 35463
34525 40214 35226 35143 34824 36065 35534 40389 35977 36044 35716 38317 32186 38938 39078 37386 39078 33113
34238 39698 36578 37358 35924 44046 36578 38138 39080 37394 37394 44046 41650 43266 37449 38918 37449 38918
37571 44745 40845 42251 40243 48736 42862 40930 39693 40775 39285 41417 39370 48736 40065 42251 40065 42251
37533 42213 39873 39873 39873 46301 44741 42270 43050 44741 43050 45521 43050 45521 39093 46301 39049 43050
29190 42213 38134 37486 35531 37755 35546 35607 35386 34812 38253 36256 37091 37259 32914 39829 34765 39028
40905 46979 39263 43937 38888 43937 38586 46365 42377 41519 41597 44696 41597 43937 36937 36757 36937 36757
42444 51746 44726 49464 44335 48684 46948 48508 46948 47280 45700 50068 43944 49406 42677 47357 42677 47357
44174 53697 50577 47294 47569 56240 47294 47294 47294 51357 46514 52137 49017 52137 47063 53641 47063 53641
28434 40021 35083 33670 36233 34178 34381 38790 34030 39037 31285 35016 33398 37319 33534 37793 33521 34585
30230 39688 37669 39014 34792 38352 37768 40610 39481 37975 35844 38359 35844 37579 35762 40135 37635 37849
31480 38461 34561 34737 33801 38735 39222 35518 33274 34424 35518 33605 38442 36297 34035 35264 34035 35205
46535 53555 48844 49655 49655 50435 48064 51215 50435 50435 48875 51215 49655 51215 48064 50435 48064 50435
33336 42009 37741 38980 36456 41136 36640 38017 38567 38200 36043 39301 36456 38889 37236 40356 37236 38889
33891 42471 38571 37791 35451 40911 38571 37791 38571 37791 37791 38571 36231 40131 35451 40911 36231 40131
42586 48046 45706 44926 44146 46486 44926 44926 44146 44926 43366 46486 43366 46486 44146 46486 44146 46486
34040 41900 38600 37460 37000 39700 38160 35160 41300 35800 37860 41700 36620 36800 38000 37180 36160 42260
31667 41027 34787 39815 34787 38603 35567 36263 37043 37043 35567 36347 34787 40595 34787 37907 34787 37907
31462 39262 35351 36142 35110 37462 38016 38016 35902 34198 32589 36633 35122 39314 34979 34761 34979 34761
33135 40322 34676 37667 37427 35988 38308 37297 35895 36180 35086 35561 36803 36998 36647 36423 35958 38177
44703 49383 46263 54932 62663 50141 47043 47043 54932 46263 56228 46881 56228 46881 46263 56251 53372 50921
52294 48362 41215 55414 46022 43555 41995 42775 41215 41995 45242 56194 39655 56194 46022 55414 46022 55414
29351 41212 37177 35338 35171 38704 34108 38106 35260 35016 35132 36999 32998 35690 35047 39208 36054 36751
40273 46513 43393 44730 41833 44953 43393 42613 43393 42613 37556 44173 40531 44173 45572 39116 44792 39896
34736 42229 37362 42283 38846 39544 38329 37241 38155 37032 37192 37547 36631 39474 37362 37834 37362 37834
44302 50542 47422 48202 45862 48982 47422 48982 47422 48202 46642 48982 45862 48982 46642 48202 46642 48202
35121 39021 37461 36820 36040 39021 37461 37600 36681 37461 35901 38380 36681 38380 37076 37600 37076 37461
47132 56492 47262 57140 49472 48428 46232 47429 45869 46649 51395 48209 50615 48428 51032 50624 51812 51812
40297 48877 44197 40287 35803 41847 44977 35758 36250 43279 38872 46985 38648 46205 37933 40287 43417 36935
38263 44503 38900 43580 43651 44999 42163 44219 40460 44219 39680 42304 44431 44999 44431 42304 39823 42022
29235 42506 33110 33655 32834 37236 33459 34896 35464 33417 33788 34116 32580 35533 34837 36130 33411 35319
46392 52632 48732 55246 48732 50292 50292 50292 50292 50292 49512 51072 48732 50292 52126 50292 52126 49512
29913 35633 37255 33033 32283 39183 36505 33033 32253 36505 35236 33583 35236 38403 32283 39183 32023 39183
35324 42517 38444 40957 39187 40957 40177 38444 39224 40177 38444 40177 38444 40177 38444 41737 38444 41737
28766 38230 34435 33859 35738 35006 33080 36362 34433 35007 32709 33648 32820 35272 33864 34382 34544 33702
39806 49166 43887 44486 41547 46825 43705 45266 43587 45927 42926 46707 41547 46825 41547 46825 43706 47605
44456 53036 43434 48356 41874 49136 49136 48356 46796 49916 48356 50696 47576 50696 48356 49136 48356 49136
32644 39420 36066 35451 35286 36777 36846 36846 34903 36846 34808 36463 32607 39853 37692 36628 34739 36628
32255 36210 33090 33870 33090 33870 32310 35780 36560 33090 36560 37311 32310 35375 35269 33870 32310 35375
42469 49489 44809 47929 46532 50301 47203 47983 50975 47203 47203 48763 50195 51212 44863 47929 44863 47929
36565 40490 35810 40404 35418 42805 37370 42693 36198 37605 35810 42805 40297 43585 35810 42025 35810 42025
39259 47059 43939 42379 42379 43939 43159 43939 45873 43159 45093 44719 45873 44719 45093 48213 44313 48993
34820 40783 35294 37873 37673 37053 35391 36389 39867 35688 38453 38513 37673 37408 35768 37130 34602 37614
31860 41117 33046 36173 35672 36604 38964 34642 35310 34729 35724 35509 34624 36601 35741 37402 33982 40026
35292 43113 37594 36230 42247 37436 35646 36028 35674 36151 36888 36931 37191 37234 43027 40095 43027 43259
31043 41499 35069 34943 32579 38096 35259 36819 37711 36051 35495 37611 35259 39126 37665 37611 34715 38096
39929 46376 42558 43049 41696 44036 42476 44036 43049 42476 41696 43256 41696 43256 42476 43829 41778 43829
31795 41434 36538 39014 36172 40562 37743 35058 39933 36071 37732 39605 37732 37323 35634 37847 35898 38071
33099 44609 36264 42812 36370 39723 36425 39470 37835 36934 35306 40380 37165 40699 37834 39919 37796 37187
39602 46622 41942 44282 38283 44007 42447 40887 41942 41942 43502 43297 44396 43297 41942 44282 41942 44282
41231 48251 41509 45131 40729 43849 45131 46510 45131 45131 44351 47290 44351 47290 44351 45131 44351 45131
35684 40364 38216 37568 37244 38348 37568 37568 37436 37568 36788 38348 36788 38348 38024 38804 38024 39128
39796 45256 41356 43696 40576 44476 42136 42916 42136 42136 41356 43696 40576 43696 40576 44476 41356 43696
28522 38882 33684 34022 32155 35314 33609 36440 32491 32044 33312 34798 31896 37141 32611 38076 33464 35833
33754 43845 42159 43864 40593 43656 37160 43083 39659 42096 40789 43656 38975 42525 41086 43656 40306 43656
37520 45320 41420 38617 34673 37837 36119 41420 38617 37837 37837 37837 36989 37837 38018 42200 40640 42200
34927 43311 42018 45138 39072 42192 42213 44358 43578 44358 39072 45918 38292 42972 39072 45138 39072 45138
33928 38666 39937 39937 39937 39937 39157 36268 35546 39157 35546 39937 35546 37828 34766 37828 34766 37828
33497 38177 35922 37397 37510 39850 39559 37510 40067 35856 35057 39850 35057 39850 39070 38290 39983 36617
30222 37958 33904 33819 33672 38736 34633 33081 34705 35721 35034 33800 32511 34101 32966 35307 32966 35307
28586 43604 36434 37144 34014 41353 36805 38499 36758 36805 36584 41574 34372 42060 34484 39482 36600 38907
30475 37188 35231 33595 35369 37541 34848 37541 37082 36195 35522 34848 35415 36959 35369 37541 35369 37541
41798 47258 44918 44138 42578 46478 44918 44918 44918 44918 44138 44918 44138 44918 44138 44918 44138 44918
44901 54124 48801 49444 46324 49921 47581 46801 48664 47581 48319 48361 47104 49141 47104 51784 47104 51784
33934 45035 34727 38677 42908 35597 41135 38585 35623 34723 34593 39428 34593 39428 33257 37591 34685 38083
33567 45231 38974 38827 37048 39898 36034 36615 40496 40402 38302 40966 36613 39898 37193 39898 36268 39898
31680 40988 36480 40142 35370 35958 39145 35390 43957 35533 37905 37093 35173 42836 33828 40499 34748 40499
34626 41646 41422 41693 40132 41240 44077 42202 39745 41892 39680 41892 42337 41240 39417 42472 38526 39377
31650 37110 35374 34770 36381 33661 34821 35601 37012 34770 37012 33990 36381 33990 37012 38094 37012 38094
39438 46674 41354 43479 42492 40579 43272 46102 43693 41712 41712 43130 44118 42492 38951 44615 38805 45039
40783 54558 44133 47803 44133 47803 49098 46473 45463 50658 45397 47618 46177 47023 43903 47023 43903 47023
36652 48768 41824 44899 38820 44224 41341 42604 41332 41824 38764 43195 38820 44224 39840 44164 40968 44341
30474 36987 32610 36838 34514 36006 34700 32795 34700 34700 31814 34374 31814 34374 33087 34374 33087 34374
38135 40127 36361 35060 37904 38040 36227 42626 38684 36807 35640 37582 35640 38426 36468 35775 37248 36555
31490 39072 34703 36179 34290 36376 34619 37795 34835 36066 36621 35869 36762 36320 35089 35943 35371 36649
44986 53566 48886 50446 47617 52006 49666 49177 48886 48886 48106 49666 47326 50446 48106 50737 48106 51226
32056 40636 35956 36736 33007 36280 35402 33739 36057 35376 31674 39076 33739 37892 34622 36280 33210 34720
33162 39402 37062 36282 34722 37842 37062 37062 34722 37062 39206 39402 39206 39402 35572 38622 35572 38622
30492 37940 37513 36236 35385 36237 35386 42759 35811 38152 34040 37867 36592 35952 38435 39004 37655 39784
29281 39787 35202 32875 32202 39250 33547 38052 34164 33659 34740 39051 32608 38263 36604 38470 34582 38470
34495 39003 38163 33244 40934 53535 34281 35061 36080 38238 35103 55095 34098 35210 37383 34804 37383 34846
34281 43352 38475 39031 36122 41012 48512 41737 40847 38672 39762 38672 49292 47732 40232 37182 37471 39943
39666 45906 42786 42786 41191 46989 42786 41021 41191 42786 41021 41191 41021 41191 41191 42006 41191 42006
29448 36444 34451 31632 33217 33861 34475 31709 32764 32549 31656 32411 33695 33329 31769 34641 31769 34641
37488 44508 40608 42168 39048 42948 40608 41388 39828 41388 36913 42168 39048 42948 39048 42948 39048 42948
30791 39378 33820 36155 33850 36406 35380 35627 35287 36071 37506 36066 39637 35526 35380 36058 34338 36664
36486 43506 40386 40386 33275 39425 38399 37865 37137 39959 35203 38645 35203 38670 36280 40739 35983 40739
33145 36545 34985 30725 36265 38453 33425 37045 38453 32347 35996 37673 37673 38453 37556 30725 33425 30725
34429 42229 37215 39889 37630 40647 40840 39109 36906 41631 35882 43191 37241 40391 35461 39889 35425 39889

