33891 34234 33911 34073 33891 34097 33969 34016 33955 33985 34001 33984 33948 34042 33901 34056 33901 34126
42586 43016 42705 42771 42586 42873 42681 42747 42629 42744 42685 42873 42685 42873 42630 42841 42630 42778
34040 34386 30424 32169 32866 34220 30765 34145 34118 30782 30835 30814 34146 32175 34133 34185 34103 34185
31667 31989 31691 31846 31753 31875 31769 31759 31739 31769 31756 31781 31712 31839 31677 31817 31677 31797
31462 31782 31513 32976 32817 31682 32883 31558 31574 31617 31552 31567 31552 31639 31491 31567 31491 31610
33135 33473 33160 33323 33201 33073 33296 33246 33256 31060 33256 33023 33233 31068 33203 33279 33218 33340
44703 45153 44770 48139 45489 48011 44899 44810 44779 44899 44814 44975 44814 44975 44739 44944 44739 48139
52294 52821 52345 52598 52374 52531 52408 52357 39701 52519 39655 52565 39655 52531 52374 52531 52345 52531
29351 29653 29406 29477 29422 29448 29167 29437 30826 29442 29928 29482 29430 29465 29924 29460 29649 29460
40273 40678 40318 40584 40309 43870 40408 40354 40296 40472 40309 43781 40309 43781 40309 40529 40309 40529
34736 33410 33117 33289 35284 32690 32544 32524 38320 32518 38258 32563 38258 34617 33117 32664 33117 32664
44302 44749 44335 44587 44343 44578 44544 44474 44373 44565 44453 44528 44453 44598 44331 44528 44331 44528
35121 35475 35159 35223 35121 35416 35253 35274 35180 35253 35223 35312 35223 35312 35182 35274 35182 35376
47132 47610 47213 47405 47188 47471 47298 47318 47232 47253 47211 47371 47177 47340 47188 47393 47188 47453
40297 40706 40321 40607 40337 40536 40443 40449 40404 40521 40408 40507 40337 40523 40359 40547 40337 40547
38263 38648 38263 38506 37581 38589 38396 38439 38386 38479 37569 38476 37581 38540 38322 38476 38322 38589
29235 29538 28581 29651 28564 29737 29570 29846 29548 28701 29528 28722 28564 29694 28576 29611 28576 29692
46392 46860 46396 46652 46508 46707 46534 46659 46565 46614 46478 46707 46508 46689 46441 46707 46441 46707
29913 30216 29957 30098 30040 30089 30023 29997 30028 30005 29997 30036 30040 30036 29974 30089 29974 30063
35324 35683 35373 35498 35354 35438 35420 35344 35344 35420 35404 35438 35404 35438 35354 35438 35354 35505
28766 29058 28791 28936 28842 29017 29512 28827 28899 28924 29682 28949 28885 29712 29587 29681 29587 28949
39806 44381 39855 40054 39915 40153 39833 39947 39831 39883 39788 40046 39915 40064 43973 40120 43973 40087
44456 44905 44492 44739 44535 44586 44570 44613 44555 44633 44495 44687 44495 44760 44536 44682 44536 44728
32644 32977 32658 30589 30492 32797 32834 32747 32798 32766 32750 32736 30492 32814 32752 32831 32715 32831
32255 32581 32303 32479 32434 32280 30772 32312 30753 32300 32323 32334 32411 32334 32346 32312 32278 32312
34282 34629 34287 34543 34367 34460 34369 34320 34366 34426 34365 34385 34365 34366 34328 34470 34328 34500
36124 36492 36156 36349 36246 37468 36204 36340 36275 37351 36241 37402 36199 37421 36200 37434 36200 37481
34019 34365 34059 34153 34542 37523 37426 37394 37430 37364 37390 34204 34618 37440 34057 37494 34057 37494
35812 36175 35841 35977 35841 36100 35991 35956 35980 35998 35942 35986 35841 36087 35841 36041 35841 36100
35623 35985 35708 35805 35647 35880 38584 35743 38579 35730 38604 35782 35686 35785 35647 35828 35647 35828
35171 35530 35213 35417 35241 36229 35429 35556 35400 35304 35417 36035 35248 35589 35202 35574 35202 35418
36319 36686 31744 31896 31727 32913 31800 36529 33907 32776 33005 32791 31743 32857 31743 32888 31743 32326
31965 32291 31970 32120 31970 32137 32132 32148 32128 32132 32105 32178 32105 32178 31970 32151 31970 32151
48554 49044 48593 48855 48655 48824 48611 48769 48756 48611 48707 48777 48707 48777 48655 48866 48655 48866
32478 32808 32536 33091 32535 32624 32639 32592 32571 32624 32527 32626 32527 32692 32535 32632 32535 32632
39432 39828 39432 39770 39432 39828 39546 39490 39490 39664 39432 39722 39432 39722 39432 39604 39432 39604
31563 31883 31616 31796 31643 31753 31632 31688 31762 31712 31677 31610 31677 31610 31619 31753 31619 31734
34525 34876 34525 34694 34525 34823 34653 34655 34614 34694 34582 32871 34488 34783 34488 34712 34488 34757
34238 34583 34298 34464 34343 34478 34382 34419 34426 34297 34343 34405 34343 34410 34258 34478 34258 34478
37571 37951 37583 37747 37571 37844 37686 37727 37668 37796 37649 37762 37622 37773 37572 37785 37583 37785
37533 37911 37574 37819 37533 40982 37646 37574 37566 37743 40710 37784 40710 37784 37533 37784 37533 37776
29190 29488 29236 29329 29231 29373 29266 29282 29262 29323 29263 29328 29231 29295 29231 29291 29231 29307
40905 41321 40961 41098 40965 41081 41006 41110 39352 41008 39345 41086 40956 41049 40973 41159 40937 41123
42444 42874 42462 42789 42546 42733 42611 42652 42648 42624 42563 42629 42546 42685 42449 42733 42449 42787
44174 44619 44174 44546 44221 44572 44382 44337 44337 44382 44283 44462 44367 44379 44221 44546 44174 44546
28434 28724 28453 28588 28540 28498 28954 28565 28624 28924 28559 28480 28535 28475 28866 28560 28866 28593
30230 34530 30263 33782 33620 34580 33663 33694 30332 34445 30901 34523 30901 34523 34214 34408 34194 31080
31480 31800 31533 30931 31503 30913 31571 31536 31581 31592 31553 30951 31604 30927 31564 30918 31564 30918
46535 47005 46574 46633 46548 46719 46691 46750 46812 46617 46707 46736 46707 46736 46574 46794 46574 46794
33336 33675 33395 33554 33421 33525 33439 32890 33430 32877 33462 32905 33657 32888 33356 32927 33356 33523
33934 34278 33963 34110 34018 34139 34007 34046 32613 34007 32558 34059 32558 34148 33986 34136 33986 34136
33567 33912 33607 31517 33567 33723 33607 33727 33640 33644 31425 32873 31406 33693 33641 33743 33641 33759
31680 32004 33452 31884 31789 33708 31746 34704 31816 31773 31756 30735 34509 33488 31724 31878 31724 33515
34626 34978 34691 34845 34665 34887 34797 34681 34764 34794 34709 34828 34688 34849 34649 34799 34649 34845
31650 31970 31691 31832 31801 31711 31821 31657 31774 31747 31801 31711 31801 31711 31801 31711 31786 31711
39438 39838 39509 39669 39505 39618 39573 39604 39597 39553 39509 39585 39612 39598 39492 39636 39097 39636
40783 41197 40788 41025 40856 41124 40911 41002 41008 40908 40878 41001 40856 41055 40814 41035 40814 41087
36652 37025 36671 36856 36240 36884 36677 36777 36669 36838 36700 36759 36738 36884 36662 36833 36662 36864
30474 30528 30503 30280 30607 30377 30406 32321 30382 32313 30404 30582 30404 30582 30491 30377 30491 30377
38135 37543 38186 38366 38157 38266 37290 38273 38297 37284 37264 38272 38272 38269 38186 38302 38186 38302
31490 31813 31516 32119 31538 32498 29826 31652 29842 31611 29833 29785 29750 31663 31964 32502 32385 32502
44986 45442 45010 45306 45012 45313 45104 45169 45105 45064 45076 45247 45076 45273 45044 45271 45044 45342
32056 32382 32071 32234 32114 32205 31521 32198 32168 32276 32136 32233 32136 32212 32106 32182 32106 32182
33162 33498 33207 33293 33183 33423 33299 33306 33193 33354 33162 33364 33162 33401 33183 33361 33183 33361
30492 30802 30511 33036 30827 33015 32972 30581 31013 33007 30492 32917 30534 32927 30495 32856 30495 32965
29281 29477 29315 29456 29222 29267 29264 29431 29223 29233 29218 29283 29262 29194 29222 29431 29344 29467
34495 34845 34517 34692 34578 34619 34572 34740 34645 34667 34559 34691 34554 34667 34559 34733 34559 34733
34281 34630 34316 34470 34350 34525 34328 34391 34370 34438 34381 34455 34388 34427 34377 34427 34331 34427
39666 40066 39718 39816 39718 39856 39746 39706 39706 39866 39694 39906 39694 39906 39718 39856 39718 39856
29448 28827 29481 28673 29452 28688 28602 30708 28116 30667 28059 30724 28059 30724 28879 29538 28879 28682
37488 37868 37515 37725 37571 37785 37674 37598 37632 37625 37632 37639 37570 37611 37571 37738 37571 37738
30791 31105 30806 34428 34265 30925 30902 30859 34329 34205 34307 30840 34402 30840 30827 30895 30827 34257
36486 36856 36523 36691 36497 36725 36593 36544 36614 34814 36576 36618 36576 36607 36497 36629 36497 34915
33145 33480 33193 33377 33180 33243 33230 33234 33209 33249 33209 33240 33209 33184 33230 33312 33230 33312
34429 34777 34464 34648 34451 34703 34541 34598 34506 34658 34429 34718 34488 34703 34466 34645 34466 34740
42469 42897 42626 42778 42515 42786 42710 42662 42634 42561 42577 42662 42577 42716 42623 42786 42626 42786
36565 36088 36595 36751 35759 36780 36665 36684 36700 36662 35843 38542 35855 36683 35741 36781 36589 36781
39259 39656 39325 39424 39327 39514 39425 39370 39364 39491 39346 39428 39346 39422 39350 39514 39350 39508
34820 35326 34831 35064 34876 32749 34896 34946 34861 35076 34281 32647 34234 35133 34856 35177 34856 31630
31860 32183 31889 30989 30260 32039 30656 30657 30620 30681 30588 31958 30588 31958 31918 33302 31918 32072
35292 35653 32575 32601 35376 32579 32602 32649 32626 32620 32607 32687 35368 32663 35376 32649 35392 32649
31043 31360 31094 31171 31937 32034 31127 31189 31965 31154 31975 31115 31962 31181 31938 32043 31938 32020
39929 40332 40015 40076 39960 40194 40028 40095 40033 40065 39974 40041 39974 40117 39974 40166 39988 40166
31795 32119 31813 31931 32019 33059 32057 31197 31888 32018 31983 32939 31983 32964 31835 31963 31835 31963
33099 33438 33143 33274 31161 30551 31150 33255 32318 31199 31196 30550 31161 30474 31175 33270 31178 33255
39602 40002 39617 39866 39626 39769 39715 39656 39656 39777 39614 39831 39635 39831 39638 39831 39638 39899
41231 41646 41272 41402 41252 41558 41335 41329 41268 41335 41312 41387 41312 41387 41258 41477 41281 41477
35684 36044 35759 35762 35316 35495 35813 35819 35821 35813 35756 35411 35756 35411 35228 35495 35228 35436
39796 40197 39833 40050 39807 40186 39877 40049 39872 39988 39807 40064 39807 40064 39807 40105 39807 40105
28522 28816 28544 28660 28582 29886 29807 29811 29796 28654 29791 28650 28555 29860 28582 29830 28582 28671
33754 34097 33780 36628 36469 34047 33893 33894 36519 33853 36493 33902 36469 33936 36469 33962 36469 33999
37520 37900 37563 37777 37594 37671 37758 37731 37720 37769 37707 37719 37707 37656 37562 37719 37562 37719
34927 35280 34967 34996 34974 35045 35065 35108 35032 35065 34983 35153 34983 35153 34943 35124 34943 35100
33928 34270 33965 34196 33928 34233 34067 34004 34040 34104 34035 34073 34035 34126 33928 34233 33928 34201
33497 33835 33510 33717 33541 33791 33579 33579 33792 33640 33710 33722 33710 33722 33541 33648 33541 33709
30222 30533 30258 30367 28563 30463 30346 30321 30288 27978 30314 30405 30041 30433 30243 30403 30243 30400
28586 28881 28637 28722 31834 28790 28667 28712 31909 28681 31818 28724 31834 31910 31808 28742 28642 28742
30475 30785 30495 32483 32381 30641 30558 32375 32444 32430 32440 32359 32485 30530 30555 30627 30555 30578
41798 42220 41861 42041 41819 42077 41836 41940 41940 41836 41844 41957 41844 41957 41819 42058 41819 42041
44901 45355 44948 45207 44923 45211 44940 44888 44875 44940 44841 44955 44788 45078 44788 45211 44788 45210

