34626 147593 55395 84777 56556 100021 66421 66035 59973 84242 51094 84887 51094 79426 59199 72997 59199 72997
31650 116341 70635 47704 44079 82741 60341 64345 55733 61097 50726 69955 54524 71541 49821 74789 49821 74789
39438 158249 64259 73039 67587 84039 87792 64883 65392 65463 63197 85160 57378 80769 85172 69569 85172 80769
38135 136741 55152 59862 50043 83553 60378 61603 67217 67476 57538 86650 60184 97785 57474 61603 57474 61668
31490 189747 73752 63492 66232 102322 67219 76290 66890 78419 61518 86658 64338 88632 62270 70274 62270 70274
44986 167664 56186 78586 64774 116065 77765 99717 75974 77765 64774 98747 64774 103447 64774 103447 64774 103447
33934 152902 60439 66912 69280 96464 62313 85018 69769 65293 54398 73317 51727 91484 68836 85330 68836 75381
33567 229656 66950 76698 57307 134474 63035 85469 66369 71407 54807 87319 55714 108486 54226 89567 59302 109754
31680 173974 76622 75500 62940 114872 70847 84581 72088 70847 56923 76052 60836 102897 53719 76480 64919 76480
40783 176728 63683 85583 62112 131928 75928 94821 85583 85108 74383 107566 63183 111193 62112 113155 62112 113155
36652 206787 75227 78486 57568 125598 80798 111791 73316 91287 57568 98157 60048 120557 59290 92652 70490 92652
30474 117954 57198 46849 54058 73827 54063 63567 60935 63312 60935 71116 60935 68995 54058 76888 54058 76888

