34626 46152 37694 39053 34106 41318 39495 37649 37009 40316 37106 40990 37106 41375 40408 46139 40928 46139 36862 46139
31650 39882 32692 36663 34672 33045 33045 31827 34730 37469 34656 37411 35521 33323 32332 35364 32515 35364 32332 35364
39438 49700 37549 48647 37825 40876 39889 40578 37564 40164 35658 42532 39198 41545 37936 48336 37936 49017 37936 48336
38135 40736 38270 35356 37703 37060 38861 40065 36728 35314 38459 39172 34948 36383 37754 36332 37754 35240 37754 36332
31490 36187 32092 33366 32501 33166 34211 34938 32113 34853 31777 33083 32787 33132 31313 33140 31375 32764 31313 35215
44986 56687 45180 50282 45646 51771 46817 49790 46809 47472 45451 49351 45451 51273 45180 52320 45180 52320 44986 52320
40783 51392 42072 45946 42906 48368 42701 45545 44062 44859 43211 45128 42631 45639 43042 49118 41557 48607 43042 49118
36652 46189 36715 40369 38271 42450 38769 38305 38182 39104 37289 39307 37855 40080 36884 42531 36884 41631 36884 41631
30474 36158 30255 33952 32901 34647 33411 32263 32772 31132 32837 32016 32837 32375 30895 32180 30895 32088 30895 32180
33934 41195 35276 34593 39290 40417 37433 36801 37980 37103 34783 37605 34037 39418 40909 38468 37026 42636 34553 38468
33567 41295 33784 37302 32971 39884 34295 33571 35792 35313 32269 35382 34002 38818 33283 35778 33283 39022 34437 36542
31680 45132 30987 33792 37873 32437 34222 33420 32049 31374 33199 38317 44395 32437 39663 33415 35375 32743 35375 33415

