33891 44451 33891 34851 33891 36312 35352 35811 34851 36312 33891 36312 33891 36771 33891 36771 33891 36771
42586 49306 43546 42586 42586 44506 43546 44506 43546 44506 42586 44506 42586 44506 42586 44506 42586 44506
34040 45200 35000 32680 33040 32320 34400 34360 33440 32640 33280 36200 34120 34360 32200 33640 34240 34600
31667 43187 31667 32627 32627 38375 34394 33587 34394 33587 34394 34547 34394 36467 32627 34547 32627 34547
31462 41062 32422 35015 33382 34776 34775 33382 34775 33816 34825 34342 34825 34776 33382 33382 33527 33382
33135 42302 33323 34265 34651 32736 32795 33835 33585 31480 32332 33725 32642 35055 34883 33696 31776 32736
44703 50463 44703 45663 61283 59802 45663 45663 62243 45663 61283 46623 61283 46623 44703 45663 44703 45663
52294 49622 39655 53254 43862 53254 40615 53254 40615 53254 43862 54214 39655 54214 39655 53254 39655 53254
29351 42050 30592 33445 33348 31578 31687 30583 33789 31851 34671 33025 29238 32640 31445 32824 31210 31164
40273 47953 40273 42193 40273 42570 41233 42193 41233 42570 40273 43153 40273 43530 43148 42193 43148 42193
34736 43177 36441 38076 34938 39424 37058 37675 35238 36256 33763 35897 33763 35897 34938 37616 34665 36141
44302 51982 44302 46222 44302 47182 46222 46222 46222 46222 45262 47182 45262 47182 44302 46222 44302 47182
35121 39921 36081 36081 35121 37041 36400 36400 36400 37041 35696 37041 35696 37041 35121 36400 35121 36400
47132 58652 49052 49052 52422 46304 43928 50012 43928 53382 42968 53382 53420 50012 52422 50012 52422 50012
40297 53566 41257 42217 36892 45483 42217 43177 42217 40543 42370 43177 41257 43177 34813 42217 34813 42217
38263 45943 38263 40852 38263 40040 42419 40183 40183 41459 39223 40183 38120 40183 38263 40183 38263 41143
29235 41610 31855 30195 29729 32404 32487 31855 32487 31855 30709 31855 30567 31512 29116 33823 29116 30895
46392 54262 47352 48502 50566 47542 51526 47352 51526 48502 47352 48502 50566 48502 50566 48312 47352 48312
29913 37253 29913 33355 30873 34392 30873 30873 34315 31833 33355 31833 33355 36423 30873 31833 30873 31833
35324 43597 37244 35324 37244 38797 36508 36284 36508 39757 35324 39757 35324 39757 37244 39757 37244 39757
28766 40495 31242 31053 31122 32202 30686 30964 30477 33039 31053 31644 31053 34260 30162 30964 30162 30964
39806 51326 40766 44719 40766 42685 43646 42686 41127 42686 41726 42686 42686 43646 40766 42686 40766 42686
44456 55016 47336 46376 44456 45416 46376 46376 44788 47336 44788 47336 44788 47336 45416 46376 45416 46376
32644 41400 36696 34479 33548 32346 33579 31721 34266 31964 34508 32924 34508 32159 31987 34564 31987 34564
32255 37470 31710 30750 31710 33215 31710 33215 31710 33215 30750 34175 30750 34175 32255 33215 32255 33215
42469 51109 43429 44541 42849 47852 43581 45349 43581 46892 42849 45349 42849 47852 42469 45349 42469 45349
36565 42470 36684 37525 35625 37525 37644 37525 37252 34665 36292 38485 36292 39564 36292 37525 36292 38485
39259 51213 41179 39259 41179 45453 41179 40219 41179 45453 43533 41179 43533 41179 41179 41179 41179 41179
34820 43724 32615 36445 32718 32664 35239 35605 35239 33509 31773 32664 31773 32664 32791 36740 32791 34490
31860 40225 35024 34114 34029 35961 31897 31422 33144 33081 32270 33480 32270 33480 31822 33780 32942 34041
35292 45093 33420 35695 35493 33471 32560 36655 36150 41459 34380 35442 33268 33874 36453 36655 36453 36655
31043 43295 33776 31742 32319 34239 33189 31336 32319 32229 33006 33471 31379 33256 32319 32296 32319 32296
39929 47996 40784 39929 40316 41849 41849 40889 41849 41849 40889 41849 40889 41849 40316 40889 40784 40889
31795 43954 32076 34617 31867 35955 34786 32206 34488 31398 33922 33677 33922 33166 34506 33715 34506 33715
33099 47309 32088 36939 35452 33567 34114 35979 32892 33701 35452 34005 32967 36939 33103 35019 33103 35979
39602 48242 40562 36857 41522 43772 42812 40562 40562 42812 39602 42482 39602 38777 41522 40562 41522 38777
41231 49871 42191 39169 41231 41089 42191 43151 42191 42191 41231 43151 41231 43151 41231 43151 41231 43151
35684 41444 36644 35684 35684 37148 36644 36644 36644 37148 35684 37604 35684 37604 36644 37604 36644 37604
39796 46516 39796 40756 40756 41716 41716 40756 40756 40756 39796 41716 39796 41716 40756 40756 40756 40756
28522 40404 31236 31388 31712 33175 33943 30657 33943 32832 32983 31096 29482 32596 29482 30657 29482 32215
33754 46185 38024 40199 36673 38612 37633 34771 36429 38357 35811 36740 35811 37594 36673 36691 36673 36691
37520 47120 38626 34808 35225 38480 36185 39440 36185 35768 36344 39440 36344 40400 38480 39440 31101 39440
34927 44931 37035 35887 40458 40224 39432 36847 40845 39432 38304 40608 38304 37807 37035 36847 37035 36847
33928 39926 34888 36817 34166 37777 35126 35848 35126 37777 37777 35848 37777 35848 34166 35848 34166 35848
33497 39257 34656 33497 34457 37870 37870 34656 34457 37870 33497 35417 33497 35417 34457 34656 34457 34656
30222 40912 29559 31017 29059 32104 31059 30314 31059 31227 30149 32061 30598 31853 29984 34560 33184 32224
28586 45684 31302 35430 36315 33324 32098 35478 32924 33337 32098 34488 34322 37691 31359 36438 31611 32292
30475 41971 31128 31679 32762 32088 34230 33006 34230 34230 33332 33129 33332 33129 32762 32395 32762 32395
41798 48518 41798 43718 41798 43718 43718 43718 43718 43718 42758 43718 42758 43718 41798 43718 41798 43718
44901 56284 45861 46821 45724 47644 45781 44821 45861 45781 44901 47781 44901 47644 46684 47781 45724 47781
34282 47029 37325 35882 36847 37164 34922 35882 34922 38712 34869 36202 34869 36842 35509 36148 35509 36468
36124 42342 29975 38521 35886 32568 31364 39004 37806 36237 35271 39964 33893 39964 33702 39004 35277 39004
34019 45115 36475 34979 38158 37435 36475 35939 36475 39118 36681 37859 37198 37859 35515 36899 35515 36899
35812 43918 35812 36439 36772 38692 37732 37732 37732 37732 36772 38692 35812 38692 35812 37732 35812 37732
35623 47143 36583 36583 40154 39463 37760 37543 37543 41767 36800 38503 35623 39463 36583 38503 36583 38503
35171 49821 38827 37091 36131 39000 40133 37091 38631 37091 36131 38245 36907 39971 37091 38051 37091 39011
36319 42409 37279 38511 33546 38239 36649 38239 36649 33546 35689 34506 36319 34506 36319 38239 36319 38239
31965 42525 33885 32925 31965 36891 33885 34845 33885 33885 32861 34845 32861 34845 33885 34845 33885 36891
48554 58154 50474 49514 49514 43753 43753 50474 43753 43753 49514 50474 49514 50474 50474 50474 50474 50474
32478 43998 33438 35425 33438 37554 33438 34587 31450 34555 36594 37554 34187 36997 34398 34587 34398 33090
39432 43272 39432 40392 39432 41352 40392 40392 40392 41352 39432 41352 39432 41352 39432 40392 39432 40392
31563 39657 32523 39829 35161 40789 39829 32523 32111 32111 32937 33483 32937 33483 35161 32523 30598 33483
34525 41095 31354 33644 31946 37316 33854 34344 35485 30774 34525 34604 34525 37316 31354 37405 31354 36445
34238 40958 35198 35198 35561 38024 38024 37156 37880 37880 36104 36974 36920 36974 40270 37156 40270 37156
37571 46545 35971 38531 42719 37905 38170 39283 43679 39491 37905 40243 38531 40451 38170 39283 37571 39283
37533 43293 38493 41670 43181 41670 45101 39453 44141 45101 43181 39453 43181 39453 37533 39453 37533 39453
29190 44733 31268 32275 34732 34148 32452 32070 32854 34797 30955 32070 31046 32517 31315 32070 31315 32070
40905 50756 40905 43785 35493 40196 37870 42825 37870 36050 36910 37870 39437 42825 40196 43785 40196 43785
42444 52057 41497 44188 43498 42982 42982 44364 42982 44188 42022 44306 44188 45324 42527 44364 42527 45324
44174 55137 49377 45134 44174 48417 48417 48417 48417 45134 45134 46094 45134 46094 44174 46094 44174 46094
28434 42361 32028 29034 31667 31937 30683 32164 30275 31722 29587 31767 32920 30468 32931 29903 30095 29903
30230 46265 33844 35015 31085 37857 32714 32608 34095 34639 30082 34866 30082 33674 37462 32608 37462 32608
31480 41280 34899 32440 31504 35717 33400 31797 31610 31120 30650 33717 32641 32757 32641 31797 32641 31797
46535 55175 48455 47495 47495 39903 48455 48455 48455 48455 47495 48455 47495 48455 47495 48455 47495 48455
33336 44349 33010 36216 36264 35709 34839 36397 34839 36865 33879 37176 33879 38136 36264 36397 36264 37176
33934 42886 40313 37501 37671 37688 33863 37563 40499 40177 38356 35170 35456 36130 39441 36814 38195 36814
33567 47985 35072 34689 34453 39090 33274 33274 33274 36882 32314 37842 36067 39090 33893 36447 33893 36447
31680 43148 33291 33902 39802 42548 39906 36782 33600 35438 32640 35513 34862 33600 41197 34553 41197 36782
34626 44291 37320 38740 37320 37506 37707 36869 37707 37392 38674 38740 38674 42277 37320 37829 37320 37829
31650 38370 32610 31650 33441 32610 32610 32610 32610 32610 33214 33570 35179 33570 32610 32610 32610 32610
39438 48552 40187 43625 38952 40398 38952 40398 38952 39377 38952 41358 37992 41358 38952 40398 38952 40398
40783 57078 41743 42703 41793 44623 42703 43663 42703 44673 41743 47478 41743 44623 41793 43663 41793 44623
36652 51468 38988 38524 37020 39424 38464 38572 37564 39532 37504 39532 37020 40492 37612 38572 37612 39532
30474 38607 32394 31434 31434 33416 31887 31887 31887 32286 30927 31887 30927 31887 29797 32394 29797 32394
38135 41927 35804 40055 35102 39086 38440 39224 35093 36053 35093 36053 36698 36376 39095 40055 39095 40055
31490 41592 32329 32450 32329 33798 33544 33410 31597 33530 30637 32228 32799 32583 32329 33410 32329 34370
44986 55546 45637 45946 44986 47866 45946 45946 45946 47120 44986 46906 44986 47866 44986 47866 45946 47866
32056 42616 33976 34884 33016 31912 31156 37858 31156 33976 33472 34936 33472 32920 33016 34936 33016 34936
33162 46286 39456 34122 34972 36042 35082 34122 34122 36042 33162 36042 33162 36042 39456 35082 39456 35082
30492 44489 34327 35284 33117 32517 31988 33372 31987 32695 31027 35004 31027 31598 30492 32412 33117 33477
29281 38761 30241 30241 31506 35782 31201 30735 32466 33921 29547 30994 29547 31156 31506 31695 31506 31695
34495 41163 32383 36415 44104 32810 47080 36415 45064 30741 35593 37312 33140 32810 44104 36415 44104 36415
34281 48781 36224 35241 38515 37411 36942 34563 36942 39258 35490 36201 37782 35522 36224 34531 36224 34531
39666 47346 39666 39666 40626 40771 40421 40626 40421 40771 38851 41586 38851 41586 40626 40626 40626 40626
29448 40696 28848 28484 28801 31267 29706 32328 29170 30617 28472 29969 28472 31525 28801 32328 28801 32328
37488 46128 38448 37488 38448 40368 39408 38448 39408 40368 38448 40368 38448 40368 37488 39408 37488 39408
30791 42710 32464 35137 33027 35137 36097 31437 32902 34595 31106 32167 32424 32711 32358 36412 32358 36412
36486 45126 37446 37446 37446 35581 35265 38406 35265 38239 34950 38239 34950 38406 37446 35757 37446 37279
33145 38345 36653 28385 33359 30602 35693 32488 35693 36653 35693 36653 35693 36653 33359 35065 33359 36025
34429 44029 34429 37898 36158 36541 37898 35389 36247 33326 34929 37309 34929 38269 35389 36349 35389 37309

