34626 81343 42871 52091 40816 63689 53510 46160 45966 51317 43580 52858 43580 52926 44289 53122 44289 53122
31650 64021 44135 36225 36225 50296 41146 44470 45979 45721 40800 48710 38879 50296 36829 41824 36829 41824
39438 85303 47782 51536 51437 50914 55119 51633 50261 48589 43322 54906 50643 54269 50092 49694 50092 54269
40783 95683 50172 59083 50413 77383 54508 61696 59083 64668 54508 68290 50231 66271 52489 68233 52489 68233
36652 109428 53047 51986 44318 72184 53468 65882 49309 58162 44318 59053 41703 67794 46040 59527 50615 59527
30474 73349 40636 34796 35476 43692 41060 43692 43522 37844 41060 43522 41060 48097 36061 44199 36061 44702
38135 76663 46315 50046 40250 50299 46503 47407 46503 51723 43664 49981 40831 54491 42057 47407 42057 46567
31490 90323 47252 43617 39732 56731 44291 49790 45137 50934 42912 50292 44463 50057 42395 45215 42395 45215
44986 95311 52867 58711 51524 72436 54136 66592 56099 58711 51524 65697 51524 67861 51524 66592 51524 67861
33934 82549 41405 46789 49405 61451 44049 52983 51487 46912 39569 52516 42184 56095 43272 52234 43272 51736
33567 104655 47627 54990 41882 72529 45913 52344 46494 48177 40504 56849 41919 65779 40504 56442 39427 63379
31680 88728 47627 49000 44754 65669 41994 51456 45588 46697 45353 52927 41479 60319 46645 49980 46645 49980

