34626 71757 54252 57339 51487 61521 59844 54759 60884 62101 58442 59337 54187 60618 50955 61143 57411 55154
31650 59125 47954 47350 44026 58821 51201 43425 46447 47046 46447 50971 44026 58821 46447 54295 46447 54295
39438 78153 68148 66317 60329 59803 60258 60754 65286 58528 58842 62099 53441 64679 62059 66591 60329 64405
38135 69458 53048 53049 47381 54199 52532 49952 52015 55231 46929 56328 47381 56263 47306 61286 47306 53683
31490 82821 58378 56239 53067 58989 56192 59506 60916 54359 53325 63572 56662 67215 56427 60023 54288 64888
44986 88161 68686 71715 54149 80311 68536 71192 65924 64611 61999 76953 58074 80878 60686 79042 64761 76386
40783 87883 53450 76108 52683 76108 60408 67784 68793 72183 60408 72778 60408 77477 56483 72183 56483 72183
36652 99678 62643 60083 51284 78936 62939 68654 70722 62643 56515 75250 51995 78936 55565 74656 56277 79826
30474 68432 50461 44751 44074 59290 46960 54810 46960 48064 43354 54810 43354 54810 43949 60582 43949 59289
33934 76049 58794 53314 47391 61783 50446 59978 49388 52194 51879 61163 52813 61163 51879 57612 45467 59353
33567 88986 62066 64169 50642 77211 56703 66270 54904 67612 58470 65436 51354 77211 52441 77211 59557 77211
31680 80278 63336 61377 51457 63028 54559 59932 61068 60602 54301 60135 52493 70625 58174 62049 54043 65974

