34282 65140 34295 42356 38234 42226 38586 43697 39067 41504 34657 41299 34657 41893 34776 46031 34776 43633
36124 61386 37500 36525 33095 45560 36641 48415 40735 35286 37585 48195 40204 48195 34102 48415 35677 48415
34019 65244 34121 38645 37681 44071 41003 37692 41385 42254 40961 42748 37198 42748 37628 41698 37628 44797
35812 68046 35812 38479 38338 49644 43090 43690 42068 43389 38700 46757 38151 48080 35812 43690 35812 43690
35623 67688 36591 39953 37696 41890 38250 41197 37835 44100 40041 41336 35623 41199 41560 45297 41560 45297
35171 65175 36801 43411 38488 43214 42703 40666 43706 39663 41133 42236 40639 49343 37169 44285 37169 48470
36319 58943 36320 37997 36938 40578 33405 45581 45792 36106 36469 41146 36319 41146 36319 45581 36319 45581
31965 62802 32313 37836 31965 40730 38365 39691 37961 38365 35597 38891 35597 38891 32313 38891 32313 38827
48554 79749 48803 60404 45414 43811 43811 63737 57634 43811 48376 58801 48376 58801 48803 63737 48803 69662
32478 62707 32714 35223 33185 34853 37677 37058 41435 39256 35526 39669 35710 40244 33421 37058 33421 41452
39432 74923 44134 50004 42322 60252 52223 48638 47153 60252 44134 54858 44134 54858 44134 48638 44134 48638
31563 61543 32083 41692 36551 43324 33938 32602 34920 32783 33881 34234 33881 36478 35752 32602 32083 39649
34525 57482 34525 38623 34525 40492 32732 36978 31060 36985 34525 41516 34525 36697 34525 46123 34525 42467
34238 65055 35543 41819 36052 54057 50634 43859 42582 47943 41277 41658 42254 41658 41104 43859 41104 48179
37571 68218 37572 43583 39450 45246 49490 46381 45957 38044 41949 43042 42143 47273 38882 46381 37571 46381
37533 82047 38169 52500 43181 52500 49629 41135 46147 49629 43181 50665 43181 50665 42475 50665 42475 50665
29190 58954 30788 39701 31293 40958 32938 36714 32688 36789 34766 34301 30690 36208 31772 36714 31772 36714
40905 63888 40905 54103 36247 52652 40206 47822 38209 45274 35752 43596 39783 47731 39783 51098 39783 51098
42444 76197 42444 50588 42813 55208 53117 49979 53907 47103 48849 51712 48322 55195 41914 50927 41914 55195
44174 83933 44174 65578 41770 58658 58658 54596 54596 55375 46910 62514 46910 62514 41770 62514 41770 62514
28434 62968 28638 37640 33392 31488 34919 30731 33527 29777 32527 36005 33116 35840 32367 35532 28434 35532
30230 59229 34464 40414 34272 42517 39863 38140 36184 39744 31837 37914 31837 39073 34415 39438 34415 39438
31480 56261 30271 39630 34494 35304 35023 37736 35601 34987 32915 38948 32915 39024 31923 43869 31923 43869
46535 71202 48631 55352 47638 48630 43426 58439 58329 43426 53148 47614 53148 47614 47638 58439 47638 58439
33336 63346 32530 44273 37091 43270 38687 39652 39948 40462 36440 42623 33659 46544 37091 42540 37091 45305
33891 64397 33891 40186 33891 40789 36067 38538 36782 36067 37532 37042 37532 38914 33891 38914 33891 43409
42586 77772 45456 53934 42586 49424 51142 54062 46374 49424 42586 54930 42586 54930 42586 54062 42586 54062
34040 58140 34824 41052 33820 38760 34236 36688 35740 36280 34320 35996 34660 41164 32660 39880 32008 41216
31667 60172 31667 36099 32545 42657 39947 36742 39108 38443 36704 39108 36704 42962 34137 39985 32545 39985
31462 56043 32327 35108 33970 44903 35949 37083 34177 38625 32231 40801 32231 40571 33970 37083 33432 37083
33135 59434 32487 42620 38231 42770 40138 37646 36142 36051 35785 39966 36527 39066 37386 37646 32235 41687
44703 86218 44703 64849 56540 59178 57980 51489 57279 57980 50493 63486 50493 63486 44703 59638 44703 59638
52294 75346 39655 53025 42044 58440 48317 56364 43725 58440 39655 65026 39655 65026 39655 56364 39655 53848
29351 55713 29351 35781 31878 36473 33449 32045 32665 32508 35857 32172 32809 32384 32749 32013 30796 35024
40273 79062 40273 57328 38481 55706 49340 47490 41047 55706 39531 56557 39531 57263 35819 47490 35819 47490
34736 61541 33889 44125 37227 47772 40646 41702 39487 43173 37623 44815 37623 44815 37227 44472 35617 49600
44302 71626 44302 62650 38813 57857 50567 47173 41445 58140 40761 57321 43641 57321 44302 47173 44302 57321
35121 66733 40338 44235 36275 46889 43941 48554 45902 46889 40595 43774 40402 43774 36992 48554 36992 48554
47132 89555 48932 61446 48107 50688 46126 60698 45601 54852 43727 51405 45941 52230 52437 60698 52437 60698
40297 59956 40298 54238 50441 63675 38064 47810 40140 39495 40139 49598 40139 49598 34813 47237 34813 47237
38263 74185 38263 47241 38263 50558 50765 48085 48978 47066 46109 47320 38120 47320 38263 48085 38263 54016
29235 54769 29579 34970 34728 39650 30586 34247 32019 31440 31883 32166 30567 33155 30384 34971 30384 34246
46392 86705 46734 62634 50566 54864 58848 54162 58336 62037 52616 62634 50566 62634 50566 61335 46734 61335
29913 61487 29913 34336 31497 41911 33028 32667 36109 38038 33355 34940 33355 37335 31497 37419 31497 37419
35324 71892 35326 42336 35326 50828 46327 37023 45741 52647 44042 48026 44042 48026 35326 48026 35326 48026
28766 55457 28908 33864 28870 37822 34308 32181 30278 39840 31011 33259 31011 39471 28646 32181 28646 32934
39806 82464 40508 52551 40508 48097 48806 49558 48589 48894 44764 50958 48805 52521 40508 49558 40508 52898
44456 83738 45293 57306 43576 56921 50145 56126 52298 50742 52020 56020 52020 55673 43576 56126 43576 56126
32644 59843 30129 35230 34065 37315 37964 35525 34848 36297 33753 34614 33753 36254 33955 38156 33955 38156
32255 58428 30945 36179 36846 39922 38115 35106 36374 39922 36179 34386 30750 34386 30750 35106 30750 35106
42469 83719 42675 55066 45124 59648 48947 55644 50244 53096 45124 51618 45124 58352 42469 55644 42469 57077
36565 63299 36970 42622 35826 44653 39540 41153 39595 42090 36970 43884 36970 44979 36565 40285 36565 44979
39259 72009 40309 49949 40922 49277 45079 40834 41972 49277 45042 46654 45042 46654 40922 46654 40922 46654
34820 62977 32747 38240 33838 41488 36669 38900 37069 36599 34511 40910 34511 40910 34820 38900 34820 42145
31860 58644 32400 35591 34130 41406 36326 33199 37634 34794 37311 35939 37311 35939 31671 36437 30782 36186
35292 55435 37037 42649 35133 42111 34123 41693 34463 36210 31653 42785 31915 40278 33969 44059 33969 44059
31043 58981 29824 38745 32173 38193 30673 30963 33270 33280 35051 32807 35051 36698 32173 36616 32173 36616
39929 74155 39929 39201 37085 46136 46136 42291 43546 46136 41184 47982 41184 47982 37085 42291 39929 42291
31795 56977 32994 40202 33403 40026 38211 36067 37049 34657 34217 36934 34217 37763 31081 36067 31081 36067
33099 62179 31292 45569 32184 37010 32494 37160 40580 33135 33529 36686 31143 42094 32435 39196 32435 39830
39602 75246 39856 46418 41692 51523 46458 44414 44414 49225 41570 54037 41570 49205 41692 47987 41692 48726
41231 73492 41762 40750 41231 47956 46523 47947 42469 46523 41231 51972 41231 51972 41231 47947 41231 51972
35684 66934 37081 41360 41981 45742 47238 47813 47813 45742 46535 46773 46535 46773 37081 46773 37081 46773
39796 75615 39796 49786 48194 47024 47024 46599 46599 45028 39796 48938 50001 48938 40753 46599 40753 46599
28522 53705 28927 31838 32616 36586 32453 31951 32251 31983 31881 36145 31349 29499 29699 31951 29699 34427
33754 65069 34047 44148 36375 47573 36586 38770 38148 42778 35673 43273 37574 46442 36375 44635 36375 44635
37520 65625 37683 40358 32621 44915 41979 44925 38562 37592 43037 43217 43037 49482 35251 44925 38660 44925
34927 66502 37938 51672 39093 49558 50371 44177 40266 50371 35932 49926 35932 54842 34927 44177 34927 44177
33928 64465 34319 43543 34116 46402 43328 40686 40860 40036 40469 37178 40469 37178 34116 40686 34116 40686
33497 63646 35022 39004 41619 40807 40807 42557 42658 40807 42887 41948 42887 41948 37380 42557 37380 42557
30222 56871 29176 34300 31374 36163 32455 31529 31164 34366 31297 35226 31485 33628 28700 36708 29449 35130
28586 55666 30538 36489 32756 38006 33621 34956 34400 34507 32971 37357 36127 40982 31126 41786 30102 37892
30475 58371 30500 38913 35333 47315 40315 35549 37562 38547 37230 34626 37230 34626 35333 35048 35333 35048
41798 79420 41798 63571 41798 44420 45106 54452 54452 45106 49751 54110 49751 54110 41798 54110 41798 63571
44901 85058 44964 56695 45137 51967 49297 50351 47943 49918 44901 50552 44901 49794 46814 58683 45137 59737
33934 61760 33934 50941 37359 43376 35543 38530 37161 35362 35367 42384 35262 47055 39290 43854 35717 46488
33567 59579 33595 40940 35690 41600 35362 34624 35525 37652 33991 41751 34581 42818 31354 40028 31354 40028
31680 69530 31774 43120 30903 46106 35284 36879 36365 34989 33935 37408 33330 36025 33214 38163 33214 36879
34626 70083 40611 54718 37413 47898 40818 40038 43499 42474 38172 46053 38172 48851 40611 49495 40611 49495
31650 59996 32262 41198 36885 39591 41447 34349 34755 39529 35315 40141 38403 37143 34642 32452 34642 32452
39438 71849 41025 50110 38818 44870 43661 42470 43788 44728 38754 46039 41062 51442 38754 46152 38754 46152
40783 77494 41159 51157 44826 55195 46901 52931 47277 49190 44452 55678 44826 55820 44826 52931 44826 57265
36652 70996 37283 50103 39197 44234 42899 40282 43561 42572 43882 41884 39197 44980 37453 40282 37453 45566
30474 57101 30961 39295 33695 40748 35816 34214 33601 33176 34565 34170 34565 34170 32590 36663 32590 36663
38135 66206 34903 42831 38250 39386 39437 43375 40212 39064 36766 44368 38663 44543 38194 47660 38194 47660
31490 55817 29982 33507 33069 38941 36788 37540 37359 33026 34313 37056 32731 40219 33069 37540 33069 40882
44986 85479 44986 50619 44986 55529 48209 53050 49686 51158 48678 52909 48678 58415 44986 61235 47604 61235
32056 60913 31771 36977 31750 40503 35814 39335 32730 38736 33972 34396 33972 37073 33917 39497 33917 39497
33162 63011 33162 39980 33162 43530 38590 39130 40429 43530 37646 42973 37646 41373 33162 42763 33162 42763
30492 65754 34216 37810 30492 38608 36892 34899 37811 36761 36023 39769 36023 38630 34465 35573 30492 39118
29281 52692 29375 37589 29676 36034 30588 32066 31374 36034 31506 32056 31506 36407 28932 35605 28932 34380
34495 61146 30666 46859 36698 43890 45680 43032 46285 34392 35339 38216 36952 41576 36698 43032 45209 43032
34281 65139 34920 40781 39762 45560 41067 44177 44304 50466 42578 41995 43832 48846 38458 45323 38458 45323
39666 78073 39666 43265 41772 47234 50671 43237 43237 47234 44445 59021 44445 59021 41772 43237 41772 46836
29448 55654 27915 35076 29841 38005 31546 36257 33231 30693 31540 30980 31540 33030 29841 36257 29841 36257
37488 71232 38613 37488 39926 51548 43551 38676 41114 47112 39926 43426 39926 43426 37488 39801 37488 42301
30791 61724 34234 38174 33501 38910 34062 33015 34023 35894 32047 36101 34231 35138 31504 37485 34828 37485
36486 62749 34943 43590 37264 38275 34716 40619 36601 43954 34016 46346 34016 41271 37264 38132 37264 40160
33145 56325 35636 39343 35798 44284 33315 33955 39569 37323 35482 35636 35482 35636 31577 41149 31577 48101
34429 65420 34429 43046 37135 49774 43046 38026 37974 47838 34377 45404 34377 48632 40362 39825 40362 44021

