34626 208593 73695 109177 76081 136621 84721 84335 79433 114742 62069 96217 62069 103826 77499 91297 77499 91297
31650 165141 95035 59904 56958 113241 78641 82645 73579 79548 62926 94355 72824 95941 62021 99189 62021 99189
39438 225349 82559 97239 90300 114539 118292 81001 83692 83763 81497 109560 69578 105169 115672 87869 115672 105169
38135 191641 73452 77774 62475 114053 78678 79903 90492 84744 64410 117150 65829 134385 75774 79903 75774 79968
31490 275147 98152 81792 90632 145022 91619 100690 91290 108919 78596 125749 77515 125749 80570 94674 80570 94674
44986 234764 62286 96886 76974 152665 96065 130217 94499 96065 76974 129247 76974 133947 76974 133947 76974 133947
33934 220002 78739 82162 87580 133064 80417 115518 92053 81352 74753 97717 63927 128084 97595 115830 97595 119625
33567 333356 83037 100554 81707 189374 86855 115969 85647 111113 70787 117819 70787 151186 69954 120067 78182 152454
31680 253274 107122 99900 88011 163672 95247 115081 96488 95247 75105 106552 79136 145597 65919 97781 83219 97781
40783 249928 81983 109983 74312 180728 94228 125321 109983 109508 92683 144166 75383 147793 74312 149755 74312 149755
36652 298287 99627 102886 69768 174398 105198 154491 103816 122559 70167 134757 76390 169357 71490 123152 88790 123152
30474 166754 76349 60830 72358 104327 63803 81867 79235 79234 79235 95516 79235 93395 72358 101288 72358 80083

