34626 169593 84809 102078 88795 135971 99821 98725 104334 102078 91438 121784 99240 121655 99240 104206 80746 111673
31650 133941 110390 79131 68526 120541 93741 81021 74524 80341 61502 94648 68526 118955 68526 96989 68526 96989
39438 182449 126300 103820 112192 108156 125592 104314 99996 99004 113891 132248 99217 127079 113891 112032 125592 98791
40783 203128 97202 134583 105289 162928 115893 121183 121183 149528 94383 160966 91889 147508 86299 149528 88381 149528
36652 239787 137092 114086 90490 183398 103236 128968 106439 129798 86929 179189 92442 169998 107801 156598 97544 156598
30474 135554 87035 73307 77198 117995 77795 107735 94335 80257 80935 91787 80935 91787 74058 94929 73635 94929
38135 156541 92811 98101 77474 93777 81153 91670 89992 90811 89583 105372 71881 107178 90874 96165 80120 97778
31490 220547 107472 119974 95810 138078 117488 117300 109587 109023 112172 136763 122987 121107 106438 122893 105404 123033
44986 191864 85186 111986 85456 141247 109075 109374 109374 97765 85186 127847 85186 141247 82574 125908 98736 125908
33934 177102 110102 82803 105930 123064 93278 109167 93774 92779 86727 122130 86727 122130 92530 123687 97076 119890
33567 267056 140187 126387 96351 180386 111383 145369 126532 118413 113132 127245 96751 169668 103456 186656 101498 154819
31680 202574 114422 111047 106963 139655 114422 105518 113993 119072 96924 119072 92530 138880 93823 114578 93823 112391

