34626 233593 81195 119177 85838 151621 92221 91835 85773 127242 67198 106217 67198 113826 84999 98797 84999 98797
31650 185141 105035 64904 61958 125741 86141 90145 81079 87048 67926 104355 80324 105941 67021 109189 67021 109189
39438 252849 90059 107239 100300 127039 130792 88501 91192 91263 88997 119560 74578 115169 128172 95369 128172 115169
38135 214141 80952 85274 67475 126553 86178 87403 100492 88308 69410 129650 70829 149385 83274 87403 83274 87468
31490 310147 108152 88727 100632 162522 101619 110690 101290 121419 86096 140749 85015 140749 88070 104674 88070 104674
44986 262264 66830 104386 81974 167665 103565 142717 101999 103565 81974 141747 81974 146447 81974 146447 81974 146447
33934 232123 86799 90284 95080 148064 87917 128018 102053 88852 82253 107717 68927 143084 107595 128330 107595 132125
33567 375856 90537 110554 95948 211874 96855 128469 95151 123613 78287 130319 78287 168686 77454 130354 85102 169954
31680 285774 119622 109900 86223 183672 105247 127581 106488 105247 82605 119052 86636 163097 70919 107781 90719 107781
40783 279928 89483 119983 80386 200728 101728 137821 119983 119508 100183 159166 80386 162793 80386 164755 80386 164755
36652 335787 109627 113836 76716 194398 115198 171991 116316 135059 77667 149757 83890 189357 76490 135652 96290 135652
30474 186754 83849 65830 79858 116827 68803 89367 86735 86734 86735 105516 86735 103395 79858 111288 79858 87583

