34626 65104 39511 60604 43455 57471 49428 46777 50429 52603 45355 50086 47760 51086 39471 53589 40245 57769 40245 54345
31650 55865 39645 49565 41242 48403 43966 38519 37773 43315 38151 44992 42138 45603 42916 44991 41879 44991 42916 44991
39438 66742 48949 62974 44920 56412 53882 50809 47435 48696 50131 50305 47836 53072 45818 58733 42497 63769 42497 60512
38135 61276 40031 56729 38938 48664 41013 52388 46215 41715 40989 51313 38789 49795 36174 53726 36174 53726 36174 53726
31490 51851 37374 46393 35719 46062 38777 41356 41264 39856 37464 46612 38309 47243 35378 43680 32685 46516 35378 46513
44986 79405 48526 72858 55622 70725 55718 65986 61338 55889 52350 66685 52350 68511 52928 73178 47951 73502 47951 74377
40783 71988 42331 64526 55029 67776 53756 58613 57750 57251 51109 64609 48925 61937 46244 66527 44216 68483 47136 66527
36652 69618 41337 54688 40810 57450 44365 49373 43988 51460 43187 50116 44443 57450 40638 56587 39903 56587 39797 56587
30474 53044 38217 48858 40541 44419 43897 42925 42014 42503 41169 41530 41169 41530 36137 42602 38434 43183 33444 43183
33934 53304 38630 48756 39309 50774 39637 48221 43813 40119 41894 47305 41037 51829 40645 56316 37405 51435 40645 52207
33567 55346 37679 51020 39968 51612 45463 42545 44771 44967 43467 41976 39968 47209 35014 52735 38292 52728 35014 52735
31680 61760 37351 51285 39488 47024 43491 44509 47307 43586 38128 43167 42553 45655 34729 50335 38094 50335 36881 50335

