34626 47068 36633 41486 38419 43895 39407 37760 39373 45173 37055 42221 37055 42810 36965 46102 36965 46102 36965 46102
31650 40674 32792 36683 35199 33388 34888 33189 35139 37709 35893 34883 35199 34883 35893 37292 33662 37292 34975 37292
39438 47593 38629 45651 38547 43847 40808 45002 37844 40705 39344 42724 37420 42321 38669 50667 38669 43846 38669 43846
38135 47765 38659 40388 35808 37755 39744 42400 37300 35012 40371 39384 36544 42116 35808 37755 37996 37755 35808 37755
31490 36906 30986 34663 33778 34496 32590 33324 34684 31943 34054 34751 32162 33368 30360 41187 30360 34888 30360 40155
44986 57814 45646 53489 47437 53899 48626 51839 48347 47862 46965 52325 46965 53049 45859 54300 45199 54300 45923 53899
33934 42012 35064 40506 38193 38452 34890 39230 33360 37916 35040 38467 34047 39225 42365 39976 38336 38566 35702 38416
33567 42115 35553 38476 35006 40422 36657 34621 35441 35969 35730 38551 35962 40112 34671 40949 36256 40721 34671 40504
31680 39188 32743 41803 41744 33588 30968 38486 32743 39701 37640 37497 32984 40057 35630 42139 36449 35713 33170 34625
40783 52411 41480 47630 42817 50377 46041 46969 47106 44275 43445 47513 44141 48444 42074 49919 42074 49919 43318 49919
36652 47107 37162 41949 38387 43567 39439 40676 37934 40682 37630 40149 39071 43147 36220 43516 36220 43516 36893 43516
30474 36876 30839 37372 32121 31806 32539 35359 31837 33917 32490 32607 32490 32607 30268 35431 32888 37065 30475 37065

