33891 50501 36911 35401 33891 42951 38421 38421 36911 38421 35401 39931 33891 42951 35401 41441 35401 39277
42586 53156 45606 44096 42586 47116 45606 45606 44096 47116 42586 47116 42586 47116 42586 47116 42586 47116
34040 54280 34170 34180 37500 41170 37000 40260 36800 35470 35630 39450 33760 39440 38410 35560 36170 39030
31667 49787 34687 37707 35085 43747 35892 36380 35892 36197 34382 38514 34382 40516 33459 37707 33349 37707
31462 48772 34482 36761 33302 39446 37776 35703 37776 36426 33672 36426 33672 36426 34482 35703 34482 35992
33135 50424 33116 32978 35737 37250 34579 35532 36807 36040 33650 42266 34949 37276 39986 35532 39986 38226
44703 53763 45869 47723 53755 61862 53513 47723 47321 53513 45811 49503 45811 47321 54591 47723 44703 49233
52294 47211 45922 56824 44412 55314 55314 44185 45922 56824 39655 56824 45922 44185 41171 55314 41171 55314
29351 50745 33383 32771 34028 40622 36738 33627 36896 35868 35310 38411 33814 38275 35297 34661 34459 36171
40273 53689 45758 46139 38618 49636 46616 43293 40335 43944 37108 46139 37108 49636 38618 46139 38618 46139
34736 54348 36532 37281 37013 40376 38903 40319 38235 39381 36725 40911 36725 42057 40644 39096 40644 41408
44302 56382 44302 43792 45812 50342 50342 48832 47322 48832 45812 50342 45812 51852 44302 48832 44302 50342
35121 42671 36631 36631 36246 39651 38141 39010 37756 38141 36246 39651 36631 39651 35121 38141 35121 38141
47132 65252 51662 50152 45904 49008 48009 53172 48009 51662 46499 53172 45904 53172 45904 54682 45904 53172
40297 49913 36720 37594 35370 44667 44908 46179 39105 44986 40058 39740 40058 46418 34733 46337 38548 47847
38263 50343 38263 42650 39630 45670 41686 42793 42793 44069 41283 45579 42821 44069 39630 42793 39630 42650
29235 44856 35326 33765 33197 37766 32570 34195 35476 37995 33969 38867 33197 34245 32880 34195 35600 35735
46392 58662 52076 51198 46668 51112 53586 50922 53586 48178 48178 51112 49412 51112 50566 51112 50566 52622
29913 42203 34942 35401 34865 38957 36375 33066 35401 32703 33891 34443 31193 34117 31423 32933 31423 37447
35324 46897 39854 40857 39854 39793 37608 38281 36834 40857 36834 42367 36834 42367 39854 40857 39854 40857
28766 47095 31831 35334 33190 36006 34805 33296 36315 33295 33557 36427 31989 34334 32772 34806 32772 39245
39806 59662 43052 45247 42826 48865 47356 48866 45846 48866 44336 48866 44443 50376 44562 48866 44562 48866
44456 61066 48986 50496 47476 46394 47520 48986 46868 52006 45358 50496 45358 52006 48986 48986 48986 48986
32644 42912 38779 33203 38923 42796 37426 34461 40433 38957 38923 37886 35370 37886 37811 32951 35916 39995
32255 41320 33770 33765 33770 35280 36460 35275 32260 32260 30750 36785 30750 36790 30750 35280 33765 35280
42469 56059 46704 47309 45124 49723 46634 47379 46634 49502 46482 51012 46482 49571 45124 50019 45124 50019
36565 48520 40534 39585 34490 39020 36048 43058 41764 37950 40254 40983 35146 41764 36217 43058 36217 43058
39259 55613 43789 40769 43789 46219 45299 43789 45299 48063 45043 46219 45043 46219 45299 45299 43533 45299
34820 49464 36368 37454 35420 38991 35569 38421 34990 38738 36728 38026 34863 37532 39726 39725 39726 36346
31860 46275 36290 33384 36304 38825 35193 34481 37298 34679 33231 35617 33231 35617 36753 37896 36753 37896
35292 48462 39822 37294 37807 38991 36327 39815 36334 39822 33963 41332 34462 35784 36731 36723 36731 37294
31043 50445 37896 35102 34378 41385 33448 39406 36204 34797 32869 36784 35101 41613 33835 39406 36819 38593
39929 52946 42949 41439 42376 45969 44459 42949 44459 42000 41439 43886 41439 43886 42376 42949 42376 42949
31795 51921 37496 34704 35420 39574 35644 35916 37307 35608 34288 36937 34288 37534 36810 35081 36810 36325
33099 55566 36131 36611 35109 41150 38057 40649 35365 39669 36950 38053 36140 38931 34005 43029 34653 40649
39602 53192 42622 44132 42622 47892 43362 41637 41112 43077 39602 44872 39602 41387 42622 43147 42622 42897
41231 54821 44251 42741 39169 45209 40679 44251 40679 40679 42741 45761 42741 45761 40679 49430 40679 49430
35684 44744 37194 36738 37194 39758 43491 43491 43491 38248 36738 39758 36738 39758 37194 39758 37194 39758
39796 50366 42816 41306 48747 45836 42816 44326 50257 44326 48747 44326 50257 44326 48747 44326 48747 42816
28522 48711 32377 35832 33352 37895 35812 32735 33968 33648 34900 38963 29640 35510 30647 34357 30647 35867
33754 53335 37058 39794 37442 44166 40576 40951 41213 42461 41213 45516 40113 45245 38839 40951 38733 42461
37520 52620 40034 35142 39030 42176 36652 43741 36924 40666 35414 39338 35414 41326 37557 41326 38253 41326
34927 49881 37585 38233 41034 47074 39240 39599 37442 42042 36149 42042 36149 42042 41968 39457 37585 39457
33928 43776 36449 38327 41069 39968 39837 37736 39837 36948 35438 38458 35438 39968 41069 38458 41069 39837
33497 46351 38983 37460 40747 41990 35671 36602 35997 35671 37194 40480 37194 40480 35007 38970 35007 38970
30222 46109 33836 33766 31481 34805 35791 36636 34501 35415 32867 34737 33821 34944 31327 38146 31327 37479
28586 53934 35782 36832 36706 45530 34753 40306 35953 38695 34304 36446 34450 38939 37008 39282 38951 39282
30475 46798 35598 34698 33739 37718 36759 34229 36759 36840 36841 36840 34515 35372 37594 34229 34351 34229
41798 52368 43308 44818 43308 46328 44818 44818 44818 44818 43308 46328 43308 46328 43308 46328 43308 44818
44901 62884 50804 50804 46274 53824 50804 49294 47784 52314 47784 52314 46274 53824 47784 52451 47784 52451
34282 53058 37143 42832 39812 46173 37479 42596 37263 39629 35753 39041 35753 42061 39760 44106 39760 42489
36124 48471 36757 38841 37331 39298 39556 42434 36503 38346 36281 35657 40480 42863 33402 42434 36694 41353
34019 51715 39079 36615 36006 44165 40377 44748 40801 39635 40801 43238 38098 43079 40218 41145 36615 42390
35812 48868 36788 39661 37322 44872 40342 38912 40342 40342 38832 41852 37322 44872 37322 41852 37322 43362
35623 53743 38643 43556 37133 46193 40153 40153 40153 43556 38643 42611 38643 44683 37133 40153 37133 41663
35171 57521 40397 40241 42130 46087 39895 43497 38730 39701 41299 41992 39701 44231 41067 42721 41211 42721
36319 46809 37829 41531 34646 42359 35175 39339 37749 36156 37749 39176 39039 37666 39039 40849 39039 40849
31965 48575 34985 34985 34024 43621 36431 36431 36431 36431 34921 38005 34921 38005 34985 39388 34985 39451
48554 63654 53084 45127 53084 47873 46363 46363 53084 46363 51574 46363 51574 46363 53084 54594 53084 53084
32478 50650 37008 34511 35498 40714 37581 35857 40714 36948 39204 39457 38425 37111 35498 35707 35498 37217
39432 45472 39432 42452 39432 43962 40942 40942 40942 42452 39432 43962 39432 43962 39432 41134 39432 42452
31563 44057 33788 33487 31698 45459 42439 34583 34997 42439 32853 35681 32853 35681 32661 34583 32661 34583
34525 48727 35316 37545 32786 35913 38426 36496 38148 35625 32786 37625 32786 40855 38367 35204 38367 34644
34238 44808 37258 37258 38859 42694 37258 38768 38164 38164 37470 41184 38859 42000 36232 40278 36232 42694
37571 51975 39965 40591 38614 46554 44932 41893 39965 40362 39965 44913 40571 49366 40402 43403 40402 42101
37533 46593 40181 44456 44671 39729 44671 40553 44691 40553 44671 47711 44671 47711 43985 42769 43985 45966
29190 51459 36430 34838 34457 41675 37636 34642 34572 35670 33847 40654 37200 42164 33295 34642 33295 34775
40905 54526 40639 43007 40897 42256 38964 39159 35229 38601 38970 40170 36803 40111 36082 46945 36082 46945
42444 59207 43896 49994 43298 50672 46142 48484 46143 44867 46798 49818 45288 46142 41847 47652 43534 47652
44174 59537 50477 47194 49371 50214 47194 47194 47194 51987 50477 53497 48967 51987 48967 48704 48967 48704
28434 48608 34025 37097 33780 37540 35633 33517 33479 34610 36618 36276 32088 36717 31888 33862 32849 37722
30230 51804 37332 39338 36637 39531 36135 40284 39720 36888 38210 37582 38210 39226 34060 40284 34060 41732
31480 45761 34325 32710 35320 34186 35004 39580 34770 35004 34960 36877 33857 37766 35496 38070 35496 38070
46535 60125 51065 40453 48045 41554 51065 49474 49474 51065 49555 52575 49555 52575 49555 49474 51065 40453
33336 51499 39605 39376 37457 44225 36394 41617 40613 38276 39103 40241 34886 43127 37457 43127 37457 43127
33934 51899 35275 37220 36737 39368 37033 40723 37220 37780 34622 39290 34153 41096 36130 39974 36130 45470
33567 53062 36334 37394 35752 44944 34955 37394 37299 37117 34374 38904 35789 43434 35680 41117 35680 41924
31680 49748 39827 34648 40655 45661 40654 36131 47436 37193 34700 36171 35694 43376 37077 37720 38587 37720
34626 52886 38420 43052 39001 43686 37813 39636 37066 41090 37351 41090 37351 42176 38070 39156 38070 39156
31650 42220 34670 36484 34672 34971 33160 33160 36784 34670 34670 34670 36180 34971 33764 34670 33764 34670
39438 53146 42458 48241 41562 40783 45148 40429 43072 40429 40052 40429 40052 41419 45148 41419 45148 42929
40783 58903 45148 46823 44552 54647 47097 46823 48607 49343 48940 49071 45587 48333 44552 49843 44552 49843
36652 57792 39672 40765 38841 47664 41801 42692 43462 41947 38188 44202 38214 46451 39612 44202 39255 44202
30474 43557 33684 33494 31307 37536 35892 34497 35892 35447 34382 34497 34382 36007 31477 35004 31477 34346
38135 46601 40058 35372 33669 38367 36211 40316 40316 36212 39734 38663 36793 39166 35347 40316 35347 41826
31490 49240 34992 34422 32166 38476 33958 36737 35080 35872 33617 36772 33770 38282 35221 35038 35221 35038
44986 61596 46737 49516 46496 54046 50542 51267 48247 49516 46345 51026 46345 52536 46496 51267 46496 52536
32056 45241 35477 35026 35026 37687 34671 41018 34671 37899 32154 38096 33516 41116 35832 42528 34773 40516
33162 51236 39156 33939 33162 40712 37692 37692 40666 39202 39233 39202 39233 40712 39156 37692 39156 37692
30492 49492 37057 47668 38243 36087 34620 38447 34840 40039 33769 37617 35279 37617 41903 35022 41903 34596
29281 47628 33614 33016 30647 37254 34173 32828 33657 37090 30285 33459 32147 38797 30647 34545 34226 32900
34495 47763 35757 39025 35292 39914 35683 40535 38203 38220 38727 40237 35200 38760 35757 40535 39922 40535
34281 50891 40904 49872 36591 44141 39084 44232 43176 38811 43832 38811 38482 40502 37302 44232 41376 41776
39666 51746 41176 39666 42686 50094 41176 41176 41176 47074 39666 48584 39666 48584 42686 48584 42686 50094
29448 45209 34908 30162 31129 32907 35122 35104 32210 34639 33747 34148 33747 33995 30814 35104 30814 33389
37488 51078 40508 40508 38998 45038 42018 40699 40508 43528 38998 43528 38998 42209 38998 42209 38998 42209
30791 46154 32381 35823 35198 34574 38707 34500 34261 35444 34060 35327 34880 36333 34320 33887 33751 36010
36486 50076 37817 35239 37996 37834 38520 37817 38520 37010 36205 39225 36205 40735 37996 41016 37996 37715
33145 43845 39813 31512 36165 34046 34785 34655 34173 32197 33275 39813 33275 36295 39185 37675 39185 37675
34429 54625 39089 36911 41678 42208 37809 40469 39268 38598 36351 39879 34786 41313 35939 41979 35939 40698

