34626 80343 58549 64636 55867 66209 66854 58059 64184 64636 61192 68749 52745 68749 52745 69111 60032 64249
31650 63221 50154 49550 46226 63221 53951 46378 48097 49796 48097 54271 47209 63221 48097 59105 48097 59105
39438 84203 60567 69617 61276 60978 63117 64604 69136 66303 60058 65949 55641 69079 72548 70398 63670 67705
38135 75763 55798 55153 49581 56097 55411 53410 50421 54918 49129 60167 49581 59563 50807 58596 50807 58596
31490 88923 62778 60089 62392 63389 60042 71718 60897 58209 61368 68522 60512 63812 60277 63859 57588 63050
44986 94211 71986 75565 60945 80040 66615 69224 69224 67361 64749 74742 60274 79070 62886 83992 67511 80786
33934 81549 62094 56614 49041 65999 52442 56862 52138 52139 54629 67238 50161 68428 51025 61719 48217 63837
33567 103155 65941 68569 58115 83261 64999 70670 64999 72012 62320 69836 58803 83261 55741 83261 54925 83261
31680 87428 71491 77713 57156 67428 57859 66346 64918 56464 57600 61716 55243 68648 52195 69960 56464 60989
40783 94483 55650 81058 55983 81058 63158 71634 67870 76583 58326 82977 58266 82977 58683 76583 58683 76583
36652 107928 66548 63383 53484 81640 66789 70968 75122 67325 59265 84334 54195 81640 58315 82172 53544 80985
30474 72449 53761 51745 46824 58660 49710 58660 49710 52342 45235 58795 45235 58795 45599 54185 45599 52342

