34282 45769 38648 43752 38420 41083 38312 42188 38312 40052 40784 40228 37939 40389 37978 40052 38259 40052
36124 41352 37146 38232 33797 39388 37611 39806 38936 40676 34917 41546 35798 43561 39223 43799 39223 38518
34019 44035 37945 38815 37803 40109 37680 41721 38550 38550 36810 40290 37803 42030 36205 41160 36205 40555
35812 43108 37888 39292 36682 41770 39292 39292 39292 40162 38422 40162 36682 40163 37018 40163 37018 40163
35623 46063 40843 39973 42584 43453 42583 39973 40843 44886 39973 40843 43811 42583 41714 42890 37363 41713
35171 48561 42907 40291 38651 42806 38357 40290 37487 40290 39087 43343 39521 42130 40391 46296 40391 46296
36319 41689 40139 35976 38094 39949 37339 38209 38209 36696 38209 36846 40139 35635 35635 35976 35635 38209
31965 41535 35445 34575 34575 38055 35381 36251 35381 35381 35381 37121 35381 37121 34575 38055 34575 37185
48554 57254 52904 52034 52034 47053 46321 52904 46321 46321 46321 52904 46321 52904 46321 46183 46321 46183
32478 42918 43222 33008 35191 38481 35749 35991 35606 34075 35904 35552 32558 34927 35958 36128 32592 36861
39432 42912 40302 42042 39432 42912 41172 40302 40302 41172 40302 42042 40302 42042 39432 42042 39432 42912
31563 38937 43129 34173 37681 43999 41389 36327 38551 41389 36811 43129 36811 43129 32891 43129 33717 43129
34525 42455 37297 38875 34234 40436 34123 33794 40279 34286 35215 38698 35557 35823 38167 38766 38167 38136
34238 40328 36959 38081 36939 44676 36848 38716 38679 36089 37700 43806 36341 40364 36905 43806 35219 43806
37571 45645 40425 41921 40423 42165 43312 41051 37190 40425 39555 42583 39972 41957 40425 41921 40425 41921
37533 42753 45791 46661 39273 44190 42450 44921 42450 44921 42450 45791 42450 45791 38449 43320 38449 43320
29190 43337 35685 35662 34972 37804 38437 35817 35484 35548 35976 36221 35217 37423 33565 37383 32625 38253
40905 48059 41087 46125 40217 44567 38933 35304 39430 37610 39509 45326 41957 41816 36607 41383 41099 45437
42444 52826 43817 49404 46978 49404 46618 46192 47488 46192 45748 47062 43642 48242 43006 49404 43006 49404
44174 54417 50067 50067 47059 56780 46784 46784 47654 51807 46784 52677 49197 49073 47333 53311 47333 47654
28434 41191 37464 33191 33996 34898 32310 34119 33790 32379 34233 37643 30752 34830 34152 35441 33643 35441
30230 40678 37958 37895 34603 36767 40460 37575 37708 34761 34824 36453 34824 36453 34338 40914 34714 40318
31480 39361 35305 34778 38179 35187 36934 33974 37880 33080 35649 36241 36934 36811 36057 33974 36064 33974
46535 54365 50885 49145 49145 42423 48424 50885 50885 50885 49145 51755 49145 51755 50015 40683 50015 41553
33336 43179 36219 38556 36447 40614 37273 40754 39107 38737 36497 41214 35349 39699 39658 38920 36816 38050
33891 43461 38241 37371 34761 41721 37371 37371 36501 37371 36501 39111 36501 40851 34761 39981 34761 40777
42586 48676 46066 45196 43456 46936 44326 45196 44326 45196 43456 46936 43456 46936 43456 46936 44326 46066
34040 43200 36870 38930 35820 42060 36550 39800 35970 36620 38530 38400 33970 37700 36500 38770 36640 37260
31667 42107 35147 37757 35147 40875 35933 37925 36887 36803 35933 36017 34277 40026 33407 36887 33407 37673
31462 40162 34942 34953 33646 37259 36234 34516 37349 38321 34601 34414 35429 35284 37441 36389 37441 36389
33135 41312 36139 39723 34387 36708 37984 40653 35987 36326 35419 35233 35826 35164 34458 37532 36034 36394
44703 49923 46443 47046 62063 62322 46443 52233 54512 46443 63803 53103 63803 53103 53642 48183 53642 62322
52294 48992 45512 42265 45512 54904 42265 54904 40525 55774 39655 44005 39655 44005 46382 55774 46382 55774
29351 42652 37608 35471 35926 37990 34245 37728 34286 36354 35711 34801 33359 38190 33081 39485 35657 38250
40273 47233 42883 38696 42013 39948 42013 46224 43753 44326 42883 39184 42883 39184 42013 45090 42013 45960
34736 42187 38676 39086 36775 39107 36041 40120 36211 41713 36955 40130 36211 38867 38047 40149 38047 39956
44302 51262 46912 47782 45172 48652 47782 49522 47782 48652 46042 49522 46042 49522 46042 48652 46042 48652
35121 39471 37731 36861 35606 39471 37346 37346 36861 37346 35991 38830 35991 38830 37346 37731 36861 37731
47132 57572 52352 57680 49742 49058 46772 48059 46319 46772 46152 47318 49325 49058 50612 52352 51482 52352
40297 52486 37423 39087 38138 42567 36938 37423 35830 45275 39008 47015 33454 44869 40364 40827 34324 40827
38263 45223 38990 43340 43921 45132 43889 43889 41743 44759 38990 43340 43921 44759 43921 42470 41279 44759
29235 40440 35166 36199 34620 33576 33886 32916 32914 34295 32916 34656 33235 33425 31730 37587 31539 37587
46392 53542 52306 50062 46028 50932 50062 50742 48638 50932 49872 48638 46028 50932 51436 50062 49002 50062
29913 36443 32963 36835 32293 37705 36175 36835 32523 33393 31653 36175 34636 37983 31863 35793 31863 34923
35324 43057 38804 41317 38804 41317 39577 37934 38804 40447 38804 40447 38804 40447 38497 41317 38497 41317
28766 39415 33254 32749 33115 34646 34632 36302 35274 35432 32453 35535 32245 34562 33447 37554 32801 33986
39806 50246 44156 45026 41817 47635 44156 45777 43286 46647 42297 47517 41817 46765 45022 47635 45022 47635
44456 54026 44064 48806 42324 49676 49676 47936 46196 49676 47066 51416 47066 50546 48806 48806 48806 49676
32644 40410 35190 31972 35736 37317 36606 38634 35353 36218 38848 36223 33057 35901 37272 36388 34478 36388
32255 36840 34865 33360 33360 34230 32490 36050 31620 33360 36050 34230 36050 34230 32490 34230 32490 33360
42469 50299 44209 50192 45159 51932 46029 46329 49595 46899 49595 47199 49595 51932 43675 48903 43339 48069
36565 41480 41644 37185 34128 43384 37185 41253 42543 41785 41643 41785 40747 41785 36681 43607 39933 43607
39259 50493 45273 47883 41869 44479 43609 43609 46143 43609 45273 44479 45273 47883 44403 48753 43609 47883
34820 41773 35924 35793 34154 36177 40090 37108 37137 36653 37671 36654 36435 38423 35054 36487 35054 36041
31860 39235 34981 38623 34941 36930 35089 34219 34342 34666 34740 34614 35484 35584 34614 37498 36033 39493
35292 44103 35445 38035 36770 43708 38013 36861 37265 35911 35344 38541 38702 37731 40573 36416 38215 36416
31043 42125 37946 35165 34295 38364 36589 35506 35754 37381 32026 33596 34838 37879 34827 38229 35077 37551
39929 47186 43706 43214 41966 44576 42836 44279 43409 42836 41096 42836 41096 42836 41966 42836 42836 42836
31795 42694 38027 37241 36328 37175 38298 34744 37806 35960 37237 37349 36713 34942 37697 39395 35997 38608
33099 45959 37497 35655 35499 39010 36582 41010 36362 38103 34352 39718 36889 44244 36860 41010 34560 39160
39602 47432 42212 43952 37683 43767 42027 40287 41342 42212 41342 42027 42212 42027 42212 43767 42212 43767
41231 49061 44711 42649 40909 44389 46000 42649 46000 46000 45130 42649 45130 42649 40909 45581 40909 45581
35684 40904 37796 37424 37424 38708 37838 37838 36968 37838 36926 38294 36926 38294 37424 38708 37424 38294
39796 45886 41536 43276 40666 45016 42406 43276 41536 42406 40666 43276 40666 44146 40666 45016 40666 44146
28522 38015 32202 36106 33919 36628 35944 36727 33681 33740 33233 34974 29788 35544 31967 37622 31532 37622
33754 45015 39193 42196 38433 42809 38827 43381 41238 42771 45685 43813 38079 41228 37882 43408 40221 44278
37520 46220 41870 41870 36569 41146 41000 38615 38197 37327 38197 37327 37327 38197 34344 41870 34344 41870
34927 44121 40641 37537 39252 44162 38119 40914 41362 40044 39252 42732 38382 43292 39252 42732 38901 42732
33928 39296 39427 39427 34946 40297 35677 36538 35677 38557 34807 37408 34807 40297 34946 39427 34946 39427
33497 38717 36192 36977 36820 40300 39430 37690 38524 36107 35237 40300 35237 39430 37690 38560 35346 39430
30222 42610 34318 32616 33197 34356 33404 32609 33614 33990 33611 34272 32361 36513 32365 33528 32365 34190
28586 44334 38201 38437 36134 42875 36416 36933 37067 37847 35325 40914 33423 40043 35369 41667 40043 39424
30475 41071 33941 33648 36464 36809 33798 35865 36932 35940 36062 35388 33023 36809 37334 37972 33071 37972
41798 47888 45278 44408 42668 46417 44408 44408 44408 44408 43538 44408 43538 44408 43538 44408 43538 44408
44901 55204 49251 49984 46504 51724 47251 47251 48244 48121 48244 48121 47029 49861 47374 51724 46504 51724
33934 42076 41648 35923 36668 36227 43266 40651 35983 35735 34986 37225 33993 46126 35798 39403 40342 38844
33567 46581 40418 39583 36103 42773 38859 36574 38822 37807 37952 40816 36103 42737 35705 38314 35705 42593
31680 42068 35550 33249 34549 34775 35978 39484 37943 35817 42793 35506 36032 35645 35108 34704 35108 36349
34626 42456 38976 38976 43200 41780 43747 39009 40040 39105 39170 40910 38106 41780 42426 45487 38171 45487
31650 37740 34260 35130 35961 34381 35091 32520 35130 33390 36412 34260 35542 33511 36412 37584 35130 37584
39438 47472 40886 45185 43122 41119 39581 39733 43031 42252 39854 42677 43031 46732 39854 45155 40724 41401
40783 55818 42523 46873 43988 48613 45133 46003 46003 50598 44263 47468 43912 51468 43393 51468 44403 47743
36652 50118 43158 40585 39262 45154 40111 42544 40981 41851 40132 42703 39479 45154 40132 44284 40548 43591
30474 37797 35037 32152 30921 33426 32556 35187 32556 32556 31686 36777 31686 36777 31345 33954 32831 33954
38135 41027 39128 37613 35161 39550 36031 36258 40870 37227 35161 41516 36000 38902 38031 36258 34291 39906
31490 40332 35911 36804 36780 41694 34642 36946 34219 35418 32527 38048 33537 37487 34853 35841 33537 37580
44986 54556 47596 49336 47197 52816 48466 49807 48615 48466 47596 50206 47596 51076 47596 50206 47596 50206
32056 41626 32677 36873 35033 34554 33319 35031 33420 34982 34767 37276 32751 37000 35033 34554 35033 35260
33162 40122 41976 35772 34902 38382 36642 37512 34902 37512 33162 39252 39386 39252 34169 38382 41106 38382
30492 40883 34154 35906 34154 36209 35605 33994 33972 33799 35024 35712 34593 38497 35024 35339 38285 42413
29281 41047 35503 33424 32079 39190 33880 34294 34116 33424 33588 34379 32140 38113 32658 38320 32658 38320
34495 40083 34239 47404 39044 35386 39267 52030 36356 38547 40612 35310 33171 35087 34041 34564 34041 34564
34281 45379 38252 41574 40660 41022 39282 41677 42280 39122 39614 39941 39788 39879 37921 42820 48182 41520
39666 46626 42276 42276 42309 47529 42276 39721 41461 42276 41201 39891 41201 39891 41461 40603 41461 40603
29448 39526 32309 32715 31439 31665 31640 31600 33530 33340 30975 32803 30665 32081 31439 33756 31439 31933
37488 45318 40098 40968 39228 43578 40968 40968 37183 41838 36313 41838 39228 42708 39229 43578 39229 43578
30791 40188 34008 34633 36154 35135 35830 34760 36712 35392 37651 36876 39397 33522 34132 36821 35896 35141
36486 44316 39096 39966 32412 39275 38839 37051 36537 38839 39096 38340 39096 42319 34603 39275 38226 39709
33145 37445 34835 30125 34677 38123 33095 37253 38123 33336 37253 38123 36383 38993 33095 36625 33965 30125
34429 43129 41240 40519 38936 37143 40521 38779 36422 42160 35504 42259 36422 37702 36169 39649 36169 40519

