34626 36017 34626 35309 34626 35175 34859 34843 34843 36907 34626 37124 34626 35076 34626 35309 34626 35309 34626 35309
31650 32919 31678 31650 31883 31865 31865 31678 31678 31865 31650 31893 31880 31893 31783 31893 31783 31893 32016 31893
39438 41020 39455 39679 39073 39674 39734 39679 39739 39674 39515 39915 39498 39915 39515 39915 39105 39915 39515 39915
33934 34001 33934 31611 33934 34431 33393 34139 32302 32145 32743 33445 31132 33682 33934 33682 33969 34608 33934 34608
33567 34916 33567 33048 31433 31811 31478 33716 31486 33050 31417 33119 32860 33884 33658 34058 33658 33940 33658 34058
31680 32954 31685 31873 31828 33598 34520 34346 31931 29930 31765 34351 31765 31851 31828 33764 31828 33764 31828 33764
38135 38657 38157 38616 38135 37466 33031 38363 33910 37466 33765 37487 37394 37495 38218 37487 38138 37487 38138 37487
31490 32756 31512 28903 31794 29638 29748 31760 30422 29937 32189 31841 29749 31707 31512 29489 31806 29638 31512 29638
44986 46790 44986 45270 44986 45456 45533 45195 45598 45595 45389 45339 45389 45584 44986 45608 44986 45608 44986 45608
40783 42420 40800 41209 40800 41346 40977 41324 40994 41131 40848 41277 40886 41453 40800 41453 40800 41453 40800 41453
36652 38127 36663 37089 36652 36830 36724 36815 36717 36901 36652 36887 36652 37025 36688 37174 36688 37174 36688 37174
30474 31434 30526 30221 30532 32502 32403 30519 32305 30624 32260 30662 32260 30662 30532 31767 30539 31767 30539 31767

