33891 58636 38636 53891 43131 49396 44654 47085 46659 44775 47995 47726 43800 48933 38694 53833 39059 53468
42586 70814 56486 60625 52918 61690 52382 60160 52825 56944 49753 61690 49753 61690 51890 60180 51890 60180
34040 51559 37938 45116 40851 46713 42322 47788 42708 43115 39970 49856 41761 45477 42338 43809 36078 48250
31667 54789 36249 51977 39869 48495 42741 46186 45712 44522 40056 46946 41822 49888 37858 50140 39781 52119
31462 53104 38650 46166 41405 47994 41472 42131 45123 50962 43544 52634 40458 55627 43159 47994 43159 47994
33135 56848 36818 46864 37194 44357 43933 43725 41642 42495 40875 46360 39518 43715 38366 46344 38078 46763
44703 77338 54276 72704 56586 72654 79243 61063 70151 71183 61682 73590 61682 73590 52948 89221 56586 70098
52294 68607 46513 61749 45292 68607 61749 61581 46513 61749 51011 68607 51464 68607 45292 68607 45255 68607
29351 49295 37456 40911 35506 39419 38496 42355 39829 38160 39419 44214 41836 42551 39257 45227 38101 45243
40273 71987 42952 72379 46960 68189 55856 46582 46509 58051 46955 61710 46955 61710 43825 66238 43825 66238
34736 59208 41820 56348 41693 56392 46022 51452 48186 44992 45151 49271 47386 47741 39123 55457 39123 55457
44302 65217 51703 64135 49374 61199 52836 52652 53244 58906 55904 65754 55194 65754 51332 65166 49752 65166
35121 60762 46539 52634 45523 60762 52058 56939 46996 52058 44028 59653 46912 59653 42234 56939 42234 56337
47132 74340 54795 80788 56473 67225 58757 62883 54737 59479 60818 64829 53949 67225 49269 67225 50303 70355
40297 58306 46326 58875 46859 58743 43799 55757 49698 63832 49640 56191 41932 53985 46859 70156 53097 54300
38263 69017 41048 65912 46914 64992 54429 61060 50519 62419 44006 61347 49021 64992 49021 61991 45955 61991
29235 50585 31182 50097 37026 44439 42245 38693 39782 41075 42559 41250 44036 41364 35506 43170 34135 43882
46392 80591 54939 73763 50976 72309 62058 68708 63778 67876 57475 69608 50985 72309 56186 76464 54939 74356
29913 55986 39254 47631 40520 53562 48972 42089 42096 48972 47893 53717 45714 49876 37576 53562 40186 52445
35324 65462 42785 55380 46886 56050 50559 45225 45225 50559 43847 51229 43847 51229 46449 56758 46449 56758
28766 49136 31992 46106 40579 42548 44667 42536 39374 44510 37937 42466 39769 41410 35277 44474 35596 49043
39806 75086 49829 67085 45283 64936 57952 55890 55057 57289 51238 60392 45283 64936 45283 64936 54763 68419
44456 76246 52010 66731 55276 63936 58562 55380 54131 62046 54994 66047 54937 66047 50150 70834 50150 70834
32644 50899 36373 44686 40251 48923 43817 42847 42250 39340 43562 46488 46040 46168 40930 47286 39851 47286
32255 53201 34343 49823 43701 43943 40843 45119 42425 42352 42052 45764 42052 41899 43701 45764 37344 46607
34282 59313 39002 55365 43171 50738 46310 44359 44645 49293 45888 49917 43171 54444 40418 58368 37852 54267
36124 49541 36097 46537 39134 48628 44595 49257 50472 52643 39545 46095 43344 51348 39134 48628 43429 53448
34019 59410 38373 55187 41068 55650 48535 50664 47414 50356 46177 52903 43772 60132 38940 57839 39547 54925
35812 61959 46498 54593 40556 59910 48739 51569 51569 51324 45178 55666 40556 59910 41643 59910 39725 59910
35623 61634 43398 56725 43171 54138 53588 48891 48367 53588 46961 58930 43171 54954 48920 53353 48920 54785
35171 59345 42369 57353 40620 55232 46731 53704 49329 45078 44757 53199 42622 56267 42140 54808 42140 54808
36319 50139 40574 46802 39016 51794 40458 50030 50869 39837 40199 47791 46781 48843 38863 49567 38863 49567
31965 57183 45060 49559 38561 53067 51945 44095 51617 51945 51617 44890 51617 44890 35742 53067 35742 53067
48554 72613 49947 76056 50044 76791 53788 60495 54649 53788 62241 57392 62241 57392 52987 82433 50885 66630
32478 57100 39757 47611 39773 45702 41102 47175 46897 44331 39228 43463 40252 42604 41674 44082 38495 44482
39432 68219 51381 64019 47828 68219 56319 60447 51381 56319 54881 65939 54881 65939 54881 68219 47828 68219
31563 51330 39155 51215 42857 47194 39799 42143 41990 43952 42230 42875 45921 42875 40950 44727 36735 44425
34525 52947 44115 45522 45238 48247 40665 47515 43562 44817 39756 50755 47334 46903 44145 47253 33947 53567
34238 59234 40745 54934 42180 58620 47762 53481 48903 49644 43410 58620 42309 58620 43281 57779 43281 57779
37571 62117 43127 59820 48573 71474 45177 54450 59471 53202 47344 65591 43979 64718 39614 58405 37975 58405
37533 74707 53593 61153 50597 59480 61552 48182 53082 61552 57547 55408 57547 55408 54291 58217 51028 63175
29190 53681 36537 43253 37851 47004 40252 42923 40826 44694 39162 46126 39343 43789 38345 47590 37409 54248
40905 58173 40999 52448 42566 51771 42760 48227 41771 43502 41291 49962 43945 51771 44038 52015 44038 52015
42444 69787 44535 67348 47989 63409 59179 61473 57797 60319 55429 65446 50347 62520 45465 68011 45465 68011
44174 82106 47311 71131 58690 71827 62588 59294 59294 59578 56652 65041 53503 65041 52500 71131 52500 71131
28434 50061 36495 45335 40952 39494 36661 41437 43752 39167 43080 38320 42560 39083 37587 40034 34407 42052
30230 58271 35841 49818 40418 49043 44125 41063 46910 49948 40087 46000 40087 48563 37647 50091 38812 49928
31480 50112 39412 46307 41744 41734 41121 46208 43560 41121 42230 43742 43204 44503 38669 45888 38669 47645
46535 67377 55855 53216 59232 61442 62280 66850 56855 62809 59946 55452 60930 55452 52993 61442 52993 61442
33336 57676 40411 49856 43431 51583 47931 45020 50400 45537 45251 48396 44023 52442 42641 49234 42641 50724
42469 76231 52270 72464 47686 75093 59319 61590 61706 59486 60260 67860 53125 72388 47686 74403 47686 74403
36565 55208 40680 55340 40130 57782 47346 47347 44807 45668 43538 51163 41715 51163 41485 50648 41485 50648
39259 65567 48641 61966 52979 66648 57621 51391 55753 57621 54476 59324 60719 54429 54902 66648 49865 71685
34820 57343 37719 50373 38233 47783 42841 45147 47185 44681 40380 45067 39122 49571 37363 51459 38218 47759
31860 53139 36261 49410 38586 46760 41520 44662 41753 42384 45169 41310 42804 42150 37102 47868 35909 49816
35292 50476 39871 46193 46495 47565 46458 44568 45163 43061 42629 45572 39615 47565 41938 46125 40904 46088
31043 53708 40959 48591 36429 46922 38742 44830 39060 41167 37317 44538 41208 41947 35425 42458 35542 42458
39929 67521 46062 64161 46790 54754 51064 58007 47932 52961 42136 58396 42136 56489 44146 54835 44146 67779
31795 50711 39703 48237 36799 45913 42973 42663 42335 40424 41878 44950 41035 40779 36750 46021 37055 45179
33099 52455 40674 46284 40145 46980 38036 44724 45134 41209 45825 47004 39323 47186 41820 47598 41407 46690
39602 68514 43490 65996 43164 59152 56161 54683 51501 52637 51927 60237 51927 56173 42120 59099 42120 65996
41231 66917 42252 60322 45573 62975 57528 54715 52573 57528 51569 62975 51569 62975 45691 61326 45691 61326
35684 60946 50155 54787 47689 54550 50152 50619 57249 50152 58581 54883 58581 54883 45952 54940 45952 60946
39796 68850 42469 66177 54670 68074 53762 58074 65016 53762 44538 64108 54670 63246 45885 68074 47782 66177
28522 48902 34141 44375 36336 43579 40710 38775 35478 38831 38458 39385 34266 39062 34661 40474 35331 43665
33754 59250 39543 55688 41324 52675 49770 49533 51697 49555 45383 52832 41758 54644 41379 52675 40546 52675
37520 59754 39289 57025 42695 59444 45872 44088 44678 46859 44223 47784 43699 50373 37745 50948 38340 50653
34927 60552 44057 57026 43910 57250 54823 50640 44162 55232 47227 59019 44665 70373 42844 57026 42844 57026
33928 58699 42933 57581 38080 56063 46682 50434 45463 46682 45146 52164 45146 63152 49256 56063 49256 56063
33497 57952 40047 57025 47331 51731 46475 47401 47155 46475 45548 57118 45548 49800 50542 50804 45790 53875
30222 51784 36458 43489 36580 42155 40539 40852 43542 40801 40492 41303 39204 45148 36037 45681 35802 45681
28586 54587 35897 47398 38913 45438 39646 43284 47531 44686 43164 44945 44161 49430 40286 44652 36575 46743
30475 53150 38482 45864 40493 55247 50108 43633 48768 47296 45282 44913 44144 56543 40867 55247 41751 55247
41798 72315 48921 66171 46109 69845 53412 60993 60993 53412 47718 55023 47718 55023 47718 66395 47718 66395
44901 77448 52758 69640 48542 70447 64253 61987 57808 61635 59627 64103 51311 65563 49902 70447 49902 70447
33934 52247 41067 46869 41504 55309 43725 50188 44482 43581 41391 45128 41271 51071 40806 52229 38188 60308
33567 57950 43054 50485 42578 51892 44155 42996 47227 42638 48649 42960 39632 51892 40628 51892 42578 51892
31680 60535 41263 52615 40391 49627 44448 44723 43515 39190 39892 42914 38869 52354 38588 49483 37434 49483
34626 63813 42129 57348 45808 56570 52529 47063 48803 49205 45348 51668 49644 51668 42183 60195 48228 54739
31650 54757 41631 48745 46295 47443 43257 39839 40584 47090 41837 46786 44594 47443 40834 49938 40834 49938
39438 65422 44097 59899 44541 55066 53113 48165 49942 46794 48876 51356 48700 57761 49767 58224 48024 58194
40783 70560 44592 67650 52510 67511 53991 61237 56973 62095 51457 62517 51239 61574 47165 65486 47165 64556
36652 68235 44073 57694 42649 58682 49193 50150 45096 50713 44460 54085 42649 58682 44490 56428 43365 56700
30474 51992 42833 48829 45101 47897 43139 44690 41342 43139 40536 44813 40536 44813 40814 44058 40814 45421
38135 60059 43223 50726 38609 48983 40585 58651 50527 46806 40115 50553 43329 55061 43425 50234 43425 54973
31490 50826 36382 44577 36818 43400 40205 46349 42092 41918 38669 45807 39159 43415 34886 44824 37564 45525
44986 77833 50779 74192 52013 70806 57625 64985 62691 63052 53866 65373 52013 67226 50217 71856 48926 76045
32056 55462 37798 49720 41191 49143 42880 44601 42911 51192 38956 42483 44723 49616 41191 52775 38176 49593
33162 57375 43944 49303 42367 52013 46934 49089 48841 46934 39708 57375 41175 57375 38705 55907 38705 55907
30492 59871 37476 48162 44682 42751 44778 47465 44288 42976 39640 46876 44340 43056 48289 49094 46694 49094
29281 47622 33130 46753 38861 42770 36900 40943 42654 38940 37409 40951 43414 46084 38052 40858 35435 41117
34495 55675 37054 47848 40891 46138 42078 45246 43247 51968 38688 45542 39336 51423 38867 51095 41784 51095
34281 59314 44970 54536 45375 55381 44605 47161 47088 46471 46080 50736 47534 56548 52909 47243 47250 51373
39666 71086 49914 53222 47611 59918 59577 53857 55613 55345 54648 61750 54648 61750 54889 61485 54889 61485
29448 50675 34531 41116 34558 42932 37027 39158 41926 38362 37085 42011 36291 40523 36060 41356 36060 41356
37488 64857 45756 61004 43481 58876 50868 50918 44938 51781 47979 53858 43481 58876 44944 58876 43469 56924
30791 56202 37646 49829 38639 43673 41650 44490 41543 40597 42323 40339 41852 48398 40156 46121 42680 45028
36486 57135 44133 47718 38054 50657 46955 45422 42741 43588 44852 46599 41875 44734 38503 51895 38503 51895
33145 51287 38261 46017 38033 43578 41713 47114 37819 40401 40098 41280 40033 41280 39571 52362 42743 48821
34429 59567 40436 55489 40811 54294 48523 44335 43314 57205 43467 52291 40974 57082 40496 50832 40496 54124

