34626 61657 35802 41826 40587 43231 37041 37235 37041 42134 35658 40586 35658 44585 35802 39426 35802 39426
31650 48450 34621 37072 34881 34621 34050 34050 34050 34621 34974 39774 34881 36450 34050 34050 34050 34050
39438 61095 38936 46505 38865 40068 38865 38857 38865 40345 38291 40132 39432 44939 41187 42539 41187 42539
38135 54507 35178 37180 38791 37180 39707 40664 35449 39450 36146 39450 36481 38881 35631 42935 35631 42935
31490 60810 33470 32808 35209 40667 39304 36290 35588 36622 37089 37374 34874 35685 35209 36716 35209 38690
44986 71386 48517 46790 44986 52186 48517 48517 48517 51440 46117 49786 46117 52186 44986 52186 47386 52186
33934 60799 41753 41447 36273 38740 38796 41883 43371 37898 39602 37617 35525 39331 37359 41134 36646 41134
33567 65280 35574 37394 36012 43354 36154 36669 37569 38554 37569 43093 33493 45232 35177 40767 35177 40767
31680 60298 40976 36147 32968 42291 35497 36347 35550 37978 34466 38393 33770 39989 31730 35993 31730 36347
40783 69583 43183 45583 42826 50383 45583 47983 46297 50838 43183 47983 43183 50383 42826 48421 42826 50383
36652 68532 43232 42961 42222 45184 44622 41452 42222 43852 39968 43852 42222 46252 39468 41452 39468 43852
30474 54707 32875 32874 36973 33664 35083 34767 35083 32875 32451 34767 32451 34767 33449 35274 33449 35274

