34626 65786 46859 50625 43441 58482 48626 46821 50302 51841 45503 50560 44601 53360 43441 49400 44649 58842
31650 51250 46790 42850 40509 49821 42850 38621 42850 41421 40272 44221 40881 48235 40881 49055 42850 49055
39438 64819 53091 52731 48869 53723 51392 46249 51386 53549 51778 51276 46217 56555 51778 50427 51392 51598
38135 58107 43810 46663 42881 45939 46778 48173 44237 43978 46778 48068 40081 49513 44946 50070 43978 45592
31490 66628 43872 49935 46316 50083 43919 45423 45893 46202 45799 47169 45141 48391 42415 55085 43543 47726
44986 75786 53386 60217 50586 66640 56186 64999 56374 56186 50774 62422 50774 65222 50774 64736 56336 61786
33934 64799 48059 42209 42333 51980 44821 56030 47125 45447 39782 49925 39596 52103 42333 51668 44076 57520
33567 70880 50266 52187 41531 65453 52369 51280 52332 52486 49532 50131 40914 62480 47178 56880 41043 62110
31680 65498 48791 49048 42416 59454 41445 44245 43666 44657 43158 50237 42847 56457 48832 50911 46032 48317
40783 74383 52049 60383 51626 65983 54783 57583 64010 60627 51983 61816 52578 66993 49183 63183 48112 63183
36652 71984 60832 50486 48564 65422 48148 54768 51422 55232 48268 62338 47140 63168 47852 63584 49632 60961
30474 52111 40911 41507 36243 46935 41335 44135 41335 38535 38535 44731 38535 44731 38111 49739 38111 49739

