38135 209641 98688 102752 101074 121471 99333 95970 108688 102430 99783 146385 84098 140255 101074 110753 101074 110753
31490 303147 125452 124653 105447 162360 123384 124840 124512 139582 126721 179874 125593 142684 122632 144892 103191 144892
44986 256764 101617 141486 80974 179265 121664 138874 119574 102065 98984 158547 98984 177847 85503 143947 85503 159965
34626 228593 111569 136477 98995 150426 110021 104346 103314 110021 85046 123002 92203 144042 100156 126033 100156 146815
31650 181141 122335 86226 79202 161841 103941 90155 86226 86150 78824 121655 79202 142541 78824 117273 83054 102128
39438 247349 129000 116923 117600 143556 147592 104956 122769 128293 91391 156160 114232 126380 126380 137071 145680 124256
33934 227123 104661 103353 126576 165672 107772 164118 109020 122653 97251 125142 94016 141766 126576 167915 126576 146311
33567 367356 148169 132132 115822 207374 119484 152736 129232 147227 129232 174445 104316 203206 113394 188654 113394 185719
31680 279274 140763 145826 96580 180447 136422 144277 130093 136422 102370 136526 105676 183651 96633 142470 96633 122807
40783 273928 126048 137283 98683 196728 131993 137283 156583 158128 98683 173446 98186 177428 97910 158128 90599 177428
36652 328287 125144 113199 103115 228998 134897 150968 113816 151798 94790 185773 96713 209698 105195 192713 105195 170268
30474 182754 101649 81498 100798 121543 100715 104535 104535 87866 104535 103516 104535 103516 82519 121543 82519 102243

