34282 69842 52536 53602 45536 58963 54885 51504 52286 53443 53781 57362 46694 58108 49844 56042 52536 53977
36124 63287 51056 48573 44573 54379 49256 57679 51341 51626 43993 57536 42672 61338 43755 53050 44057 53297
34019 66715 49731 53339 44697 59764 49890 59013 49890 59013 47395 61773 45589 59764 47240 59813 45478 64851
35812 60118 49078 49612 44181 57358 46852 52192 49612 49612 44092 54952 44181 57358 44469 55132 46673 55132
35623 68743 55192 52183 43903 60463 57703 54943 54995 57703 52183 59088 43903 64608 46663 59955 46663 59955
35171 76571 57396 57348 46209 63398 51779 60688 51245 53714 50953 60593 50713 62965 49261 62964 49261 62964
36319 53178 43728 43309 40775 46069 45769 43349 43914 45769 42138 48186 38203 46069 43009 43309 43009 43309
31965 62325 51285 45765 43005 54488 46091 48461 46091 46091 46091 48461 46091 48461 41287 54045 41287 54045
48554 76154 62354 62354 59594 58393 55771 55771 49616 55771 62354 65114 62354 65114 55771 58393 55771 55633
32478 63663 46005 45691 46516 48135 50385 47677 47050 44173 44041 48973 42054 48020 47730 51263 51798 46999
39432 50960 49994 47712 47234 50472 45440 45440 49994 45440 49994 49154 49994 49154 49994 50472 47234 50472
31563 51338 45364 45241 38484 44951 39844 43840 48001 41325 42481 53356 42603 53356 36837 42603 42439 50596
34525 60956 50855 44403 42866 54896 45285 44754 46876 43913 44954 50414 44574 47402 45626 48594 43945 47163
34238 54689 46409 45278 41346 51704 45642 48038 47180 43649 40664 51704 40797 51704 45236 50798 45236 50798
37571 64475 51373 54131 46942 61808 52762 50768 57656 50675 48243 58004 47290 56288 48823 52462 48823 52462
37533 54093 45813 45813 50755 54221 52691 48701 48990 52691 48990 52691 48990 52691 43225 54221 44989 50509
29190 68134 51072 52178 46467 60893 49586 58133 56223 50468 49127 53731 43741 54435 44669 60893 50748 61028
40905 59656 45604 50183 43956 50849 48738 51881 48112 45451 43966 60032 43683 50849 43378 52508 43378 52508
42444 75506 52976 67284 52255 64524 56662 62417 56135 63002 54313 64942 50548 67226 48617 68514 48617 68514
44174 62836 51796 55214 48079 53325 53847 53847 55214 56607 52454 59367 52977 59367 55900 53712 55900 53712
28434 70921 47801 48795 43188 50428 45492 50655 45900 48165 47258 49705 48298 51376 44903 46398 44002 48711
30230 71253 46351 52999 43716 46915 47419 50868 49549 47166 44156 60903 41584 57077 42649 50616 41523 49675
31480 57618 49104 44461 45457 49163 44364 46743 46519 48284 42249 48402 45524 49572 42522 50099 42522 49866
46535 71375 58744 55984 57575 52743 55984 61504 55984 60335 47223 61504 57575 61504 55984 49314 55984 49314
33336 67749 53664 53949 48934 60936 51014 57397 50997 58176 51959 60157 48934 56892 50823 58176 50823 56709
33891 64251 50451 47691 40686 58731 50451 47691 50451 47691 47691 50451 42171 55971 40520 58731 43280 55971
42586 61906 53626 50866 48106 56386 50866 50866 48106 50866 45346 56386 45346 56386 49464 56386 49464 56386
34040 73880 53080 50800 49160 59480 53240 51520 52880 52200 51880 55280 47560 63240 49320 56960 49360 55400
31667 64787 46242 55486 44753 58542 48111 51073 53022 52811 45467 54553 44997 58542 45733 53747 46242 54427
31462 59303 45212 49368 44354 48621 44253 44803 47114 52992 44354 56782 41594 51621 47114 48621 47114 48621
33135 65420 48208 50763 46447 51898 48232 49413 54727 49114 50599 53266 44684 53798 51178 53590 44383 55100
44703 61263 59446 56417 57091 67391 52983 52983 53320 52379 61533 58773 61533 58773 53657 56013 57091 58773
52294 55961 53594 47935 50834 53455 47935 50695 53594 47935 48074 53455 50834 53455 50834 63334 52782 63334
29351 71616 55782 51709 50193 56470 48952 54124 54645 53954 50707 61092 48707 57367 50397 61230 48226 58779
40273 63689 46256 60937 48355 58734 52649 48553 44720 52649 50073 55974 46638 55974 52650 55974 52650 55974
34736 62862 50151 61172 44345 49070 45911 47496 45835 45146 45747 49405 43313 50667 46712 58412 46712 58412
44302 66382 55342 56849 50874 60862 55342 60862 51583 58102 54089 54089 49822 60862 49166 54089 51926 54089
35121 48921 43401 42760 40000 48921 43401 45520 40641 43401 38589 48280 40641 48280 41795 45520 41795 43401
47132 73328 61967 55769 55412 71972 58112 61289 55769 58529 61871 64049 56351 71972 54008 69212 56768 63692
40297 59075 46829 52167 49589 55109 45354 44777 46229 50159 55326 52919 46252 55679 43887 57610 42474 53158
38263 60343 44270 57440 43215 58859 52063 52063 50574 53692 46113 56099 52351 58859 52351 54823 43783 53692
29235 63559 48296 45673 41322 51375 47216 45919 47692 50285 45329 47205 43011 54045 43725 50937 42082 48089
46392 68662 55155 59433 51075 61718 56673 58958 60192 58958 57432 63142 48401 61718 56569 61718 56569 60382
29913 53453 44866 40953 41418 48621 48303 41794 41418 48303 41176 48385 41176 46938 40023 45861 44383 44637
35324 55833 46364 48877 43147 48877 46117 46364 49124 46117 46364 47553 46364 47553 46364 51637 46364 51637
28766 63286 45326 46307 43768 51210 46882 47457 48138 45742 43913 49183 43640 48857 43966 47404 44593 53460
39806 77056 55767 56366 50727 64645 56366 59126 53487 61886 50846 64646 50727 64645 50727 64645 53606 67405
44456 75493 61016 55690 56173 62928 61016 54628 49014 60030 51774 66536 49014 66536 58933 61016 59610 61016
32644 57756 46633 43218 41605 48657 47125 48958 50461 45730 42260 48054 41879 49558 42918 49558 44038 49558
32255 50070 40573 41790 39030 41790 40573 40787 39963 39030 44480 43011 37813 44550 39030 43011 37813 44550
42469 67309 56164 61789 50492 67052 56240 59000 56240 59000 56012 60849 50720 70040 50492 67052 50492 67052
36565 67049 45710 47742 50365 53990 51230 51567 52452 51230 48247 53598 48247 53598 46944 48470 46944 48470
39259 69637 51813 49035 49053 54555 49035 55819 51813 49035 49053 54555 51813 54458 51447 61357 51738 64117
34820 69561 49154 49104 45015 48906 47672 48020 49492 48610 45405 51766 46293 53789 45016 53839 46043 51671
31860 62054 48167 50781 47273 48984 48436 50000 50399 46792 49633 49552 48968 54553 46275 51176 48434 52444
35292 63811 54065 46341 46169 49203 45127 48494 48361 48494 47301 51405 50689 50446 45218 47686 43792 46824
31043 66695 53804 47422 41051 59230 47375 53804 47375 46473 43348 51769 44615 54753 45660 56470 46197 56470
39929 56434 53729 45204 43344 50914 50969 56489 50969 49220 48209 54740 48209 51980 50969 47199 50969 47964
31795 68928 47482 50974 45556 51566 49117 53857 51059 49994 48176 52727 53884 57860 46733 56720 51313 52679
33099 73482 56492 52342 46688 62404 50971 61241 55177 52454 51251 61127 50522 62404 49451 58441 52790 64959
39602 64442 47882 56162 44067 57867 52347 48970 50305 49657 53402 55177 53402 55177 47882 56162 47882 56162
41231 57998 47449 52282 44689 55238 49718 54430 55031 49718 52271 55238 52271 55238 47449 55828 47449 55828
35684 51423 43964 45172 47501 46268 43508 43508 43143 43508 40748 46268 40748 46268 43964 46724 43964 49028
39796 59116 45316 53596 55517 56356 48076 50836 61037 48076 45316 53596 55517 53596 55517 56356 45316 53596
28522 69586 49107 45417 43511 55935 46464 49149 49630 47205 47135 53061 43813 58845 47243 59406 47841 55859
33754 73078 52223 56584 49431 60374 51229 56861 56175 57596 55868 62251 48730 65011 49791 59491 49791 59491
37520 62137 44672 48517 42272 51277 43045 54441 44937 54441 44937 54441 42997 50192 50596 47432 47565 48608
34927 59479 50091 47503 41983 55323 53324 53110 47115 47115 45966 55395 44355 52563 48912 49187 48912 49187
33928 52526 47857 43525 50599 47857 45097 47839 47839 45097 43219 47857 43219 47728 38726 47728 38726 47728
33497 55101 44061 46821 42739 47974 52911 44475 46007 51358 39748 45184 39748 45184 48598 45214 43691 51358
30222 63649 47978 48819 44636 49557 51512 47919 47003 45550 47505 48768 47943 49657 46297 54021 46922 54021
28586 73056 56540 53983 48481 60185 52968 59566 56196 51196 49940 60318 46810 60644 52632 59196 55196 62175
30475 61256 44838 41208 41698 54506 47891 47280 45131 50039 39067 46728 44458 52799 38999 54506 38999 54506
41798 61118 52838 50078 44558 58358 52838 52838 52838 52838 50078 52838 50078 52838 50078 52838 50078 52838
44901 77884 58701 61324 50284 67741 64084 61324 58564 64084 58219 66844 53044 69604 53044 67741 53044 69604
33934 64399 49810 46324 43896 54564 44621 52445 46925 45204 40888 52445 45224 52445 41967 49520 41342 59378
33567 70320 52746 54849 48393 62040 47914 57941 47914 53393 50315 54782 45519 62040 45451 62040 46509 62040
31680 64978 56056 53222 45015 53708 47103 50793 52116 50824 48632 50815 41366 55693 48065 54152 48632 54588
34626 65386 45666 50425 43874 58202 51689 50360 50102 53946 52617 52218 47201 53120 46505 53366 51586 50400
31650 50970 43294 42690 41935 49501 47758 39930 43521 42690 42952 43981 46281 49501 42952 47305 42952 47305
39438 64419 58828 50264 49557 56283 51112 54652 53946 53309 49486 57412 46302 52880 51112 51821 51112 51112
40783 73903 54609 65623 48290 65623 54583 62958 60638 62863 54583 63458 54583 62863 51823 67611 51823 67611
36652 75291 55260 52560 46149 64490 55617 57248 56032 55320 50690 63600 46149 64490 48375 63006 52232 60780
30474 51791 45127 46907 38249 46655 41135 46655 41135 49667 39859 52427 39859 52427 37951 52427 37951 52299
38135 57747 48241 46578 43497 47209 46578 45173 47841 44628 42721 54098 42721 49273 46578 51661 46578 54421
31490 66028 49058 47990 47849 52382 47191 48930 50421 47473 50139 49622 48507 55142 48272 47990 46452 51562
44986 75346 61696 63560 57517 66320 58040 63037 58934 58786 56174 66468 60726 69228 56026 68557 58936 67066
32056 60501 47154 48616 41673 48000 43223 49310 46550 43677 41270 48605 40375 49775 39847 49812 42328 45895
33162 62486 51446 44202 45926 49722 46962 51446 46003 46962 44125 55242 44125 55242 43684 52482 43684 52482
30492 60287 48035 44571 44419 56475 49459 46698 44576 46136 47049 46403 43579 47131 49459 46627 48537 46627
29281 61988 47444 43772 41340 53966 43686 45879 44032 47965 42343 51845 39563 49843 44567 50638 44186 49687
34495 63582 49635 45980 44936 52917 47845 50527 47995 47917 49037 52543 49037 51872 49037 50304 49037 50304
34281 65763 50210 52891 44416 56282 47371 49476 50464 47371 55650 51284 50239 57483 52891 56773 47371 50622
39666 55004 50706 49484 47946 46129 43268 49965 47946 42875 47946 52739 47946 52739 53466 49484 53466 49484
29448 58468 46595 43035 41400 46301 43218 45954 44375 42926 40298 49169 40888 44960 40514 46492 40514 46492
37488 62328 50178 54048 43008 56808 49104 52729 45768 51288 45768 55489 43008 56808 44658 56808 43008 56808
30791 61907 45849 51995 43718 48419 47228 52560 46162 45913 48858 50615 48107 52437 43841 49735 49738 49299
36486 61326 50286 50286 38726 58566 44407 47167 50286 44407 41143 49927 44766 50550 40842 55806 42006 55806
33145 52123 49322 38282 41042 46202 48580 41712 41712 45819 41132 47192 43017 41712 51501 41042 47908 42503
34429 64431 52373 55491 46795 55491 51815 49094 46488 53749 48026 52623 42844 58251 45925 55793 44950 55793

