34626 59157 41076 46064 42215 49460 44494 41851 47159 43226 45009 46580 41700 47310 42237 43656 42237 45376
31650 46700 36585 38100 36781 42471 38100 37119 38704 36021 38100 39378 36781 42471 38100 42934 36781 41424
39438 60186 44241 45490 42986 45231 46391 48207 46411 47286 43482 50357 45632 47684 49294 45348 51444 46411
33934 58299 43000 39140 38546 49916 37085 47583 41725 41103 35275 38675 36872 45528 38546 49733 38546 44968
33567 61780 43327 43095 37816 50704 42104 46878 42069 45560 43482 44519 38807 54993 38568 49134 38568 53423
31680 57428 42141 44426 36219 51671 39919 50678 37820 41553 42575 42223 36031 49107 40591 40591 40591 42454
40783 66583 46093 51533 47233 60133 49383 51533 53683 53277 47233 57031 47274 55833 47828 53683 47938 55833
36652 65032 45252 45252 39944 56772 46156 50322 45772 49135 42937 49552 43102 57084 40061 52250 40787 50811
30474 45637 37661 33842 34324 39444 36727 38397 36727 38877 35935 38766 35935 38766 34466 38085 34466 37464
38135 52257 40927 50433 40281 44197 42431 43423 42366 43229 41378 48412 38970 44516 39487 44520 39487 44520
31490 57560 38797 42334 39021 42181 39314 42240 43532 43156 40642 42745 38093 42357 39514 45753 39514 45753
44986 68636 50167 55736 47136 60036 51436 58767 50974 51436 49286 57872 49286 60022 48540 58767 48540 57140

