34626 40301 36679 37248 35372 38280 38060 35331 36370 36781 37305 38389 37305 39413 34920 39371 34920 39371 36811 39371
31650 35769 32172 32495 32482 32348 32348 31739 33493 32898 34892 32437 33587 35761 33238 35761 32863 35761 33238 35761
39438 44573 37292 44930 37430 44589 38463 40452 38130 39378 37282 40986 37898 39290 37486 45022 37486 45363 37486 45022
38135 42003 38203 40435 37435 39534 38014 38681 33280 34780 32541 33864 34629 34001 37461 33975 37461 39224 37461 33975
31490 35908 31932 30984 29946 31123 34887 33214 33103 32645 31922 32283 30753 31108 31742 33620 31742 31367 31742 31447
44986 50838 45083 47935 44720 48509 45656 47334 45078 45986 44399 47208 44399 48130 45083 48654 45083 48654 44986 48654
40783 46090 40838 43365 42650 44488 41743 43164 42423 42168 43247 42956 42350 43212 41793 44952 41171 44696 41793 44952
36652 41425 36684 39284 37254 39020 36957 37480 38723 37043 36586 37981 37254 38198 36768 39594 36768 40373 36768 40373
30474 34440 30829 30038 32581 33411 33734 31369 33414 32914 31878 31082 31878 31082 30310 33579 30310 30477 30310 33579
33934 36946 34048 34966 32861 35713 36495 35368 33561 32954 30884 33214 32213 37581 32861 34523 33876 33855 32861 34523
33567 37937 33676 35758 33096 34152 33894 34761 33284 34078 33951 34076 33748 36014 33336 33567 33336 36833 33748 33949
31680 41704 30791 33354 37041 32725 35121 36376 35637 42133 32440 35127 32158 31716 35623 31457 34898 32392 34898 31908

