38135 37837 38257 38257 38135 38196 37288 38196 38257 38257 38196 38318 37288 38257 38196 38257 38196 38257
31490 31812 31612 31551 31080 29867 29825 31612 30324 29840 32063 31673 32806 31612 31080 31612 31080 31673
44986 45657 44986 45047 44986 45169 45047 45047 45047 45169 44986 45108 44986 45169 44986 45169 45047 45169
34626 35175 34626 34809 34626 34809 34687 34687 34687 34748 34626 34809 34626 34748 34626 34748 34626 34748
31650 32077 31711 31650 31711 31711 31711 31711 31711 31711 31650 31772 31711 31772 31711 31711 31711 31711
39438 37764 39499 39499 39074 39499 39560 39499 39560 39499 39560 39560 39499 39560 39560 39499 39560 39499
40783 41515 40844 40905 40844 41027 40905 40966 40905 40905 40844 40966 40844 41027 40844 40966 40844 41027
36652 37506 36774 36774 36652 36835 36713 36774 36713 36835 36652 36835 36652 36896 36713 36774 36713 36835
30474 30962 30596 30221 30535 30535 32321 30535 32321 30596 32260 30596 32260 30596 30596 30596 30596 30596
33934 30872 33934 32686 33934 34117 34056 34056 33995 34117 33373 34056 32564 34117 33934 34117 33995 34117
33567 34421 33567 32891 31415 33689 31476 33689 31476 32952 31415 33013 32891 33798 33689 33750 33689 33750
31680 32412 31741 31741 31802 33654 34593 31802 31802 31741 31741 31863 31741 31802 31802 31802 31802 31802

