34626 172593 107254 121985 92487 138071 126464 112378 119534 116826 100869 126012 100869 126012 98870 133686 94099 120567
31650 136341 95845 85621 83126 122641 108941 82221 79020 95241 75772 98112 83126 123548 75772 102494 75772 102494
39438 185749 146348 123410 125780 115408 127692 129179 115196 114204 113992 130524 100221 139480 127692 114912 127692 115337
40783 206728 101138 165628 111333 165628 117693 135612 129609 165628 109283 165628 109283 179328 106789 165628 120489 165628
36652 244287 181008 118200 103015 186698 142277 144768 131544 145598 110195 159596 101713 186698 109245 186698 103077 172998
30474 137954 96005 98212 79419 120095 95157 123235 95835 95157 82135 97364 82135 97364 79844 106395 79844 118365
38135 159241 103667 105020 109687 113881 93664 107085 97536 94890 85191 125711 86481 121002 92374 112913 92374 117623
31490 224747 133053 124570 140620 137047 132724 137612 125087 122079 121750 153474 125087 144826 124852 138693 121515 148022
44986 195164 127336 138946 97819 155108 112665 124574 124574 137975 110874 143347 97174 152347 99786 141408 113636 153765
33934 180402 129774 97640 111155 135690 108601 128403 115577 108601 91351 136376 86431 127593 96833 125164 94342 135566
33567 272156 144616 140954 114787 202243 131133 130154 129574 129864 126895 164512 122255 202243 116781 204382 119500 204382
31680 206474 134872 130888 104423 137144 128257 124272 129493 124428 109488 134872 106179 148572 107371 141332 117402 141746

