34282 54618 37383 43312 40052 46893 37839 43316 37383 40109 35753 39521 35753 42781 40000 44946 40000 43209
36124 51390 37357 39201 34271 43955 39916 43034 34613 35717 36521 36257 33952 43463 35805 43034 36816 41833
34019 53155 39358 36855 36365 45005 40857 45348 41281 40115 41281 43718 38021 43799 40458 41745 36855 43110
35812 49948 36908 39781 37442 45592 40702 39392 40702 40702 39072 42332 37442 45592 37442 42332 37442 43962
35623 55183 38883 42809 37253 47033 42809 40513 42809 43422 41179 43211 38883 45403 39549 40513 39549 42143
35171 59201 40997 46534 42610 47047 39090 44097 39284 40061 37460 42592 40755 44951 40061 43321 41691 43321
36319 47769 37949 41771 34886 42839 35415 39579 37989 36516 37989 39776 39159 38146 39159 41209 39159 41209
31965 49895 35225 35225 36798 44461 36791 36791 36791 36791 35161 38485 35161 38485 35225 39988 35225 40051
48554 64854 53444 45487 53444 48353 46723 46723 53444 46723 51814 46723 51814 46723 53444 55074 53444 53444
32478 52090 37368 32338 32380 33705 37471 36217 38263 37428 36311 37227 34900 37916 34481 35947 34481 37577
39432 45952 39432 42692 39432 44322 41062 41062 41062 42692 39432 44322 39432 44322 39432 41374 39432 42692
31563 45017 34148 33607 31938 46059 42799 34823 35237 42799 33093 36041 33093 36041 32781 34823 32781 34823
34525 45335 33905 35684 35847 36513 33725 35252 38508 38368 33026 42099 37528 41575 35535 35564 35535 35635
34238 49815 37498 38404 36774 43294 40034 39128 39400 38404 37770 41664 37770 42480 38315 40758 38315 43294
37571 53175 40205 40831 38614 48157 42988 42253 40205 40722 40205 45513 40931 49966 40522 43883 40522 42461
37533 47313 40541 44576 44911 40170 46441 40793 44911 40793 44911 48071 44911 48071 44105 43129 44105 46206
29190 53019 38392 35198 35734 42635 38236 35242 35156 35736 33837 41494 32923 43124 35644 35242 35644 35375
40905 55966 40879 36996 41017 42496 39324 39639 38553 42496 41587 40650 36923 40711 36442 47425 36442 47425
42444 61946 44016 50594 43538 51747 46622 48964 46623 45227 47158 50418 45528 46857 42268 48487 43774 48487
44174 60497 50717 47434 49371 50694 47434 47434 47434 52347 50717 53977 49087 52347 49087 49064 49087 49064
28434 53971 35901 37577 32195 38625 33238 33691 37348 35090 37218 34683 32328 37077 34049 34462 36534 40657
30230 53364 37692 39698 33866 40011 37440 40764 36751 34743 35121 38758 35121 41957 37879 40764 37879 41077
31480 46961 34565 32710 35560 36464 35484 39940 35250 35484 35259 37357 36790 38126 35736 38310 35736 38310
46535 61205 51425 40573 48165 42034 51425 49834 49834 51425 49795 53055 49795 53055 49795 49834 51425 40573
33336 53059 40085 39856 39463 45185 39351 42337 41093 38756 39463 40961 37833 43967 39463 43967 39463 43967
33891 51821 37151 35521 33891 43671 38781 38781 36617 38781 34987 40411 33891 43671 35521 42041 35521 39877
42586 53996 45846 44216 42586 47476 45846 45846 44216 47476 42586 47476 42586 47476 42586 47476 42586 47476
34040 53930 34530 37090 35820 41950 37680 36950 36480 37400 36200 43650 37620 43260 37010 36110 36200 38000
31667 51227 34927 38187 35329 44707 37920 36980 37920 36557 36290 38994 36290 41236 33297 38187 33297 38187
31462 48003 34722 37121 33662 40046 37896 36063 37896 36786 33672 36786 33672 36786 34722 36063 34722 36352
33135 50334 33476 37281 33611 37933 37381 35988 38065 37606 36163 40032 36679 37538 36493 35988 36493 39655
44703 54483 46229 47963 53875 62102 53753 47963 47561 53753 45931 49863 45931 47561 54831 47963 44703 49593
52294 48051 46162 57184 44532 55554 55554 44545 46162 57184 39655 57184 46162 44545 41531 55554 41531 55554
29351 52422 33071 33251 31493 41822 37218 34227 37616 36948 35158 37625 34174 38995 35657 35261 34939 36891
40273 54649 46118 46499 38858 50236 46976 43533 40575 44304 37228 46499 37228 50236 38858 46499 38858 46499
34736 49687 37111 41258 37079 45123 39916 40799 41234 41348 39604 44295 39604 41600 38801 43493 38801 38824
44302 57342 44302 45171 45932 50822 50822 49192 47562 49192 45932 50822 45932 52452 44302 49192 44302 50822
35121 43271 36751 36751 36275 40011 38381 39370 37905 38381 36366 40011 36751 40011 35121 38381 35121 38381
47132 60898 52022 50392 46144 49488 48489 53652 48489 52022 46859 53652 46144 53652 46144 55282 46144 53652
40297 47775 36960 38074 35013 45387 41929 46659 45029 38989 40418 40220 40418 38989 34853 46817 38788 48447
38263 51303 38263 43010 39750 46270 41806 43153 43153 44429 41523 46059 42941 44429 39750 43153 39750 43010
29235 48741 35806 34125 33353 38726 33170 34675 35956 35956 31465 39347 34584 34725 31235 34675 32055 36215
46392 59622 52196 51678 46788 51472 53826 51282 53826 48418 48418 51472 49652 51472 50566 51472 50566 53102
29913 43283 35062 35521 34985 39317 36615 33426 36286 33143 33556 34803 31313 34597 31543 33173 31543 36692
35324 47617 40214 41097 40214 40273 37848 38641 37011 41097 36954 42727 36954 42727 40214 41097 40214 41097
28766 48535 32191 33592 33550 37864 33141 33656 36915 33655 33917 35607 32349 36383 33132 35286 33132 37280
39806 61102 43172 45727 43066 49585 47956 49586 46326 49586 44696 49586 44696 51216 44802 49586 44802 49586
44456 62386 49346 50976 47716 46634 47880 49346 47348 52606 45718 50976 45718 52606 49346 49346 49346 49346
32644 44232 39019 34406 35292 43516 37906 33990 40913 39337 39283 40475 34099 33869 34776 33990 36276 40475
32255 42160 34010 33885 34010 35640 36700 35515 32380 32380 30750 37145 30750 37270 30750 35640 33885 35640
42469 57139 44099 47549 45124 50203 44099 47587 44099 49862 46602 51492 46602 50051 45124 50619 45124 50619
36565 49840 40894 39825 34554 39380 36408 43418 41287 38430 36012 41343 35626 42244 38479 43418 38479 43418
39259 56573 44149 40889 44149 46579 45779 44149 45779 48423 45163 46579 45163 46579 45779 45779 43533 45779
34820 51024 34771 37934 35660 38081 35809 39021 35710 39218 34822 39218 35463 38132 40206 40205 40206 36946
31860 47595 36650 33624 36784 39445 34655 33838 37495 34919 34456 37115 34456 37115 36784 38376 36784 38376
35292 49782 40182 37654 37402 39711 36896 40295 38109 37654 36175 40295 34822 36024 39233 36024 39233 37654
31043 52005 38376 35342 34618 42225 37016 40006 36564 37335 34663 37879 35341 42453 34075 40006 37059 39193
39929 47394 43189 41559 42616 46449 44819 43189 44819 38680 41559 44246 41559 44246 42616 43189 42616 43189
31795 53721 34511 36430 38256 42327 35705 36516 34501 35968 35431 38372 35431 40858 36723 35441 36723 36685
33099 57486 36334 38150 35883 41990 37723 41249 35605 40307 38099 38653 34666 39771 34411 43869 34893 40836
39602 54272 42862 44492 42862 48372 43482 41877 41232 43437 39602 45112 39602 41747 42862 43507 42862 43377
41231 55901 44491 42861 39169 45689 40799 42429 40799 40799 42861 46121 42861 46121 40799 49910 40799 49910
35684 45464 37314 36858 37314 40118 43611 43611 43611 38488 36858 40118 36858 40118 37314 40118 37314 40118
39796 51206 43056 41426 48867 46316 43056 44686 50497 44686 48867 44686 50497 44686 48867 44686 48867 43056
28522 50511 32977 38874 33203 38975 36412 35143 35380 34248 35380 39520 31050 36350 30887 34957 30887 37519
33754 54895 37418 41547 41325 47283 41056 41671 41693 43301 41693 48432 39622 46156 40135 41671 38973 43301
37520 44141 40514 35262 39150 42776 36892 44221 36624 41146 34994 39698 34994 41686 37797 41686 38613 41686
34927 50961 37705 38593 41154 44824 39480 39839 41874 42402 41852 42402 41852 42402 42088 39817 37705 39817
33928 44616 36569 38447 41189 40448 40077 38096 40077 37188 35558 38818 35558 40448 41189 38818 41189 40077
33497 47191 39103 37580 40987 42470 35911 36842 36357 35911 37434 40840 37434 40840 35127 39210 35127 39210
30222 52760 31069 36026 32133 34538 36275 37116 35318 35109 35318 35077 32917 35835 34339 38746 34339 38079
28586 55734 36382 36831 37186 46712 35113 41146 36477 39175 34544 36640 37029 40475 35689 40002 35208 40002
30475 47998 35954 35058 33979 38318 37239 34469 37239 37200 37201 37200 34875 34935 37834 34469 34591 34469
41798 53208 43428 44567 43428 46197 45058 45058 45058 45058 43428 46688 43428 46688 43428 46197 43428 44567
44901 64324 51284 51284 46394 54544 51284 49654 48024 52914 48024 52914 46394 54544 48024 53051 48024 53051
33934 53099 35515 37580 36737 39968 37133 41203 37580 42312 34755 39770 34393 41638 36250 40454 36250 46070
33567 54754 36574 37874 35992 46024 35195 37874 37659 37477 34614 39504 36029 44394 35920 41717 35920 42764
31680 51188 40187 41193 39620 46501 41014 36731 47916 36518 34940 38017 33136 44096 34579 38200 36209 38200
34626 54086 38660 43532 38789 44406 37711 40116 37306 41450 37711 40308 37711 42776 38190 39516 38190 39516
31650 43060 34910 36604 34672 35571 33280 33280 36604 34910 34910 35148 36540 35571 33884 34910 33884 34910
39438 54466 42698 40150 41922 41071 42420 40149 43552 40149 40292 40789 40292 42914 42420 41779 42420 43409
40783 60343 45268 47303 48299 55607 47457 47303 49087 49943 49300 49791 45827 48933 44672 50563 44672 50563
36652 59472 39912 41125 39081 48624 42281 43172 43942 42547 38428 44802 38574 47291 38488 44802 38488 44802
30474 45214 33804 33734 31427 38016 36012 34857 36012 31954 34382 34857 34382 36487 31597 35364 31597 34586
38135 47577 40298 38150 33909 38847 36571 40556 40556 36572 39974 39023 36941 39766 35587 40556 35587 42186
31490 50800 35472 34782 34438 39076 39514 37337 34547 37572 33105 37132 34250 34908 35581 35518 35581 35518
44986 62916 46977 49876 46616 54766 50782 51867 48607 49876 46465 51506 46465 53136 46616 51867 46616 53136
32056 46441 35837 35266 35266 38527 35449 41498 35449 38139 32274 38576 33636 41836 36072 43128 35013 43230
33162 52316 39276 36029 33162 41312 38052 38052 40906 39682 39353 39682 39353 41312 39276 38052 39276 38052
30492 50692 37297 35810 40350 36447 35100 38927 34249 36446 34249 38217 35879 38217 32973 35382 32973 39281
29281 46540 36913 31742 30887 37974 34171 33188 34017 34586 30525 33939 32387 39397 30887 35025 32671 33500
34495 49203 36237 39385 35652 40754 36163 41015 38563 38700 39087 38266 35440 38402 36237 41015 40282 41015
34281 52211 41144 36934 36831 44981 38952 44832 39381 39171 37969 39171 47194 41222 36832 44832 41736 42376
39666 52706 41296 39666 42926 50454 41296 41296 41296 47194 39773 48824 39773 48824 42926 48824 42926 50454
29448 47078 31807 32440 31796 34433 33287 35464 32355 32086 32355 34702 32355 34542 31174 35464 31174 32622
37488 52158 40748 40748 39118 45638 42378 41059 40748 44008 39118 44008 39118 42689 39118 42689 39118 42689
30791 47594 35683 35994 35558 35557 39067 34740 34740 35684 34180 39195 36688 39195 34241 34367 36625 36370
36486 51156 38057 35479 38116 38434 38880 38057 38880 37250 36445 39705 36445 41335 38116 41376 38116 38075
33145 45045 40293 31632 36405 37033 35265 34775 34533 32557 33635 40293 33635 36895 39665 38035 39665 38035
34429 55945 39329 41163 41798 45275 38336 40949 39628 38601 36471 42211 34411 43645 36059 42579 36101 43645

