34282 58648 38003 44552 36063 48753 38074 45176 41385 41349 39445 40761 39445 44641 40620 47116 37416 44410
36124 49799 37524 40131 35901 46125 40846 44584 40067 36647 37141 39907 32450 45013 36425 44584 36171 43073
34019 56875 39415 37475 39138 48891 43474 47036 43474 44958 40951 43719 37198 45659 41078 43295 41078 48573
35812 52738 37218 40091 37752 45513 41632 40632 41632 41632 39692 43572 37752 47452 37752 43572 37752 43972
35623 58903 39503 41443 37563 49203 44049 41443 44049 44662 42109 44761 39503 47263 37563 41443 37563 43383
35171 63545 42547 47774 44864 49527 41185 43125 40602 40991 41813 44142 40843 46811 40991 44871 42931 44871
36319 46618 38259 38610 35506 44079 36035 40199 38609 37446 33691 41326 33038 39386 39469 42139 39469 42139
31965 53305 35845 35845 37108 46631 37721 37721 37721 37721 35781 39725 35781 39725 35845 41538 35845 41601
48554 67954 54374 46417 54374 49593 47653 47653 54374 47653 52434 47653 52434 47653 54374 56314 54374 54374
32478 56025 38298 32958 38292 34746 35995 37147 36367 38668 36931 40608 38292 39772 35101 36567 35101 38507
39432 47192 39432 43312 39432 45252 41372 41372 41372 43312 39432 45252 39432 45252 39432 41994 39432 43312
31563 44778 35078 32141 32558 47609 43729 35443 35857 43729 33713 36971 33713 37018 33091 35443 33091 35443
34525 52486 41148 36304 37897 41375 34225 37173 39837 38647 39718 42006 37897 41915 36665 38595 36665 39625
34238 48129 38118 38118 37084 44844 39116 40058 40020 39024 38080 42904 38080 42904 39245 41998 39245 44844
37571 56275 40825 41451 42000 45870 43608 43183 40825 47844 40825 47063 40623 51516 43964 45123 43964 43391
37533 49173 41471 44886 45531 41410 47061 41413 45531 41413 45531 49001 45531 49001 44415 44059 44415 46826
29190 58427 37194 35701 34878 46903 39786 36792 35817 37668 36380 43664 33966 45604 35173 36792 35173 36925
40905 53933 41499 37643 36794 43463 38363 40879 39173 38243 42207 41890 39559 42261 37372 48665 37372 48665
42444 65666 44326 52144 44158 53682 47862 50204 47863 46157 48088 49802 46148 48097 42268 53374 44394 53374
44174 56387 51337 48054 49371 51934 48054 48054 48054 53277 44612 55217 49397 53277 49397 49994 49397 49994
28434 58621 36693 38817 33125 39273 33622 35241 35296 36429 33491 37644 32948 35431 31815 36012 36877 39405
30230 54640 37300 37304 36744 38681 39119 43948 37061 37053 35121 40306 35121 42570 34544 45888 34544 43934
31480 52060 37653 32710 33362 37797 36724 35780 36490 36724 34784 35614 37410 39056 35068 37720 35068 35780
46535 63995 52355 40883 48475 43274 52355 50764 50764 52355 50415 54295 50415 54295 50415 50764 52355 41334
33336 57089 41325 41096 40393 47665 40591 44197 37860 40925 37860 46720 37860 48889 40393 46137 40393 46137
33891 55231 37771 35831 33891 46531 39711 40711 37771 39711 35831 41651 33891 46531 35831 43591 35831 41651
42586 56166 46466 44526 42586 48406 46466 46466 44526 48406 42586 48406 42586 48406 42586 48406 42586 48406
34040 60040 39120 39520 36500 46380 39480 38500 38900 38400 38600 42820 35640 41000 37940 37620 36540 38040
31667 54947 35547 39427 34405 47187 37455 36258 37455 37487 37455 39427 37455 43307 33607 39427 33607 39427
31462 51103 35342 39156 33151 42603 35228 36993 35228 38723 35450 39396 35450 38723 35342 36993 35342 37282
33135 53259 36968 35288 36087 39494 37135 38955 35975 35789 35474 41210 37981 39708 37423 38955 37423 41684
44703 56343 47159 48583 54185 62722 54373 48583 48181 54373 46241 50793 46241 48181 55451 48583 45219 50523
52294 50221 46782 58114 44842 56174 56174 45475 46782 58114 46434 58114 49797 45475 42461 56174 42461 56174
29351 58805 35947 34491 36214 44922 36907 35051 39691 39464 36751 42965 35104 41769 32689 36994 36258 36337
40273 57129 48003 47429 39478 49591 44631 52105 41195 45234 37538 47429 37538 49591 39478 47429 39478 47429
34736 53097 37421 39697 36962 42096 41648 42039 41705 39639 39983 43244 39983 40828 40674 40796 40674 45659
44302 59822 44534 48869 44989 52062 52062 50122 46929 50122 43627 52062 46242 54002 43293 50122 44302 52062
35121 44821 37061 37061 36275 40941 39001 40300 38360 39001 39479 40941 37061 40941 35121 39001 35121 39001
47132 64308 52952 51012 46764 50728 49729 54892 49729 57282 47789 54892 46764 59222 46764 56832 46764 54892
40297 50875 40123 39314 36515 47247 42859 47899 46833 40539 38170 48600 36753 40539 35163 48057 40110 49997
38263 53783 38628 47884 40060 48104 47299 44083 44083 45359 42143 47299 43251 45359 40060 44083 40060 43940
29235 50446 33895 34384 34283 41206 34153 35915 37196 37196 31776 40587 32330 36222 32021 35915 32164 34990
46392 62102 52506 52918 47098 52402 52402 52212 54446 49038 49038 52402 50272 52402 50566 52402 50566 54342
29913 46073 35323 35831 35295 37701 37235 34356 36596 34383 36471 35733 31623 35837 31853 33793 31853 37312
35324 49477 41144 41717 41144 41513 39777 39571 37631 41717 37264 43657 37264 43657 41144 41717 41144 41717
28766 54724 34069 34212 32220 38417 34381 34586 38465 35479 34847 40243 33064 37623 34062 36526 34062 38830
39806 64822 43482 46967 43686 51445 49506 51446 47566 51446 45626 51446 45626 53386 45422 51446 45422 51446
44456 65796 50276 52216 48336 47254 48810 50276 48588 54156 46648 52216 46648 54156 50276 50276 50276 50276
32644 49091 35702 35018 36222 45376 36606 34610 42153 40267 40213 39693 34719 37423 33597 34939 34473 41715
32255 44330 34630 34195 34630 36570 37320 36135 32690 32690 30750 38075 30750 38510 30750 36570 32690 36570
33934 51778 36135 38510 36737 44071 40067 42443 43180 43439 38367 37897 35253 42878 36560 41694 36560 39891
33567 58840 36448 39114 36612 48814 38589 39169 38589 40549 35234 41054 36649 47056 36540 43267 36540 44934
31680 54908 39722 36003 38947 48671 40446 38281 43885 37448 35250 40421 40005 45956 34034 39440 35589 39440
34626 57057 39280 44058 38506 46266 38964 41356 41607 40381 37024 41548 37024 44842 40446 40446 40446 40446
31650 45230 35530 36914 34672 37121 33590 33590 36914 35530 35530 36388 37470 37121 35780 35530 35780 35530
39438 57876 41548 40770 41195 41691 43970 41011 44792 41011 40912 41719 40912 41152 43970 39212 43970 41038
40783 64063 45578 48543 44982 56303 46603 48543 48543 51493 46603 48543 45377 50483 44982 52423 44982 52423
36652 62092 40532 41995 39701 52942 43344 44412 45182 45164 41262 46352 39008 49461 39940 46352 39940 46352
30474 47694 34089 34354 32841 36624 36322 35787 36322 36309 34382 35787 34382 37727 30874 36294 30874 33992
38135 50367 37309 39235 34529 40087 37501 40010 41176 38147 40594 39441 35561 41316 36207 40010 36207 38727
31490 55809 35597 35712 38464 39780 34913 42869 37250 35772 33550 36194 35712 37806 36229 36758 36229 36758
44986 66326 47597 50806 46926 56626 48866 53417 48194 50806 46254 52746 46254 54686 46926 53417 46926 54686
32056 49541 36767 35886 35886 40545 37876 42738 37876 37852 35533 39816 32510 43696 36692 44678 34172 40169
33162 55106 39586 36339 34864 42862 38982 38982 41526 40922 39663 40922 39663 42862 39586 38982 39586 38982
30492 51382 37423 36146 40970 37048 43431 40167 40942 36880 39027 36340 37429 36340 34985 36312 34985 40521
29281 53311 38050 32747 35515 39834 35101 33368 34947 35308 31145 37119 33007 42887 35515 36808 34585 35050
34495 52923 37477 40315 36582 43075 37403 42255 39493 39940 40017 38298 36060 39642 37477 42255 41212 42255
34281 55239 42855 38189 37451 47151 39882 42343 42830 49652 38189 45181 38189 40844 42476 42343 42666 43926
39666 55186 41606 39673 43546 41629 41606 41606 41606 47012 40393 39689 40393 39689 43546 39484 43546 41424
29448 50798 34723 31022 31977 35501 34527 36394 33500 35001 33285 36252 33285 37754 33051 36394 33051 36717
37488 54948 41368 41368 39428 47188 43308 41989 41368 45248 39428 45248 39428 43929 39428 43929 39428 43929
30791 51314 35987 37234 35239 37107 39997 38178 35980 35868 36433 40435 34545 40435 36862 35481 35173 41000
36486 48067 42306 36099 38426 39984 39810 42306 39810 38119 37065 40945 37065 42885 38426 42306 38426 39005
33145 50713 39199 31942 37025 37653 36505 35085 35463 33487 34565 39199 34565 38445 42936 38965 42936 38965
34429 55565 39949 42093 39700 47445 39576 42189 40558 39531 38757 44071 36317 45505 36369 44129 36721 45505
42469 59929 50703 48169 45124 51443 44409 48669 44409 50792 46912 52732 46912 54900 45124 52169 45124 52169
36565 53250 42385 39917 35174 43484 38067 44348 42217 39670 36632 38964 41230 44213 39099 44348 39099 44348
39259 59053 45079 41199 45079 47509 38860 45079 38860 49353 45473 47509 45473 47509 47019 47019 43533 47019
34820 55054 37021 39123 35900 39941 38728 37430 37853 39816 39793 37938 36964 39682 41446 41445 41446 37430
31860 51396 37580 34244 38124 41305 36675 36226 36231 36079 33645 40106 33645 40106 38124 40064 38124 40064
35292 53192 36600 38584 37554 51210 36309 41535 35095 38702 33326 37744 33186 41893 36934 37035 36934 38584
31043 56035 37176 35328 35238 44395 38575 41556 37494 36947 35739 41785 37049 44623 34695 46565 37679 40743
39929 49874 43809 41869 43236 47689 45749 43809 45749 43809 41869 45749 41869 45749 43236 43809 43236 43809
31795 57316 35751 37500 35316 40590 35863 37783 38462 37539 35994 39894 35994 40798 36823 38933 36823 37615
33099 62446 38140 39390 34434 43809 37076 42799 36574 41218 39029 41657 34434 42670 35961 46039 35551 42386
39602 57062 43482 45422 43482 49612 43792 42497 41542 44367 39602 45732 39602 43042 43482 44437 43482 44617
41231 54689 45111 43171 39169 46929 41109 45111 41109 41109 43171 47051 43171 47051 41109 51150 41109 51150
35684 47324 37624 37168 37624 41048 43921 43921 43921 39108 37168 41048 37168 41048 37624 41048 37624 41048
39796 53376 43676 41736 49177 47556 43676 45616 51117 45616 49177 45616 51117 45616 49177 45616 49177 43676
28522 55236 34081 40424 36544 45649 37439 35313 36097 41696 36097 36654 31582 38520 34492 41397 34492 41397
33754 58925 39377 45921 39406 49763 39406 43531 39504 45471 38859 46716 40543 48656 39700 43531 38398 45471
37520 46621 38590 35572 39460 44326 36657 40224 37554 42386 35614 40628 35614 42616 35524 42616 36650 42616
34927 52099 38015 39523 41464 46064 39523 40747 38807 41823 38807 41823 38807 41823 42398 40747 38015 40747
33928 46786 36284 38757 34344 41688 35868 37808 35868 37808 35868 39748 35868 41688 34344 39748 34344 40697
33497 49361 39413 37890 41607 43710 36531 37462 37287 36531 35347 41770 35347 41770 35437 39830 35437 39830
30222 56881 32479 34793 34061 35625 34197 35238 35998 37078 35998 39436 32993 38173 32187 37178 32187 40114
28586 60384 37932 36663 38426 44473 36744 41634 38209 38158 37376 38115 36264 43479 36619 39827 39310 39827
30475 51098 38130 35988 34599 42359 40499 35089 38479 38130 36540 38130 35805 35865 35841 35089 34276 35089
41798 55378 43738 45678 43738 46817 45678 45678 45678 45678 43738 47618 43738 47618 43738 46817 43738 45678
44901 68044 52524 52524 46704 56404 52524 50584 48644 54464 48644 54464 46704 56404 48644 54601 48644 54601

