34626 233593 137754 157424 122987 179997 169164 148978 134464 153426 131369 164844 131369 164844 129370 176902 124599 168326
31650 185141 126345 110021 107526 165341 145541 106621 100879 125741 94072 128612 107526 166248 94072 132994 94072 132994
39438 252849 195148 160010 168480 148042 170392 171879 134474 150804 150592 173224 130721 188280 170392 151512 170392 161568
38135 214141 134167 133133 146287 145642 124164 162289 128036 125390 109591 168411 110881 163702 122874 149513 122874 154223
31490 310147 181853 167270 189420 185847 181524 186412 167787 164779 164168 207293 167787 199726 167552 188809 164215 202922
44986 262264 163936 181646 122202 203908 143165 161174 161174 180675 141374 186047 126230 201147 124186 184108 144136 202565
33934 232123 172474 128140 125899 185798 145201 168737 152177 145201 119051 163072 110831 189657 127333 182624 124842 185798
33567 375856 193416 189754 158067 275443 179933 190589 172274 178664 169595 225512 164375 275443 159481 277582 162200 277582
31680 285774 183672 172606 141023 188995 177057 166972 172193 167128 146088 183672 142779 205850 143971 189254 160102 193284
40783 279928 131638 220528 147933 220528 154293 178312 172309 220528 139783 220528 139783 240328 137289 220528 157089 220528
36652 335787 227892 154800 145905 253798 191077 193568 174244 194398 146795 214496 154800 253798 145845 253798 139677 233998
30474 186754 126505 128712 102798 162795 125657 165935 126335 125657 106535 127864 106535 127864 104244 142995 104244 154965

