34626 61792 39034 51658 39127 59161 47024 40310 45922 46019 43502 49549 42846 49757 38060 51346 40254 51346 40254 51346
31650 53493 34414 44109 40457 41863 40155 36769 36772 40617 41920 43152 40457 42958 41920 43268 37958 43268 38941 43268
39438 63908 38233 56471 42109 52422 46172 44887 44380 47283 45363 48825 45706 52332 43679 55225 38331 57377 43679 57377
38135 58668 34843 43694 38226 53935 40096 43447 46171 42256 42706 46620 40373 49473 35733 53935 33240 53935 35733 53935
31490 49649 32675 44629 33720 40243 38330 42485 40424 39015 35581 40038 33323 47263 31475 41518 31475 41767 31475 42176
44986 76031 46583 70111 46737 67278 53069 63803 54949 50290 51112 64136 51112 65887 47097 68590 45566 68590 47252 67599
40783 68929 41625 57357 47492 64004 51308 55758 59714 52156 47225 56229 48052 59327 45996 63742 44988 64204 46735 63742
36652 66659 38587 49818 43677 56741 42557 47202 42271 48928 40537 43423 40682 52367 40047 56618 40047 56618 41707 56618
30474 50075 32776 38943 33772 40396 44938 36375 43240 42391 42478 36354 42478 36354 36567 40756 36040 44354 38211 44354
33934 56303 36224 44763 40261 54253 43075 45687 38201 37188 39706 40584 34830 53005 40261 51797 34848 47262 40261 54161
33567 52993 34407 42884 35622 46189 41093 39259 39287 41891 39988 40085 39452 45964 37563 47990 35141 49053 37009 46914
31680 59136 39962 48435 36977 52583 37395 48367 45992 34711 37176 41248 37005 38721 39052 40986 33722 42500 32513 43554

