34626 69715 42834 64416 47664 60250 57913 52622 51980 57759 48051 58818 52017 62278 44212 67427 45394 58291 47942 63783
31650 59682 43685 50050 54443 46471 46713 42330 43840 44919 44395 47683 48160 45368 43234 49758 42378 49618 48661 46644
39438 71471 46004 64552 46451 59233 56636 51728 59860 54580 50881 55037 44841 61399 46240 70413 47840 70413 46240 70413
38135 65859 45753 54660 40962 52536 42537 63319 54119 49584 48319 54705 44431 61978 40833 54729 43685 54729 40833 54729
31490 55526 37690 51075 40252 49765 41489 45358 44373 45135 42232 47857 40576 50588 36367 50614 36367 50614 36367 50614
44986 85028 53620 77906 53552 75052 59810 71848 69059 63646 56254 70313 53996 72571 49967 82883 49967 82883 49967 82883
33934 61435 46044 54181 41869 58262 46308 49356 47523 47265 43914 46767 47885 53921 41552 62022 41283 63647 41283 60658
33567 59266 45126 53167 43577 59575 47602 46542 50110 46948 51978 45594 42946 57671 42946 58307 38324 53413 40526 53413
31680 69164 45883 56718 42364 47432 38719 48184 55363 47523 44192 48472 47935 48300 37294 55854 37834 56841 37834 56613
40783 77088 47966 73540 54194 73097 56664 65501 60523 66766 53732 71054 53168 66132 47135 70736 45984 74440 47135 70736
36652 70624 45935 62410 44980 63344 51985 55689 47062 54908 46199 59713 44980 63344 42462 61877 44031 61446 44613 61877
30474 56800 43571 50602 52966 47209 46602 48494 44412 46602 43429 48644 43429 48644 43191 47127 39487 49143 37144 49143

