38135 37694 38231 38231 38135 38183 37262 38183 38231 38231 38183 38279 37262 38231 38183 38231 38183 38231
31490 31643 31586 31538 31067 29802 29799 31586 31306 29801 31306 31634 29751 31586 31067 31586 31067 31634
44986 45514 44986 45034 44986 45130 45034 45034 45034 45130 44986 45082 44986 45130 44986 45130 45034 45130
34626 35058 34626 34770 34626 34770 34674 34674 34674 34722 34626 34770 34626 34722 34626 34722 34626 34722
31650 31986 31698 31650 31698 31698 31698 31698 31698 31698 31650 31746 31698 31746 31698 31698 31698 31698
39438 41266 39486 39486 39061 39486 39534 39486 39534 39486 39534 39534 39486 39534 39534 39486 39534 39486
40783 41359 40831 40879 40831 40975 40879 40927 40879 40879 40831 40927 40831 40975 40831 40927 40831 40975
36652 37324 36748 36748 36652 36796 36700 36748 36700 36796 36652 36796 36652 36844 36700 36748 36700 36796
30474 30858 30570 30221 30522 30522 32308 30522 32308 30570 32260 30570 32260 30570 30570 30570 30570 30570
33934 34366 33934 32647 33934 34078 34030 34030 33982 34078 33360 34030 32551 34078 33934 34078 33982 34078
33567 34239 33567 32865 31402 33663 31450 33663 31450 32913 31402 32961 32865 33733 33663 33711 33663 33711
31680 32256 31728 31728 31776 33641 34567 31776 31776 36841 31728 31824 31728 31776 31776 31776 31776 31776

