34626 54907 38850 43413 38979 44976 37996 40496 39059 41735 37996 40688 37996 43251 38285 39801 38285 39801
31650 43725 35100 36699 34672 36046 33375 33375 36699 35100 35100 35528 36825 36610 33979 35100 33979 35100
39438 55511 42888 40340 40765 41261 42895 40339 43932 40339 40482 41074 40482 43294 42895 42064 42895 43789
33934 54049 35705 37865 36737 40443 37323 41583 37865 36975 34850 36975 34583 42018 36345 40834 36345 46545
33567 56084 36967 38254 36182 46879 37944 38254 37944 37762 34804 42540 36219 45154 36110 42192 36110 43429
31680 52328 42694 41383 39905 47166 41299 37206 45422 36803 37166 38302 40247 44666 34769 38580 36494 38580
38135 48432 40488 38116 34099 39227 36856 40746 40746 36857 40164 39308 37131 40241 35777 40746 35777 42471
31490 52369 35852 35067 34818 39551 39894 37812 35725 35235 34047 35334 34630 36731 33845 35898 33845 35898
44986 63961 47167 50161 46711 55336 50972 52342 48892 50161 47988 51886 47988 53611 46711 52342 46711 53611
40783 61483 45363 47683 44767 56367 47742 47683 49467 50418 45958 50361 46017 49408 44767 51133 44767 51133
36652 60802 40102 41410 39271 51222 42484 43552 44322 43022 43421 45277 38859 47956 39510 45277 39510 45277
30474 45974 33444 33924 31522 35764 36107 35142 36107 32144 34382 35142 34382 36867 31495 35649 31495 35764

