34626 175593 87209 105078 91795 140171 102821 101725 107334 105078 94438 125984 102240 125855 102240 107206 83146 115273
31650 138741 113990 81531 70326 124741 96741 83421 76924 82741 63302 97648 70326 123155 70326 99989 70326 99989
39438 189049 130500 106820 115792 111756 129792 107314 102996 102004 117491 136448 102217 129791 117491 115032 129792 100021
38135 161941 95811 101101 79874 96777 83553 94070 92392 93811 92583 108972 73681 110778 93874 99165 82520 100778
31490 228947 111072 123574 98810 143160 121688 121500 113187 112623 99281 141563 127187 125307 110038 127093 109004 127327
44986 198464 86986 114986 79202 145447 112075 112374 112374 100165 86986 131447 86986 145447 84374 129508 101136 129508
33934 183702 113702 85203 109530 127264 96278 112767 96774 95779 89127 126330 89127 126330 95530 127887 100076 124090
33567 277256 144987 129354 99951 186986 115583 150169 130732 122613 116732 132045 99879 175668 107056 193256 105098 160219
31680 210374 118622 114647 110563 144455 118622 109118 117593 123272 99924 123272 95530 143680 96823 118778 96823 115991
40783 210328 100202 138783 108289 168328 119493 124783 124783 154328 96783 166366 94289 152308 88699 154328 90781 154328
36652 248787 141892 117686 92890 189998 106236 133168 109439 133998 89929 185789 95442 175998 111401 161998 100544 161998
30474 140354 90035 75107 79598 122195 80195 111335 97335 82657 83335 94787 83335 94787 76458 97929 76035 97929

