34626 70907 37214 44601 37214 44601 41949 41792 41949 41884 37657 47309 37657 44021 37214 45117 37214 45117
31650 54925 37396 37997 35199 37396 35580 35507 35580 37396 35579 38603 35806 38300 34975 34975 34975 34975
39438 70137 42764 48355 39790 42763 40569 40707 40569 40779 39433 41982 41561 47714 43962 44389 43962 44389
38135 62832 36232 38105 37751 38105 41557 41589 39652 38977 37458 43816 40202 41656 42655 44785 42655 44785
31490 72835 36153 32700 35320 41030 36318 38774 37282 39397 34615 39866 35743 40243 35320 39491 35320 41465
44986 81561 50367 48311 44986 54961 50367 50367 50367 54215 47117 51636 47117 54961 44986 54961 48311 54961
33934 70049 37349 43574 37198 42440 40646 44658 41183 39987 37858 40025 37198 43350 41531 43909 37883 43909
33567 79970 36119 40169 34679 47979 38004 39444 38004 41329 34679 44654 34726 47979 37027 43542 37027 43542
31680 73925 38020 33320 33473 40415 38951 36900 39641 39828 36316 44394 34695 43070 34095 38556 34095 36900
40783 80683 44520 47433 43756 57710 49163 50758 49163 53613 44108 53311 48687 54083 43756 52121 43756 54083
36652 85874 45082 45736 44072 48884 47397 43302 44072 46627 41818 46627 44072 49952 40393 43302 40393 46627
30474 63032 35499 36007 34142 35514 34833 36617 34833 35499 32683 37056 32683 37056 33292 37124 33292 37124

