38135 38189 37538 38507 37538 37538 37631 38414 37538 37538 37445 37538 37352 37631 37445 38414 37445 38414
31490 32228 31298 31955 30452 30122 30215 31955 30638 32144 30638 31955 32377 32048 29841 30120 29888 30120
44986 46495 45172 45451 45507 45637 45414 45693 45414 45265 45172 45544 45172 45937 45265 45451 45265 45844
40783 41899 40876 41248 41062 41620 41155 41248 41341 41155 41062 41248 41062 41434 40969 41341 40969 41434
36652 37954 37024 37024 36395 37396 36838 37117 36745 37210 36838 37210 36931 37396 36838 37303 36838 37210
30474 30804 30753 30846 30153 32632 32462 32446 32462 32446 32462 30339 32462 30339 30407 32539 30407 30593
34626 37011 36267 34998 36711 35184 36267 34719 36267 36990 36174 36932 36174 37025 36804 34905 36804 34998
31650 32301 31836 31929 31929 31836 31929 31743 31929 31836 31929 31836 31929 31836 31929 31836 31929 31836
39438 38148 37497 39810 37404 39717 37590 39199 39385 41014 39717 39199 41014 39385 37404 39385 37497 39810
33934 33620 34120 33591 34213 32129 33623 35241 34994 31411 34994 32097 31318 31597 34120 35334 34120 31597
33567 34869 33846 33958 32971 32191 33145 34125 34066 34144 33973 34051 32866 34330 31540 34125 31540 34330
31680 35990 37024 31060 37179 34058 35153 35246 32052 41199 31959 34181 34657 37210 35060 32145 35060 30957

