34626 60157 43626 47875 44064 51029 48126 47031 47559 50376 50067 49468 44780 50060 43497 50060 49036 49926
31650 47400 43974 40650 43731 45421 44698 38400 41481 40650 41422 40921 43731 45421 41422 44245 41422 44245
39438 59445 54748 48140 46550 50957 47542 51082 50532 50249 50870 53332 44584 48832 49241 47219 47542 50179
38135 53157 45181 44997 41457 52343 44028 43642 45383 46278 40681 50528 40681 47366 44028 43189 44028 45504
31490 58860 44978 45642 44514 54548 43667 45360 46429 45454 45495 47991 45683 52151 44702 48409 43392 49484
44986 69736 56236 59990 54967 62240 55490 59467 56236 56236 53986 61878 51736 64128 53986 63967 53986 62986
33934 59299 46750 43264 43052 47943 40026 48875 44882 42144 39893 48875 44420 45825 44395 51250 39812 47525
33567 63180 52910 49319 44823 56430 44854 51095 44854 48087 46745 49680 42644 56430 43330 56430 42939 56430
31680 58348 51466 49652 46134 49628 44043 47223 49056 48877 47431 46735 39571 51103 45515 53947 46082 46552
40783 67783 51549 61033 46462 61033 52033 59388 54997 58783 52033 59378 52033 58783 49783 58783 49783 58783
36652 66432 53584 49144 44109 57845 52047 55834 52462 55721 44644 58500 44109 57845 44644 60511 49682 56719
30474 50174 41557 40792 37398 43085 38585 43085 38585 39180 39648 45927 39648 45927 35911 41724 35911 43042

