34626 41826 37387 38988 40804 41360 38626 36976 39760 41232 40380 39760 36898 40560 38767 38859 38767 39760
31650 37250 33250 35819 34672 33250 34881 33069 35788 33250 34050 33250 34672 33250 34050 33250 34081 33250
39438 46632 37491 44905 41811 41599 38291 42236 42213 41032 42213 42257 43013 44642 40232 42002 38978 46505
38135 40327 35527 37333 35527 40714 37875 35178 37939 36056 38096 37360 34920 36416 34120 39696 34120 39696
31490 39352 32436 33987 34031 33469 34218 35490 34503 35910 33281 34223 32859 33517 32153 35632 31680 35632
44986 53786 46586 48986 46917 50586 47386 49317 46586 47386 46586 49786 46586 50586 47386 49317 47386 49786
40783 54838 46038 44783 43183 49767 43983 48438 47367 43983 43183 49238 43778 46383 43393 45583 43393 46383
36652 49068 41068 39852 37244 42844 39644 41184 38428 39968 37628 44239 39052 43584 37628 42252 36828 43763
30474 37167 32974 31448 31275 34827 31616 33167 31616 32874 30816 33674 30816 33674 31821 35627 31821 34829
33934 45235 40924 35090 36709 42897 33337 39483 34903 35525 33303 37188 33303 38881 36709 40283 36709 43520
33567 45531 36047 37928 36473 39060 37493 38367 35319 37460 36732 37387 36656 41493 35093 36954 35093 41163
31680 41228 36663 36689 30748 42266 34828 34750 36793 38112 41677 34439 44001 34285 32943 35993 32943 35269

