34626 213593 61199 92797 61199 86221 68421 68035 61973 81126 61199 81126 61199 81642 61199 80998 61199 80998
31650 169141 80821 52472 46126 80141 63850 66345 60375 62341 45221 76514 46126 80141 49450 63699 63021 63699
39438 230849 53345 78820 74500 81439 70578 71569 70578 63356 67392 82501 68171 91139 82572 73339 82572 73339
33934 225502 64556 83412 55971 100464 80175 82418 76751 67231 76751 83911 51673 99717 61442 87334 60882 87334
33567 341856 62279 83594 54487 122674 71630 82869 69351 84719 57206 102519 59671 110930 57714 86967 57714 86967
31680 259774 79295 84100 62423 96472 65108 80325 78570 74178 60770 81825 54464 106447 62423 81981 62423 80325
38135 196141 59474 46965 61474 80953 62249 63603 62442 84050 49481 84050 63668 84050 61474 73735 61474 73735
31490 282147 79578 60839 64270 112922 89906 96674 77041 93619 59241 94183 61168 94324 64270 82916 64270 84890
44986 240264 79317 62786 62830 102265 79765 79317 77974 79765 60399 83047 60399 100847 62830 98386 62786 98386
40783 255928 73470 76383 57512 113528 77928 94183 76383 92934 58583 117155 58583 117155 57512 110021 57512 111983
36652 305787 74032 88568 52968 107198 89398 85011 70768 89398 70768 91713 52968 109513 55351 85011 55351 90052
30474 170754 60474 59030 56058 71227 63104 65567 62935 66415 47344 81753 47344 81753 73858 66074 73858 66074

