34626 59907 41301 46364 42365 49910 44719 42076 47459 43526 45234 46880 41850 47685 42462 43881 42462 45751
31650 47225 36960 38325 36931 42996 38325 37344 38929 36321 38325 39753 36931 42996 38325 43159 36931 41649
39438 59170 44020 45790 41512 45606 45142 48582 45932 48369 43707 50807 53184 49897 44150 45648 51969 46711
40783 67483 46243 51908 47458 60808 49683 51908 54133 53802 47458 57631 47349 56358 48053 54133 48088 56358
36652 66082 51782 45552 40094 57447 46531 50772 45997 49585 42319 56232 43327 57834 43565 52850 40094 51336
30474 46237 38036 33992 34399 39819 36235 38697 36235 39102 36235 39141 36235 39141 34691 38460 34691 37764
38135 52932 41227 41776 40581 43064 42806 43648 42741 42711 41678 46066 36777 47418 39712 44874 39712 44874
31490 58535 39247 42709 39246 42631 43117 42615 43383 41409 41017 45201 38212 43587 39889 46203 39889 46203
44986 69461 50392 56111 47211 60561 51661 59292 51274 51661 49436 58397 49436 60622 48690 59292 48690 57590
33934 59049 43225 39365 38696 51972 35987 48033 42025 36687 35350 38975 37172 45978 38696 50258 38696 45418
33567 62830 44004 44669 38116 51379 42479 47403 42444 44704 43857 45044 39182 55743 38793 49734 38793 54098
31680 58023 42441 41720 36444 52271 40219 47508 38045 38875 42800 43063 36181 49632 40891 40891 40891 45803

