33891 47114 35648 42985 36100 42177 39089 43710 38569 42475 38504 39512 39186 41819 34249 41623 34249 44351
42586 59198 49600 52184 46415 53678 46267 48804 48057 48704 46415 53678 46415 53678 45660 56263 45521 53826
34040 43152 34884 39414 38323 39625 36957 41162 35202 37223 35218 37419 34371 36212 34835 39559 33483 40937
31667 44024 34117 40664 36050 39641 37443 37724 37356 38656 35870 38616 34463 38252 33107 38350 33107 40349
31462 44806 34536 38953 34541 40911 37915 37356 34374 39390 35077 39262 35077 40911 32848 40911 32848 40911
33135 43421 33621 42624 35065 40111 36134 41712 35503 35300 37706 37934 37312 38997 34326 36550 32543 38772
44703 62139 47277 57565 54251 63363 58385 51381 60972 58385 58557 54586 58557 53378 46326 58357 54251 76277
52294 55123 43319 53485 39717 55123 51459 51369 47742 51459 50365 55123 43561 55123 41029 55123 41029 55123
29351 38696 29766 34758 32263 35299 33057 33945 34408 35001 33375 34790 34456 36090 34304 35920 31735 36000
40273 57842 45894 53707 41077 54790 45706 42655 41413 48200 41077 51328 41077 51328 45558 54410 45558 54410
34736 48528 37467 44250 37508 45613 41332 40150 40187 38549 39310 38608 38354 44080 36735 43189 36735 43340
44302 61586 46658 57630 45902 58075 53677 53634 45559 56787 50122 55766 50122 55766 47013 51446 47013 51446
35121 48821 41221 45887 41179 48821 44579 45429 41371 44579 39071 47929 40538 47929 40075 45021 38921 45021
47132 58343 51228 54247 45029 55929 50746 53144 48792 50746 50583 52193 47531 55929 45387 59540 45940 59540
40297 44532 36118 46023 36725 55936 52124 36754 35731 54572 39959 40112 36668 42034 36590 47047 37065 47047
38263 53191 39088 50543 39470 53086 47556 49794 44788 46091 39613 51536 44003 51536 39470 48230 41364 51536
29235 40645 31546 41743 32672 35708 32085 33290 31283 34339 37095 37148 36779 34065 31037 34699 30926 35158
46392 64754 52899 59311 54422 59665 54188 60040 53966 57296 52315 63307 48266 59665 51455 60440 52899 60440
29913 46367 33387 44141 36145 46320 39427 40965 39999 36955 38805 36046 36145 41963 31862 41053 31862 40456
35324 52596 38881 44866 39047 44463 44582 40271 40271 42290 39535 44991 39535 44991 39794 44463 39794 44463
28766 39262 31600 36445 32605 39167 34568 35216 33981 36165 33545 36027 33868 36069 31522 36605 30880 35329
39806 59496 43216 51060 44010 53233 45458 48401 45364 49148 44172 50806 44010 51132 44010 53233 42727 53233
44456 61798 42253 55619 50237 56801 52536 50538 49044 52467 49905 56349 49905 56198 47499 55986 43448 58755
32644 43862 37158 38815 38740 38853 38829 33492 34743 38542 34594 41061 36669 35911 31944 36475 40960 44000
32255 44838 32555 39138 37670 36047 33494 35208 31968 35297 36789 35826 36789 37193 34273 36047 34273 35424
42469 61250 47285 58601 45795 61383 47721 49954 48603 47810 49224 55767 49224 59727 46160 61294 46249 59371
36565 44360 38675 41265 39358 44079 38890 45341 45031 41642 41399 46521 40305 47615 37717 46877 34469 46877
39259 52818 44444 49458 41973 51153 55334 48878 43278 55334 48839 46731 48839 53630 46148 56472 38727 56244
34820 43599 32740 40526 36432 39520 39562 37620 37194 39612 38031 37233 36652 37197 33868 38120 33868 39483
31860 42004 36058 39448 34000 37665 35739 34690 35380 35903 33969 35603 36593 36676 35500 38472 32441 39071
35292 47727 36091 43453 37631 37198 38282 38728 35593 39411 34440 36495 40772 39253 39431 40397 39431 40397
31043 42840 34609 41140 31989 38527 36099 36644 37192 37786 36936 37037 38594 36632 33091 38305 35167 39030
39929 55506 43225 43247 45734 50164 48484 49045 45112 45177 41657 48011 41657 49620 42201 51251 42201 51251
31795 44828 32243 38911 36665 40221 36220 35928 36813 33930 36401 36885 37844 39209 34530 40968 33375 39366
33099 43975 35962 39592 33263 38835 37998 39995 38026 36424 34990 38466 35281 37407 32452 40186 33129 39849
39602 55050 40948 51948 42266 50594 47519 44228 42349 46379 40869 47409 43472 48399 40948 52238 40948 52238
41231 53766 40817 47983 44640 51660 48749 45220 44382 48749 43845 49401 43845 49401 40280 50779 40280 50779
35684 48968 39784 41884 38645 45551 43201 43451 41173 43201 38645 49493 38645 49493 40168 45551 40168 43273
39796 55321 41225 51773 48850 54906 47259 49562 53503 47259 50555 50207 50555 52326 44480 54906 44480 53892
28522 45106 31229 37088 34965 36204 33984 33701 32335 33781 33266 32920 32778 33670 32832 33257 31974 33257
33754 49988 36114 47743 41121 48438 41670 42055 37759 42940 38100 45425 37393 42869 37047 47679 40191 48692
37520 52157 35411 46636 34501 43248 41070 41037 38670 43259 38702 43753 41946 40536 33868 41370 33868 41370
34927 48552 40723 43710 41347 51388 46680 45922 43561 44772 38423 47916 41636 45292 40724 47916 40532 47916
33928 47162 38508 45714 41886 45754 39539 43294 38470 40759 38300 46430 38300 42995 41886 45754 41886 45754
33497 51503 38622 48071 40354 44864 39085 41103 43559 44719 38990 39145 38990 39145 38902 41713 35675 44369
30222 42357 31964 37747 32993 35595 35885 32151 34873 34167 32943 34281 34184 37469 32132 36433 32132 34827
28586 41956 34724 42963 36262 37427 41330 34716 35225 35038 37634 40996 35458 39034 32924 36058 32924 41335
30475 41938 32438 42455 34590 41438 36541 37830 40929 36686 39066 38047 33249 40221 31986 42744 33567 42744
41798 58103 45604 54297 42589 57312 46824 50874 50874 46824 46181 51517 46181 51517 43528 51877 43528 54297
44901 62228 49099 58056 46783 57572 52675 53967 51572 53778 50415 52837 47783 56872 47510 57572 45653 57572
34282 47657 36027 49602 41402 43456 39754 40758 41747 41141 37078 42102 38703 42491 35965 43669 35839 43669
36124 39806 35481 43061 36780 41793 35578 43740 40856 44751 37765 36406 35754 37509 32176 43769 35220 43576
34019 47735 36295 47020 35730 44371 42049 44664 42928 42856 41336 44013 35730 48978 35446 47468 35446 44792
35812 49783 38406 44075 36907 48688 42719 43136 42276 44100 37075 44648 36907 48688 39898 48688 39898 48688
35623 49521 39778 47014 39772 45488 43691 40975 40556 41295 40017 46681 39656 44206 44704 45068 41010 44329
35171 53139 37405 44784 37818 48408 44018 43443 45746 40195 38949 46178 38277 45785 39063 43745 38675 48134
36319 45332 39804 45864 33928 39466 38940 42904 39648 38087 40510 41662 38262 41578 35492 40098 35492 41951
31965 44438 33642 37937 33691 40913 37899 38474 37724 37899 37474 39674 37474 39674 36058 40913 36058 40138
48554 58345 46170 54077 46220 54490 48287 58934 51870 48287 47859 49538 47859 49538 43385 55523 46736 54673
32478 45878 35827 37933 39859 36090 34816 41062 43713 33965 34147 36608 34181 40438 36286 38675 33989 37621
39432 54812 45594 52568 43350 54812 48454 43958 45594 48454 47464 50814 47464 50814 43350 52980 43350 54812
31563 43878 43730 40564 33575 50770 33248 36386 43589 33248 39197 35435 39471 37351 39474 49259 33718 49259
34525 44684 34512 41760 36882 36759 35520 34742 36577 37105 36120 36671 35785 42088 36834 38805 36834 38236
34238 47593 36957 45295 39752 47686 40664 44519 42006 39848 40945 44860 40190 47686 36572 47686 35437 47686
37571 49908 38928 47829 42804 55950 45780 45848 48262 50709 44575 45474 45467 47325 38984 47205 49573 47205
37533 60027 46167 51633 40537 48185 44989 48033 44842 51859 44062 49519 44062 49519 48399 49056 46747 48780
29190 41826 33342 37629 33767 37193 37277 36050 35306 37293 33963 35363 35439 37341 33189 40022 32623 40022
40905 53490 38905 46542 40095 46455 39122 44787 38142 40646 37077 44127 43370 42543 37482 44127 37485 48849
42444 59002 41316 54535 45040 51985 48936 51815 49558 49033 49223 51179 46585 52810 42506 55667 42506 55667
44174 61405 45188 60419 43983 59591 53243 51483 54737 52229 51643 55323 51643 56300 47002 58577 47002 62340
28434 40412 30813 37590 33056 33478 33998 37932 35084 32024 32929 37562 34251 36733 31004 35100 34733 35100
30230 41066 35298 41734 38744 39009 36003 38723 36483 36037 38744 39981 38744 39981 32889 38865 36819 39958
31480 42624 33990 38887 34705 37725 38718 38840 35829 36731 35469 35570 38492 35373 36387 40826 33235 37549
46535 64689 52365 56136 52793 49367 50917 56123 55692 55231 53700 46167 53700 46167 50836 49367 50836 49367
33336 46343 34733 41778 40189 41190 40619 39686 40024 37609 40114 40116 38650 41190 37218 40581 34981 40107
33934 45443 36482 39943 36882 42648 36869 38835 36658 37090 39324 37918 37696 39754 35667 40852 39788 44052
33567 45556 37090 39585 36902 40760 37821 37666 38872 40441 38207 40497 37963 43202 34551 39133 38422 40151
31680 49790 36457 39697 36101 37911 35197 37039 36298 38992 33896 38444 37868 37092 34532 44386 33871 47551
34626 50914 39042 46536 38755 46597 42109 43605 43576 43000 37995 45113 39679 45125 38044 50469 38098 50469
31650 43997 34863 40784 40260 38119 39547 33079 37721 35525 36989 36968 39523 36968 38639 41000 39105 41000
39438 51481 38515 47359 43945 46900 45625 45301 43671 42250 41922 43312 42243 47213 41922 53970 44580 46206
40783 56693 41572 52888 45160 53909 48262 49982 49434 48359 46227 51251 47192 51860 44816 53283 43397 54200
36652 50954 39247 45614 38495 47816 40216 44665 41761 43891 39986 42403 39840 48783 39216 48343 37944 46636
30474 49683 32187 39598 32155 39469 39457 38099 38497 38132 38066 34246 38066 34246 33932 39003 33057 39003
38135 48348 36375 43079 35383 42523 36440 44351 42893 38690 35534 42815 35338 42778 35534 46784 35335 44076
31490 41556 33778 39196 34749 37599 34729 42011 36972 37822 33308 36126 35389 38505 32530 37502 34493 38886
44986 62536 46068 57353 47994 58782 50459 54376 52554 51575 49869 54871 49869 55861 47170 58213 47170 58750
32056 44564 34241 41779 34216 43049 35365 36827 36726 35875 35861 41205 34159 35111 33493 43285 33493 45172
33162 46099 42628 40339 36027 43234 38380 40972 37323 40521 40268 45315 40268 45315 41205 43234 42266 43867
30492 48105 31371 42448 33097 43056 35988 38102 39241 38498 36818 38494 37152 38494 34706 41340 34603 43777
29281 40276 32053 36386 31371 36468 33843 34000 33579 32241 34133 32059 32908 32680 32771 39284 32771 37001
34495 44734 33355 57189 35867 38701 35093 57745 36121 40190 40053 37955 32475 37825 34024 37896 34024 37296
34281 47656 35468 45989 46516 46338 41341 43519 47239 41771 40189 45407 51967 40479 43092 44724 40723 50480
39666 57117 43198 45061 43911 44333 48706 42346 49325 41253 47777 46716 47777 46716 45855 53879 45855 53879
29448 38553 33439 37753 30966 38238 33768 35563 33832 35128 33363 33961 31788 36329 30431 33175 30431 33989
37488 52112 39548 46667 40604 48916 44638 41660 43627 45126 43112 43231 40604 47102 40684 48916 40684 48916
30791 45599 32019 38457 33226 36555 34774 34829 36713 36244 38010 37469 35568 36622 34452 38811 31506 38381
36486 50719 37870 40450 36542 50310 42802 40498 39555 42802 42393 41657 42393 39708 33051 49053 38152 44293
33145 41207 35846 35887 32370 35220 30562 39733 35600 34873 35463 37491 31865 37491 33947 42499 36627 36238
34429 47862 37546 45682 38235 43762 42908 42120 42075 43264 40516 41617 37567 43762 37739 43939 37739 45678

