34282 69582 47128 50722 44479 57661 43961 45864 42235 52235 44922 47662 43946 54227 39978 53714 39978 48159
36124 63067 39698 44527 37501 52890 43266 47745 46961 49156 42790 54636 36021 47287 40146 43307 40146 48890
34019 66475 44555 41815 39939 56824 47030 49770 47030 47030 44290 53638 40899 55250 43124 55250 43124 53130
35812 59938 41293 44032 40891 54458 46772 46572 46772 46772 44032 49312 38552 52252 38552 52052 38552 52252
35623 68503 49323 48068 38363 60283 49323 46583 49323 50728 49323 53468 41103 55268 38363 52063 38363 52063
35171 76291 48871 50641 45937 59831 43679 53578 44289 51611 41604 50430 44601 53381 49286 54545 49286 54351
36319 53018 41799 45689 39317 48429 38696 40469 39393 41965 38334 45326 39317 45326 39165 37635 40696 45689
31965 62105 39978 40185 41836 51018 42861 42861 42861 42861 40121 45601 40121 45601 39978 45665 39978 45665
48554 75954 59514 50053 52931 58273 56774 59514 52931 56774 44573 52793 44573 52793 52931 51557 52931 51557
32478 63423 46178 40800 40698 43059 40581 46261 39880 40319 39336 47348 40143 50088 40698 43699 40698 42046
39432 50840 47174 47652 42620 50392 42620 43594 42620 44912 47174 47652 47174 47652 47174 46334 47174 46334
31563 51178 42524 39783 37043 42111 37393 39371 40197 38485 42421 38240 42421 46397 34304 42111 34304 51609
34525 65257 42435 40644 41085 42002 38264 43805 45546 43104 40095 42544 38344 52016 37654 45564 43826 41353
34238 54529 46988 42458 41326 51584 41645 45198 44360 43364 38880 48844 37997 48844 44248 51584 44248 51584
37571 64275 44511 49757 44470 62900 54680 48323 45165 55332 45165 55516 44470 53107 47905 48531 44511 48531
37533 53973 43871 42189 41131 46611 48661 48661 49871 48661 48392 51401 48392 51401 41131 47669 41131 44929
29190 67834 44276 50013 41284 54926 46450 45454 42743 44884 44144 49949 43014 53761 46183 49756 46183 47553
40905 59456 48579 48932 38366 47888 42512 47830 40184 43482 43099 51571 39659 50639 42512 50570 40843 54311
42444 75266 49367 65900 49553 63896 53803 56542 56542 56542 51063 56777 47854 59517 47494 60102 45817 60337
44174 62676 49251 55134 48019 59234 51027 51027 51027 53767 49654 55683 50197 56507 48703 55134 49251 55134
28434 70621 40284 36565 37724 47508 39785 46035 40407 42749 38600 42378 39938 45100 41250 42314 38492 42314
30230 70973 42926 44953 39095 47881 41817 51040 44286 42276 40838 45686 40838 45686 39410 45686 39724 48112
31480 57418 42910 37595 43145 41457 39924 42090 39105 40871 38881 44361 42664 44196 41621 43855 39175 43855
46535 71195 54755 41850 41683 49214 57495 55904 55904 53164 52015 47163 52015 47163 54755 55904 54755 46474
33336 67489 48273 46900 44169 56619 43781 48770 45397 48629 42736 53100 42634 53101 45304 50363 42736 53100
33891 64031 42111 42111 38637 55811 42111 44851 39371 44851 39371 47591 36631 53071 36631 47591 36631 50331
42586 61766 50806 48066 42586 56286 48066 50806 45326 50806 45326 56286 45326 56286 45326 53546 45326 50806
34040 73560 42260 50620 41140 57460 41860 47280 43840 46180 43920 49760 43340 55380 43180 46400 46840 45640
31667 64547 39040 45283 39887 53587 44662 47685 44662 44662 39731 48617 39731 50847 39366 48914 39366 47402
31462 59103 40405 44155 38914 45981 39152 40162 43192 48383 42421 42567 43192 44443 38290 47275 38290 42422
33135 65180 41034 43214 38619 47302 42749 44095 44467 44886 43587 44468 38944 48972 42703 46835 39918 44841
44703 61143 50183 57771 57725 67062 50183 57549 52521 50183 47760 58713 47760 58713 57051 52923 57051 57771
52294 55821 44861 60514 48034 60514 45135 47875 50774 47875 48034 63254 48382 50615 48034 60514 47601 60514
29351 71296 41259 45675 39895 49478 45705 43225 47533 48341 44808 48787 41575 48582 43673 47170 44482 44430
40273 63529 48493 52569 43818 53850 49829 45753 43054 50374 40314 53850 40314 53850 43818 52569 43436 52569
34736 62642 42682 45926 40057 48827 43234 45183 47578 42670 43186 47807 43186 47325 40400 46488 40400 46328
44302 66222 49782 51269 45789 55262 55262 55262 48763 51269 46023 48529 49782 60742 45789 48529 45789 55262
35121 48821 38549 37861 36275 46081 41755 42700 42219 42700 37861 43341 37861 43341 37861 42700 37861 43341
47132 73108 60832 58092 48364 66312 55669 60832 55252 58092 52512 60832 50439 63572 52612 60832 52612 63572
40297 58875 41087 42514 40649 52047 44539 50262 44782 53876 46050 58644 40649 50019 47443 50262 40649 56737
38263 60183 41028 49223 41191 53592 48112 46483 46483 50499 40860 55292 41191 51963 40860 49223 40860 52010
29235 63279 39799 41441 35091 50346 38719 39645 37349 47109 37161 45876 35091 47606 37045 42127 38310 42126
46392 68502 53769 57542 47898 58858 53378 58786 56118 57542 53378 57542 47898 58858 51872 57542 51872 57542
29913 53273 36833 38133 37396 50943 38133 38668 38133 42785 35393 41777 40136 43063 37243 40873 37243 42647
35324 55673 46284 46057 43544 47453 41973 41971 42808 43317 40804 46057 40804 46057 43544 46057 43544 48797
28766 63026 41001 39202 42518 45800 39119 42830 41869 43563 39987 42518 39202 43217 38366 41890 38366 43563
39806 76816 55495 53506 50766 64465 53506 58986 50766 58986 48026 61726 50647 58986 44687 61725 44687 58986
44456 75253 55416 46194 55416 54568 51788 52676 51788 60896 50128 58156 50128 63636 58156 55416 58156 55416
32644 57536 38628 37911 38019 52158 39836 40870 44806 42454 44861 42454 38465 43118 41198 42024 38068 45797
32255 49930 40475 36230 38970 41710 35207 38970 34887 36230 33490 41065 36230 41710 36230 38970 33490 38970
42469 67129 51503 56160 54721 64152 48936 55932 50452 50689 47712 61412 47712 60435 49032 64152 47864 64152
36565 66809 42590 45786 39514 56474 43543 45947 44833 42870 51050 47573 43993 43367 43047 46388 42647 43984
39259 69457 49013 43475 39374 61237 48955 42114 49013 48858 46273 58497 46273 55757 57138 51695 57138 48955
34820 69281 46274 43484 39684 47481 42445 43558 47333 42002 43852 43930 42123 47853 43534 45583 43534 46101
31860 61794 38778 40428 39131 46803 41767 44513 40123 41518 40026 43414 41822 45010 40423 48944 40423 45008
35292 63571 45089 38001 43117 45470 41357 44138 40821 44097 38961 47382 44937 47493 40568 43168 40892 43168
31043 66435 45856 40076 40617 56153 39398 48144 41775 44878 41775 45269 43357 50251 34744 48882 34744 47618
39929 56274 45314 40115 37375 56369 48149 48149 48149 46954 45409 46380 45409 45690 39834 50889 42574 50889
31795 68648 39864 45041 41953 48300 42697 43688 43432 44307 40531 46163 40531 46568 41887 47546 42217 47546
33099 73182 46417 49722 42290 54112 44395 54379 49010 49760 42441 49908 42290 54527 43153 56970 40827 54379
39602 64262 45082 50562 45082 54350 46767 50346 49643 49577 42342 49507 45082 51262 47822 51262 47822 52247
41231 57858 44649 47488 39169 52378 46898 49451 44649 46898 44649 52182 44649 52182 41909 49638 49451 49638
35684 51303 47461 40708 41164 46188 47461 47461 40984 47461 38244 43904 38244 43904 41164 46188 41164 43448
39796 58976 45276 48016 49977 56236 45276 50756 52717 48016 55457 50756 55457 50756 52717 50756 52717 50756
28522 69286 47160 40790 37489 48965 41006 43247 41006 43730 37595 44159 36886 45928 36969 46598 36610 46920
33754 72798 49707 49359 45055 59053 50445 51861 48086 51071 45055 56551 45055 60076 45055 52831 45055 54641
37520 61937 39801 45677 40197 45406 48841 45677 42694 44988 42937 45677 42937 45434 37151 48841 37151 48841
34927 59299 47744 44663 40848 52443 41923 43299 46533 44663 41771 44223 42264 44223 45004 45887 45004 49703
33928 52386 41424 42148 40705 47628 39408 39408 39408 42297 42299 45037 42299 44888 40705 47628 40705 44888
33497 54961 41261 41717 42699 42883 40871 43410 39687 39434 36947 45134 36947 44457 36237 43377 36237 45134
30222 63389 43256 43421 37686 43207 40186 39184 40059 42254 39393 43248 39226 41966 37856 43917 37856 44624
28586 72736 51173 43303 41002 57360 42330 47234 48742 48256 40295 51608 42952 52891 41762 51436 44981 51443
30475 61056 40394 41128 41081 54366 47160 40530 42291 43868 39551 43868 38205 44296 35648 43868 35648 48886
41798 60978 50018 47278 44538 55498 47278 47278 47278 47278 47278 50018 47278 50018 44538 50018 44538 47278
44901 77644 53121 58464 47641 66684 55724 55724 52984 61204 50244 61204 50244 64821 50244 64081 50244 61341
33934 64199 44770 40910 40038 55544 37736 51123 44085 38918 36242 46825 36799 50313 39726 53863 39726 48508
33567 70040 44366 47193 42220 56014 45054 51008 45019 45619 46432 50788 42716 60893 39743 53854 39743 60292
31680 64718 42279 48327 37939 55822 41142 56854 40626 40628 43776 48120 38194 53237 42951 44707 42951 44348
34626 65186 42846 48746 42041 51066 51744 44006 49519 45586 46779 47520 42880 48618 42846 45426 42846 48680
31650 50830 39535 39870 37961 46601 39870 38889 40474 38381 39870 42328 37961 46601 39870 40742 37961 44369
39438 64219 43149 48771 43765 50801 48232 45252 48346 52736 48346 48296 47992 50356 46880 51489 49719 48771
40783 73663 47397 54483 49896 65443 55370 54483 57223 51743 55370 61751 49896 59963 49598 57223 48230 59963
36652 75011 54872 47612 42370 62498 49106 54764 47542 52675 45110 60352 44872 63032 45110 56970 45110 54941
30474 51631 40611 36189 34558 46807 38295 38295 38295 44067 38295 40394 38295 40394 35131 49547 35131 39799
38135 57567 43610 49705 43738 48801 45381 45193 43932 44771 43738 45316 37807 44443 40998 46419 40998 46419
31490 65728 42652 44203 39207 46332 45688 45190 44202 42121 43592 47145 42229 44376 42464 49293 42464 49293
44986 75126 51937 58686 47854 64166 53206 62897 54752 53206 53259 62002 53259 64742 49870 62897 49870 60830
32056 60281 40665 45252 41234 47336 40061 41390 40968 41793 38228 44817 39488 50562 37017 43557 37017 43557
33162 62306 43126 39140 40463 49602 44122 45866 43203 46862 42087 47052 42087 49602 43126 44122 43126 44122
30492 60067 43890 44405 40411 48468 44172 42659 40131 48068 38024 48847 49371 45213 46651 42799 46651 48209
29281 61748 42048 37294 37294 46496 38172 38687 37498 45045 39519 42722 37499 49236 36931 39928 36411 44842
34495 63322 46157 39056 40677 48771 44537 48547 44462 45656 41349 46232 41722 46404 47994 45410 47994 43044
34281 65523 48242 47807 42172 53505 43821 45644 46496 47271 47270 49083 42992 47980 46278 51113 47140 46888
39666 54884 45146 46664 45146 46049 45038 42698 47473 42597 44733 56015 44733 56015 45146 56015 45146 58755
29448 58248 38801 38639 35636 40520 38156 44379 37936 39233 35845 42675 36226 42675 34772 41970 34772 38692
37488 62148 42968 48448 45606 56668 48448 49869 45708 48448 42968 52609 43484 49869 42968 55349 42968 55349
30791 61667 40034 39580 40562 42717 38617 47253 41232 40605 38723 42694 39913 43302 40563 39700 40563 42047
36486 61146 44706 38022 39226 52926 41083 44709 41083 47446 38343 50186 38343 47446 39226 47446 39226 50186
33145 51923 45901 35256 36828 40827 42175 38625 41592 38627 40197 41816 40197 40197 45901 41365 45901 42128
34429 64211 43316 48129 44108 48205 46235 48129 44699 50638 42955 53378 40321 48205 46312 50869 46312 53378

