34626 35265 34839 34981 36716 35052 36245 34839 36245 36929 34839 36915 34768 36986 36716 34910 36716 34910
31650 32147 31863 31934 31934 31792 31934 31721 31934 31792 31863 31863 31934 31792 31934 31792 31934 31792
39438 37884 37458 39793 37529 39793 37600 39297 39368 40997 37458 39226 41068 41139 37458 39793 37529 39793
38135 37947 37450 38490 37450 37592 37521 38419 37521 37450 37450 37521 37379 37521 37450 38419 37450 38348
31490 31942 31303 31987 30034 30083 30976 30012 30577 31987 30577 31987 32316 30012 30034 30506 29917 31987
44986 45767 45199 45341 45128 45625 45270 45199 45199 45270 45199 45412 45199 45483 45499 45412 45641 45412
40783 41635 40925 41280 40996 41422 41138 41209 41209 41138 41067 41209 40996 41280 40996 41351 40925 41351
36652 37646 37078 37078 36329 37220 36936 37078 36936 37078 36936 37220 36936 37291 36936 37220 36936 37220
30474 31042 30687 32402 30109 30647 32473 32402 32473 32473 32402 30758 32402 30758 30687 30758 30616 30758
33934 30972 34147 32468 33338 35251 33606 33809 32369 34147 35696 32244 35767 32192 33267 31487 34076 31487
33567 34561 33848 33990 32040 34203 33013 33993 34027 33990 33956 33990 32111 34132 33743 34135 33743 34132
31680 35704 35136 33450 35065 33916 35136 30879 31964 41182 34684 41253 35046 33845 37255 32106 37255 32106

