34626 69732 37964 45726 37964 48886 41034 39835 41034 46000 37490 50732 37490 45146 37964 42825 37964 42825
31650 57550 38521 38372 36181 38521 37843 38145 37843 38521 33160 40560 36181 39050 35350 35499 35350 35499
39438 75678 43139 41511 40165 43280 40944 43369 40944 43918 40183 45068 41936 48839 45087 45139 45087 45139
38135 67433 36607 36455 38178 39081 42307 41964 40157 39727 35381 44566 39081 42781 38501 45535 38501 45535
31490 79671 37278 34250 36070 42765 44222 40274 38642 40522 34942 41274 33263 39440 36070 40616 36070 42590
44986 85686 51117 48686 44986 56086 51117 51117 51117 55340 47417 52386 47417 56086 44986 56086 48686 56086
33934 73799 38383 44324 37573 43940 41396 45783 41050 41112 41050 44290 37573 45409 35456 45034 38258 45034
33567 85220 40027 41294 36618 50216 38754 40569 38754 42454 37524 46154 34080 49854 34512 44667 34512 44667
31680 77353 38770 34070 34223 46966 43007 38025 40766 39287 37066 45519 35070 44570 34845 39681 34845 38025
40783 85183 45270 48183 45124 55583 49240 51883 49538 54738 44483 54811 49491 55583 45124 53621 45124 55583
36652 91499 45832 46506 44822 52222 46506 44052 42806 47278 42806 47335 44822 51035 40768 44052 40768 47752
30474 66407 35874 32392 35874 35416 38215 37367 38215 35874 33751 38011 33751 38011 33667 37874 33667 37874

