34282 35652 34429 34672 34542 34932 34482 34412 34542 34542 34542 34612 34542 34672 34412 34542 34299 34802
36124 30445 36384 36644 31266 32077 31647 36644 31062 36644 30802 36904 37694 37872 30932 36644 30802 37872
34019 35449 34279 34626 34626 38108 37718 37848 37718 37718 37588 34669 34886 34799 34279 34539 34279 37978
35812 36852 35812 38281 35942 36195 35675 36072 35675 35805 35545 36332 35942 36065 35942 36332 35942 36065
35623 37183 35883 36013 35753 36533 36809 36013 36809 36013 36679 36143 38749 36403 35753 36013 35753 36143
35171 37703 36273 35691 35625 36211 35561 35885 35625 35561 35495 37291 36143 35951 36143 35821 36273 35821
36319 37489 32092 32092 36449 32415 32415 36579 36579 36579 32989 36709 37354 36709 37354 36709 37354 36709
31965 33395 32225 32225 32095 32745 32485 32355 32485 32485 32485 32485 32485 32485 32225 32485 32225 32485
48554 49854 48944 48814 48944 42353 48814 42223 48944 48814 48814 48944 48814 48944 48944 49074 48944 48944
32478 34038 32868 33131 32738 33128 32998 33261 32868 31820 33261 33128 32738 33258 32738 32738 32738 32868
39432 39952 39432 39692 39432 39822 39562 39562 39562 39692 39432 39822 39432 39822 39432 39562 39432 39692
31563 32603 31953 31953 31693 32083 32237 31823 31953 32237 31823 31953 31823 31953 31823 31823 31823 31823
34525 33594 34525 34785 32424 34745 34785 32814 34655 34846 34525 33285 32424 34615 34525 34915 34525 34485
34238 35148 34498 34498 34498 39236 34498 34628 34498 38976 34498 39106 34498 39106 34368 34758 34368 39236
37571 38871 37701 37831 37571 38221 41658 37831 41788 37961 41658 38091 41788 38091 37701 37961 37701 37961
37533 38313 37793 37793 37533 41100 37663 37793 37663 37793 37533 37923 37533 37923 37533 38053 37533 37923
29190 32536 31106 30836 29718 30230 28993 29580 32257 33682 32257 29710 29450 29580 30976 29580 30976 29580
40905 40796 39496 41295 41035 41165 40406 41425 41092 41165 41165 41425 39496 41295 39496 41425 39496 41425
42444 44004 41958 43094 42704 43354 40623 42964 40623 42964 40493 42964 40727 42964 42574 43094 42574 43094
44174 44954 44174 44434 44174 47587 44434 44434 44434 44434 44304 44434 44434 44434 44174 44564 44174 44564
28434 28404 29238 29368 28470 29237 30499 27867 30401 29237 27690 29367 28694 29101 28971 27234 30469 29237
30230 33421 32319 30620 33062 31820 31995 34831 32005 33939 31875 31690 31875 34069 33062 34831 33062 32381
31480 32910 31039 31740 30674 30804 33464 30967 31870 32000 31870 31357 32573 31227 30804 30967 30804 31097
46535 47705 46925 46665 46665 46795 46925 46925 46925 46925 46795 47055 46795 47055 46795 46925 46925 46925
33336 35026 33596 33856 33466 33986 36599 33986 33726 33390 33596 36729 33596 36859 33466 34116 33466 34116
33891 35321 34151 34021 33891 34671 34281 34281 34151 34281 34021 34411 33891 34671 34021 34541 34021 34411
42586 43496 42846 42716 42586 42976 42846 42846 42716 42976 42586 42976 42586 42976 42586 42976 42586 42976
34040 36260 33310 33240 34910 31540 31280 31780 31790 31410 34770 31330 32870 31960 31280 34480 33310 33240
31667 33227 31927 32187 31797 33254 31927 31927 31927 32057 31927 32187 31927 33124 31797 32187 31797 32187
31462 32762 31722 31852 31564 31982 31833 31722 31833 31852 32429 31564 32429 31852 31722 31722 31722 31852
33135 32810 33265 31844 31584 32234 31900 33525 34591 31844 31770 31261 34656 31261 31454 33525 31454 32643
44703 45483 44703 44963 45508 47931 44963 44963 44833 44963 44703 48061 44703 44963 44703 44963 44703 45093
52294 53334 52554 52684 52424 52554 52554 52424 52554 52684 39655 52684 39655 52554 52424 52554 52424 52554
29351 30087 29086 31120 29741 29468 30001 29871 33638 30435 29715 30114 29741 31250 29432 28796 28948 28666
40273 41313 40533 40663 40533 44004 43874 40533 40403 40533 40403 40663 40403 44004 40533 40663 40533 40663
34736 36037 36217 33351 36217 35112 34784 35112 37838 35185 37838 34986 37838 35528 37838 35242 37838 34986
44302 45342 44302 44562 44432 44822 44822 44692 44562 44692 44432 44822 44432 44952 44302 44692 44302 44822
35121 35771 35251 35251 35121 35511 35381 35251 35251 35381 35121 35511 35251 35511 35121 35381 35121 35381
47132 48692 47522 47392 52720 47782 52980 47652 52980 47522 52850 47652 52720 47652 52720 47782 52720 47652
40297 41727 40557 32422 40297 36387 32292 40817 40687 40947 40427 40817 40427 32682 40427 40817 40297 40947
38263 39303 38263 38653 37743 38770 38250 38653 38250 38380 38120 38653 37743 38380 38250 38653 38250 38510
29235 30535 29365 29625 31165 33505 29214 29755 33115 29084 32985 29625 31165 33245 28564 29755 31165 30113
46392 47432 46522 46782 46782 46782 46782 46782 46782 46782 46652 46782 46652 46782 46652 46782 46652 46912
29913 30823 30043 30173 30043 30303 30173 30043 30303 30173 30173 30303 30173 30173 30043 30173 30043 30303
35324 36364 35714 35584 35714 35454 35454 35454 35454 35454 35454 35584 35454 35584 35714 35584 35714 35584
28766 31083 29522 29809 28894 29026 29077 29156 30306 29444 30333 29156 28791 29156 29026 29286 29026 30199
39806 41366 40066 44586 40066 40585 40456 40586 40195 40586 40065 40586 40196 40716 40066 40586 40066 40586
44456 45886 44846 44976 44716 44586 44846 44846 44716 45106 44586 44976 44586 45106 44846 44846 44846 44846
32644 34074 30661 30791 31776 32166 33164 32904 32036 29555 31906 30921 33034 30921 31776 33034 33034 33164
32255 31660 31010 32385 32515 32385 30880 32515 30880 30880 30750 32645 30750 32515 30750 32515 32385 32515
42469 43639 42599 42859 42697 42989 42827 43011 42827 42729 42751 42989 42751 42989 42751 43119 42751 43119
36565 37284 36955 36825 35724 37085 36955 36825 36955 37085 36955 36955 36955 36955 35854 36955 35854 36955
39259 40559 39649 39389 39649 39649 39779 39649 39779 39649 39649 39649 39649 39649 39779 39779 39649 39779
34820 36430 34820 34520 32593 32347 32526 35340 31550 32182 34631 33269 34390 31984 33218 35340 33218 35340
31860 32152 32380 32120 32280 31082 30603 31968 30733 31222 30473 30852 30473 30852 31408 33884 31408 33884
35292 36982 33711 32641 33841 32771 32749 35812 32749 35682 34793 33212 33711 34923 35812 33031 35812 32901
31043 32863 32376 31303 31173 32896 31303 31693 33923 31563 31489 31563 31173 31953 31433 31693 31433 31693
39929 41099 40189 40059 40059 40449 40319 40189 40319 40189 40059 40319 40059 40319 40189 40189 40189 40189
31795 33594 32469 33369 31488 33441 32200 32185 32598 33109 32034 33202 32034 30715 32336 32055 32336 32185
33099 32813 31383 33619 30598 31120 33186 33749 31436 31930 30747 33619 31891 31023 31123 33879 31123 33749
39602 40772 39862 39992 39862 39732 39732 39732 39732 39992 39602 39992 39602 40122 39862 39862 39862 39992
41231 42401 41491 41361 41361 41751 41361 41491 41361 41361 41361 41621 41361 41621 41361 41751 41361 41751
35684 36464 35814 35358 35814 35618 35814 35814 35814 35488 35358 35618 35358 35618 35814 35618 35814 35944
39796 40706 40056 39926 39926 40316 40056 40186 39926 40186 39796 40186 39796 40186 39926 40186 39926 40056
28522 30472 28912 29042 28575 29005 28615 29042 28485 30332 28355 29042 28652 28875 28782 28615 28782 28745
33754 35444 34014 34274 36578 35759 35417 34274 35693 34517 35693 34274 36578 34404 38373 34274 38422 34404
37520 38820 37910 33801 37650 37780 37780 37910 37910 37780 37910 37910 37910 37910 37780 37910 37780 37910
34927 35967 35057 35057 36133 35187 35187 35317 35187 35187 35187 36335 35187 36335 35057 35317 35057 35317
33928 34708 34058 34058 33928 34448 34058 34188 34058 34188 34058 34318 34058 34448 33928 34318 33928 34318
33497 34277 33627 33627 37987 34017 33757 33627 33627 33887 37727 33887 37727 33887 33627 33757 33627 33757
30222 31909 28860 30612 28870 29411 30611 29866 28407 29410 28407 28584 30230 29909 28776 29996 28776 29249
28586 36243 29236 28846 31984 29496 30828 29236 32158 28976 31986 29106 31544 29366 31854 29236 31854 29236
30475 31645 32700 30605 33121 30995 30735 30865 30735 32700 30605 32700 33251 30872 30605 30865 30475 30865
41798 42708 41928 42058 41928 42188 42058 42058 42058 42058 41928 42188 41928 42188 41928 42188 41928 42058
44901 46331 45284 45284 44894 45544 45284 45154 45024 45414 45024 45414 44894 45544 45024 45551 45024 45551
33934 34936 32515 34324 36867 34584 32583 34324 34954 33640 32633 33770 33255 33770 34813 34454 34813 37191
33567 35387 33697 33107 32412 32524 33159 34087 33159 33159 33753 33419 33029 33440 32977 34217 32847 32264
31680 36212 30985 32070 34810 34113 41217 32200 32200 35611 31940 41347 31940 33853 34781 32200 34911 32200
34626 37732 41142 35016 36822 35406 36822 34756 36822 36950 36692 36950 36692 37210 36562 35016 36562 35016
31650 32560 31910 31780 31780 31780 31780 31780 31780 31910 31910 31910 32040 31910 31780 31910 31780 31910
39438 38592 41032 39828 37422 39698 37682 39143 37552 39273 37292 39698 37292 39403 37552 39828 37552 39828
40783 42343 40913 41303 41043 41823 41173 41303 41303 41173 41173 41303 41043 41433 41043 41563 41043 41563
36652 38472 36912 37172 36782 37562 36912 37172 36782 38358 36652 37302 36090 37432 36782 37302 36912 37302
30474 31137 30864 30734 30734 30734 32390 30734 32390 30734 32260 30357 32260 30487 30097 30864 30097 32650
38135 38596 38395 38525 38395 37686 37556 38395 33232 37556 37426 37686 37426 37686 38395 38395 38395 38395
31490 32709 31279 31750 29906 31706 30047 32010 30929 32104 30799 32234 30600 32364 31880 31880 31880 31880
44986 46976 45116 45376 45116 45766 45395 45376 45395 45376 45265 45506 45265 45636 45116 45506 45116 45636
32056 33486 32316 32446 32316 32706 31782 32446 31782 32446 32316 32576 32316 32836 32186 32576 32316 32576
33162 34202 33292 33292 33162 33812 33552 33552 33292 33682 33162 33682 33162 33812 33162 33552 33292 33552
30492 31792 30752 33095 30492 33225 30752 31012 30752 30882 30518 34546 30492 34546 30247 30882 30247 33095
29281 30971 29671 27808 27808 29464 29671 29335 29438 29464 29308 29594 29308 29594 27808 29335 29411 29335
34495 35233 34063 34885 34063 30350 34193 35015 30853 30480 30853 35015 30480 34885 34063 35015 30723 35015
34281 36202 35032 34541 35162 35682 35032 34541 34411 35162 34281 34671 34411 34671 34541 34541 35162 34541
39666 40706 39796 39666 39926 39926 39796 39796 39796 40056 39666 40056 39666 40056 39926 39926 39926 40056
29448 29936 27900 30965 28607 28445 30030 29838 28315 27900 28185 27900 28185 31438 28957 29838 28957 28445
37488 38658 37748 37748 37618 38138 37878 37748 37748 38008 37618 38008 37618 37878 37618 37878 37618 37878
30791 35607 34437 32492 34307 34437 34567 34567 31311 34307 34697 30737 31181 31051 34437 34437 30607 34567
36486 37656 35057 36616 36616 35187 33253 35057 33253 34927 33123 35187 33123 35057 36616 36876 36616 35057
33145 34445 33665 28385 33405 33405 33665 33275 33535 33665 33535 33665 33535 33665 33665 33535 33665 33535
34429 35729 34559 34819 34559 35339 34689 34949 34689 35079 34429 35079 34429 35209 34559 35079 34559 35209

