33891 46321 36151 35021 33891 40042 37281 36652 36151 37281 35021 38912 33891 40042 35021 39541 35021 38411
42586 50496 44846 43716 42586 45976 44846 44846 43716 45976 42586 45976 42586 45976 42586 45976 42586 45976
34040 48580 34360 37520 34310 37710 36240 34840 33880 37350 33630 36620 36910 36850 35880 37160 34360 35840
31667 45227 33927 36187 32797 40707 35835 34480 35835 35057 35835 36187 35835 38447 32797 36187 32797 36187
31462 42762 33722 37615 32162 37546 32500 34563 32500 35286 33292 35286 33292 35286 33722 34563 33722 34852
33135 44235 33075 32858 34064 35288 34361 34392 35225 34654 34157 37919 32981 34996 36183 34392 36183 36326
44703 51483 44729 46963 61453 61102 52753 46963 62583 52753 62583 61102 62583 46963 62583 46963 44703 48093
52294 45305 45162 55684 44032 54554 54554 43045 45162 55684 39655 55684 39655 43045 40031 54554 40031 54554
29351 45975 30536 31397 32461 36340 36148 33830 35649 34062 33657 35173 32683 34166 34157 33304 31180 34296
40273 49313 44618 43663 42533 45000 45874 42533 41403 44236 41403 43663 41403 45000 42533 43663 42533 43663
34736 45104 36007 37709 36252 38856 35048 38799 37095 40133 35965 37766 35965 41459 38817 38259 38817 40559
44302 53342 44302 46562 45432 48822 48822 47692 46562 47692 45432 48822 45432 49952 44302 47692 44302 48822
35121 40771 36251 36251 35866 38511 37381 37870 36996 37381 35866 38511 36251 38511 35121 37381 35121 37381
47132 60692 50522 49392 45144 48904 46489 51652 46489 50522 45359 51652 54720 51652 45144 52782 45144 51652
40297 49469 42557 36074 37788 42387 42655 44534 45692 42813 38918 44817 38918 43785 36870 44817 37788 45947
38263 47303 38263 40732 39250 43770 44059 41653 41653 42929 40523 44059 42441 42929 39250 41653 39250 41510
29235 43820 33752 32625 30825 36781 33191 32675 36320 33956 35190 36014 30825 34214 32059 32675 34728 34266
46392 55622 51696 49678 46288 49972 49972 49782 49782 47418 47418 49972 48652 49972 50566 49972 50566 51102
29913 38783 31043 35021 34485 35692 35615 31926 35021 36763 33891 33303 30813 36763 31043 32173 31043 33303
35324 44617 38714 40097 38714 38967 36848 37141 36454 40097 36454 41227 36454 41227 38714 40097 38714 40097
28766 42535 31926 34194 32050 34486 33861 32156 33653 32155 31896 32522 30849 32049 31632 33286 31632 34643
39806 55102 42672 43727 42066 46585 45456 46586 44326 46586 43196 46586 43683 47716 42066 46586 42066 46586
44456 56886 47846 48976 46716 45298 47846 47846 46428 50106 45298 48976 45298 50106 47846 47846 47846 47846
32644 43270 35559 33864 33173 41173 35906 33227 35433 35834 34303 35232 31169 35851 31278 34357 34776 38475
32255 38660 33010 33385 33010 34140 36073 34515 31880 31880 30750 35645 30750 35270 30750 34515 33385 34515
34282 48118 36383 41312 37344 42033 40777 40939 36818 38109 37344 37521 37344 39781 39000 42069 39000 43199
36124 44212 35172 37701 36571 36558 32452 40644 37781 39976 35521 33757 37254 43381 31322 40644 35617 43381
34019 47155 36985 35855 38328 44773 38857 37814 39281 40499 39281 41718 37198 40799 39458 39245 35855 40040
35812 45448 36408 39281 36942 42592 39202 38072 39202 39202 38072 40332 36942 40333 36942 40332 36942 41462
35623 49183 37883 42036 36753 43533 39013 39013 39013 42036 37883 40763 37883 42403 36753 39013 36753 40143
35171 52201 39385 41773 38207 44370 37590 41597 37590 41773 36460 41110 38561 39657 39547 40821 39691 40821
36319 43769 37449 40771 33886 40839 34415 38579 36989 35016 36989 37276 38659 36146 38659 39709 38659 39709
31965 44395 34225 34225 33095 40961 35291 35291 35291 35291 34161 36485 34161 36485 34225 37488 34225 37551
48554 59854 51944 50814 51944 46353 45223 45223 51944 45223 50814 45223 50814 45223 51944 53074 51944 51944
32478 46038 35868 34131 34738 39194 35052 34717 39194 35428 38064 37762 34738 34812 34738 34947 34738 36077
39432 43952 39432 41692 39432 42822 40562 40562 40562 41692 39432 42822 39432 42822 39432 40562 39432 41692
31563 41017 32648 33107 37591 34707 41299 33823 34237 41299 32093 34541 32093 34541 32281 33823 32281 33823
34525 41894 38138 36785 32456 40256 34566 31682 33586 34485 32456 36385 32456 40256 39268 35265 39268 35955
34238 42148 36498 36498 37719 40794 36498 37628 37404 37404 37090 39664 37719 40480 40440 38758 40440 40794
37571 48175 39205 39831 39813 41010 43412 40753 39205 41291 39205 43013 44979 42022 39640 41883 39640 40961
37533 44313 39041 42970 43911 44100 43911 39793 44311 39793 43911 46571 43911 46571 42781 41629 42781 42970
29190 49195 33698 33668 34077 39348 34324 32952 32595 35243 31676 35212 35680 36342 33553 32952 33553 32875
40905 47994 41496 35667 39809 41496 36458 35985 38210 37081 38210 37115 36642 41362 41496 45425 41496 45425
42444 54267 43516 48094 42538 48012 44622 46964 44622 43727 47691 47918 44470 47625 41467 45752 42774 45752
44174 56497 49717 46434 44174 48587 46434 46434 46434 46434 45304 51977 48587 46434 44174 47564 44174 47564
28434 43577 34401 33588 31193 35260 31871 33137 31959 36480 35847 32683 31328 32051 32730 31962 32278 35442
30230 46864 36128 33620 36881 40144 35562 32993 34370 35375 33240 36194 33240 37132 35751 34123 35751 39832
31480 43150 33565 32710 33723 34228 35825 34911 33250 33484 33759 35357 35790 34227 37135 34911 37135 34911
46535 56705 49925 40073 47665 40073 49925 48334 48334 49925 48795 51055 48795 51055 48795 48334 49925 40073
33336 46559 38515 37856 36697 41185 37350 39337 36297 38480 35167 39961 35184 40467 36697 40467 36697 40467
33934 48099 34515 36080 34246 38028 35893 39203 34523 33351 33633 34481 35626 35652 36569 38454 36569 38900
33567 50705 32810 38117 34992 41524 34195 35874 36159 37464 33614 39652 35029 40394 34920 39217 34920 39264
31680 45188 36252 33888 36931 43001 39514 35853 36983 36252 33940 34959 34554 41096 32907 36200 34037 36200
34626 49249 37789 38048 39272 41406 36211 40403 38885 37951 36211 38692 36211 40338 35756 40210 35756 40210
31650 39560 33910 36104 32855 33071 32780 32780 35644 33910 33384 33910 35040 33910 33384 33910 33384 33910
39438 50592 40916 42899 40422 39571 39498 40844 41552 39714 39292 39289 39292 41834 42044 42828 42044 42828
40783 59458 42508 45303 43638 49823 44173 49288 45303 47443 44173 45303 43043 46433 44172 47563 44172 47563
36652 52472 38912 39625 38081 44624 40281 41172 41942 40158 38618 42302 37782 43791 37488 42302 38079 42302
30474 40137 31745 32734 30927 36016 35198 33357 35198 34687 34382 33357 34382 34487 30475 33864 30475 33586
38135 43627 39298 39492 32909 36847 35071 39556 40911 36716 38974 37523 35653 37266 33941 39556 33941 40686
31490 42943 33472 33750 32765 38881 34177 36010 33282 34224 33186 34412 33096 34412 34081 34880 34081 34880
44986 57416 46116 48376 46116 51766 47246 49367 46416 48376 45286 49506 45286 50636 46116 49506 46116 50636
32056 44486 32342 36072 34316 35733 35446 39498 35446 35446 33913 36576 35102 38836 31270 40628 32904 40730
33162 47816 39626 40756 36272 38812 36552 36552 34292 37682 33162 37682 33162 38812 41886 36552 40756 36552
30492 45692 33746 33323 32474 34947 34946 36927 37366 33882 32249 33877 33609 33877 35027 33882 35027 33456
29281 39434 35620 32636 29887 36224 32671 32922 31483 35198 33766 31939 30353 36897 30299 32922 30308 31481
34495 43203 36253 37885 34152 36880 34163 39015 38782 36700 37587 38717 34440 37587 36253 39015 38782 39015
34281 51350 39020 48352 35831 41481 39526 39876 35411 37671 43832 37671 37506 41076 39128 39876 40236 35962
39666 48706 40796 39666 41926 46016 39981 40796 39981 43756 41496 44886 41496 44886 41926 43756 41926 44886
29448 42906 31072 30960 29719 31341 31765 33053 31123 32202 30149 32900 30149 31179 29674 33053 29674 35686
37488 47658 39748 39748 38618 43138 40878 39748 39748 42008 38618 42008 38618 40878 38618 40878 38618 40878
30791 45293 33557 33744 36318 36695 37567 34122 35250 34684 37317 37195 35186 37195 35061 35124 34936 33808
36486 46656 37057 34479 37616 41009 37380 37057 37380 36170 34961 41009 34961 38749 37616 39876 37616 38749
33145 40045 38293 32516 35405 32146 33265 34275 33033 31057 32135 38293 32135 34395 33265 36535 33265 36535
34429 50445 38633 40328 38890 38186 39303 38949 35764 40079 34634 37514 36991 38644 35559 40079 35559 37621
42469 52639 43599 46549 45124 50622 46254 46087 46254 48362 46102 49492 46102 49492 45109 48119 45109 48119
36565 44340 39394 39554 35861 41085 40244 41918 40244 36430 39114 36206 35637 40244 38722 41918 38722 41918
39259 52573 42649 40389 43533 48053 44663 42649 44663 46923 44663 48053 44663 48053 43533 43779 43533 43779
34820 44524 33673 35934 34371 36711 35002 35000 34543 34303 34395 36570 35038 37910 38206 38205 38206 35000
31860 43357 35150 32624 35233 38454 34551 33721 35347 34316 31990 35246 31990 35246 35233 37410 35233 37410
35292 43948 35077 36154 34250 39661 35211 38295 35850 38682 34638 36341 35025 37858 36677 36728 36677 35598
31043 45505 33936 34116 33618 39269 35652 35066 37369 35335 34659 37731 34341 38953 33075 35066 36059 36693
39929 49526 42189 41059 41616 44449 43319 42189 43319 42189 41059 43319 41059 43319 41616 42189 41616 42189
31795 46221 36240 35183 34280 37142 33828 36090 35787 33829 35712 35786 35712 35409 34017 34543 34017 35185
33099 49859 35130 36677 34383 38250 34795 38749 39352 38484 34606 38260 32535 38259 33450 40369 33513 38749
39602 49772 41862 42992 37846 46372 42982 40877 40732 41937 37635 44112 37635 40247 41862 42007 41862 41377
41231 51401 43491 42361 39169 43689 40299 43491 40299 40299 42361 44621 42361 44621 40299 47910 40299 47910
35684 42464 36814 36358 36814 38618 43111 43111 43111 37488 36358 38618 36358 38618 36814 38618 36814 38618
39796 47706 42056 40926 40926 44316 42056 43186 40926 43186 39796 43186 39796 43186 40926 43186 40926 42056
28522 43011 31812 34312 31912 34475 32457 32174 31925 34809 31925 36683 30597 35911 32062 32457 32062 33587
33754 48395 35918 38274 39733 42148 39786 38671 39393 39850 38263 41568 40276 42986 36843 38671 37973 39801
37520 48820 38514 34762 38650 39056 35892 38785 38107 35892 38107 38198 38107 40186 36797 40186 37113 40186
34927 46461 37205 42145 38642 42824 38480 38839 37350 38192 38480 40564 38480 40564 41588 38317 37205 38317
33928 41116 36069 37947 35466 38448 39077 36596 39077 36188 35058 37318 35058 38448 35466 37318 35466 39077
33497 43691 38603 37080 39987 40470 34911 35842 34857 34911 36434 39340 36434 39340 34627 38210 34627 38210
30222 42833 30658 33035 31424 34165 31946 35116 33568 33709 33568 31456 31607 33758 30651 36246 30651 34325
28586 48234 39433 33481 34699 36893 33681 39367 36026 35359 32748 35720 34474 36360 39321 36822 36513 36822
30475 41501 34078 33558 32979 35818 35239 33469 35239 35700 34905 35700 32979 34843 33440 33469 33497 33469
41798 49708 42928 44058 42928 45188 44058 44058 44058 44058 42928 45188 42928 45188 42928 45188 42928 44058
44901 58324 49284 49284 45894 51544 49284 48154 47024 50414 47024 50414 45894 51544 47024 50551 47024 50551

