34282 59654 39061 55658 43293 50968 46433 44529 44792 49480 46033 50165 43293 54699 40515 58668 37917 54536
36124 49828 37233 46789 39247 48909 44744 49509 50708 52903 39643 46313 43463 51629 39247 48909 43542 53236
34019 59751 38450 55479 41128 55969 48743 50900 47606 50575 46339 53185 43971 60430 38964 58151 39658 55210
35812 62317 46653 54849 40657 60240 48915 51785 51785 51536 45306 55938 40657 60240 41761 60240 39783 60240
35623 61990 43575 56975 43275 54390 53795 49072 48542 53795 47116 59268 43275 55187 49035 53594 49035 55026
35171 59687 42443 57647 40695 55509 49756 54093 49502 48113 44444 53417 42717 56554 42225 55107 42225 55107
36319 50429 40632 47055 39142 52060 40622 50240 44522 39971 38331 48033 46960 49109 38961 49792 38961 49792
31965 57514 45210 49785 38650 53343 52203 44237 51871 52203 51871 45043 51871 45043 35808 53343 35808 53343
48554 73033 50058 76450 50157 77177 53951 60750 54825 53951 62447 57604 62447 57604 53139 82793 51008 66986
32478 57427 40570 47864 39904 45935 41282 47350 47088 44504 39311 43659 40412 42817 41816 44261 38592 44696
39432 68614 51552 64356 48006 68614 56551 60700 51552 56551 55099 66321 55099 66321 55099 68614 48006 68614
31563 51624 39263 51487 43044 58067 40019 42347 42113 44176 49383 43102 46120 43102 41078 55566 36871 55566
34525 53253 44267 45758 45391 49715 40808 47701 43783 45011 42729 51010 47516 47158 44320 47526 34038 53861
34238 59578 40857 55219 42218 58942 47943 53746 49078 49856 43524 58942 42396 58942 43346 58103 43346 58103
37571 62474 43212 60124 48637 71848 45288 54690 59688 53423 47425 65916 44071 65000 39664 58712 38051 58712
37533 75139 53756 61433 50759 59773 61795 48345 53251 61795 57777 55634 57777 55634 54503 58553 51194 58707
29190 53990 36649 43449 37723 47270 40345 46713 41432 44897 39263 46334 39459 43962 37796 47774 37493 54541
40905 58508 41110 52699 42653 52046 42919 48454 41927 43664 41434 50212 44098 52046 44161 52263 44161 52263
42444 70191 44566 67719 47684 63722 59411 61766 58039 60596 55589 62114 50457 62825 45507 68395 45507 68395
44174 82578 47401 71501 58800 72141 62905 59565 59565 59792 56808 65327 53695 65327 52526 71501 52526 71501
28434 50354 36605 46477 41176 39664 36810 41646 43968 39325 43224 38467 45112 39267 37027 43841 37697 40911
30230 54789 35913 50067 40610 49296 44264 41197 47132 50195 40216 48750 40216 48750 38533 50360 38904 45803
31480 50402 39537 46539 41830 41853 41291 46393 43739 41291 42393 43954 42562 44693 38821 46066 38821 47814
46535 67765 56004 53458 59404 61797 62598 67149 57130 63031 60129 55725 61126 55725 53102 61797 53102 61797
33336 58011 40545 50092 43631 51833 48114 45209 50639 45726 45375 48629 44179 52698 42730 49471 42730 49021
33891 58975 38701 54165 43257 49609 44801 47266 46834 44924 48188 47890 43935 49117 38759 54107 39129 53737
42586 71222 56726 60835 53059 61974 52538 60411 52965 57162 49851 61974 49851 61974 52036 60468 52036 60468
34040 51857 38010 45319 41001 46928 42497 47995 42815 43288 40101 50081 41901 45700 42425 44006 37009 48501
31667 55107 36312 52232 39982 48700 42865 46374 45877 44700 40171 47174 41977 50112 37943 52889 39881 52372
31462 53411 38738 46404 41478 48248 41671 42321 45246 51198 43646 52917 40518 55926 43256 48248 43256 48248
33135 54429 35526 47101 37308 46859 44139 45861 44725 45273 41033 46582 39676 43937 38509 46534 38237 47009
44703 77786 54405 73079 56654 73071 79631 61334 70405 71460 61896 74011 61896 74011 53051 89737 56654 70480
52294 69002 46606 62051 45432 69002 62051 61880 46606 62051 51204 69002 51590 69002 45432 69002 45370 69002
29351 49580 37540 41113 35630 39598 38646 42528 40054 38302 39557 44398 41989 42728 39394 45412 38201 45473
40273 72403 43057 72778 47161 68583 56082 46709 46649 58277 47111 62015 47111 62015 43983 66605 43983 66605
34736 59551 41923 56649 41835 56717 46216 51709 48400 45155 45312 49524 47547 47928 39204 55754 39204 55754
44302 65595 51803 64498 49443 61492 52997 52890 53457 59151 56154 66047 55343 66047 51520 65469 49918 65469
35121 61114 46695 52883 45674 61114 52291 57247 47212 52291 44173 59998 47074 59998 42331 57247 42331 56577
47132 74770 54900 65263 53364 67558 58992 63169 54911 59718 61063 65142 54100 67558 49356 67558 50404 70674
40297 58643 46425 59194 47007 59020 43967 55967 49897 64087 49798 56432 42019 54197 47007 70499 53206 54612
38263 69415 41136 66267 46085 65338 54628 61353 49027 62707 44167 61663 49127 65338 49127 62296 46043 62296
29235 50875 31216 50363 37209 44696 42430 38870 37629 41236 42761 41412 39255 41579 35394 43373 34208 44097
46392 81056 55029 74155 51056 72680 62289 69030 64016 68187 57627 69942 51096 72680 56293 76893 55029 74736
29913 56311 39356 47848 40697 53847 49207 42257 42289 49207 48075 53981 45866 50110 37618 53847 40262 52714
35324 65840 42920 55689 47012 56299 50802 45370 45370 50802 43973 51412 43973 51412 46611 57086 46611 57086
28766 49422 32033 46333 40754 42367 44881 42728 39505 44731 38039 42639 39895 41556 35358 44695 35708 49300
39806 75519 49975 67408 45366 65279 58151 56109 55265 57528 51404 60673 45366 65279 45366 65279 54919 68808
44456 76686 52113 67104 55424 64248 58824 55581 54398 62312 55138 66348 55080 66348 50228 71200 50228 71200
32644 51194 36513 44906 40384 49179 44042 43024 42451 39513 43748 46641 46252 46386 41088 47519 39986 47519
32255 53508 34416 50085 43878 44175 41039 45368 42610 42560 42207 46028 42207 42051 43878 46028 37434 46824
33934 52550 41184 47112 41675 55598 43945 50431 44705 43709 41549 45293 41481 51316 40905 52486 38327 60604
33567 59294 43185 48435 42709 52132 44313 43125 47407 40822 48857 43164 39746 52132 40894 52132 42709 52132
31680 60887 41411 52872 40494 49875 44605 44546 43665 39339 42292 45734 45614 52614 38657 49705 37519 49705
34626 64181 42207 59840 45924 56828 52711 47140 49001 49430 45518 51917 49793 51917 42249 60503 48336 60752
31650 55075 41759 48980 46528 47717 43460 39995 40707 47303 41974 47057 44818 47717 40993 50201 40993 50201
39438 65797 44213 60227 44638 55324 53330 48334 50134 46984 49000 51585 43323 57255 49950 59548 48167 58499
40783 70969 44635 68020 52615 67861 54158 61505 57196 62388 51600 66433 51379 61859 47253 65807 47253 64874
36652 68631 44189 57988 42772 58974 49376 50356 45213 50927 44570 54325 42772 58974 44620 56720 43459 56974
30474 52292 43036 49097 45301 48145 43356 44928 41534 43356 40717 45053 40717 45053 40962 44250 40962 45654
38135 60408 43382 50971 38728 49205 40708 58942 50752 46980 42646 50813 43413 55286 43571 50525 43571 55282
31490 51119 36464 44791 39133 48745 40333 46566 42269 42105 38800 46006 37264 43610 34959 45038 37672 46234
44986 78282 50868 74594 52109 69860 57337 65280 62968 63336 53988 65680 52110 67558 50289 72233 48990 76472
32056 55783 37878 49961 41248 49378 43078 44801 43085 51455 39087 41648 44829 49828 41248 53059 38273 49817
33162 57708 44092 49525 42453 52272 47124 49284 48994 47124 39760 57708 41248 57708 38815 56220 38815 56220
30492 60218 37585 48784 44805 42023 45005 47651 46968 43154 39802 45698 40620 43282 48462 49358 46858 49358
29281 47897 33187 47001 39057 42947 37069 41057 42823 39137 37530 40851 43591 46279 38182 41066 35528 41325
34495 55998 37158 48071 44599 46359 42274 45454 43399 52239 38814 45771 39465 51687 38950 51355 41911 51355
34281 59654 45058 54821 45471 55687 44772 47333 47153 46654 46267 50914 47717 56721 53107 47429 47371 51636
39666 71498 50055 53462 47720 60204 59830 54123 55739 55540 54761 62062 54761 62062 55098 61815 55098 61815
29448 50969 34634 41278 34605 42003 37199 39321 42091 38521 37130 42188 36425 38933 36154 41572 36154 41572
37488 65233 45885 61327 43620 59170 51052 51121 45041 51977 48123 54101 43620 59170 45062 59170 43551 57231
30791 56529 37726 50097 38817 43914 41805 44644 39942 40752 42470 40498 42046 48622 40398 46368 42812 45242
36486 57466 44237 47953 38178 50944 47179 45637 42876 43764 45050 46830 42052 44891 38614 52187 38614 52187
33145 51583 38391 46206 38141 43764 41878 47305 37932 40535 40180 41391 40237 41391 39662 52611 42876 49022
34429 59911 40521 58134 40939 54572 48713 44513 43510 57467 43613 52579 41032 57367 40602 51048 40602 54385
42469 76671 52366 72853 47724 75505 59513 61815 62082 59682 60467 68095 53383 72760 47724 74818 47724 74818
36565 55528 40750 55622 40291 58050 47558 47553 44983 45857 43697 51437 41846 51437 41529 50906 41529 50906
39259 65947 48712 62262 53166 66948 57892 51594 55974 57892 54679 59619 61007 54657 55111 66948 50005 72054
34820 57676 37792 49316 38344 47457 43024 42536 47419 44851 40518 45249 39928 49772 37469 51711 38299 47953
31860 53448 36331 49357 38730 44591 41696 44874 41941 42552 45347 41454 42990 42334 37195 48092 35987 50520
35292 50769 39926 46421 42345 47777 46622 44780 45348 47033 42793 45788 39711 47777 42087 47796 40968 50678
31043 54018 41081 48848 40115 46770 38853 47277 39165 41327 37423 44997 41348 45934 38381 44979 35631 44675
39929 67911 46288 64507 46989 55069 51246 58254 48104 53158 42243 58674 42243 56767 44346 55068 44346 68161
31795 54148 39802 46246 37503 43890 40760 42879 42469 40556 42027 45115 42344 42428 35518 46026 37142 45382
33099 52758 40781 53738 40259 47197 38148 44931 45296 41358 46000 47245 39393 47435 41601 47829 40828 46925
39602 68912 43585 66359 43204 59481 56403 54951 51706 52829 52097 60534 52097 56443 42155 59409 42155 66359
41231 67303 42294 60618 45747 63307 57785 54870 52756 57785 51738 63307 51738 63307 45780 61636 45780 61636
35684 61300 50393 55070 47892 54816 50358 50831 57465 50358 58815 55154 58815 55154 46113 55204 46113 61300
39796 69247 42506 66537 54763 68460 53953 58323 65250 53953 44603 64440 54763 63566 45927 68460 47850 66537
28522 49184 34211 44604 36444 43797 40902 38956 35611 38950 38590 39539 34398 39234 34825 40674 35451 43867
33754 59591 39638 55965 41434 52959 49989 49769 51930 49771 45517 53117 41817 54954 41418 52959 40295 52959
37520 60099 39377 57333 42866 45758 46026 44852 49505 47108 44354 48045 43866 45758 37848 51209 38450 50856
34927 60903 44183 57331 43478 57515 55071 50841 44290 55465 47319 59325 44754 70769 47319 57331 47319 57331
33928 59038 43017 57866 38280 56366 46857 50683 45545 46857 45223 52414 45223 63502 49426 56366 49426 56366
33497 58288 40191 57348 47436 55095 46680 47619 47395 46680 45740 57385 45740 50024 50692 50623 45906 54155
30222 52083 36578 43720 37140 42369 39694 41042 43706 40978 36720 41473 39291 45382 35733 45923 35931 45923
28586 53440 35977 47633 39051 45636 39818 44637 47717 39722 43293 45136 44300 49647 40412 44863 36632 46991
30475 53455 38580 46462 40525 55520 46072 48275 48985 47521 45451 45114 46431 56834 41060 55520 41889 55520
41798 72732 49018 66540 46297 70214 53606 61291 61291 53606 47799 55203 47799 55203 47799 66731 47799 66731
44901 77896 52867 69980 48593 70825 64521 62224 57987 61867 59836 64369 51401 65874 49972 70825 49972 70825

