34626 143593 54195 83177 55356 97621 65221 64835 58773 82242 50423 85144 50423 77826 57999 71797 57999 71797
31650 113141 69035 46904 43281 80741 59141 63145 54533 59897 49926 68355 53324 69941 49021 73189 49021 73189
39438 153849 63059 71839 66387 82039 85792 64083 64192 64263 61997 83560 56578 79169 83172 68369 83172 79169
38135 133141 53952 58662 49643 81553 59178 60445 66017 66276 56338 84650 58984 95385 56274 60445 56274 60468
31490 184147 72152 62292 64632 99522 65619 74690 65290 76419 60318 84258 63138 86232 61070 68674 61070 68674
44986 163264 55786 77386 63974 113665 76565 97717 74774 76565 63974 96747 63974 101447 63974 101447 63974 101447
33934 148502 59239 65712 68080 94064 61513 83018 68169 64093 53198 71717 49531 89084 67236 83330 67236 74181
33567 222856 57304 74554 55707 130874 61435 83469 65169 69807 53607 85319 54514 105686 53426 87567 58102 106954
31680 168774 74622 73900 59223 111672 69247 82581 70488 69247 55657 74052 59636 100097 53385 74880 63719 74880
40783 171928 62483 83983 61312 128728 74728 92821 83983 83508 73183 105166 62383 108793 61312 110755 61312 110755
36652 200787 73627 76886 56768 122398 79198 108991 71316 89287 56768 95757 58848 117357 58490 90652 69290 90652
30474 114754 55998 46049 52858 71827 53263 62367 59735 62112 59735 69516 59735 67395 52858 75288 52858 75288

