34626 161593 81609 98658 84795 130371 95821 94725 100334 98078 87734 116184 95240 116055 95240 100206 77546 106873
31650 127541 105590 75931 66126 114941 89741 77821 71324 77141 59872 90648 66368 113355 66126 92989 66126 92989
39438 173649 120700 99820 107392 103926 119992 100314 95996 95004 109091 126648 95217 125939 109091 108032 119992 94791
40783 193528 93202 128983 101289 155728 111093 116383 116383 143128 91183 153766 88689 141108 83099 143128 85181 143128
36652 227787 130692 109286 87290 174598 99236 123368 102439 124198 82929 170389 88442 161998 103001 149398 93544 149398
30474 129154 83035 70907 73998 112395 74595 102935 90335 77057 77735 87787 77735 87787 70858 92458 70435 92458
38135 149341 88811 94101 74274 89777 77953 88470 86792 86811 85583 100572 77887 102378 86874 92165 76920 93778
31490 209347 102672 113858 91810 131678 111888 111700 104787 104223 107372 130363 117387 115507 101638 117293 100604 117856
44986 183064 82786 107986 73602 135647 105075 105374 105374 94565 82786 123047 82786 135647 80174 121108 95536 121108
33934 168302 105302 79603 101130 117464 89278 104367 89774 96873 83527 116530 83527 116530 88530 118087 93076 114290
33567 253456 119120 120787 91551 171586 105783 138969 120932 112813 108332 120845 93436 161668 98656 177856 96698 147619
31680 192174 108822 106247 102163 133255 108822 100718 109193 113472 92924 113472 85843 132480 89823 108978 89823 107591

