34626 66950 40491 53272 37150 46737 43548 40187 39022 41582 38192 44859 38192 47898 40491 53272 40491 53272 40491 53272
31650 57449 32205 37267 36391 39057 38514 32205 34698 38294 35026 38849 36329 36841 34360 38849 34360 38849 39101 38849
39438 68633 40989 50001 38649 44370 43034 41675 43149 44228 38591 45027 40935 50147 38591 50147 38649 49133 38591 49133
40783 74030 41123 50273 43042 52220 44709 51784 45049 49741 44033 54543 44826 54401 41123 54401 41123 54401 41123 54401
36652 67822 37263 48732 37864 43417 42207 39940 42981 40670 43271 41390 37864 44193 37378 47237 37378 47237 37378 47237
30474 54546 30867 39659 33472 39738 37647 33708 35641 32873 34075 33773 34075 33773 33472 39644 32367 39644 32367 39644
38135 63010 34897 42301 38074 38522 40061 42892 38365 38429 35995 43688 36309 43847 33364 43301 38188 43301 38188 43301
31490 53321 31912 34628 32973 38541 33842 36968 38384 34479 33630 36313 32597 39328 31912 36924 32973 38541 31912 38541
44986 81654 44986 50016 45420 54534 47905 52168 49242 50505 48075 52161 48075 57147 45420 57633 44986 57633 45420 57633
33934 62160 33934 49152 37359 42031 38429 38097 36992 39383 35367 38269 36420 43090 38533 43090 39852 47637 38533 47637
33567 56913 33567 40059 34182 40633 35100 34137 35247 37059 33858 38446 33348 39274 31354 43525 31354 41726 31354 43525
31680 67356 31765 41947 30591 45408 36048 35939 38770 34257 34266 37048 33718 35322 30363 35953 30363 35953 30363 35953

