34626 34959 34774 34811 34737 34848 36211 34811 34774 34885 34774 34811 34737 34848 34737 34848 34811 34774
31650 31909 31761 31798 31835 31724 31798 31761 31798 31798 31798 31761 31835 31761 31798 31761 31798 31761
39438 39457 37254 39623 37291 39697 37328 39235 39660 39235 37254 39198 39272 39272 37328 39623 37291 39660
38135 37573 37425 38320 38394 37425 37351 38320 38357 37388 37314 37388 38357 37388 37351 38320 37351 38357
31490 31500 32312 31786 30265 29953 30772 29842 30339 31749 29851 32068 29879 29953 32275 31786 30302 31786
44986 45393 45545 45245 45060 45319 45208 45134 45171 45171 45134 45208 45097 45245 45134 45245 45508 45282
40783 41227 40894 41116 40894 41116 40968 41005 41005 41079 40968 41042 40968 41079 40931 41079 40931 41079
36652 37170 36948 36911 36800 37022 36874 36874 36874 36874 36800 37022 36837 37022 36874 36948 36837 36985
30474 30770 30622 32408 30659 30585 30585 32408 30585 30622 30548 32408 30548 32408 30585 30659 30585 30659
33934 34267 34045 34156 32577 34119 34119 34156 32651 34082 32577 34156 32577 34193 32577 34156 32577 34156
33567 34085 33789 31650 31465 33900 31576 33028 31576 33789 31576 32991 31465 33863 33789 33863 33789 33863
31680 32124 31865 31939 34693 33734 31828 34767 31902 31902 35055 30817 34656 31939 34966 31939 31865 31939

