34626 62341 35950 46629 39517 52769 44774 44379 41083 44811 39242 46472 39242 52020 38497 51459 38698 51459 36699 51459
31650 53967 34474 36230 36734 38234 37487 33497 35642 40877 39799 39813 42143 42547 38095 43145 33994 43145 38095 43145
39438 64475 38431 50391 41871 51916 41388 45674 46477 45520 41884 44791 45529 49264 40809 48545 39480 52738 39480 48545
33934 56804 35332 45400 38056 46577 39341 41706 40897 38344 37831 39750 38220 43711 36845 44326 34861 49465 37352 44326
33567 57112 31379 45535 36839 46512 35667 37361 35795 39278 33834 41083 35308 47149 34348 43342 34348 49243 34873 45412
31680 59663 32922 37495 39158 52886 38357 41699 37982 37328 38020 38857 34743 49487 34082 41483 33437 38968 33437 38693
38135 59191 38500 42643 33783 46899 38019 45705 42236 43061 36782 43510 37960 44537 33920 45866 33920 47413 33920 45866
31490 50091 32024 36069 32250 38909 35719 40836 37999 35826 35613 35496 34397 38114 35869 41671 30947 40725 35869 42716
44986 76706 45512 58969 46775 64081 50295 60181 51570 50405 47888 58497 47888 62029 45636 64869 45512 64869 45636 64869
40783 69542 42548 55625 45067 60864 48213 53694 49671 50933 50992 52563 46209 53947 43862 63379 45922 61995 43862 63379
36652 67252 36821 47945 39909 54194 43500 41128 43185 44943 40496 42696 40835 47257 37777 52585 36651 51798 37777 51798
30474 50520 31135 37237 32637 36247 39389 35323 37654 36611 40406 34637 40406 36493 32938 41694 32938 37604 32938 41694

