34626 60157 41376 47875 41241 51029 45876 42144 47559 47546 45309 49230 42530 50060 41241 45876 41376 45876
31650 47400 39260 40650 41481 45421 40650 36421 40650 38671 39172 40921 39231 43835 39231 44245 40650 44245
39438 59445 52270 51893 45292 50957 47542 44529 48282 50249 48478 50957 55559 53805 48478 51483 47542 47291
38135 53157 45899 46690 40681 43189 44028 45973 42037 42046 44028 48278 38431 45116 43392 47320 42037 41778
31490 58860 40625 44849 39914 47234 42029 42781 42963 42352 42170 46288 41841 43991 40254 47857 41612 44426
44986 69736 51736 56917 49486 62240 53986 59467 53624 53986 51736 58572 51736 60822 49124 59467 51736 58486
33934 59299 44385 40009 39583 48130 40391 44367 44375 43247 38132 41325 37946 43575 39583 47818 41326 44190
33567 63180 47215 50660 38908 59403 42604 47430 48482 49319 46232 45219 40098 56970 37704 51930 38006 55051
31680 58348 45491 44302 40216 55054 42569 40945 40916 41201 38843 41694 40009 52057 38073 45337 38073 43992
40783 67783 45571 56533 49426 61033 52033 54283 54283 53212 49783 57416 46760 62043 47533 58783 46462 58783
36652 66432 56432 47425 43402 60511 46894 50918 48672 51985 46068 56779 41859 57668 45652 57672 47432 56011
30474 50174 38161 36292 35994 43085 38585 43297 38585 41047 36335 43679 36335 43679 35911 39474 33917 39474

