34626 37055 35074 36141 36904 36431 35802 41476 36812 37727 36432 37953 37246 38098 41097 36141 41228 36141 41228 36141
31650 33869 31931 32915 33291 32074 32836 31698 33630 32323 33291 32074 33291 32074 31705 32273 32291 32273 32291 32273
39438 42205 37426 37990 37406 37991 40368 40590 37624 45048 37529 39847 37867 38248 37436 38273 37436 37990 37436 37990
38135 39772 37534 33134 33086 32957 38021 39090 33416 34304 37844 34275 37564 38383 37624 32957 38480 32957 37624 32957
31490 34002 31958 30658 30401 30283 30163 32607 33126 30140 29837 29660 30548 31468 29767 30656 29767 30844 29767 30656
44986 48140 45149 47208 46134 47250 47952 46866 48428 45525 45608 46790 45608 47268 44563 46961 44438 46961 45217 47250
40783 43644 40813 42467 41284 43262 41628 42304 42303 41642 41438 42291 42093 42667 41549 43030 41868 43030 41403 43030
36652 39224 36779 38068 36565 38250 37989 37956 36765 37937 36411 37382 36411 38250 36720 38237 36720 38237 36715 38237
30474 32340 30666 30990 30503 32656 31830 30777 31658 31141 31818 30617 31818 30617 30588 31298 30757 31298 30503 31298
33934 34983 34136 32053 34775 34923 33758 35802 33934 33758 33794 38297 33794 38908 34775 34674 33996 32141 34775 34914
33567 35925 33832 32474 34582 32864 32133 34669 34269 34521 34149 34997 32778 33854 32964 34060 33075 35076 32964 35076
31680 37223 31561 34089 37317 32006 35229 31403 35047 41281 32199 35989 31938 31195 31651 31446 37129 34190 37317 31707

