34626 146593 91620 105224 79487 105814 108264 96778 103934 101226 93222 107812 86580 107812 85870 115486 82905 104967
31650 115541 82845 75221 72726 104441 93341 71821 68651 82241 67972 85112 72726 104441 68347 89494 68347 89494
39438 157149 125548 107810 107580 99808 109492 110979 99596 98604 100091 112324 87221 122079 109492 100303 109492 104199
38135 135841 90667 88278 94087 97829 80664 94085 84536 81890 74791 102672 82987 102802 79374 96798 79374 97444
31490 188347 113757 106370 108673 130215 111924 116812 106887 103879 103550 120807 106887 117705 106652 117893 103315 124622
44986 166564 111736 120746 78702 130875 99665 108974 108974 119775 97874 125147 86774 131547 89386 123208 100636 132965
33934 151802 111574 84640 95555 120432 93001 110203 99977 93001 82152 115576 76031 109393 83833 106964 81217 114890
33567 227956 121894 121569 96587 168215 110333 112535 111374 104705 108695 152295 103475 168215 98581 171043 101300 171043
31680 172674 114072 112688 88823 116344 107457 106072 111293 106228 96420 114072 90579 125172 91771 123115 99202 123115
40783 175528 88138 142228 95733 142228 102093 117412 111409 142228 96283 142228 96283 153328 93789 142228 104889 142228
36652 205287 152408 102600 87415 158098 121477 123968 113344 124798 94595 136196 86113 158098 93645 158098 87477 146998
30474 117154 83005 85212 67998 101895 82157 105035 82835 82157 71735 95634 71735 95634 71311 90795 71311 105396

