34626 109593 78640 83024 70386 82186 82364 75609 81734 79284 74722 82041 69241 82041 68547 89586 74657 76576
31650 85941 64345 60421 57926 78541 71746 57021 56872 63741 56872 64346 57926 78541 56872 69180 56872 69180
39438 116378 95948 87167 81751 77608 83592 85079 77396 86778 77891 86424 73536 92479 83592 75696 83592 75696
33934 111102 96178 66140 73355 85290 70801 84303 68820 79946 69254 85976 61231 83493 65333 84305 62717 84305
33567 156750 89249 90554 70687 125156 84503 91057 85474 95412 82795 95889 72168 125156 72681 122981 75400 122981
31680 122870 85248 86788 71781 90828 75409 80172 85393 77218 71729 82395 69868 94973 69105 97092 73302 89692
38135 102088 70423 69778 71887 73114 69778 75456 66036 72468 59991 73177 64487 77113 62507 85611 62507 85611
31490 125575 86178 80470 72647 90476 81148 80140 83807 79859 77650 91160 77368 88105 80752 88387 77415 87635
44986 125864 89536 94846 64574 101275 81165 86774 86774 93875 79374 99247 71974 101947 74586 97308 82136 103365
40783 131128 69638 108928 73533 107858 79893 92109 93207 108928 77783 108928 77783 107858 75289 108928 82689 108928
36652 168857 96254 80400 65939 109168 87264 94368 87444 86968 73890 116509 74054 109168 72940 109168 65277 105965
30474 87554 68509 66712 54374 75995 63657 79135 64335 63725 56935 73434 56935 73434 56511 80834 56511 69867

