33934 66599 49139 42929 43233 53240 45721 56930 48025 43108 41187 51005 39085 53363 43233 52928 44976 58780
33567 73400 51526 53447 41416 67433 53629 52540 53592 53926 50612 55448 42288 64460 44608 58500 42386 62351
31680 67838 50510 50128 43136 60894 49784 45325 44566 45737 50679 47856 47648 57897 46752 49337 46752 52302
34626 67586 43566 51525 44161 59742 49526 47721 51202 53101 46223 51460 43954 54440 44161 50300 44829 59922
31650 52510 47870 43570 41229 51261 43570 39341 43570 42321 40632 45301 41421 49675 41421 50135 43570 50135
39438 66619 56540 56747 50220 54623 52652 46969 48668 54629 52858 51996 43776 57455 52858 51147 52929 54687
40783 76543 52949 61643 52346 67603 55683 58663 65270 62067 52703 63256 53298 68613 49723 64623 48652 64623
36652 84613 62272 51566 49284 67222 47504 56028 52322 57095 48988 64079 47860 64968 48572 65384 50352 62581
30474 53551 41811 42047 36963 48195 42235 45215 42235 39255 39255 45451 39255 45451 38831 50639 38831 50639
38135 59727 44710 47203 43601 46839 43613 48893 44880 44698 47678 48968 40621 50593 45666 50970 40040 46312
31490 68115 44952 51015 47396 51523 44783 47584 49201 47462 46879 53450 46221 49831 43495 52660 44623 48214
44986 77766 53926 61297 50946 68080 56906 66439 57274 56906 51314 63682 51314 66662 51314 65996 57056 62866
32056 62921 47264 42975 40195 53110 43428 46956 42823 45400 44033 49237 39188 52915 43428 50130 43428 48372
33162 64466 46663 42102 46586 51042 45082 48062 46663 48062 44112 54022 45005 54022 43683 51042 43683 51042
30492 67880 46034 41492 44964 49579 42134 44469 46810 47170 45039 45109 42629 48442 47097 49719 48019 47663
29281 66263 47050 43561 38253 57033 43509 48850 41938 46965 39081 48963 39267 51156 41366 48176 41366 51984
34495 66522 48642 45662 45588 51847 51256 54602 50136 47678 51934 50060 47597 50652 50577 48867 50577 48710
34281 68403 48330 53721 44289 56701 48284 49125 46386 48471 53229 56483 44290 51035 48471 50555 49344 53067
39666 56324 48606 50364 48606 48056 43928 50405 48606 47822 48433 52502 48433 52502 51586 50364 51586 50364
29448 64084 45397 40832 40243 43705 41399 44347 42824 46387 40456 43443 39705 47627 40243 48883 40243 46041
37488 64308 48089 49408 49066 58348 49408 51069 46428 52388 43448 54049 49066 57029 49066 58348 43448 58348
30791 64547 42303 44187 42747 48392 45568 42967 45067 46950 43467 49208 46667 47700 45566 48988 47483 50118
36486 63306 45507 48406 39386 60326 42527 48406 48406 42527 39547 46232 39547 57346 39466 57346 42446 54366
33145 55204 52821 35962 42085 44542 43645 43359 41309 42567 40917 42567 39661 43032 41954 45065 43498 38942
34429 69464 48604 55289 45272 49645 52915 51838 47137 52309 44454 51183 43848 55289 48347 54818 48347 57798
33891 66671 48791 45811 37553 60711 45811 45811 42831 45811 42831 51771 42831 57731 36871 54751 36871 57731
42586 63446 54506 51526 45566 57486 48546 51526 48546 51526 45566 57486 45566 57486 47144 57486 48546 54506
34040 77400 48040 54460 45340 54720 48780 53060 49480 48980 51320 51940 44000 55880 49200 54300 47660 53560
31667 67427 46498 52527 46073 55507 46891 50226 49547 52896 43587 48318 43093 54278 44802 49547 44802 52527
31462 61503 46077 50543 41603 56934 43526 44538 43531 53091 42043 58475 40791 57512 42856 54532 42856 54532
33135 68498 45611 52463 44241 49483 45632 48425 48647 46152 45353 53298 42687 47859 48240 48230 44760 55164
44703 62583 50663 53526 57531 70762 50663 53913 53241 50663 60511 59433 60511 59433 57531 56623 51220 58491
52294 57501 48561 54857 51494 54555 48595 51575 51494 48595 48514 54555 48514 54555 51494 54555 51494 54555
29351 75136 50056 46440 45114 56241 50365 50214 56462 56186 49676 56461 44129 54929 45556 57241 47779 57667
40273 65449 47136 53529 50550 60274 50549 48355 44538 51334 44538 57294 44538 57294 47518 52671 47518 55290
34736 65282 47002 49866 44480 48608 45741 47174 44765 47458 44939 46828 47747 50152 47402 57201 47402 52846
44302 56051 53242 56222 50984 59202 56222 55235 49483 50091 49826 62182 50262 62182 50262 51989 50262 51989
35121 50021 44061 41081 42459 50021 45439 45439 41081 45439 38101 49380 39029 49380 42235 44061 41081 44061
47132 75748 65012 56869 56072 73952 59432 62829 56869 59432 56702 67992 55655 73952 59052 65012 62032 65012
40297 61275 47210 66006 41369 56429 45739 54919 44349 51699 51383 66044 44152 63064 57066 53487 52616 53487
38263 62103 44728 56000 42737 54792 54439 57132 50183 57419 46642 56000 50251 56143 41671 53450 45499 56143
29235 66639 47630 46700 39612 52506 46085 46037 45624 46546 41101 47316 45829 51535 42899 46547 39511 50605
46392 70422 57229 58502 51632 63038 57078 61292 57078 60058 58312 61291 51632 63038 54249 60058 56035 60058
29913 55433 43513 39155 44823 48255 42977 45275 39538 41833 36558 44503 44823 47483 40303 45348 40303 46347
35324 57593 47244 49757 47244 49757 45673 44264 47244 46777 47244 48653 47244 48653 47185 49757 47185 49757
28766 66146 43612 44397 40162 48944 45181 49260 49887 43874 42200 46070 42200 46904 47587 50722 42097 45964
39806 79696 55856 57686 51607 66625 54706 60666 52456 63646 48627 66626 51607 64770 51726 66625 51726 66625
44456 78133 62336 57273 57273 58708 61130 56376 50416 55854 46914 68296 46914 65316 60253 59356 56751 62336
32644 58015 41993 41719 38494 44455 43414 44209 48801 50988 45821 46394 39315 47052 42158 47790 41528 48118
32255 51610 40843 39690 39690 42670 36710 43855 35607 39690 36710 42670 36710 42670 36710 42670 36710 39690
34282 72702 50037 53861 46522 59821 48862 50284 50626 54822 46790 57108 48328 59127 46418 57973 49558 57973
36124 65707 51354 48373 41629 53496 45441 52096 47038 53336 41030 54906 40817 55219 40342 54550 40342 48967
34019 69355 48495 51475 43290 60150 48230 54190 51210 51210 45250 57170 44839 62257 46918 59807 46918 56827
35812 62098 44993 47732 40395 59118 47732 50752 47732 50712 45061 53732 45061 56712 44793 56712 44793 56672
35623 71383 53503 58467 49527 62443 59463 50523 53555 57149 50575 53503 44615 59463 41583 61715 41583 59361
35171 79651 56372 55061 44305 64000 50748 56249 47673 55060 46462 56225 46047 59616 47599 61797 49779 58671
36319 57585 41249 46650 43017 46405 44350 46043 42034 45136 39083 45845 41447 44075 42865 45136 42865 45816
31965 64745 43885 41450 40905 52825 43821 46801 43821 43821 43821 49781 43821 49781 42796 52825 42796 49845
48554 78354 63454 60474 60474 59713 56871 63454 47956 56871 47956 63454 47956 63454 49291 56733 56871 56733
32478 66303 50358 43088 45810 48735 45651 51039 44709 44499 40110 45285 43090 48839 42202 50200 46070 44083
39432 56834 50874 48372 47894 51352 45392 47894 50874 45392 50874 48476 50874 48476 47894 50034 47894 51352
31563 53098 42425 40503 39294 51916 39445 44158 49101 39445 43141 51916 43141 51916 37111 51916 37937 51916
34525 63816 46354 47884 41795 45682 46776 44765 44656 44845 45125 44814 42204 48386 45514 45682 45514 48448
34238 56449 43713 46158 42382 53024 44529 49138 45080 43976 42100 50044 41457 53024 45345 53024 40562 53024
37571 66675 44947 52471 47822 60588 49828 49491 46291 56772 49410 53922 48170 52600 42374 54130 45354 53782
37533 55413 45649 55101 43493 51609 49141 49141 46670 53571 46670 52121 46670 52121 50591 51609 50591 48629
29190 71434 50455 44897 45298 59050 51110 52153 51304 47475 49263 55921 41366 56073 42632 53256 42632 53256
40905 61856 47812 47109 43472 50944 44478 54483 45543 46551 47417 50642 45338 55491 41498 50642 43419 50944
42444 78146 52257 64118 49453 66284 55002 60962 58217 60962 54710 63942 49100 64177 51443 66284 51443 66284
44174 64596 48739 56397 48739 59954 53114 53114 51609 48739 48739 51308 53417 51719 50134 51612 50134 56094
28434 74221 46812 42838 44106 52860 46989 46271 44240 45047 41395 46400 43878 50739 43694 50248 44693 50248
30230 71039 44849 46697 43219 49645 49304 54444 48986 45193 45193 56108 45193 56108 41239 46731 40926 47420
31480 59818 45678 47314 40826 47668 46844 46970 44919 47547 41817 49190 46844 46322 42466 49950 43864 46264
46535 73355 61435 55475 55475 50863 56864 59844 56864 61435 55475 62824 47883 62824 58455 50414 58455 50414
33336 70609 49290 51216 49244 58596 51216 53281 51216 52636 46814 59377 48694 58506 48098 57910 44798 54930
42469 69289 54064 59341 47269 65095 56543 55604 57174 53229 57174 59341 57174 68812 46784 68812 51084 63384
36565 69689 47147 46810 45505 52770 53148 52194 44672 53148 46810 49790 44511 49790 43767 54277 52194 54277
39259 71617 49787 49818 44603 55875 49915 54159 52473 49915 49787 55778 49787 62677 53058 62677 45413 59697
34820 68574 46726 48453 45621 49161 51435 48471 53986 47170 50628 50100 48173 48306 43681 47812 43681 47796
31860 64914 44007 49341 44207 57979 44766 45112 44850 43755 45164 53553 48742 47473 43010 50385 44593 48693
35292 59378 44830 48523 42860 50690 43569 44631 47207 47054 44227 49433 43467 48571 43367 51655 44175 51655
31043 69555 50276 46259 44317 61430 44316 50276 45715 45127 40342 49778 38898 51087 37134 55018 43051 55470
39929 53820 46274 43950 45889 58547 45783 54829 51849 46520 45889 48926 45889 47860 44499 62400 44499 62400
31795 76122 46166 44359 44057 55943 48883 51947 47978 51679 52884 51415 52884 51415 48920 52358 44614 52504
33099 78697 51476 55045 48559 58714 49474 62110 53556 54081 46619 56223 44579 59165 48559 60154 44654 57975
39602 66422 48542 54502 44507 56427 50467 53280 50773 50537 45562 52462 48542 52462 48542 56427 48542 56427
41231 59538 53151 50402 45129 56558 50598 51089 52330 50598 49350 53578 49350 53578 45129 53578 45129 53578
35684 52743 41704 41644 47941 47148 44168 44168 41704 44168 40823 50921 40823 50921 41644 47148 41644 44624
39796 60656 45756 51716 53197 57676 48736 51716 59157 48736 56177 51716 56177 54696 56177 57676 56177 54696
28522 70755 49261 53303 40891 55113 46843 50647 45389 47994 43388 49521 40889 52352 44278 56612 44134 56612
33754 75816 49633 59014 53453 61414 50906 53388 52506 55984 49241 64271 48995 62271 50751 55731 50751 58711
37520 64337 45645 40761 40677 47534 52781 52781 46637 45552 38048 43741 43657 50246 45645 52420 45645 52420
34927 61459 45839 45623 42643 51871 51444 50975 48464 45623 43579 49251 44258 49251 45160 49251 43866 49251
33928 54066 45757 42868 39166 48828 48499 42868 48499 42868 45519 45848 45519 48828 39166 48828 39166 48828
33497 55034 44721 50154 43179 49074 42607 48464 46329 49224 40407 46114 40407 47363 40199 43050 44721 46094
30222 64982 45826 45564 46771 49708 43237 49680 47240 43611 47642 47963 43303 49928 43279 50028 43279 55889
28586 76560 53058 50597 46450 57838 48634 59094 54947 50877 46805 56866 43425 56351 49299 59317 49299 56881
30475 63456 42804 42088 39702 56046 47210 45619 46231 48599 40271 48048 42578 51579 42578 53066 39501 53066
41798 62658 53718 50738 44778 59678 50738 50738 50738 50738 47758 50738 47758 50738 47758 50738 47758 50738
44901 80524 59801 62644 50724 68604 62644 62644 56684 65624 56684 65624 53359 68604 53704 68604 50724 68604

