34282 54618 44626 45692 39923 48793 47163 47508 42591 45533 43715 47726 42085 47938 43020 47002 44650 45773
36124 51390 43480 40663 37506 47256 43041 48639 43431 46301 38501 43867 37968 51708 35876 48401 38407 43867
34019 53155 45058 45005 40193 53221 48343 49973 48343 44740 41745 50637 40804 52267 42088 49961 41944 48265
35812 49948 43428 43962 37442 48318 42332 44282 43962 43962 40702 45912 37442 48318 38939 45459 41023 44416
35623 55183 45403 48466 40513 50293 48663 48101 47033 48663 45403 52502 40513 55001 42143 50959 42143 50959
35171 59201 46904 48889 41980 49453 47935 49646 44997 45610 43756 52247 45063 52907 44015 51277 44015 51277
36319 47769 41209 44509 36978 44509 41249 42839 42879 41249 41249 41406 41249 44509 39619 42879 39619 42879
31965 49895 43375 40115 38485 43375 40051 42027 40051 40051 40051 42027 40051 42027 40300 45005 40300 45005
48554 64854 56704 48491 55074 51613 50121 50121 51751 50121 50121 58334 50121 58334 50121 51613 50121 49983
32478 52090 40260 38911 38998 40225 42475 40897 41272 40487 37638 40591 39112 46571 38378 42223 40802 40219
39432 45952 45474 44322 43844 45952 42692 41446 45474 42692 45474 44634 45474 44634 45474 45952 43844 45952
31563 45017 37671 40721 39613 50949 36041 39615 36353 35675 39091 49319 38083 49319 34411 38083 43488 49319
34525 45335 42737 38753 40985 41314 41747 40718 41768 39193 37244 41924 40227 41924 37055 41576 37055 40383
34238 49815 44200 43295 45197 44924 42479 44924 43476 41664 38404 44924 37407 44924 39220 45740 39220 45740
37571 53175 45025 47351 40244 52768 47112 46307 40990 45025 45095 55173 42152 49508 43395 47351 43395 47351
37533 47313 42423 42423 42423 49701 46441 46441 41599 46441 40541 48071 40541 48071 46541 49701 41599 48660
29190 53019 47949 39196 37813 45783 44446 44219 44623 43126 41499 45182 41073 47413 37813 45379 39667 45715
40905 55966 44997 41116 44997 41809 45073 43443 46627 45073 39297 45792 43632 41859 41737 53147 41737 53147
42444 61946 47276 57114 47276 55484 49882 55308 52048 53962 49950 54772 47158 57056 45227 55007 45227 55007
44174 60497 53977 50694 44689 52324 53977 53977 50694 55607 49064 57237 50717 57237 49613 48769 49613 48769
28434 53971 40385 36540 36404 43421 38712 39481 40300 40525 39525 43558 41201 43743 35548 39987 39799 39438
30230 53364 43523 38881 38442 42957 39195 39132 43898 46719 39008 45653 39008 45653 42582 42582 40763 45278
31480 46961 39740 45122 39513 42005 40374 40851 42783 40374 38811 40785 38744 42247 40441 44830 40441 40625
46535 61205 53094 51464 53055 47093 51464 54724 51464 54685 51425 54724 53055 54724 51464 43833 51464 43833
33336 53059 45754 44909 40344 49636 45983 48464 44064 48006 41078 48857 40344 47206 41970 48006 41970 47384
42469 57139 50999 53879 48232 57101 54375 56005 51720 53350 51492 54069 48460 58012 48232 55093 48232 55093
36565 49840 40060 40962 39668 49605 43320 44611 46462 43653 40622 45792 43310 44274 40172 47975 40172 47975
39259 56573 48423 45779 45779 49039 47409 49039 47409 47409 45779 50669 47409 51683 47409 49839 47409 49839
34820 51024 44602 41194 40057 41390 41392 39809 42478 41489 39513 43613 39118 43020 39168 43368 39960 43812
31860 47595 39514 42223 40493 43217 41075 43453 41359 38681 41723 41588 40524 42419 37815 43637 40305 43404
35292 49782 41001 40269 41899 42544 39156 40067 45072 42392 39334 44426 41330 41507 40269 41988 41899 40914
31043 52005 43634 40642 39596 44670 40595 43317 39014 40057 37618 43904 38965 44947 40326 45751 40322 44670
39929 47394 49136 46449 38824 49136 46449 49709 46449 45302 44819 48562 44819 45200 44902 48079 47506 48079
31795 53721 41557 46426 39954 46105 41396 40229 44118 42902 40594 44037 40509 43574 41472 45543 39663 46803
33099 57486 49676 42628 43358 47203 43133 48811 44237 43244 45241 52970 42561 48833 44673 46931 42456 48159
39602 54272 44492 49382 40833 49957 46697 44082 44655 45137 47752 48397 46096 48397 44492 49382 44492 49382
41231 55901 44059 49381 42429 48949 49381 49910 49381 49381 47751 51540 47751 51540 47751 49381 47751 49381
35684 45464 42466 40652 38944 41748 40118 40118 39753 40118 38488 41748 38488 41748 40574 42204 40574 43378
39796 51206 43056 47946 52127 49576 44686 46316 55387 44686 43056 47946 52127 47946 52127 49576 53757 47946
28522 50511 39398 40606 37918 43505 39747 42722 39460 38826 39587 41225 38180 43330 38503 47612 35887 43926
33754 54895 46409 52636 44549 48191 43057 49415 46485 44931 48594 49821 43301 51451 43885 48191 42919 48191
37520 44141 44946 42867 38073 46576 43409 45670 41237 41237 41237 41237 39607 46576 44946 44946 43045 42958
34927 50961 43076 46764 42784 47292 47674 44370 41447 42595 42740 47460 43049 48922 44702 47460 44702 47460
33928 44616 43337 43337 43337 43337 41707 40347 38717 41707 37087 43337 37087 42078 36466 42078 36466 42078
33497 47191 41710 41647 39210 39871 48391 39210 42617 45708 36757 40803 36757 42433 42470 42324 38580 40102
30222 52760 38305 40508 39119 45638 40601 40133 39312 40350 38172 41722 38961 41482 38347 41463 39459 43093
28586 55734 44317 43485 38934 49356 41905 45549 41457 44361 42126 46795 43094 46566 42645 52046 41317 45985
30475 47998 39481 36995 35772 40293 39948 43721 39887 42129 36221 39948 40032 41578 37402 43514 37402 43514
41798 53208 48318 46688 43428 51087 48318 48318 48318 48318 46688 48318 46688 48318 46688 48318 46688 48318
44901 64324 53051 54544 50068 61064 56174 54544 52914 56174 52569 57804 49654 59434 49654 59434 49654 59434
33891 51821 43671 42041 37151 48561 43671 42041 43671 42041 42041 43671 38781 46931 37151 48561 38781 46931
42586 53996 49106 47476 45846 50736 47476 47476 45846 47476 44216 50736 44216 50736 46074 50736 46074 50736
34040 53930 44840 43560 39850 47290 47820 42890 47370 44130 42410 44970 41620 45750 45590 45360 41750 48110
31667 51227 39434 46615 39332 46615 39817 41764 42532 43077 39817 41848 40095 44707 38187 44707 38416 44707
31462 48003 38751 42588 36833 40711 38890 40038 38607 43641 36977 45854 38607 43306 38463 45991 38463 45991
33135 50334 42794 43482 39539 40878 40555 40879 40229 40414 40879 44364 41802 43013 39898 45756 39898 41170
44703 54483 56056 51897 47844 51493 49593 49593 49191 47963 57013 55383 57013 55383 50267 51493 54831 53123
52294 48051 43161 58814 43161 47805 44545 46175 42915 44545 43161 60444 41531 60444 43161 58814 43161 58814
29351 52422 44930 42988 38279 43790 39451 40874 42748 44274 41667 47350 39762 46789 40097 42089 41177 43099
40273 54649 46793 50236 51477 50824 48129 45163 40488 48129 45553 49194 42682 49194 42682 49194 42682 49194
34736 49687 39912 46269 41136 41881 42313 43943 42313 41659 40683 47096 44664 45573 41799 49529 41799 49529
44302 57342 50822 52452 47562 54082 50822 54082 50822 52452 49192 49569 47562 54082 49192 48431 49192 48431
35121 43271 40011 39370 37740 43271 40011 41000 38381 40011 36751 42630 38381 42630 39535 41000 39535 40011
47132 60898 53212 50119 52022 54378 51332 53379 50119 51749 53961 55009 50701 54378 49488 54378 51118 56912
40297 47775 51151 45387 49363 48329 39704 50357 44354 42249 43122 43879 42048 45509 47097 45387 40500 51550
38263 51303 41099 49530 46201 48326 46413 45066 43085 49319 41380 47900 47831 48326 47831 49319 41523 48043
29235 48741 37728 43314 39530 40356 39306 40322 41272 41245 42131 39447 37206 41950 37483 40848 35315 41605
46392 59622 51282 60346 52722 54938 57086 58716 51678 58716 50048 56362 52722 54938 53826 61976 53826 54732
29913 43283 41505 36433 37763 38316 42653 36686 35768 42653 37786 44765 37786 39081 37763 39081 37763 37857
35324 47617 41844 44357 40887 44357 42727 41844 43474 42727 41844 42727 41844 42727 41844 45987 41844 45987
28766 48535 37533 38397 38712 43790 38972 39547 40228 41588 37133 39598 39338 42903 37291 43800 37824 43844
39806 61102 48987 49586 46207 54475 49586 51547 47837 52846 46326 54476 46207 54475 46207 54475 47956 56105
44456 62386 55413 57640 50523 54400 54236 51140 49346 49384 52606 57496 50976 57496 52606 54236 52606 54236
32644 44232 38323 37568 35381 41877 38859 36236 39689 38477 40773 41274 37229 42578 37949 41648 36857 41648
32255 42160 35640 37270 35640 38669 39547 35640 35640 35640 39960 45280 34010 38900 35640 37270 34010 38900
33934 53099 44689 39544 40506 46654 36421 43913 41275 38785 40568 45769 39085 46290 37999 45905 37952 45668
33567 54754 48384 44394 39287 49864 41134 43925 43273 42764 42148 44974 38599 49864 40230 49864 38236 49864
31680 51188 45317 42315 38148 44853 39778 46218 50118 41099 45905 43843 38825 48934 40685 48028 43195 42005
34626 54086 41920 44775 42778 46340 49371 47566 43080 47842 43080 47842 44260 46340 42749 45356 42776 47114
31650 43060 41494 38170 40631 40461 40978 36540 39562 38170 39562 37201 38459 40461 39562 40525 39562 40525
39438 54466 49431 45040 43981 45679 44901 44686 49221 42134 44758 45819 46812 46388 45111 46174 51061 46740
40783 60343 48161 55453 47057 55453 48933 54452 53977 53823 50014 57941 50242 56311 47303 53823 47303 53823
36652 59472 48624 45424 44446 53691 47291 50732 48122 46578 41748 53039 41035 53691 43528 51468 44802 53368
30474 45214 38694 37692 34789 41377 37063 38745 37063 38371 36062 38745 36062 38745 33431 38624 33431 39322
38135 47577 41896 38799 39815 42283 41057 40976 44142 44444 38847 46188 38201 43462 40928 39832 40928 39832
31490 50800 41598 42430 41819 42133 40050 39170 40721 39877 39845 44060 39655 42212 38450 43449 38309 43167
44986 62916 53136 56396 51867 59656 54766 53497 54031 53709 52401 56086 51942 57716 51506 58387 51506 58026
32056 46441 40374 41836 38308 48018 38308 41836 38359 45096 36309 40560 35300 40323 38308 40157 39148 40323
33162 52316 45796 39682 42536 42942 41312 45796 42536 41312 37659 46202 37659 46202 38124 44572 38124 44572
30492 50692 43605 43322 40206 43107 42399 41905 46511 45095 39139 42828 42045 45024 39918 40274 39139 41904
29281 46540 40848 40071 33603 46693 36500 39400 38544 40459 38595 40020 36733 45063 36501 43433 34457 45063
34495 49203 44113 39809 45184 42819 41065 41487 40330 40243 41127 41861 42160 43590 42160 41960 42160 41960
34281 52211 42923 44981 45971 47313 44980 42922 43779 44381 45472 44061 48700 51982 44981 43889 41721 44482
39666 52706 46186 46186 44556 52089 46186 43033 48725 46186 44556 48626 44556 48626 47816 43747 47816 43747
29448 47078 39411 35882 37460 38961 36922 37331 38833 39540 35239 39325 38692 37962 36922 39249 36922 39249
37488 52158 44528 47268 40748 48898 44008 45949 42378 45638 42378 47579 40748 48898 41268 48898 40748 48898
30791 47594 43144 42955 37627 40886 41828 42957 40260 40637 36560 41827 39695 41448 39257 41512 37564 40574
36486 51156 44636 44636 34692 49526 40572 44636 40572 41335 37753 46266 37753 43770 36322 44595 39383 44595
33145 45045 41757 34892 40217 39422 38525 41295 36895 37447 39396 40412 37241 35817 41757 36522 41757 34929
34429 55945 45593 47581 40642 47162 46165 42314 41503 49425 42376 45984 40470 46188 41010 46905 41010 46905

