33934 33490 34094 33552 34174 35973 33571 34174 32743 31372 32583 32058 32583 31532 34094 34334 34094 35973
33567 34687 33807 33893 32058 32074 33067 34047 34001 34053 33921 33973 32138 34213 31514 34047 31514 34213
31680 35821 32000 30995 37140 33993 35101 35181 32000 41147 31920 34142 34631 33730 35021 32080 35021 32160
38135 38046 37486 38455 37486 37486 37566 38375 37486 37486 37406 37486 37326 37566 37406 38375 37406 38375
31490 32059 31259 31890 30400 30057 30137 31890 30560 32092 30560 31890 32299 31970 29836 30042 29836 30042
44986 46326 45146 45386 45455 45546 45375 45615 45375 45226 45146 45466 45146 45846 45226 45386 45226 45766
34626 36894 36254 34946 36672 35106 36254 34706 36254 36912 36174 36880 36174 36960 36752 34866 36752 34946
31650 32210 31810 31890 31890 31810 31890 31730 31890 31810 31890 31810 31890 31810 31890 31810 31890 31810
39438 37992 37432 39758 37352 39678 37512 39173 39333 40962 39678 39173 40962 39333 37352 39333 37432 39758
40783 41743 40863 41183 41023 41503 41103 41183 41263 41103 41023 41183 41023 41343 40943 41263 40943 41343
36652 37772 36972 36972 36356 37292 36812 37052 36732 37132 36812 37132 36892 37292 36812 37212 36812 37132
30474 31114 30714 30794 30794 30541 32420 32420 32420 32420 32420 30794 32420 30794 30381 30541 30381 30541

