34626 41012 34626 38504 34626 37691 38513 35439 38455 37857 37642 36736 37642 39896 34626 38504 34626 38504 34626 38504
31650 36401 31752 31650 32598 32455 32455 31752 31752 32455 32957 32557 31757 32557 32149 32557 32149 32557 31768 32557
39438 45360 39502 43649 37331 40320 38138 40341 38159 40320 37320 41223 37256 41223 37320 41223 37331 41223 37320 41223
38135 42744 38213 39936 38135 38290 32806 39116 37243 38290 36701 38367 33747 38397 37476 33141 38145 33141 38145 33141
31490 34599 31569 30123 31851 31566 33323 32499 32533 31548 32025 32803 32712 32302 31569 31009 31894 31566 31569 31566
44986 51740 44986 46050 44986 46745 44977 45770 45223 45673 44439 46308 44439 47226 44986 47316 44986 47316 44986 47316
40783 46907 40846 42380 41793 42889 41506 42809 41569 43257 41024 42631 41432 43291 40846 43291 40846 43291 40846 43291
36652 42155 36688 39766 36652 37026 36804 37258 38307 37578 36661 37525 36652 38042 36786 38602 36786 38602 36786 38602
30474 35048 30666 30630 30691 32708 32962 30640 32593 31035 30846 30668 30846 30668 30691 30071 30717 30071 30717 30071
33934 41322 33934 37228 34246 34042 32959 34700 35041 33899 31132 33979 37862 34867 34319 34867 34450 36457 34319 36457
33567 37692 33567 33814 33787 33064 33050 34123 33238 33820 33108 34076 33108 35533 31354 35402 31354 33265 31354 35402
31680 42444 31696 32401 35705 31180 33333 35563 32619 37123 31998 35579 31998 32317 35216 31801 35216 31801 35216 31801

