34626 44320 36564 40175 39483 41966 42480 38363 40523 43400 40620 42220 40620 41600 37945 43443 39348 46806 38240 42562
31650 38301 34953 36570 36564 37115 35994 34221 35925 36094 37132 37832 38036 37832 35782 39197 35666 38308 35199 36891
39438 47727 38687 45488 40691 45641 43220 45388 43280 44705 41918 42069 39847 43546 39773 43066 38687 45312 39773 44121
38135 39119 35002 36509 38448 36749 39728 43253 40644 38850 39240 42001 36865 37066 38448 36749 34514 36749 38448 36749
31490 34751 31237 38038 32290 36493 32608 34152 33398 34519 33820 36536 32174 35663 33314 39634 33314 39634 33314 39634
44986 54438 47025 52932 47008 52416 48624 49610 50331 49391 48447 51566 47914 52099 45638 53262 45638 53262 45638 53262
40783 49354 42694 48515 43629 47855 43833 46012 45443 46918 43707 47738 43707 46768 42282 47855 42466 48986 43531 47855
36652 44355 39203 42368 37573 41791 39189 39984 38655 40205 38024 41254 37573 41791 38585 42062 37443 42062 37573 42062
30474 36878 33179 34982 34692 33538 32992 32789 32475 33135 33751 34707 33751 34707 35419 35587 35291 38158 35576 38158
33934 39335 36620 38633 33979 36119 35160 38347 33758 37032 40203 34175 34386 36047 38410 39151 35320 39151 35320 36136
33567 39656 34124 37781 34369 36421 35917 36228 35576 34844 38256 38972 37219 36421 35159 38454 36353 39025 36465 37076
31680 43344 36161 38845 33535 34715 38279 33421 38975 37888 34105 41621 40002 40137 40809 39971 41700 38768 41700 38768

