34626 46335 36319 41087 38343 43380 39071 38215 38991 44804 37555 41824 38300 42371 35993 48747 35779 48747 35779 48747
31650 40041 32712 36452 35545 33253 34550 33013 34895 37517 35595 34296 35545 33415 35595 36738 33463 36738 34954 36738
39438 49896 38517 45057 38442 43423 44154 44695 37583 40398 37057 42275 37189 41940 38555 50037 38555 43422 38555 43422
38135 40899 38554 39948 35691 36504 39574 42028 36902 34778 40237 39214 36348 41768 35691 36504 37938 36504 35691 36504
31490 36330 30940 34900 31551 33592 32307 33108 33156 35792 32286 34447 32278 35848 30281 36084 30281 36209 30281 36084
44986 56913 45600 53391 47155 53283 48391 51248 48110 47550 46762 51810 46762 52483 45797 54340 45184 54340 45857 53283
33934 41359 35007 38852 35681 38044 34726 38912 33120 37682 34817 38194 33939 38802 35681 39639 38260 38118 35681 38010
33567 42470 35464 36817 33277 39992 36435 34393 35252 35701 35521 38298 35843 39688 34589 40467 36149 40270 34589 39471
31680 38580 32676 41328 41531 34032 30838 38171 32469 39526 37462 37161 32846 39650 35545 41739 36347 35390 33131 34339
40783 51596 41473 47149 42675 51488 45764 46536 46662 44030 43258 47083 44177 47907 42025 49278 42025 49278 43212 49278
36652 46371 37126 42012 38294 43007 39151 40319 37828 40295 37487 39934 38900 42691 36904 42959 36904 42959 36772 42959
30474 36301 30778 38652 32938 31712 32174 35189 31522 33794 32129 32421 32129 32421 30217 35220 32856 36757 32938 36757

