34626 84343 50709 67036 55441 68622 54319 54230 61709 63876 55802 63914 56060 71820 49870 65617 48414 70363
31650 65741 59240 45446 45485 61773 54399 46921 46880 46241 46846 51116 42951 60187 44422 50472 45294 50472
39438 88603 59283 61407 61113 61407 65917 60344 61761 64228 61042 62306 56592 71439 61195 75325 65917 65230
38135 79363 54185 50214 51181 54149 53088 56473 50988 52278 48213 62931 46306 61963 52923 61513 47403 56703
31490 94523 56322 62385 57873 68093 57296 57181 63641 60727 59129 64709 63312 64991 55288 65474 54254 59142
44986 98611 59611 69361 54736 83240 64486 77842 66749 64486 59611 76947 59611 81822 56999 79261 64636 74236
33934 85549 55963 49140 52708 67188 52334 54867 51149 52003 47832 66753 56629 66753 52708 61380 54451 64164
33567 109155 64174 65479 49624 85124 66894 68161 66857 64192 61982 63594 53790 80611 51273 77911 60769 80450
31680 92628 61241 58914 52420 66804 58795 58794 51801 67821 46995 60482 55297 66064 51524 64222 51524 51870
40783 99283 54577 74908 55408 84658 65158 70033 70033 68962 59866 85015 54337 85668 55408 79783 59510 79783
36652 102885 70908 62936 56212 86172 57704 69293 55675 69293 50269 83634 49817 83918 56152 84334 56152 79459
30474 76049 51286 47732 44797 61460 51710 56585 51710 46835 46835 53069 46835 53069 46411 54342 46411 54342

