34626 39182 36707 35451 36707 35451 36982 34901 36982 37110 36707 37385 36707 35176 36707 35176 36707 35176
31650 33575 31925 31650 31925 31925 31925 31925 31925 31925 31650 32200 31925 32200 31925 31925 31925 31925
39438 40332 40917 39713 37582 39713 37582 39713 37582 39713 37582 39988 37307 39988 37582 39713 37582 39713
38135 40191 35119 38685 38135 37716 34683 38410 34408 37716 34408 37716 33747 37991 38410 38685 38410 38685
31490 34299 30066 31765 32322 31227 31522 32040 32597 31375 32322 32315 30167 32040 32322 32040 32322 32315
44986 48011 44986 45261 44986 45811 45261 45261 45261 45260 44986 45536 44986 45811 44986 45811 45261 45811
33934 39985 34958 32146 38916 33017 32493 35508 36070 34138 34433 33800 33463 34075 34246 34759 34521 34759
33567 37417 33567 33319 33768 35665 33137 31904 33137 33594 32862 33869 33319 35448 31354 34392 31354 34392
31680 37994 31955 31955 32230 31439 41102 34727 32230 32178 31955 35002 31955 32230 32230 34727 32230 34727
40783 44083 41058 41333 41793 41883 41333 41608 41333 42618 41058 41608 41058 41883 41793 41608 41793 41883
36652 40502 37202 37202 36652 37477 36409 37202 36927 37477 37913 37477 36652 37752 36927 37202 36927 37477
30474 32674 31024 30221 30749 30517 30771 30749 30771 31024 30242 30517 30242 30517 31024 31024 31024 31024

