34626 69507 38689 45651 38689 48811 41009 39785 41009 45975 37465 51519 37465 45071 38689 42750 38689 42750
31650 57375 38446 38347 36156 38446 37818 38095 37818 38446 33160 40510 36156 39000 35325 35449 35325 35449
39438 75403 43114 49055 40140 43255 40919 43319 40919 39992 40133 45018 41911 48764 45012 45089 45012 45089
38135 67208 36582 37166 38128 39677 42257 41939 40132 39677 35356 44516 39031 42706 38451 45485 38451 45485
31490 79321 37203 34225 36020 42665 44357 40174 38567 40447 34892 41199 33238 39365 36020 40541 36020 42515
44986 85411 51067 48661 44986 56011 51067 51067 51067 55265 47392 52336 47392 56011 44986 56011 48661 56011
40783 84883 45220 48133 45124 55483 49215 51808 49513 54663 44458 54711 49441 55483 45124 53521 45124 55483
36652 91124 45782 46431 44772 52122 46431 44002 42756 47203 42756 47260 44772 50935 40743 44002 40743 47677
30474 66182 35849 32367 35849 35366 38165 37317 38165 35849 33726 37936 33726 37936 38359 37824 38359 37824
33934 73549 38358 44274 37548 43840 41346 45708 40975 41037 40975 44215 37548 45334 35431 44959 38233 44959
33567 84870 39952 41219 36568 50116 41837 40494 41837 42379 37474 46054 34030 49729 34487 44592 34487 44592
31680 77028 38720 34020 34173 46891 37267 37950 40691 39237 37016 45444 35045 44470 34795 39606 34795 37950

