34626 55657 39387 40026 39387 40026 39387 36426 39387 39328 34884 41960 34884 42799 39387 38226 39387 38226
31650 44250 33450 36472 34672 33450 33450 33450 33450 33450 34974 38574 34281 35250 33450 33450 33450 33450
39438 56336 41027 45305 40632 37132 40632 39994 40632 41057 39145 41794 38832 43139 40945 41339 40945 41339
38135 49107 36644 37166 38191 35927 36580 40064 35933 37733 35933 37733 35281 37081 37146 41735 37146 41735
31490 53569 32270 31550 34009 38092 38643 36904 36157 35527 36157 34587 33477 37984 34009 35090 34009 36890
44986 64786 47317 46786 45517 50386 47317 47317 47317 49640 45517 48586 45517 50386 45517 50386 46786 50386
40783 62383 42583 44383 43042 49767 46167 46183 46167 49038 42583 46183 44367 47983 43042 46183 43042 47983
36652 60132 40252 41161 41022 44622 42822 40252 41022 42052 39183 42052 41022 43852 38868 40252 38868 42052
30474 46574 33974 32274 32274 32464 34227 33567 34227 34755 31767 33567 31767 33567 33449 34074 33449 34074
33934 54799 41153 38028 36737 36726 35543 40083 37167 35412 39602 36417 35045 37531 41407 39334 38973 39334
33567 56880 35946 35594 33154 40354 34954 34954 34954 36754 35718 41190 35718 40354 35173 38967 35173 38967
31680 53228 36367 32695 32079 40491 39207 32438 33265 36925 33170 37193 33170 35781 31370 35393 31370 32438

