34282 68022 36743 41871 36261 44442 41128 42353 38456 42032 35836 39522 35836 41822 34443 44279 34443 41448
36124 61653 35066 40409 37499 43025 34971 45364 38930 35586 36931 46604 34641 46604 34449 45364 31972 45364
34019 65035 41455 35950 38676 45111 41455 39259 41455 42438 38570 44499 36610 44499 42438 41879 42438 41879
35812 58858 35812 35812 38432 41053 41052 41052 41052 41052 38432 43672 38381 43672 38151 41052 38151 41052
35623 67063 38243 38243 38243 46103 40863 40863 40863 43483 38243 43483 39430 46103 41560 43483 41560 43483
35171 74611 43807 43463 37791 45651 44046 40411 40410 41189 37791 43225 38815 48271 40411 43327 40411 45651
36319 52058 38939 34775 36866 41151 36413 41559 37246 36866 37349 39486 34294 39486 36319 41559 36319 41559
31965 60785 37205 34585 34264 43531 37205 39825 37205 37205 34521 39825 34521 39825 37205 39825 37205 43531
48554 74754 53794 51174 51174 47073 47073 53794 47073 47073 51174 53794 51174 53794 53794 53794 53794 53794
32478 61983 35098 35725 35621 35728 38393 38444 35621 38088 34057 38036 35254 38564 37718 38444 37718 38862
39432 50136 39640 42052 39656 44672 42052 42052 42052 44672 39640 44672 39640 44672 39640 42052 39640 42052
31563 50793 34183 43149 36821 35385 43149 34183 34184 34184 34597 36803 34597 36803 36821 34183 34183 36803
34525 63577 34035 33855 32482 36042 34343 35843 34306 40746 34306 41266 37385 39724 33575 42385 33575 39765
34238 53569 41388 36858 36858 43004 43004 42098 43826 40384 41206 39478 38760 39478 41930 42098 41930 42098
37571 63075 48680 40191 41490 45037 46220 42603 50905 39982 39565 41142 40191 42950 41490 42603 39288 42603
37533 53253 40153 39329 43181 39329 41949 42773 45801 41949 43181 42773 43181 42773 42475 42773 42475 42773
29190 66034 33841 36962 33182 42264 38304 37050 35074 36722 35667 40564 33466 44215 32975 37050 32975 37050
40905 58256 37743 48765 39469 41230 43717 46145 39064 39370 37054 41990 41097 41990 39007 48765 39007 48765
42444 73826 43835 45577 42899 51534 47435 47684 47435 48914 49090 47626 45342 50304 44655 47684 44655 50304
44174 61716 43123 48047 50077 49414 49414 49414 49414 52697 46794 49414 46794 49414 50077 49414 50077 49414
28434 68821 36567 33812 33585 39278 32817 35122 36610 34715 31960 39371 34853 35075 37562 37832 35075 37832
30230 69293 37351 36740 31896 37477 38167 37588 38843 36598 35784 39093 35784 35834 33790 37588 33790 37588
31480 57668 34394 37669 34204 41097 35901 35271 36590 38521 34615 38697 34322 39997 34967 39776 34967 39776
46535 70115 44183 49155 41563 41563 51775 51775 51775 51775 49155 51775 49155 51775 41563 51775 41563 51775
33336 65929 38898 41196 39584 42349 39819 43037 39819 42439 37199 43816 38070 46436 39584 43037 39584 43816
33891 62711 33891 36511 33891 41751 39131 39131 36511 39131 33891 41751 33891 41751 33891 41751 33891 41751
42586 60926 45206 42586 42586 47826 45206 47826 45206 47826 42586 47826 42586 47826 42586 47826 42586 47826
34040 67820 37060 39920 34420 40680 38560 38280 37460 36980 34880 39680 38820 44040 34400 39440 33620 39060
31667 63107 34782 35178 34287 44767 36907 36907 36907 38646 34287 39527 34287 44767 34287 39527 34287 39527
31462 57903 34082 33726 36702 41724 34851 37208 34851 41724 36554 39322 36554 37593 36702 37208 34082 37208
33135 63458 36631 35893 37585 39717 36421 38375 35518 36956 38700 38602 34244 38375 35383 38375 35336 35982
44703 60423 46579 47323 54191 52171 51829 47323 56811 51829 46921 49943 46921 49943 44703 47323 44703 47323
52294 54981 41881 54914 39655 54914 42275 54914 42275 54914 39655 57534 39655 57534 39655 54914 39655 54914
29351 69376 32454 38040 35042 38281 36763 34179 37039 41763 41039 42143 34594 38451 34903 39383 33557 39383
40273 62569 46468 46849 40273 45270 44229 45513 42893 45270 38218 49469 38218 45991 46468 45513 46468 45513
34736 61322 37642 41009 37359 39232 39536 39976 38185 40895 35768 43784 35768 43784 37359 42596 35768 46668
44302 65262 44302 49542 39747 52162 49542 49542 45783 49542 45783 52162 46922 52162 44302 49542 44302 52162
35121 48221 38309 37741 35121 40361 39720 39720 39720 40361 37100 40361 39479 40361 35689 39720 35689 39720
47132 71788 52372 52372 49752 54992 54992 54992 54992 52372 52372 52372 44589 54992 49752 54992 49752 54992
40297 57675 38863 41483 35843 55626 40847 48157 40294 50064 43633 41876 40294 41876 34174 39256 34174 39256
38263 59223 38263 40810 38263 43430 50092 43503 43575 46832 40955 43503 38120 43503 38263 43503 38263 46123
29235 61599 35447 31184 31800 40276 37605 36835 37605 37503 32416 38067 34061 35036 32725 35756 32725 34576
46392 67542 49012 51822 50566 49202 53186 49012 53186 51822 49012 51822 50566 51822 50566 51632 49012 51632
29913 52193 34427 33355 34063 35861 33241 33776 35975 35153 33355 36396 33355 36243 34063 35153 34063 35153
35324 54713 40564 35532 40564 40457 40457 38152 37944 43077 36371 43077 36371 43077 40564 43077 40564 43077
28766 61466 31386 31339 32964 36833 34214 35944 34214 34582 31803 37357 31803 39453 33482 35944 33482 35944
39806 75376 42426 45810 42426 47665 50286 47666 47547 48310 41708 47666 47666 50286 42426 47666 42426 47666
44456 73813 52316 49696 44528 48614 49696 49696 46228 52316 46228 52316 46228 52316 47076 49696 47076 49696
32644 56216 32585 36791 36466 36511 39633 36627 36020 37332 37828 40448 37828 41487 34439 37884 34439 37884
32255 49090 33370 30750 33370 35345 33370 35990 33370 35345 30750 37495 30750 37495 30750 35990 30750 35990
33934 62999 41973 42107 36493 39620 39236 42543 43093 41973 37858 37371 35745 39991 37359 41794 36866 41794
33567 68360 36014 38054 36452 44454 36594 37329 36594 39214 33974 43973 34942 46112 35617 41427 35617 41427
31680 63158 41416 36367 32942 42951 35785 37007 40627 36352 34906 38833 33990 40869 32063 36441 32063 37007
34626 63857 36561 42486 36561 43671 41244 37675 41244 42574 37481 41026 37481 41906 36561 39866 36561 39866
31650 49990 35281 37292 35101 35281 34270 34270 34270 35281 34974 40214 35101 36890 34270 34270 34270 34270
39438 63019 39156 46945 39085 40288 39864 39297 39864 40785 38731 40572 39652 45599 38731 42979 38731 42979
40783 72223 43403 46023 43046 51263 46023 48643 46737 51498 43403 50491 43403 51263 43046 49301 43046 51263
36652 73331 43672 43621 42662 46064 45282 41892 42662 44512 40408 44512 42662 47132 39688 41892 39688 44512
30474 50671 33095 33094 37413 34104 38347 35207 38347 34794 32683 35207 32683 35207 34116 35714 34116 35714
38135 56487 37464 37400 36070 37400 40147 40884 44019 39890 36366 39890 36921 39541 35851 43375 35851 43375
31490 63928 34038 32370 35649 41547 39902 36730 36248 35731 33628 38034 34333 36565 35649 37376 35649 39350
44986 73806 48957 47010 44986 52846 48957 48957 48957 52100 46337 50226 46337 52846 44986 52846 47606 52846
32056 58961 35784 35332 34676 36540 34826 36086 34826 35230 32508 39916 32508 38302 34676 39916 34676 39916
33162 61226 37646 35782 34864 41022 38402 35852 40266 41022 37646 41022 37646 41022 37646 38402 37646 38402
30492 60162 37647 40697 34957 35590 37083 38352 36656 35307 33037 37929 33037 37927 33464 35732 34957 37009
29281 60308 31435 31901 31729 37366 34521 34521 33798 33605 31178 38106 31178 36158 31729 37141 31729 35176
34495 61762 36009 39735 36002 40040 38622 39967 41453 34883 39437 39742 36817 39450 36002 39967 37577 39967
34281 64083 40504 38921 49072 44051 39793 37173 41484 51692 37173 42686 37609 42413 37884 39793 37884 39793
39666 54164 39666 39666 42286 50295 46151 42286 42286 50295 39666 53550 39666 53550 42286 42286 42286 42286
29448 56928 32014 30773 30988 32857 32220 37308 33302 32328 33302 37624 33302 33822 30988 37308 30988 37308
37488 61068 40108 37488 40108 45348 42728 40108 42728 45348 40108 45348 40108 45348 37488 42728 37488 42728
30791 60227 32098 33774 37713 33999 35968 34451 37113 40674 34493 38842 34026 37522 32784 39732 34104 39732
36486 60066 39106 39106 39106 44346 41726 41726 41726 41125 36369 41125 36369 41726 39106 41726 39106 41726
33145 51858 36335 30002 34597 36393 33715 35765 39013 35976 32907 36335 32907 36335 33985 38385 33985 41005
34429 62891 35615 40438 37049 44798 40438 38235 36896 42178 35206 42289 35206 44909 37049 39669 37049 42289
42469 66049 45089 47709 45124 49681 47744 50329 47744 50212 45124 50329 45124 52790 42469 50329 42469 50329
36565 61964 39970 39185 39169 42687 38818 41148 41805 41693 36213 41805 36213 42014 36814 39185 36814 41805
39259 68377 44499 39259 44499 50037 43235 41879 44499 50037 36634 43235 36634 43235 44499 43235 44499 43235
34820 67601 33891 38331 34378 39472 38977 38925 38977 36701 36013 39472 36013 39472 34280 36850 34280 39470
31860 60236 39720 33433 36301 41788 36249 35724 38124 37474 37647 38547 37647 38547 34955 37100 33158 38996
35292 68189 39773 39015 36629 36770 38500 41635 36629 36123 36629 41221 36629 39915 35931 41635 35931 41635
31043 64875 37096 36554 33979 38675 32171 37096 37096 37096 36733 38992 34476 41523 33979 38903 33979 38903
39929 55314 39929 35420 36974 45169 45169 42549 45169 45169 42549 45169 42549 45169 36974 42549 39929 42549
31795 66968 34415 40822 39127 41579 37261 37035 36527 37377 34378 37227 34378 39655 34511 37035 34511 37035
33099 73590 33125 43166 36393 42552 35859 40959 40695 40545 34843 42525 32853 41623 35746 42085 35746 40959
39602 63182 42222 41396 44842 44506 42222 42222 42222 44842 39602 47462 39602 42890 44842 43857 44842 42097
41231 57018 43851 39169 41231 43918 43722 46471 43851 43722 40415 48729 40415 48729 41231 46471 41231 48729
35684 50583 38304 41981 41981 40468 44601 44601 44601 40468 41981 40924 41981 40924 38304 40924 38304 40924
39796 58136 39796 42416 49857 45036 45036 42416 42416 42416 39796 45036 49857 45036 42416 42416 42416 42416
28522 71040 34429 34926 35032 37778 34667 34488 34667 33546 32309 40495 32421 36166 31142 34488 31142 38219
33754 71118 38797 38995 38333 44011 38994 40314 41027 45556 39926 44991 39926 44991 38333 44991 38333 44991
37520 60737 33267 33632 36705 37518 38964 42760 40138 36521 36974 42760 36974 45380 37428 42760 36884 42760
34927 58219 38695 38943 41178 43544 41243 40167 38552 41243 35932 41243 35932 42787 38695 40167 38695 40167
33928 51546 36548 36817 34939 39437 36548 39168 36548 39437 35105 39168 35105 39168 34939 39168 34939 39168
33497 54121 38401 34087 36117 38737 38737 37976 36707 38737 36707 41021 36707 41021 36117 37976 36117 37976
30222 61829 31137 33008 34589 37625 33922 34964 33922 35421 31967 35296 33093 35502 32135 35338 33966 38456
28586 70816 35365 38437 35861 41011 36612 40206 39233 36587 36162 39375 37632 40924 32798 42826 34081 38932
30475 59856 34930 33634 33951 38580 37550 36326 37550 37550 33951 36449 33951 36449 33951 35715 33951 35715
41798 60138 41798 47038 41798 47038 47038 47038 47038 47038 44418 47038 44418 47038 41798 47038 41798 47038
44901 76204 47521 50141 47384 52624 50761 48141 47521 50761 44901 52761 44901 52624 50004 52761 47384 52761

