34626 149593 67537 96977 67395 106186 78421 73973 72746 85242 73791 96642 68503 96642 68556 86533 68556 89046
31650 117941 82835 62526 55124 106541 72341 66455 62526 62450 55124 82155 55124 95141 55124 77697 59354 77697
39438 160449 89500 85323 78808 96156 100192 75339 83269 88863 67691 108760 82632 86880 86880 97571 98280 84756
38135 138541 67088 88101 69474 98598 71798 72270 77088 70830 68183 98985 60784 93371 69474 79153 69474 79153
31490 192547 85952 87503 73847 107060 83884 85340 83508 83602 87221 116674 86093 95284 83132 97492 82051 97492
44986 169864 77917 101986 65174 128665 89765 99374 87974 78365 67786 111147 67786 122547 67190 104447 67190 112565
33934 155102 84461 71753 82717 109064 76172 108818 77420 83776 60913 96730 58048 92747 71317 112615 71317 97660
33567 233056 100769 103342 71610 136274 79984 118949 89479 90494 89732 111245 72716 132106 71574 125454 71574 122519
31680 176574 93363 98426 65829 117247 89022 100081 90593 89022 70770 89457 65934 111480 67895 95070 67895 80435
40783 179128 86548 97783 74983 133528 92493 97783 109183 110728 74983 118146 73912 122128 74210 110728 66899 122128
36652 209787 98827 81599 71515 149998 92998 103568 74971 104398 71090 122573 65113 138598 73595 129513 73595 114968
30474 119554 70049 57798 69198 82043 69115 72935 72935 65863 72935 71916 72935 71916 58819 82043 58819 70643

