34282 57255 38650 53605 42440 49583 46258 45877 43698 48165 45013 54028 42440 52920 39834 56565 41134 52655
36124 47824 35540 45232 38456 50794 41238 49634 49058 41762 38126 52840 42146 50658 38456 50794 40766 51763
34019 57350 40842 53426 42400 53720 50613 50922 50897 49040 45204 51755 42584 53926 38798 55960 39233 53211
35812 59810 45578 53048 45052 57929 47676 50274 50274 50049 44408 54034 45052 57929 45052 57929 45052 57929
35623 59495 42759 55225 42551 52567 52347 47800 49734 52347 46034 53259 42551 55868 48236 51898 48236 53330
35171 57288 40058 55586 40378 57487 45155 57868 48275 45478 43860 51884 42129 54537 42230 53125 42230 53125
36319 48401 40225 45393 38253 47254 39478 46352 49463 39038 39129 48864 40274 48125 38268 45228 38268 45228
31965 55199 44169 48201 38019 51422 50391 43569 50090 50391 50090 44299 50090 44299 35342 51422 35342 51422
48554 70096 49281 73695 49370 74471 52818 58974 53596 52818 61016 56126 61016 56126 52083 80269 50153 64491
32478 55117 39483 46094 37829 44291 40018 46117 45756 41331 41607 42288 37650 44982 40655 43739 35668 46128
39432 65853 50360 61998 46764 65853 54931 50619 50420 54931 53572 63652 53572 63652 53572 65853 46764 65853
31563 49549 38497 49593 41739 44144 38573 40922 41248 42601 41468 41972 44734 41972 40178 42656 35924 42656
34525 53684 39081 46417 44319 45751 39804 43360 43120 45190 38723 49242 42651 52517 37435 42573 35218 51807
34238 57181 40077 53234 40589 56691 46681 51900 47855 48379 42731 56691 41787 56691 42896 55845 42896 55845
37571 59961 42613 57990 44612 69217 45265 53005 54613 51864 46856 63636 44013 63017 39309 56554 37506 56554
37533 72116 52611 59473 53983 57714 60090 47200 52064 60090 56163 55007 56163 55007 46535 56198 47037 61735
29190 51821 38748 42076 37173 44494 39169 39536 39635 41900 41366 44461 38637 42372 37823 42930 34582 48394
40905 56156 43126 48337 42047 50118 49954 47043 40842 42529 43708 48457 44430 50170 43308 50530 43308 50530
42444 67369 44350 65944 47361 63537 57786 59718 56343 62277 54463 59465 49683 60699 45212 65719 45212 65719
44174 79258 53691 68917 47085 70659 65344 62320 62320 57564 57005 63327 52355 63327 44480 68917 44480 68917
28434 48325 35844 40908 39615 40465 35766 37693 41454 38272 41359 37452 37767 38155 36162 40259 33623 41029
30230 56249 34788 48682 38408 44761 43070 40250 46197 48461 40566 44905 40566 44778 36844 48470 38251 47109
31480 51503 38664 44921 41228 41021 40103 45100 42486 40103 41250 42507 41277 43366 37756 44825 37756 43460
46535 65039 54958 51761 58187 59311 60361 65049 55201 61471 58843 53813 59746 53813 52331 59311 52331 59311
33336 55677 39606 48442 44810 50084 44429 45266 48964 45207 44505 47325 43588 48091 42110 47815 42110 48440
33891 56602 38246 52247 42371 48122 43769 46000 45609 43880 46835 46746 42985 47834 38299 52194 38634 51859
42586 68358 55040 59363 52069 59984 55775 58654 51984 55627 49164 59984 49164 59984 51009 64679 51009 64679
34040 58855 38727 44272 40695 44426 41102 46538 42933 42746 39180 48542 39095 43057 37042 44543 36081 53596
31667 52890 35874 50451 39195 44923 41999 41833 44726 43460 39367 45912 39195 49126 37349 48696 39181 49477
31462 51829 38123 47062 40967 46458 40816 40989 44380 49541 42931 50934 40098 53823 42577 46458 42577 46458
33135 54876 34944 48974 40839 46524 40935 42665 43308 42246 41441 42631 38574 42405 36886 45441 37910 45284
44703 74656 53500 70459 56174 70158 76926 59784 68624 69528 60398 71060 60398 71060 59271 68264 56174 67933
52294 66226 45948 59933 51645 66226 59933 59777 45948 59933 49849 66226 50712 66226 51645 66226 53552 66226
29351 48968 36955 39110 34765 43105 37943 43479 39693 37434 40549 38761 36122 41301 39387 44123 36497 43860
40273 69490 42317 69992 45753 65824 54505 45820 44552 56700 46023 59877 46980 59877 42876 64033 42876 64033
34736 57154 38359 55306 42648 54452 44876 49917 47760 44500 44879 47761 49497 48017 44221 53679 44221 53679
44302 62957 51095 61963 48957 69334 51873 60329 55501 57206 57046 63992 54408 63992 49433 63349 53859 63349
35121 58655 45600 51142 44615 58655 50667 55093 45857 50667 43006 57584 45943 57584 41649 55093 41649 54899
47132 71762 54165 78461 52979 65232 57344 61164 53687 58040 59345 62950 53040 65232 48744 65232 49693 68447
40297 56284 45739 56963 45967 57084 49440 54493 44049 62297 54259 65759 41412 52717 37782 68101 52444 52431
38263 66624 40516 63774 46192 62899 53235 59291 49162 57892 43045 59438 45630 62899 45630 58285 42158 58285
29235 48832 30805 48812 39822 42900 41130 44478 38780 39533 41342 40281 39567 40077 36735 41660 33597 42596
46392 77796 54571 71413 50498 70078 60669 66773 62349 66009 56564 74226 50498 70078 55716 73892 54571 72074
29913 54046 38644 46332 39461 51865 47563 41089 40945 47563 43046 52138 43046 48482 37324 51865 39732 50839
35324 63191 41974 53524 46125 54553 49099 44351 44351 49099 43086 50128 43086 50128 45474 54789 45474 54789
28766 47431 32093 44740 36957 41760 43377 36579 38593 43185 39807 42392 38202 41263 34482 44554 38065 47505
39806 72481 48956 65138 44784 62870 56756 54569 53804 55852 50240 58700 44784 62870 44784 62870 53829 65878
44456 73601 51389 64666 54386 62055 56997 55215 53041 60448 54128 64241 54075 64241 49682 68634 49682 68634
32644 49134 38608 43363 39450 47387 42473 41783 38755 42473 42439 43592 44762 44859 39988 45884 39033 45884
32255 51356 33897 48256 42636 42550 39670 43630 41315 41108 41123 44176 41123 44307 42636 44176 36801 45305
33934 55636 42651 45756 40473 53585 42397 48207 43146 42820 45285 46714 40195 48466 40591 50690 37366 58530
33567 52368 42320 49986 39745 47363 43204 42215 46146 46681 47401 41801 38949 47363 39828 47363 41793 47363
31680 58437 40383 47615 39778 48149 38168 43406 42619 38298 39052 41607 38066 50805 38182 49931 37711 50655
34626 61059 41661 53649 45111 59061 53660 46603 47610 51554 47597 55442 44985 51079 41784 58510 43622 52713
31650 52860 40860 47341 44900 45797 45216 38906 43465 45823 41012 45163 43258 45797 39888 48361 39888 48361
39438 63152 43400 60352 48348 53501 51791 47755 48782 49278 48124 53269 45821 56104 45097 56953 47162 54018
40783 68115 44328 65444 48898 65419 52987 59641 55645 60345 50204 60781 50004 59867 46641 63565 46641 62653
36652 65871 43377 55926 41912 56937 48105 48921 44404 50132 43811 52831 41912 56937 43714 56937 42815 55053
30474 49483 46011 49205 43898 46533 41841 46119 40192 41841 41467 43378 41467 43378 39923 47420 39923 47102
38135 57977 42274 49251 38650 47652 39853 56902 49180 45764 39522 49167 42833 53718 43870 55387 42549 50283
31490 49063 35892 43284 37905 42139 38482 42805 40288 40799 38164 43008 36325 44488 34461 43535 34428 44463
44986 75131 50240 71779 51435 68682 56585 63212 61020 61347 53135 63518 51435 65218 49786 69585 48540 73479
32056 53539 37327 48268 40846 51073 41701 40638 38412 49620 42290 41171 44088 43544 40846 51073 36264 50752
33162 55384 43057 47976 40577 50463 45801 46579 47927 45801 41544 55384 45067 55384 38046 54037 38046 54037
30492 57795 38708 46856 37003 46885 43412 42487 41655 43308 38661 45964 43068 41704 46750 48430 45210 47508
29281 45969 33644 45266 37692 41708 35892 42630 38626 37764 41512 39669 42760 44906 39190 39614 34883 39873
34495 53745 36426 49239 39690 44827 40910 44001 44276 50341 37815 44201 38550 49842 38359 49541 41012 49541
34281 57255 44446 52812 44795 53530 43600 46129 43274 45370 44954 53446 46428 55501 51710 53018 46515 49784
39666 68622 49072 51783 46958 55402 58058 52266 54862 54174 53977 59877 53977 59877 53638 59508 53638 59508
29448 48917 33920 40192 36361 41697 36897 38179 39869 37408 34890 38473 35930 42116 37528 41578 37528 41578
37488 62611 44987 59074 42978 57121 49771 49708 44327 50609 47118 52407 42978 57121 44241 57121 42978 55089
30791 54256 37159 48218 39707 42825 38974 43561 41032 38789 41442 45561 40449 41224 39089 46810 41895 43828
36486 55154 43504 46313 43591 48937 45612 44132 41930 42535 43668 45212 40917 43809 37841 50146 37841 50146
33145 49507 37477 44885 40916 42462 40719 45966 37964 39597 39607 40610 42718 40610 39019 50864 41938 47614
34429 57501 39926 56269 40052 52628 47373 43534 45044 55628 42595 52053 40630 55363 39863 49534 39863 52556
42469 73586 51681 70129 47463 72616 58159 60242 60139 58312 59022 66438 52111 70152 47463 71908 47463 71908
36565 53294 40273 53654 39165 56191 46078 46116 43747 44538 42583 49521 40928 49521 37549 49105 37549 49105
39259 63293 48221 60188 51859 64852 56000 50178 54429 56000 53257 57563 58987 53070 53648 64852 49025 69475
34820 55355 37287 47568 37425 46971 41735 43809 44289 46490 40486 44321 38232 48357 36719 48362 37731 46745
31860 51297 35842 47664 38433 44372 41117 41399 39485 40681 41296 39946 41497 40997 36226 47028 35446 48345
35292 48726 41083 44843 41071 46304 45479 43304 44066 42204 41653 45900 39612 46304 41043 45117 38874 44948
31043 51844 36479 47047 39162 45834 38071 45976 38430 40211 37663 41454 40353 40965 34671 41454 35005 44986
39929 65179 44708 57109 45599 52855 49966 56521 46904 46277 41496 56723 41496 54811 42949 58868 42949 58868
31795 50591 38695 45375 39619 47870 41081 39388 41030 40155 40989 41823 40220 39707 36234 45924 36534 48111
33099 50637 40027 44908 39516 45681 37361 44703 42588 39685 41742 45554 38903 45091 41501 45432 40482 46379
39602 66138 42917 63827 42922 62821 54715 53080 50270 51485 50914 58460 50914 54557 41913 57243 41913 63827
41231 64596 41999 58543 43642 60978 55978 53784 51471 55978 50549 60978 50549 60978 45155 59465 45155 59465
35684 58833 48726 53090 46462 52963 48926 49354 51717 48926 47375 53268 47375 53268 44988 53358 44988 58833
39796 66462 42250 64008 54119 65749 52614 56571 62431 52614 44149 62109 54119 61318 45638 65749 47379 64008
28522 47203 31532 40169 33998 42277 39550 37685 37212 37159 37641 38463 33484 45286 33898 45725 34617 42573
33754 57193 42741 54129 41801 50966 48449 48268 49363 51860 45805 51113 41175 52772 41133 50966 41744 50966
37520 57682 38758 55192 42715 57405 50528 42835 48106 45379 43442 46228 46020 49137 37132 46671 37677 49794
34927 58454 43308 55199 42984 55665 53497 49439 43405 46847 42403 61057 44131 67998 42984 55199 42984 55199
33928 56662 42429 55875 36885 54243 45633 49234 44978 45633 44687 50664 44687 61045 48233 54243 48233 54243
33497 55943 39189 55092 46701 50086 45241 46091 45867 45241 44390 48461 44390 55526 49649 49235 41469 52201
30222 50054 35748 42105 36408 44214 40314 39712 37448 39745 37844 40283 38432 38383 34812 44519 33297 44519
28586 52696 35417 45984 38108 44247 38621 42096 42077 43563 42119 45113 43129 48133 39533 43395 37438 45322
30475 51307 37894 44619 35934 53598 48691 42572 45080 45934 44261 43702 42053 54788 39722 53598 40927 53598
41798 69806 48335 63269 44984 67633 52250 59208 59208 52250 47231 53936 47231 53936 47231 64373 47231 64373
44901 74762 52113 67595 48231 68183 62652 60572 56736 60249 58378 62514 50774 63700 49480 68183 49480 70046

