34626 54657 39832 45125 39879 47212 42997 41321 41959 43360 45383 45060 39960 46760 39750 49363 40260 49363
31650 43550 36750 38450 39281 41021 38450 34221 38450 35921 38072 37621 37581 39435 38072 40945 38450 40945
39438 55236 48151 49143 44471 46099 45391 44399 48011 42344 47020 42770 45532 49214 44682 42912 51551 44611
33934 53799 42397 39054 35095 44280 37641 47435 41625 41047 35654 41334 37829 40275 35095 43968 45281 43557
33567 55734 41989 43254 38586 48749 39854 46770 41116 43686 39416 41554 40661 48934 40327 47234 36886 46832
31680 52028 40960 48754 39458 40842 40128 45188 39038 37235 39720 43432 37086 42542 37188 43327 37188 45027
40783 61183 44183 52683 46442 56083 49283 54467 52767 49912 47583 57011 48178 57093 45883 54383 50438 54383
36652 60452 46852 44735 42168 52406 44144 47068 45922 47107 43452 51338 40408 52168 43452 52722 43452 51061
30474 45774 38469 34642 34384 39235 35835 37782 35835 35664 36426 37194 36426 37194 33711 37274 35069 37274
38135 48207 43256 40933 38481 43042 38288 39707 40181 40547 38288 44978 39320 43882 40546 39127 40352 43191
31490 51969 37875 39285 37820 43876 42082 40241 42857 39011 38063 40976 40507 42582 38024 42207 38532 41126
44986 63686 50086 53617 50517 57840 51786 52217 54199 51786 50592 54722 50592 56422 50086 57781 50086 55186

