34626 159593 58995 89577 60156 107221 70021 69635 66023 90242 53280 89726 53280 84226 64346 76597 64346 76597
31650 125941 75435 50104 46479 88741 63941 67945 59333 64848 53126 74755 58124 76341 52221 79589 52221 79589
39438 171449 67859 77639 71187 90039 93792 67283 68992 69063 66797 89960 59778 85569 91172 73169 91172 85569
38135 147541 58752 63074 52093 89553 63978 65203 70892 71076 61138 92650 63784 104985 61074 65203 61074 65268
31490 206547 78552 67092 71032 110722 72019 81090 71690 84419 63896 96349 67938 96349 65870 75074 65870 75074
44986 180864 57386 82186 67174 123265 81365 105717 79574 81365 67174 104747 67174 109447 67174 109447 67174 109447
33934 166102 64039 70512 72880 103664 65717 91018 68841 68893 57998 78117 54127 98684 73636 91330 73636 95125
33567 250056 62394 80954 62107 145274 67835 91469 69969 76207 57314 93319 59314 116886 57568 95567 62902 118154
31680 189574 82622 80300 68411 124472 75647 90581 76888 75647 60405 82052 64436 111297 56585 81280 68519 81280
40783 191128 67283 90383 64512 141528 79528 100821 90383 89908 77983 114766 65583 118393 64512 120355 64512 120355
36652 224787 80027 83286 59968 135198 85598 120191 79316 98059 59968 105357 63648 130157 61690 98652 74090 98652
30474 127554 60798 49249 57658 79827 54003 67167 64535 66912 64535 75916 64535 73795 57658 81688 57658 81688

