34626 56407 40311 46000 39671 48650 43872 40644 47220 45296 46258 47355 40901 50841 40756 48584 40251 48584
31650 44775 37275 39150 39981 42421 39150 34921 39150 36796 38422 38671 38106 40835 38422 41995 39150 41995
39438 57161 49270 50018 45696 48707 46616 44461 49061 46338 46228 44493 46407 50439 46228 49983 47571 45416
40783 63283 44533 53908 46792 57658 50158 55692 53817 50962 48283 58761 45635 58668 46408 55783 51138 55783
36652 61182 47902 45610 42693 56386 45019 48293 46797 49360 44568 53029 40794 53918 44152 54297 44152 52636
30474 47174 39519 35167 34734 40460 36710 38585 36710 34835 34835 41804 34835 41804 34411 37974 35769 37974
38135 49782 44024 44468 39181 44092 42153 44601 41056 40921 42153 46028 40020 42866 41246 39827 40537 39181
31490 54769 38750 42599 37339 45451 39638 42782 43732 43346 38938 42885 39591 40991 38938 40343 37434 42176
44986 65611 50611 54667 48736 59240 52486 56842 52049 52486 50911 55947 50911 57822 50611 59006 50611 56236
33934 51128 42922 39754 35445 45505 38516 49808 42500 41747 36004 46375 36875 46375 35445 45193 45981 44370
33567 57930 44563 44479 39461 52871 40729 44805 42341 46319 40466 42741 39461 55241 40694 48555 36482 51745
31680 54128 41670 44880 38250 52054 41003 46585 39026 40502 40604 46510 38509 49057 37888 50179 37888 49531

