34626 40656 35520 38185 38725 40164 36975 38153 37191 40822 36812 37945 38842 37945 37395 40273 37657 42280 37657 42280
31650 36085 32805 34930 35275 35821 34851 31746 33588 32994 35297 33090 35688 36287 33096 37197 32885 36731 33096 37197
39438 44965 38136 45176 40017 40023 39836 41688 41629 41266 38790 41135 38760 42028 38860 46109 38136 46108 38136 46108
38135 42375 37901 37206 35122 40781 38877 35661 39193 33319 38551 36286 35122 34745 35122 40781 38081 40781 38081 40781
31490 37406 32143 36164 32683 32439 31509 32678 34065 34314 32454 33894 31170 36662 32771 32884 30259 31936 32771 31473
44986 51291 45635 49428 46335 49292 46952 46989 47622 46984 46335 48593 46335 48949 45472 50286 45472 50586 45472 50506
40783 46498 41067 45131 42736 45498 42816 44048 43890 44666 43119 44073 43119 44548 41783 45498 42118 45856 42692 45498
36652 41790 37378 40424 38081 39784 37358 38244 37559 38851 37122 37724 37182 39724 37202 40883 36084 40883 36815 40883
30474 34746 29849 32111 33500 30871 32125 32822 31780 31554 31625 34593 31625 34593 31514 36055 31312 36649 31510 37018
33934 37272 34824 37225 34443 36161 34470 36737 35555 37344 34707 33733 34707 34579 32892 36161 32892 36811 32874 37070
33567 38275 33894 35158 34509 36980 33933 34413 34938 34342 34699 35568 34509 37043 33123 37672 35521 37892 33123 37672
31680 42071 34614 36631 36712 30736 31515 37204 36190 42131 35066 43407 35946 31702 34446 33135 34599 33135 36472 33135

