34282 53828 36157 49016 39526 45045 40624 39679 40386 40275 38847 41542 38787 40941 34781 47148 34781 44475
36124 44960 35290 48829 36099 50725 36645 44734 41777 45878 39844 50395 34281 48440 33982 46807 33982 53551
34019 53915 38620 43176 37319 55386 45864 44267 46106 46208 43581 43131 38003 50469 37471 49946 37471 49946
35812 56229 37831 43101 37412 52039 45906 43926 45259 46325 43126 45601 37412 51315 37412 48725 37412 52039
35623 55934 40381 50180 36936 50040 44079 42364 43816 44783 42043 44524 39124 44700 36936 47121 42047 47121
35171 53858 37439 49007 38854 53478 42470 47023 46049 39948 41016 44064 42349 47739 37634 48018 37634 49064
36319 50487 37916 43309 34990 48097 37061 46677 43400 42920 41934 44006 34990 44006 34990 40909 34990 45983
31965 50189 33270 40692 32626 44985 40666 40592 40410 40666 38913 42345 38913 42345 33270 42409 33270 42409
48554 65898 45901 72014 47602 59270 47229 52467 53387 47229 45977 53093 45977 53093 47602 61177 47602 61177
32478 51820 35702 40601 36490 36698 35737 41010 39277 37274 35013 39915 33760 42227 36490 41987 36490 41987
39432 61911 45377 58631 41097 61911 48065 46655 44854 52619 45377 57396 45377 57396 45377 53146 45377 53146
31563 49558 36067 39560 36073 40398 37886 50877 36289 35889 38000 38348 38000 43114 34712 38763 34712 38719
34525 50470 31385 41686 34019 42335 39330 41575 38493 41646 38119 42953 32424 47852 34299 39657 34567 40898
34238 53759 43176 47044 40290 53476 43235 44464 44713 44954 40013 49345 39636 49603 36657 53476 36657 53476
37571 56371 39280 47020 38711 54363 44187 49342 44672 54719 49694 51326 48154 53313 38800 49669 39280 49669
37533 67799 40332 57456 41574 52833 52718 46804 49231 51364 46587 53243 46587 53243 41574 53970 46212 59335
29190 48716 32518 40950 31367 42629 37073 36343 36252 37583 36184 39702 37103 38743 32647 36927 32647 37572
40905 52792 40043 49401 38562 43729 43650 44393 37705 39771 36581 42606 35682 43210 35755 47160 35817 43111
42444 66642 42871 59624 47808 59289 51849 53286 53919 55213 49146 50878 47808 56271 40403 56590 40403 58521
44174 74512 43543 66401 49355 66705 55946 53374 53374 55946 50334 55818 50439 54305 43543 66401 43543 66401
28434 45644 29862 37841 34329 36329 35268 38022 37326 38358 36596 31021 35773 36513 32074 34375 30932 34297
30230 52882 34012 46864 35141 43297 38277 41104 41863 36036 37689 44094 37689 44094 34426 43515 34940 39108
31480 48142 34779 39086 36795 39608 38835 41046 37695 36933 34908 37125 38172 37967 36152 46769 33393 46769
46535 73063 48631 46770 47234 55759 55262 57091 60650 47392 56307 47103 56307 47103 48631 59604 48631 51082
33336 52344 35360 45675 38871 49016 41067 40102 39787 41295 41669 43185 41038 42967 38501 44579 38816 44236
33934 51329 38434 42664 39649 50709 41550 43774 38681 37369 39100 40353 36721 42400 39649 47713 39649 43741
33567 49233 34667 41885 36646 44029 37712 37886 38148 39791 38726 42611 38516 43426 36532 41854 36532 44211
31680 54937 39566 44902 35314 50172 36569 44512 43890 35225 36382 42405 36564 40111 34261 43087 34261 44057
34626 57404 38267 48939 38729 49761 45606 41008 42360 45464 39493 47882 39493 49059 37330 45126 37330 48584
31650 49694 33933 41942 39070 39351 38124 35708 38627 38531 40134 40314 39070 40255 40134 39361 38209 39361
39438 59370 37408 53489 41285 49880 44582 43389 42892 46572 44037 46453 44320 47748 40021 45346 38469 49879
40783 64035 41582 54475 44851 59967 49719 53154 53426 50044 46105 53647 46355 56103 44843 54984 44364 58807
36652 61928 38324 47780 38677 51592 41995 45763 41758 46608 40022 41418 39466 49450 38617 46763 37368 50536
30474 46521 32022 41452 40299 41724 37751 33919 38969 40456 40275 35245 40275 35245 30994 39066 30994 36058
38135 54508 34295 47312 37090 43798 41087 42333 44214 39701 42925 44013 34919 45441 34120 47652 34120 47652
31490 46125 32386 39159 33055 39052 36343 40575 38509 37329 36451 39784 34456 40929 31525 43171 33109 43171
44986 70635 46306 65716 46433 63403 54235 60257 52943 49369 50048 60430 50048 61877 48178 61062 48178 64356
32056 50334 31836 44281 33906 46834 37451 36238 42494 35834 36540 38292 35627 40793 34493 37176 34493 38326
33162 52068 36392 40609 40682 47881 40787 41314 39409 43916 47621 45218 47621 46604 36965 44443 36965 44443
30492 54559 31891 40259 35293 39355 39233 37575 37318 36067 39164 40063 41509 36950 34058 37539 34058 38446
29281 43217 30108 35909 30623 37924 33986 32065 30534 33978 33640 32365 33926 36873 29503 37054 29768 42282
34495 50526 47694 40783 37419 42307 36438 48328 38903 36477 34569 38365 33438 43906 40994 40590 40994 40547
34281 53827 37859 60324 47754 47695 42818 43449 43732 48112 40772 46346 52670 44886 49218 45472 46604 48044
39666 60361 42566 52127 42566 51854 58246 45900 46081 49576 43819 49549 43819 49549 42566 51968 42566 50346
29448 45990 29691 36013 31938 35186 32452 34192 33957 35988 32169 36468 34634 36468 30167 39828 30167 37775
37488 58860 38953 50903 43332 54190 47937 44165 43306 45128 42554 46461 39679 44917 42158 52119 42158 52119
30791 46574 35608 37609 37653 41726 37314 35041 34829 36875 36907 39236 37063 38029 33877 35237 33877 39902
36486 48058 38508 40898 34900 42865 39033 37012 40226 45716 38114 43834 38114 43237 36360 39089 36360 42303
33145 46543 34733 39951 35093 37091 35172 38215 36733 39611 36194 38523 40522 34220 37859 42618 37859 34918
34429 54057 39121 46813 38987 44441 44324 43980 44444 42155 38170 49614 36574 44681 36474 46638 36474 49614
33891 53214 34937 44191 33891 45476 38260 40966 37500 39162 40110 38572 37119 42391 34414 43149 34414 47136
42586 66863 49274 53051 46794 58796 47966 51672 56333 51528 48182 58796 48182 58796 45057 56978 45057 64764
34040 54892 32775 39893 34770 50055 37031 39509 34874 38965 35873 42215 37812 41627 37023 40732 34121 41590
31667 49724 32972 41745 36525 43319 39431 38868 37921 39589 38707 39752 36240 41289 32223 41418 32223 40961
31462 51514 34284 40305 35099 46076 40256 37748 35749 42433 34516 39492 34285 43130 32697 41538 32697 39788
33135 47294 33172 40535 35655 40858 37915 39327 40594 39500 38487 45320 35695 41684 32799 41179 32345 41938
44703 70187 48465 63328 55777 65324 61778 56339 59016 61778 61012 57789 61012 57404 55486 60913 55486 63328
52294 62260 41157 56906 47049 62260 51552 51420 52990 56906 50412 59484 44034 59484 47049 62260 43054 62260
29351 44519 31980 37693 32315 39048 34980 33356 35671 33630 36416 36401 32903 38704 32127 36537 32127 39138
40273 65331 42777 59290 45855 55277 48609 44844 42049 52254 42811 55093 42811 55093 45855 56135 41367 56135
34736 53733 35284 43341 36774 42598 39660 40115 39639 41260 37188 40700 37188 51418 35743 43500 35743 50691
44302 69558 46121 59669 46639 59884 58000 45208 48269 59234 47619 50126 52807 61053 45925 50126 45925 57093
35121 55142 37673 44391 36275 51781 43728 47267 42840 45222 40893 45935 40893 45935 38556 48144 38556 49588
47132 67465 51598 62560 45125 60724 51228 51561 51285 47858 50098 60615 49302 58813 45103 61897 45103 65267
40297 52916 35721 61188 36520 60915 51627 51563 38713 58921 40734 43167 36702 44118 36831 42759 35607 45193
38263 62634 38263 53342 44987 54756 46556 48239 45212 50036 40301 55649 43978 52890 39534 50340 39534 54069
29235 44525 32572 38520 30907 40332 32073 32988 34453 37550 34652 38663 30907 37931 34140 36822 34140 37840
46392 73137 51864 65186 53718 70327 56245 63113 58029 62323 53108 70327 49701 63275 51864 64375 51864 70327
29913 50810 32357 43212 37067 41566 38610 35341 39264 44753 41531 39472 39386 36613 35158 39815 35158 41656
35324 59406 37956 46667 37755 49409 47656 45933 45933 47217 41818 48293 41818 48293 39787 48293 39787 52057
28766 44344 30108 38765 33186 37388 35296 31838 35508 36435 34514 36243 33920 35932 30202 37054 30202 39166
39806 68141 42539 57422 45950 59428 48065 52365 47928 50898 45505 53321 43729 54377 41255 57585 41255 55674
44456 69194 46439 49599 42729 51058 52242 53300 52708 53839 48949 57095 48949 61231 42774 56830 42774 59469
32644 43444 34987 44415 34802 42297 42935 40660 39380 35010 34692 34492 37768 44276 34332 41824 34332 41824
32255 48282 33389 39575 40863 40228 36181 39001 34465 36381 34611 34737 39575 38169 35899 36942 32038 36942
42469 69180 46768 59250 45488 65159 50139 55047 49945 53908 46702 55207 46702 64341 48763 65159 48893 65159
36565 50104 38165 45733 33892 46286 39948 42752 39200 38460 40319 42677 39392 46470 38237 44846 34545 49418
39259 59504 44863 47357 43180 61860 49587 45853 45229 49477 40456 56985 40456 56652 43533 52399 43533 52066
34820 49790 33400 43713 35242 42404 36358 38627 37419 42574 36244 40972 36879 40394 32574 46000 32574 46000
31860 48226 32065 38329 33137 39300 37163 34568 36878 37303 35543 35701 35094 35701 33280 39385 33280 40887
35292 53909 33143 40575 36838 47499 36443 36928 39985 36092 37852 38254 36565 40741 38772 39962 39176 39962
31043 48742 32202 39069 34568 39842 34739 43074 33199 40604 33884 37323 34568 39064 36201 46929 36201 42546
39929 61277 39170 56006 36084 52698 42747 49277 45772 49041 43024 42966 43024 46687 36879 53390 37674 53390
31795 50632 33203 37394 36246 36762 36241 35343 35480 38132 34962 38660 34962 41061 34688 44117 32641 44117
33099 49732 34499 41045 34039 41045 35749 43319 44734 39513 37237 40256 34039 42146 34379 43319 34379 43319
39602 62179 40405 54598 40926 53898 48131 50841 45047 49565 40636 51500 41407 53402 41568 53402 41568 55349
41231 60729 40289 48807 39169 54444 50095 44711 41241 50095 43759 53061 43759 53061 39505 53061 40793 53061
35684 55310 46196 44956 40222 50316 49265 49629 43916 49265 41140 45582 41140 45582 39026 50316 39026 46986
39796 62483 41883 54202 47843 61877 44374 54069 53297 50701 52085 55010 52085 55010 49594 57299 49594 57299
28522 50947 29652 39165 36131 38939 34657 32644 34213 37549 33978 39834 34864 33348 31822 41981 31822 41619
33754 56459 36860 53881 39692 52385 43415 47126 39160 41640 37241 47617 39692 48148 37110 45489 37110 47105
37520 54227 34017 43188 36501 44394 41835 45289 41321 45803 41024 48438 41024 46178 33965 50743 33965 50743
34927 54954 37419 49405 39558 56952 41029 48104 42366 44224 40286 50398 40671 50398 41327 53025 41327 55641
33928 53271 36666 49154 34607 51213 42579 42316 41016 43887 43510 45635 43510 45123 34607 51213 34607 49402
33497 52593 38197 45938 44253 50134 43185 41009 43329 45829 38700 46228 38700 46228 35956 42470 35956 46223
30222 47059 31656 38611 32895 36787 35722 35349 35736 34697 34147 36063 33071 38300 30848 41473 30848 37728
28586 48220 31734 39890 36424 41399 35556 37462 38045 34758 37789 37708 38435 38806 33218 48096 34645 48087
30475 51598 32972 42545 32773 50851 40873 35939 38878 39693 38668 38355 34873 41725 36681 41158 36681 46385
41798 65626 45265 55588 42954 57539 43893 49813 49813 43893 44326 50752 44326 50752 42954 56527 42954 55588
44901 70284 47497 61475 47713 63481 49877 51764 51056 54635 49129 55500 46062 60596 46062 62399 46062 62359

