33891 43724 35777 41838 37562 40053 37380 38613 38965 37694 39495 38072 37828 39787 35799 41816 35944 41671
42586 54939 47802 49723 46691 50834 48170 47210 46654 47135 45433 50834 45433 50834 45438 52756 45438 52756
34040 40046 32723 37964 37437 38953 38443 39515 34442 36939 35528 36876 36382 35201 35319 36493 33975 37801
31667 40856 33488 39035 34927 37596 35259 35877 37758 36725 35001 36218 34927 37596 34128 38872 34128 40417
31462 42326 33749 39608 35122 38323 38493 38591 33476 34678 32622 38308 32622 36368 33536 41436 33536 41436
33135 40656 35438 39436 34626 36173 34760 37580 36516 35474 34945 36197 34820 36047 33655 39618 34126 40244
44703 57670 46618 56234 64855 71807 62241 54821 58953 59039 66117 55833 66117 55833 48386 59705 53564 59705
52294 51157 47477 62887 39905 51157 48432 48366 50929 54695 42191 51157 41787 51157 39905 51157 40020 51157
29351 37433 31190 35013 33747 34092 35258 33705 32991 31638 34101 36420 32597 31115 33846 32954 33132 35622
40273 53679 42960 52632 45121 50847 52914 44011 44122 48142 40706 48273 45510 48273 45341 50072 43542 50072
34736 44814 37146 44895 38173 46186 39101 36972 41369 38437 40122 40041 41941 43830 38277 45444 38277 45444
44302 57153 47243 55401 46317 55138 51272 51240 49556 53584 49819 52825 48630 52825 48002 51837 48002 51837
35121 45308 39657 41693 38868 45308 41850 43903 39768 41850 38058 44481 39806 44481 39101 43403 39101 42482
47132 54145 46418 51099 45663 54168 48388 50279 47042 48926 49533 51052 47281 54168 45422 53902 45833 60689
40297 45836 42025 44852 40879 53170 41547 43048 45165 52570 40172 54070 35543 51280 43273 44115 37430 41378
38263 49363 38840 47677 43182 49463 43622 45253 42396 47411 39950 48460 44374 49463 44374 48460 39949 47677
29235 37722 29535 35315 32519 33187 32351 35429 33817 34808 35963 37120 31903 32693 34361 33915 33023 34986
46392 60095 48870 56613 49723 56709 51873 54516 53300 54185 50796 57041 49723 56709 52796 57597 52300 57617
29913 43032 36752 39635 33511 43292 41761 37646 38179 41761 37291 42138 37291 41761 33257 43292 35724 43292
35324 48812 37781 46805 40135 45073 44890 38814 38945 44890 38397 43158 38397 43158 38130 47353 38130 47353
28766 36438 30173 35606 31826 37205 34590 34015 32180 34591 33096 35119 32833 36475 31511 33872 33832 38527
39806 55217 43429 48175 46256 49791 45589 46197 45865 46600 48669 47833 46256 49791 46256 51760 46256 51093
44456 57353 41156 59102 48755 53359 49921 49822 48173 46403 48643 53301 48620 53301 46719 55090 46719 55090
32644 37955 34626 36715 41927 36054 34872 40012 35141 34432 35146 35492 35231 40724 35575 38212 36982 38212
32255 41613 32092 38329 35896 34525 32512 34192 35304 33370 35241 37966 38711 35180 35896 34525 36840 37051
34282 44228 36212 42600 40907 41930 38955 40386 38332 40345 39200 40543 39839 43100 39387 41894 36731 43661
36124 37126 35574 41326 37234 40327 32010 46389 40101 34020 36347 46058 36721 44066 37234 40327 34388 38983
34019 43889 35711 42484 38219 45469 40672 42125 40834 40012 39650 41134 35084 42675 37891 44346 35486 44985
35812 46201 39737 43274 36626 45387 40948 42073 42073 41975 39533 43701 36626 45387 36626 45521 36626 42615
35623 49658 38713 45736 42838 42960 41676 43761 40740 41676 41294 41786 44697 47408 38935 47996 38935 45802
35171 49314 36832 42747 37531 43904 41712 41845 44553 41979 39090 38422 43196 44073 42705 43026 42705 43026
36319 43534 38010 41579 34502 42411 38487 38388 41532 37609 38924 39089 39908 37191 35818 39713 35818 39713
31965 41241 35628 38470 34587 38619 36938 40986 40428 36938 40428 37682 40428 37682 33836 39957 33836 39957
48554 54148 45058 51837 45096 52373 46668 49332 49333 46668 46350 56592 46350 56592 46350 52373 45515 51382
32478 40144 32493 35689 35263 43029 34999 37871 36165 35080 35475 36341 35274 38640 35343 43109 33925 39100
39432 50869 41800 49200 40131 50869 46141 42460 42460 46141 42491 49169 42491 49169 42491 50869 40131 50869
31563 40720 35540 42041 34313 48453 36423 39987 39710 33576 39937 46804 37133 46804 40248 47473 38121 47473
34525 41470 32993 40108 33035 39701 33926 37362 37756 37792 32780 35687 34173 37018 34751 35868 33613 38143
34238 44170 35947 43272 39453 44472 38967 41884 41211 40359 38429 44472 37430 44472 40452 43592 40452 43592
37571 46319 39430 46411 44298 52701 44640 38943 47021 46354 43762 50192 44389 52701 40095 45947 39833 46209
37533 55707 40162 45926 47857 50028 50836 47048 43602 50836 42646 48301 42646 48301 47857 48560 41181 45889
29190 36858 33149 35604 31086 35914 37781 35252 33688 35069 34309 35634 34938 35402 33169 37998 32241 36860
40905 49640 38686 39199 43096 41887 40205 47289 36119 43920 37276 38926 42116 41887 38307 48436 38307 48436
42444 54758 41307 50835 44198 51026 48399 48594 49299 48136 48574 51526 43964 51026 41162 51427 41162 51427
44174 56988 46277 58524 47584 55639 52417 51108 51068 50918 48767 52465 45078 52465 46277 54885 46277 54885
28434 36515 31196 34797 35315 32231 34022 38452 38812 38007 33748 36198 37138 31274 32758 34713 30264 38950
30230 39003 32848 36295 35959 40293 37724 37253 40157 36989 37446 38610 39083 38555 32248 39088 35089 40372
31480 39786 34639 36376 38887 37440 36713 40520 35907 36713 36526 36408 33679 33671 36203 40232 36203 35187
46535 60035 49280 53647 51580 47362 49385 53648 52937 53001 51863 43436 52254 43436 48142 45816 48142 45816
33336 43011 34732 38988 39537 39835 37062 40081 37773 37246 38273 40972 39537 40020 38747 39835 38747 38826
33934 42175 34684 37057 35934 42018 36375 39284 35207 36556 36054 38403 35198 41939 36880 44460 42822 42672
33567 40452 36272 39690 38086 38349 37184 37270 37184 39139 36746 40506 36217 38349 36965 38349 37045 38349
31680 39341 37845 41061 41847 38212 34901 40783 41403 43992 40693 43297 38586 41979 38476 41531 35112 41531
34626 47250 37864 46800 40351 44023 46138 39378 39637 46737 41921 48276 40208 43518 41137 44023 40405 47132
31650 40831 35980 38442 40149 36316 37619 35038 36383 37785 38068 38919 40149 35377 37060 40319 37060 40319
39438 47778 40631 44675 42374 47758 44201 41411 40190 46250 40670 44039 40916 45109 43217 44098 42846 44097
40783 52614 43036 51458 45578 50544 46679 49519 47216 49251 44819 49886 44819 49044 43319 51386 43319 50587
36652 47288 38959 44726 38591 44154 40788 42538 40009 41882 39408 43322 38591 44154 39108 44154 39321 44619
30474 37019 34402 34556 34646 33964 33939 34232 33226 34136 35756 35672 35756 35672 36620 37922 36620 36814
38135 47948 38775 38398 35381 40692 40704 45570 37483 39168 40030 39140 38052 41555 40892 44340 39319 39606
31490 37049 31748 39129 35133 36536 36633 36614 33908 36436 33669 40854 35340 37178 32099 35494 31884 39013
44986 58037 47801 55958 47895 55245 50427 51930 51541 51381 48814 54670 48078 55406 47507 55590 47065 56413
32056 41357 34339 39082 32883 42421 35556 37364 35974 39761 32366 40305 35349 43005 32883 42421 33782 42547
33162 42782 37446 39575 35825 40652 38634 38970 36256 38634 35341 42782 35579 42782 42896 42199 42896 42199
30492 39887 33528 38751 33464 36577 36177 35478 39018 34998 37214 35558 40496 34278 34628 39388 33435 39388
29281 37383 30627 35934 31595 33964 30923 33475 32014 31597 34682 32937 33021 32538 31949 36455 30956 37536
34495 41517 50352 35721 42584 35930 34869 36113 34575 36503 38552 36200 37404 35755 37404 35930 37404 36514
34281 44227 36531 41901 41123 43502 39415 38887 40991 40996 40677 39824 51497 48884 44117 40838 41868 42738
39666 53009 43739 42661 42824 49970 48435 48428 47465 46753 46314 46163 46314 46163 45716 46986 45716 46986
29448 35848 31709 34868 31569 34200 32995 35602 34662 31855 30163 33173 32550 32482 29446 32006 29446 32006
37488 48364 40188 46832 39865 46048 42805 42383 40449 43168 39365 43551 39865 46048 42395 46048 42395 46048
30791 44094 31953 41740 35296 39160 35493 34176 36741 35008 33605 33691 35130 33957 34959 34921 33904 36425
36486 47071 39525 45107 36024 46767 42982 42047 38001 41440 35970 42515 34999 40813 37725 41644 32840 41644
33145 38243 32527 35785 35899 35396 38570 38695 35349 33883 33188 36378 35088 36378 35537 36046 37019 34639
34429 44419 38147 42797 36465 39306 39702 40685 37150 42055 38463 44381 39306 41360 35676 42717 35900 42717
42469 56843 47963 55347 46051 56940 53465 54367 51668 53532 53839 51154 48192 52112 44777 56117 44777 56117
36565 41171 37695 38420 34969 45037 42830 41883 42103 38505 36531 41249 35731 41249 34352 47314 34352 47314
39259 49020 42533 46113 47479 45974 47417 49398 47987 47417 47479 47390 49959 44960 47479 47755 45478 47755
34820 40847 32995 38774 35742 40024 36355 36173 36684 36312 36963 38203 37176 38341 33515 39661 34948 37854
31860 40267 31985 37827 34805 36147 35511 35433 33779 35164 37250 35255 36122 36175 32896 37462 34374 38966
35292 44294 37048 37623 35949 39027 35152 36761 36054 37176 38479 39047 40462 37590 36389 38440 35450 38440
31043 39756 34975 40884 34144 37183 32475 37298 35947 38043 34618 35280 35319 37431 35488 35280 34197 36816
39929 51512 46479 40394 42284 43171 44259 47112 43782 47950 43021 49210 43021 47135 37519 43293 45718 41155
31795 39952 34659 39563 35515 41261 36734 34310 35969 35967 32526 35298 36550 35666 34771 38547 36529 38766
33099 42996 33671 38431 33622 37434 33831 36993 37154 34933 39456 37141 33089 37274 32993 38748 34364 37528
39602 51091 40603 50090 42034 49056 45546 44152 42737 44642 44500 47208 46096 47208 40603 50090 40603 50090
41231 49897 40394 48817 43765 48331 46167 44458 47154 46167 46755 48331 46755 48331 41760 50230 41760 50230
35684 46036 41677 42339 38694 42905 41157 41343 39649 41157 40178 43037 40178 43037 38885 43335 38885 45446
39796 51340 40859 50277 49705 51031 45345 47058 53815 45345 41681 49455 49705 49113 49705 51031 50459 50277
28522 41135 33857 32951 31598 35193 32851 32468 35225 29845 35701 33442 32680 34513 30048 32548 31288 36336
33754 46390 36709 43318 41333 42502 38344 41501 45864 39419 38862 43237 36138 43990 36992 44571 36992 44215
37520 48407 34933 43582 34582 38198 40957 38941 36008 43582 44229 40771 36379 39614 33487 44957 34281 47114
34927 45059 40207 42542 40880 48422 41446 45233 40649 41102 41412 48422 40745 48422 41109 47773 41109 47773
33928 43770 39248 45066 38264 42723 39959 41633 39163 39959 39037 42555 39037 47265 41759 42723 41759 42723
33497 47800 35375 47077 39551 39792 48424 40293 42561 44112 37062 42045 37062 40965 40828 42468 39348 41595
30222 39849 31061 36346 32931 35882 35747 34686 35594 35098 34445 33573 33813 32758 32744 37327 32744 37327
28586 40995 32050 39695 39360 38307 40834 36481 39517 36481 32994 39722 34992 37281 38645 37676 31193 38812
30475 41684 36393 39854 35412 36612 39003 33808 38719 35015 37334 36027 35397 36879 34238 36612 35412 36612
41798 53924 44629 51093 44408 53336 44629 47641 47641 44629 44151 48376 44151 48376 44151 51571 44151 51571
44901 57756 48026 54650 46266 56254 52511 51610 49949 51471 50464 52452 47367 54313 46807 55713 46807 55713

