34626 44941 37450 38870 37450 37701 37586 36999 37586 37457 37644 38870 37644 42472 37450 38024 37450 38024
31650 38825 32675 31650 33506 32675 32675 32675 32675 32675 33279 33700 35244 33700 32675 32675 32675 32675
39438 49332 40252 43755 39082 40463 39082 40463 39082 40286 39082 41488 38057 41488 39082 40463 39082 40463
38135 42577 35869 40185 37416 39216 38570 39289 35158 36183 35158 36183 36828 34756 39160 40185 39160 40185
31490 42502 32459 32515 32459 34123 33804 33540 31792 33595 30767 32488 32929 32778 32459 33540 32459 34565
44986 56261 45767 46011 44986 48061 46161 46011 46161 47315 45136 47036 45136 48061 44986 48061 46011 48061
40783 57988 41808 42833 42403 44883 42833 43858 42833 43428 41808 47738 41808 44883 42403 43858 42403 44883
36652 51002 38702 38719 36669 39684 38659 38702 37694 39727 37634 39727 36669 40752 37677 38702 37677 39727
30474 41909 33963 31499 33285 33546 32017 32017 32017 32351 30992 32017 30992 32017 29797 32524 29797 32524
33934 43471 40378 37696 37359 37883 33993 37758 40564 40372 40063 35300 35521 36325 39506 37009 38260 37009
33567 49025 35267 34819 34518 39415 33404 33404 33404 37077 32379 38102 36067 39415 31354 36642 31354 36642
31680 43928 33421 33902 39932 42808 34453 36977 33730 31862 32705 35643 34927 33730 41327 34618 41327 36977

