34626 78843 39214 52372 39214 49214 46436 41085 42890 40952 37857 44502 37857 47403 39214 48047 39214 48047
31650 62021 40396 38997 36806 40396 37580 39395 37580 40396 36579 41603 36806 40396 35975 36749 36071 36749
39438 82553 43764 44118 40861 43905 43628 44619 43628 44542 42141 46318 45818 50714 42141 46389 42141 46389
38135 74413 37232 41170 35812 42722 43557 42589 40977 40977 36652 43300 40331 44656 37556 46785 37556 46785
31490 86823 39153 34875 37320 48226 40565 42774 38543 42397 35626 42866 36145 42162 37320 42491 37320 44465
44986 92561 52367 48565 50502 57961 52367 52367 52367 57215 48042 53636 48042 57961 50502 57961 49311 57961
33934 80049 43180 47969 39132 46440 42646 47658 42183 42987 37858 43333 38821 47284 37359 46909 42772 46909
33567 100905 39754 43169 37868 52979 40004 42444 40004 44329 38774 51024 35210 52979 39282 46542 39282 46542
31680 85478 40020 43675 40465 51202 44257 39900 42641 37644 34404 47394 35474 47070 40294 41556 40294 39900
40783 92683 46520 49433 44335 58083 49433 53758 49731 56613 45108 55527 45540 58083 44335 56121 44335 58083
36652 105678 47082 48559 39493 52884 50397 45302 44234 49153 44234 49210 39493 53535 41393 45302 41393 49627
30474 71099 36666 39041 36499 38617 36833 38617 36833 36499 34376 40229 34376 40229 34292 39124 34292 39124

