34626 48349 34626 40074 40324 39001 38511 36360 38388 38289 35824 40411 35824 42375 34626 40074 34626 40074 34626 40074
31650 41782 31868 36993 34672 33367 33367 31868 31868 36691 33753 36909 34319 33585 32714 36909 32714 36909 33587 36909
39438 48887 39574 45852 37667 37213 37891 41364 37936 41319 36010 43245 37508 43245 37644 43245 37667 43245 37644 43245
38135 49064 38301 37166 35102 34723 34802 40081 35950 34723 34794 39727 35499 39790 37827 35027 38156 35027 38156 35027
31490 38593 31657 32179 30482 31935 30615 33641 34296 31128 30786 31743 32174 32501 31657 33003 30482 31935 31657 31935
44986 59386 44986 46508 44986 48382 46593 47037 47119 47446 44986 47804 44986 49762 44986 49953 44986 49953 44986 49953
40783 53840 40917 45123 41793 45355 42521 45103 42654 44915 45217 44723 41602 46131 40917 46131 40917 46131 40917 46131
36652 48388 36729 40886 36843 40499 40024 37944 37774 38627 37882 38514 36843 39615 36937 40810 36937 40810 36937 40810
30474 47181 30321 32675 30936 31726 33568 30946 32781 31108 33754 31462 33754 31462 30936 33595 30991 33595 30991 33595
33934 43155 33934 38188 39290 37963 34325 35569 31770 33743 35616 33686 35048 35579 38502 35579 37515 39315 38502 39315
33567 41394 33567 34997 34120 37935 33574 32330 33632 35009 33086 35555 33489 37147 31354 37479 31354 35428 31354 37479
31680 40255 31714 31628 39884 37375 32152 37442 33682 36689 32359 34950 34581 33037 39884 32264 39884 32264 39884 32264

