34626 161593 100620 114224 86987 116314 118764 105778 112934 110226 95369 118312 95369 118312 93370 125986 89089 113967
31650 127541 90345 81221 78726 114941 102341 77821 75026 89741 72472 92612 78726 115848 72472 96994 72472 96994
39438 173649 137548 116810 118080 108808 119992 121479 108596 107604 107392 122824 94721 130680 119992 109095 119992 108737
38135 149341 98167 95778 103087 107281 88164 101585 92036 89390 80791 118011 90487 113302 86874 106313 86874 111023
31490 209347 124253 116870 132055 143715 123924 128812 117387 114379 114050 143574 117387 129705 117152 129893 113815 138122
44986 183064 120736 131246 86202 146308 107165 117974 117974 130275 105374 135647 92774 143547 95386 133708 108136 144965
40783 193528 95638 155728 104733 155728 111093 127912 121909 155728 103783 155728 103783 168328 101289 155728 113889 155728
36652 227787 168908 111600 96415 174598 133477 135968 123844 136798 103595 149696 95113 174598 102645 174598 96477 161998
30474 129154 90505 92712 73998 112395 89657 115535 90335 89657 77735 91864 77735 91864 77311 99795 77311 114396
33934 168302 122074 92140 104555 126890 102001 120703 108977 102001 86951 127576 82031 119893 91333 117464 88842 126766
33567 253456 136576 133569 107087 189043 122333 132142 121874 121064 119195 153512 107087 189043 109081 191182 111800 191182
31680 192174 126072 123188 97823 128344 119457 116572 121793 116728 104809 126072 99579 138672 100771 135115 109702 135115

