34626 38871 35202 36916 38959 36945 36955 37525 36920 39027 36676 38536 39428 38722 37038 38949 37207 38572 37207 36759
31650 34502 32393 33759 32691 32195 34005 31712 33053 32514 33522 32576 34107 32195 33896 32780 33760 36104 33896 32780
39438 42993 37742 41082 39230 38678 38935 38053 38258 40461 38163 40378 38143 41104 38208 38850 37742 38849 37742 38849
38135 40517 37639 35654 33329 35706 38266 39897 38194 32734 38056 35358 38004 33629 37755 33321 37755 33321 37755 33321
31490 34639 32012 33528 30277 30245 31638 30555 32943 33020 30229 31803 30338 34457 31002 31118 30144 33631 31002 31155
44986 49041 45405 47841 45853 47754 46251 49788 47372 48223 45854 47306 45854 47535 45492 48693 45492 48393 45492 48535
33934 35638 34451 36195 33973 38209 33835 34611 34797 36705 34073 34907 34073 35439 34813 38434 34993 36078 34801 35508
33567 36597 33429 35395 34147 36248 34678 33762 34152 34626 33998 33330 34147 35983 32985 34459 33071 35221 32985 34459
31680 37917 36306 36516 36098 31342 35611 36492 35374 41667 34854 38045 35512 30332 36198 35837 36296 35837 35904 35837
40783 44460 40966 43580 42276 43816 42065 42884 42782 43747 42499 42899 42179 43205 41427 43816 42003 44046 42478 43816
36652 39959 37121 39078 37042 40267 36721 37097 37237 38304 36614 37232 40088 38049 37006 38707 36798 38707 36739 38707
30474 33220 30480 31450 31632 29912 32473 33704 32252 31290 32152 31606 32152 31606 31140 35397 30909 35779 31140 36016

