34626 58500 41092 51869 44299 50594 48350 46066 46221 49215 46571 49267 44105 50955 40163 56217 45501 50594 41358 53702
31650 50642 39960 45701 43270 43876 43798 37816 42317 44341 43314 43269 41697 43876 41909 46398 37799 46398 41275 44493
39438 60504 42587 52143 47247 51791 51028 46168 47428 47925 47246 51409 44667 51719 44031 51136 47571 51136 44031 51136
38135 55545 41167 48175 37657 46097 39645 52550 42509 44549 38831 47077 40276 46110 37657 48072 39773 48072 37657 48072
31490 47005 37347 42399 35354 42323 37697 41804 40160 39492 37000 40763 35807 41335 33455 43054 33455 43054 33455 43054
44986 71984 50809 67175 51242 66208 55374 63132 59073 59357 52284 61358 50761 62881 47765 70487 47765 70487 47765 70487
33934 52307 41870 44286 39269 51570 39941 48034 42629 46912 41160 41557 41224 47898 37812 50525 37461 46627 44585 47001
33567 50172 41546 48316 38770 48330 42094 41304 44886 41269 47917 44828 39624 48330 40436 47692 34553 47692 36233 47692
31680 55988 38331 45855 39062 47252 40944 48252 41574 39974 40553 43263 37129 48997 36191 43870 38032 51064 38032 45474
40783 65259 48029 62867 48286 60976 51582 57776 54091 58300 49133 58753 49133 57872 45066 60976 44483 65257 45066 60976
36652 63106 42563 51240 41052 54898 46832 47544 43592 48613 43048 50971 41052 54898 40848 53310 41162 52844 41052 53310
30474 47408 39139 47522 43804 40734 40324 42922 38848 40324 38185 41701 38185 41701 38882 45061 39342 45267 37762 45267

