33891 52371 43971 42291 37251 49011 43971 42291 43971 42291 42291 43971 38931 47331 37251 49011 38931 47331
42586 54346 49306 47626 45946 50986 47626 47626 45946 47626 44266 50986 44266 50986 46224 50986 46224 50986
34040 53920 42480 43960 40200 47840 44520 43240 47720 44480 42760 45520 41920 44440 46040 44480 41160 48560
31667 51827 39784 45107 38387 47015 40165 42114 43655 43427 40067 42198 40519 45107 38485 45107 38682 45107
31462 48503 38951 42888 36983 41061 39190 38662 38807 43991 37127 42933 38807 43943 38663 46391 38663 46391
33135 50984 43244 43046 39336 45285 41879 41229 40579 40764 39687 43873 42102 43363 40198 41822 40198 42102
44703 54783 56206 52097 47994 51693 49743 49743 49341 48063 57213 55533 57213 55533 50417 51693 54931 53373
52294 48401 43361 59014 43361 48055 44695 46375 43015 44695 43361 60694 41681 60694 43361 59014 43361 59014
29351 55026 45430 43438 38713 44290 39801 41274 43198 42688 42067 48660 40112 43944 40597 42539 41527 43599
40273 55049 46993 50486 51727 51174 48329 45313 40638 48329 45753 49494 42832 49494 46994 49494 45314 49494
34736 50237 41534 46519 41265 50011 42563 44243 42563 41859 40883 47396 43022 45923 40502 49879 40502 49879
44302 57742 51022 52702 47662 54382 51022 54382 51022 52702 49342 49769 47662 54382 49342 48631 49342 48631
35121 43521 40161 39520 37840 43521 40161 41200 38481 40161 36801 42880 38481 42880 39635 41200 39635 40161
47132 61448 53562 50369 52172 54728 51632 53729 50369 52049 54311 55409 50951 54728 49688 54728 51368 57212
40297 48275 39239 45687 49663 48629 39954 50707 44554 42599 43372 44279 42248 45959 47347 45687 40750 52000
38263 51703 41299 49880 46351 48576 46663 45216 43335 49619 41480 48200 48031 48576 48031 49619 41623 48343
29235 49341 38028 43664 39630 40806 39656 40374 41572 41645 42481 40977 37356 42400 36209 41658 37501 41184
46392 60022 51432 60646 52922 55238 57286 58966 51878 58966 50198 56662 52922 55238 53926 62326 53926 54982
29913 43733 41755 36633 37863 38616 42903 36936 36018 42903 37936 45115 37936 39381 37863 39381 37863 38157
35324 47917 42044 44557 40987 44557 42877 42044 43724 42877 42044 42877 42044 42877 42044 46237 42044 46237
28766 49135 37733 38747 39062 44190 39322 39897 40578 41938 37433 39948 39688 40427 37957 44250 38622 44244
39806 61702 49287 49886 46407 54925 49886 51797 48087 53246 46526 54926 46407 54925 46407 54925 48206 56605
44456 62936 55813 57990 50773 54750 54536 51390 49496 49734 52856 57896 51176 57896 52856 54536 52856 54536
32644 44782 41466 37818 39786 42177 39209 41491 39989 37530 41123 41574 37067 42928 38199 41998 37107 41998
32255 42510 35790 37470 35790 38869 39797 35790 35790 35790 40160 45630 34110 39150 35790 37470 34110 39150
34282 55268 44976 46042 40173 49243 47563 47858 42841 45883 43965 48176 42285 48388 43296 47402 44976 45883
36124 51990 40670 41013 37806 47656 43341 49039 43781 46701 38751 44267 38168 52208 36126 48801 38734 44267
34019 53755 45408 45355 40293 53771 48693 50373 48693 45090 41995 51137 41004 52817 42238 50411 42238 48715
35812 50398 43678 44212 37492 47039 42532 44632 44212 44212 40852 46312 37492 48718 39039 45759 41273 44766
35623 55783 45703 48816 40663 50743 49063 48501 47383 49063 45703 52902 40663 55451 42343 51409 42343 51409
35171 59901 47304 49289 42330 50757 48285 50096 45297 45960 44588 52747 45313 53457 44215 51777 44215 51777
36319 44538 41359 44809 37228 39725 41449 43039 43248 41449 41449 41706 41449 44809 39769 43129 39769 43129
31965 50445 43725 40365 38685 43725 40301 42377 40301 40301 40301 42377 40301 42377 40650 45405 40650 45405
48554 65354 56954 48691 55274 51913 50371 50371 52051 50371 50371 58634 50371 58634 50371 51913 50371 50233
32478 52690 40510 39211 39198 40575 42825 41197 41622 40837 37838 40941 37159 47021 38628 42623 41152 40519
39432 46152 45674 44472 43994 46152 42792 41596 45674 42792 45674 44834 45674 44834 45674 46152 43994 46152
31563 45417 37871 40921 39913 51349 36191 39851 36553 35925 39241 49669 38283 49669 34511 38283 35978 49669
34525 47755 41596 39003 45378 38372 40405 46640 42018 39493 40686 42224 40477 42224 37255 41876 37255 40683
34238 46049 44350 40958 45397 45224 44350 42638 42860 39329 38504 45224 37557 45224 39320 44318 39320 44318
37571 53675 45275 47651 40294 53168 47362 46607 41240 45275 45345 55523 42252 49808 43595 47651 43595 47651
37533 47613 42573 42573 42573 49901 46541 46541 41749 46541 40691 48221 40691 48221 46691 49901 41749 48810
29190 53669 48549 39496 40364 46233 44796 40640 45073 47262 41749 45582 41373 47913 40033 49665 39917 46215
40905 56566 45197 41366 45197 45091 45373 43693 46877 45373 39547 49390 45322 45091 40455 51260 40455 51260
42444 62546 47426 57564 47426 55884 50182 55708 52348 54362 50200 55222 47308 57506 45377 55457 45377 55457
44174 60897 54177 50894 44839 52574 54177 54177 50894 55857 49214 57537 50817 57537 49763 49019 49763 49019
28434 54721 40685 36790 36604 43871 39012 39831 40520 40875 40950 44008 41551 43826 35848 40437 40149 39788
30230 54014 43823 39131 38692 43307 39495 39482 47119 47119 40122 46053 41802 46053 39320 41425 41000 45628
31480 47461 40040 45422 39763 42405 40724 40875 43083 40724 39061 41135 39044 42597 40741 45130 40741 40875
46535 61655 53344 51664 53255 47343 51664 55024 51664 54935 51575 55024 53255 55024 51664 43983 51664 43983
33336 53709 46104 45309 40694 50136 43416 48914 43003 48456 41428 49357 40694 47706 42270 48456 42270 47784
42469 57589 51249 54229 48332 57501 54575 56255 51920 53600 51692 54369 48560 58412 48332 55443 48332 55443
36565 50390 40310 41262 39918 50005 43670 44961 46812 43953 40872 46192 43510 44624 40422 48325 40422 48325
39259 56973 48573 45979 45979 49339 47659 49339 47659 47659 45979 51019 47659 47756 47659 50089 47659 50089
34820 51674 44952 41544 40407 46188 41742 40159 44458 41050 39813 41690 39318 44508 39368 43271 40260 43668
31860 48145 39914 42573 40793 42274 41425 43853 41759 39031 42073 41888 40874 42769 39795 44087 40555 43804
35292 50332 41249 40569 42249 42844 43058 40367 45372 42451 39534 44776 41630 41907 40569 42288 42249 41164
31043 52655 44084 40942 39796 45070 40895 43767 39314 40407 37968 44354 39215 45447 39758 46101 40572 45070
39929 47794 49436 46649 39024 49436 46649 50009 46649 45502 44969 48862 44969 45500 45052 48329 47756 48329
31795 54471 41957 46026 40254 46455 41746 42131 45520 43252 40894 42748 40842 42838 41822 43148 40013 47253
33099 58286 50226 42978 43758 47653 43533 49361 44687 43644 45541 53620 42811 49333 45073 48470 42884 48659
39602 54722 44642 49682 41907 50307 46947 44282 44905 45337 48002 48697 46196 48697 44642 49682 44642 49682
41231 56351 44209 49631 42529 49249 49631 50110 49631 49631 47951 51790 47951 51790 47951 49631 47951 49631
35684 45764 42716 40852 39044 41948 40268 40268 39903 40268 38588 41948 38588 41948 40724 42404 40724 43628
39796 51556 43156 48196 52277 49876 44836 46516 55637 44836 43156 48196 52277 48196 52277 49876 53957 48196
28522 51261 39798 40956 38268 42861 40097 43122 42487 38828 39537 41625 38530 43830 38866 48572 37183 44426
33754 55545 46659 53086 44799 48691 43407 49915 46835 45331 45807 50371 45358 52051 44035 48691 43119 48691
37520 44541 45196 43117 38273 46876 43659 45920 41437 41437 41437 41437 39757 46876 45196 45829 43245 43208
34927 49759 43326 42103 42884 47592 47924 44620 41647 42795 42940 47710 43199 49272 44852 47710 44852 47710
33928 44966 43537 43537 43537 43537 41857 40597 38917 41857 37237 43537 37237 42328 36566 42328 36566 42328
33497 47541 41910 41897 39310 40121 48591 39310 42767 45958 36857 41053 36857 42733 42670 42574 38780 40302
30222 53510 38655 41689 39369 44682 41001 40483 39712 41399 37997 42122 39261 39951 39468 41813 39759 43493
28586 56484 44767 43754 39284 47595 45079 46536 41807 44192 42426 49100 43444 55338 43045 46049 41717 45563
30475 48498 39731 37195 35972 46947 40248 40800 40187 42479 36371 40248 40282 41928 37652 43914 37652 43914
41798 53558 48518 46838 43478 51337 48518 48518 48518 48518 46838 48518 46838 48518 46838 48518 46838 48518
44901 64924 53301 54844 50218 61564 56524 54844 53164 56524 52819 58204 49804 59884 49804 59884 49804 59884
33934 53599 44889 39844 40656 47004 36671 44263 41525 39035 40718 41835 46073 41835 38349 46255 38102 46068
33567 55454 43549 44794 42160 51043 41434 46789 43573 43114 42498 45374 38849 51043 40480 50414 39478 50414
31680 51788 45145 42665 38348 45303 40028 45250 50468 41399 46205 44243 39125 49384 40985 48428 41584 42355
34626 54457 42120 45025 43028 46640 49671 47866 43599 43868 43280 48192 44510 46640 42970 45677 43026 47414
31650 43410 41694 38370 40881 40861 41278 36690 39712 38370 39712 37501 38559 40861 39712 40825 39712 40825
39438 55016 49731 45290 44331 45979 45251 44936 49571 42284 45058 46069 47112 46738 47608 46474 51411 47040
40783 60943 48411 55903 47357 55903 49183 54802 54327 54223 48812 58491 50492 56811 47503 54223 47503 54223
36652 60172 49024 45724 44696 54241 47641 50704 48472 46928 44460 53589 41235 54241 43728 52206 45052 53868
30474 45614 38894 37942 36364 41727 35735 39095 35735 38621 36262 39095 36262 39095 33631 38874 33631 39622
38135 48027 42146 39049 40015 42533 41307 41176 44542 44594 39047 46538 38401 43762 41178 40407 41178 40856
31490 51649 41898 42169 43003 42533 40101 39420 40971 40888 40195 44460 41734 42662 38750 43849 38609 43332
44986 63466 53386 56746 52117 60106 55066 55215 53872 53386 52601 56748 52192 58428 51706 58837 51706 58426
32056 46941 40674 42136 38608 48418 38608 37565 38659 45496 36509 41515 36475 40623 38608 40557 37380 40623
33162 52766 46046 39882 42686 43242 41562 46046 42686 41562 37759 46602 37759 46602 38224 44922 38224 44922
30492 50057 43955 43622 38795 43507 42849 42255 46961 45345 39489 43078 42295 45324 40268 40622 39489 42302
29281 47190 41298 40421 34373 47143 36750 39850 38664 40835 38895 40470 34705 45463 35844 43783 37033 45463
34495 49803 44463 40059 45434 42895 41365 41887 40580 40543 41477 42261 42560 43940 42560 42260 42560 42260
34281 52761 45695 45331 46271 47763 45330 45694 45664 44731 44129 44361 49000 52232 45331 44239 41971 44882
39666 53106 46386 46386 44706 52389 46386 43233 48875 46386 44706 48826 44706 48826 48066 43997 48066 43997
29448 47678 39761 36132 37080 39261 37222 37581 39083 38849 34647 39725 38992 38312 35631 37812 35631 37812
37488 52608 44778 47568 40848 49248 44208 46249 42528 45888 42528 47929 40848 49248 41418 49248 40848 49248
30791 48194 43494 43355 37927 41236 42228 43307 40560 40887 36860 42127 39995 41948 39983 41862 39507 40874
36486 51606 44886 44886 34842 49926 40722 44886 40722 41585 37903 46566 37903 44070 36522 44945 39583 44945
33145 45545 42057 35042 40467 39722 38825 41545 37145 37747 39596 40712 37441 36067 42057 36722 42057 35229
34429 56495 45893 47931 41908 47562 46415 42614 41601 49775 42626 47142 42165 46588 42379 47305 41262 47305

