34626 166593 103620 118385 89487 119814 122264 108778 115934 113226 97869 121812 97869 121812 95870 129486 91099 116967
31650 131541 92845 83221 80726 118441 105341 79821 77220 92241 73972 95112 80726 119348 73972 99494 73972 99494
39438 179149 141548 119810 121580 111808 123492 124979 111596 110604 110392 126324 97221 134680 123492 111737 123492 111737
33934 173802 125574 94640 107555 130890 105001 124203 111977 105001 88951 131576 84031 123393 93833 120964 91342 122272
33567 261956 140576 137569 110587 195043 126333 137223 125374 125064 122695 158512 117475 195043 112581 197182 115300 197182
31680 198674 130072 126688 100823 132344 123457 120072 125293 120228 105888 130072 102579 143172 103771 136532 113202 136946
38135 153841 100667 102020 106087 110281 90664 104085 94536 91890 82791 121511 92987 116802 89374 109313 89374 114023
31490 216347 128253 120370 135820 132247 127924 132812 120887 117879 117550 148074 120887 139426 120652 133893 117315 142622
44986 188564 123736 134746 88702 150308 109665 120974 120974 133775 107874 139147 94774 147547 97386 137208 110636 148965
40783 199528 98138 160228 107733 160228 114093 131412 125409 160228 106283 160228 106283 173328 103789 160228 116889 160228
36652 235287 174408 114600 99415 180098 137477 139968 127344 140798 106595 154196 98113 180098 105645 180098 99477 166998
30474 133154 93005 95212 77019 115895 92157 119035 92835 92157 79735 94364 79735 94364 79311 102795 79311 114765

