34626 99593 67224 77024 62629 76186 75364 69609 65336 73284 69722 75041 64417 75041 62629 82586 64887 70576
31650 77941 59345 56421 53926 71541 65746 53021 53872 58741 53872 59346 53926 71541 53872 64180 53872 64180
39438 105378 87948 81167 74751 71608 76592 78079 71396 79778 71891 79424 68536 84479 76592 77584 76592 74767
40783 117583 64638 98383 67533 98383 72783 85109 85881 91983 72783 92578 72783 91983 66383 91983 66383 91983
36652 116945 83873 74400 60939 99168 80264 86368 80444 79968 68890 105509 60939 99168 67940 99168 61244 95965
30474 89774 65311 61370 56449 72135 59335 72135 59335 61967 52935 72135 52935 72135 52511 65735 52511 71507
38135 93088 65423 64778 65887 70520 64778 70018 66133 66468 56829 67177 59487 71113 58507 78611 58507 78611
31490 112575 78178 73564 73055 81476 73148 71073 74269 72859 76486 83168 73987 80019 73752 80387 70415 78037
44986 115386 83536 89786 61574 95440 83386 80774 80774 76986 74374 88217 67974 94617 70586 101317 77136 96186
33934 97674 75685 61140 67355 81399 63009 77303 63820 73195 64254 84563 65188 75673 60333 85260 57717 78350
33567 140750 81249 83969 64988 113156 76503 84569 78474 87412 75795 98219 65588 113156 68016 110981 68400 110981
31680 115191 77616 79788 66781 82828 67548 73172 78393 73173 67756 79935 64868 85301 67704 88092 68317 81692

