33891 55588 33891 38368 33891 38796 35438 37197 36501 35438 37034 36132 37034 37464 33891 37464 33891 40661
42586 67128 44627 53934 42586 46970 49517 50747 45280 46970 42586 52211 42586 52211 42586 50747 42586 50747
34040 52223 30748 37664 30820 36500 34034 36489 34278 39827 33837 35612 32049 33877 31013 36226 31272 39636
31667 51940 31667 34272 32292 41390 38530 35276 37934 35249 36224 36959 36224 39699 32292 37582 32292 37582
31462 53811 32078 34112 33246 41920 34875 35460 33615 39645 36554 38104 36554 36375 33246 35460 32078 35460
33135 51300 32849 36102 32245 36748 38322 37133 33742 36909 35142 41662 34507 37353 37096 36344 31517 35638
44703 73317 44703 58058 55105 54103 58138 49529 59931 58138 55105 58061 55105 58061 44703 54352 44703 54352
52294 65037 39655 50101 40649 53014 45815 55189 42550 53014 39655 61349 39655 61349 39655 55189 39655 49749
29351 48090 29351 36574 30309 35821 30073 31152 30529 31647 33639 31777 32367 31470 31699 31187 31015 33328
40273 68243 40273 52787 40935 50420 47106 45405 40823 50420 37920 52238 37920 46798 38743 45405 38743 45405
34736 56127 35236 45105 37149 48432 41450 40410 39072 40640 35216 42604 35216 42604 37149 43248 35559 46084
44302 61825 44302 57350 37570 61068 52730 46344 44990 54143 48489 53560 48020 53560 44302 46344 44302 53560
35121 57600 38238 41602 35121 43489 41208 44489 42603 43489 38829 41274 39479 41274 35859 44489 35859 44489
47132 70474 48413 57312 47826 48458 44674 56780 44301 52622 42968 50171 44794 50758 47826 56780 47826 56780
40297 55273 34814 52064 35607 46391 36852 45640 37994 36995 37993 46911 37993 46911 34813 45232 34813 45232
38263 65427 38263 43869 38263 46228 50216 45248 44341 46174 40259 44704 38120 44704 38263 45248 38263 49465
29235 50136 29405 31194 34009 35617 33050 32725 34069 30374 30659 31246 34729 32096 30303 32928 30303 32724
46392 76400 46636 57998 50566 58968 56456 51918 56092 57573 52024 57998 50566 57998 50566 57019 46636 57019
29913 53075 29913 37096 31040 42483 32341 31872 35314 35691 33355 33488 33355 34750 31040 35251 31040 35251
35324 62056 35326 39856 35326 45896 43875 36532 43397 48370 42189 45083 42189 45083 35326 45083 35326 45083
28766 46580 28867 31978 28817 34379 32928 30998 31354 35736 31108 32891 31108 35551 28605 30998 28605 30998
39806 71178 40305 49734 40305 45529 46205 46742 46052 46061 41874 47737 46204 48849 40305 46742 40305 49117
44456 72279 45051 53594 43094 48568 47877 52755 48775 48814 44971 52568 44971 52321 44704 52755 44704 52755
32644 48251 30577 35386 33639 34011 37153 31342 34433 37110 32375 37566 32375 35728 33094 36565 33094 36565
32255 50434 30889 33524 35085 32780 34901 33848 33663 32780 33524 33771 30750 33771 32255 33848 32255 33848
34282 56230 34282 43057 35374 40355 40196 37312 39023 40143 33554 39273 33554 39603 34525 38771 34525 40732
36124 46965 35147 39612 35840 41562 33287 44506 38814 39753 36254 44708 39026 44708 33433 44506 35008 44506
34019 56318 34087 36682 37334 44965 39599 36631 39871 40793 38600 40226 34833 40226 34624 39480 34624 41684
35812 58736 35812 38151 37608 45649 42441 41415 41714 41201 39319 43596 35812 44537 35812 41415 35812 41415
35623 58430 36312 38703 37097 40082 37492 39588 37197 41652 36312 39687 35623 39590 37097 42504 37097 42504
35171 56262 36499 41032 36320 44561 40055 39079 40768 38366 37992 40196 37281 45251 36040 41653 36040 44630
36319 47531 36320 36242 35404 34539 37346 42906 40248 34436 34075 38020 36319 38020 36319 42906 36319 42906
31965 52428 32213 35819 31965 38198 36516 37460 36229 36516 34548 36845 34548 36845 32213 36845 32213 36845
48554 68838 48732 56981 44379 43239 43239 59352 61985 43239 46486 55841 46486 55841 48732 59352 48732 63565
32478 54128 32646 36018 32981 33535 36309 37223 35813 35572 36195 37290 35495 36275 33149 37223 33149 39054
39432 64671 39432 46950 40795 54238 46720 45148 43114 54238 39432 50402 39432 50402 39432 45148 39432 45148
31563 48658 31933 37600 37472 38761 32086 32302 32713 33825 31974 33463 31974 33822 37472 32302 35417 37313
34525 52720 34525 33777 33547 36160 32077 38072 33814 36079 34525 37936 37535 35429 34525 42773 34525 40173
34238 56153 35166 39629 35514 48594 46159 41080 41427 44246 40499 39750 40488 39750 35861 41080 35861 44152
37571 58883 37572 41846 42719 50588 47916 43776 44600 39589 41750 40979 40822 42787 38122 43776 37571 43776
37533 70819 37985 52881 43181 52881 52368 40094 45290 52368 43181 46871 43181 46871 42475 46871 42475 46871
29190 50888 30846 38040 30496 36062 32559 34541 32139 33491 34108 32825 30516 33756 31504 34541 31504 34541
40905 55147 40905 50291 35809 43416 38857 45825 37203 44012 34855 40863 33635 45760 39625 48155 39625 48155
42444 69616 42444 47494 42707 51544 48831 47803 49393 45641 46323 47730 49953 51512 41747 48477 41747 51512
44174 77834 44174 59000 41200 55422 55422 52534 52534 52139 45816 57216 45816 57216 41200 57216 41200 57216
28434 47684 28579 30739 35411 30333 30367 31403 31428 32290 31013 31954 32000 31491 32250 31311 28434 31311
30230 55238 34382 35591 30210 37936 35672 39151 31263 36994 33240 36202 33240 37526 32923 36633 32923 36633
31480 50578 29861 38307 32085 35267 34184 34561 35557 32842 33647 36605 33997 38084 32476 39066 32476 39066
46535 63872 48026 52805 47320 44842 50769 55000 54922 50769 51238 53747 51238 53747 47320 55000 47320 55000
33336 54678 33336 41114 36135 37959 35626 37829 37771 37127 35276 39942 35276 42730 36135 39882 36135 41849
33934 53616 33934 44575 41407 39262 34897 37203 38261 37761 35367 36484 35970 40270 38522 40989 37794 42861
33567 51428 33567 36830 34746 41577 34560 33304 34676 38481 33585 39572 33992 37574 33904 38162 33904 38162
31680 57388 31747 34485 30454 43970 32677 34514 35683 32395 35259 36306 35259 34393 35621 36239 35621 34514
34626 59961 34697 45521 39316 43375 40848 41787 40601 42090 37537 45557 37537 43869 34697 45501 34697 45501
31650 51911 32086 33269 35373 36559 35361 32086 32364 36219 34974 36655 36156 35519 33778 32086 33778 32086
39438 62017 40914 43645 38302 41501 45264 40039 45354 43200 41502 42946 40675 47483 38256 43721 38256 43721
40783 66891 41050 48452 43042 49764 43866 49422 44133 48034 41811 48661 44204 51477 43042 49422 43042 52504
36652 64687 36805 46010 38241 41735 40786 39234 39950 39706 39762 40373 38241 42575 37222 39234 37222 42992
30474 48594 30674 40417 31652 33366 33455 32668 31880 32249 31337 32956 31337 32956 31652 34876 31652 34876
38135 56937 34886 41019 37713 37042 38181 41898 39767 37118 33003 42287 35316 42412 38177 44908 38177 44908
31490 48180 31822 33216 32775 39912 36366 37375 36523 31890 36974 35488 32399 33936 32775 36262 32775 38169
44986 73781 44986 48776 45054 52483 49768 50355 50819 49159 46835 50621 46835 54536 45054 56541 45464 56541
32056 52577 31416 35745 31405 35005 34568 38077 32374 35395 30897 35493 30897 35042 33379 37348 33379 37348
33162 54391 38757 38011 33162 40536 37023 36357 39625 40536 37646 40139 37646 39002 38757 39990 38757 39990
30492 56756 34124 35578 33319 35756 35779 33626 35410 33715 36900 34437 36900 36475 34484 33655 30492 33253
29281 45145 29348 35114 29084 34086 32533 31232 31771 34086 31506 31195 31506 34351 31506 33749 31506 31887
34495 52779 30609 43287 32614 39954 46687 39754 47117 36253 31591 35279 36157 37669 32614 39754 46351 39754
34281 56226 34736 40125 40699 42097 37784 39327 42681 39489 39466 41599 36994 45270 38103 39327 38103 39327
39666 63051 39666 40845 41163 43422 48609 42205 42205 43422 39666 55927 39666 55927 41163 42205 41163 43266
29448 48039 29155 34590 30539 32422 31259 34290 31382 30195 30180 29654 30180 29723 30539 34290 30539 34290
37488 61484 38288 37488 39222 47486 41800 38333 40067 44332 39222 41711 39222 41711 37488 39133 37488 40911
30791 53278 30832 33053 33581 33270 33074 37560 33013 34398 33839 34893 32737 33882 31983 36620 34177 36620
36486 54165 34901 35074 36551 35805 38189 39426 39529 41798 37157 43499 37157 39890 36551 37169 36551 37145
33145 48618 35098 37996 35159 33721 33894 33721 33453 38607 36058 34470 36058 34470 35159 38837 35159 43781
34429 56469 34429 38074 35807 45071 35926 36987 37054 42775 34703 42234 34703 44530 36576 38266 36576 41250
42469 72266 42615 51158 45124 55409 45568 51839 46490 50749 42849 48975 42849 54487 42469 51839 42469 52858
36565 52338 36853 39903 35724 43482 37061 40395 38720 37683 36853 41770 36853 42130 36565 38432 36565 41770
39259 62157 40007 39259 40442 52820 43033 40379 41188 52820 43399 44153 43399 44153 40442 44153 40442 44153
34820 54362 32619 35974 31598 39516 35719 36796 36004 35729 32872 39106 32872 39106 34460 36796 34460 39104
31860 50541 32244 34312 33865 38170 33898 32409 35246 34974 33364 34167 33364 34167 31363 35116 31245 34564
35292 47851 36314 40086 36717 36133 33200 39407 36339 35791 33438 40183 33560 38386 37624 41089 37624 41089
31043 50914 31334 34600 31938 33940 29610 30516 34453 31485 32377 32518 32106 33438 31938 33379 31938 33379
39929 64009 39929 38618 36296 43941 43941 41609 42502 43941 40822 45467 40822 45467 36296 41609 39929 41609
31795 48565 30315 34645 31302 38018 35359 34834 36333 33817 35037 33053 35037 36040 32240 34834 32240 34834
33099 51327 31253 41848 31959 34060 32222 35803 38276 32688 32894 35482 31406 39497 32555 36158 32555 37702
39602 64952 39783 44755 41089 47226 43624 43024 43024 46446 40107 49868 40107 46737 41089 45280 41089 46111
41231 63436 41608 39169 41231 45277 48642 46007 42111 48642 41231 49522 41231 49522 41231 46007 41231 49522
35684 57778 36678 38488 41981 42706 45720 46129 46129 42706 44723 43571 44723 43571 36678 43571 36678 43571
39796 65269 39796 46900 47918 44936 44936 44634 44634 42026 39796 46297 49203 46297 40477 44634 40477 44634
28522 46358 28811 30151 31800 37269 29570 30976 29427 31059 32550 32192 29359 30712 29359 30976 29359 36003
33754 56168 34423 40922 36184 40218 35414 36783 37131 41913 35372 40000 37231 42441 36184 40955 36184 40955
37520 56646 37636 33812 35503 37872 39127 42787 36654 37958 36943 41572 36943 46028 34757 42787 38331 42787
34927 57402 35893 48122 39093 46307 45790 41505 42967 45790 38304 49034 38304 50376 34927 41505 34927 41505
33928 55645 34206 40766 33928 42799 39612 38734 37857 38850 37579 36239 37579 36239 33928 38734 33928 38734
33497 54938 34362 37473 41619 34395 34395 39720 39425 34395 39588 39507 39588 39507 36258 39720 36258 39720
30222 49156 29048 32929 28641 32461 32208 31892 30932 35322 31394 35934 31194 31995 28577 31023 28762 33018
28586 50368 28956 35126 32488 38243 31162 34767 33763 30694 32062 36344 37484 35772 30290 36891 32276 35165
30475 50383 32631 35875 33329 44508 35523 34259 33565 35092 33329 33639 33329 33639 33329 33727 33329 33727
41798 68552 41798 57281 41798 44394 44151 50797 50797 44151 46722 50554 46722 50554 41798 50554 41798 57281
44901 73419 44946 53288 45029 49887 47450 48200 47065 47891 44901 48920 44901 48342 46222 54702 45029 55452

