38135 37551 38205 38240 38205 38205 37271 38205 38205 37271 38240 38240 38205 38205 38205 38205 38205 38205
31490 31980 31595 31560 32476 29762 29762 31630 29843 31630 29773 31595 29727 31630 31595 31595 31595 31595
44986 45371 45021 45091 45021 45196 45056 45091 45021 45091 44986 45126 44986 45161 45021 45126 45021 45161
40783 41203 40818 40923 40853 41063 40888 40923 40923 40888 40888 40923 40853 40958 40853 40993 40853 40993
36652 37142 36722 36792 36687 36897 36722 36792 36687 36827 36652 36827 36687 36862 36687 36827 36722 36827
30474 30754 30579 30544 30544 30544 32295 30544 32295 30544 32260 30544 32260 30544 30544 30579 30544 30326
34626 34941 34626 34731 34626 34836 34696 34661 34696 34731 34696 34731 34696 34801 34661 34731 34661 34731
31650 31895 31720 31685 31685 31685 31685 31685 31685 31720 31720 31720 31755 31720 31685 31720 31685 31720
39438 39433 39508 39543 39543 39508 37207 39508 39543 39508 39508 39508 39508 39543 37172 39543 37172 39543
33934 34249 33969 34039 33934 34109 34039 34039 33452 34039 32538 34074 32538 34074 33969 34074 33969 34074
33567 34057 33602 33707 33528 33777 32874 33707 32874 32874 32839 32944 32839 33707 31424 33742 33672 33742
31680 32100 31785 31785 33473 33733 34576 31820 31820 30735 31750 31820 31750 33663 33473 31820 33473 31820

