34626 67855 40661 61387 40084 59788 49754 46521 51186 54920 46067 58188 46003 60974 42546 66222 38385 66222 38385 66222
31650 61418 35435 45388 43404 46518 45731 39023 39892 41743 39249 42844 43404 45616 39249 44235 40289 44235 40289 44235
39438 73550 41069 64308 43384 61005 49548 54753 46533 51413 50127 53862 48276 54693 41702 66183 41203 61704 41702 61704
38135 67776 37613 52537 40647 54679 41588 50641 50335 42720 46376 52167 38719 50358 37232 54679 36269 54679 37232 54679
31490 57141 33181 44780 35356 43315 40895 46548 49193 42096 34642 46400 35862 44965 32177 50903 32177 47968 32177 50903
44986 87502 47172 74203 51596 75515 56056 66485 61547 54436 53376 72146 53376 74409 47877 77588 46746 77588 47102 76921
33934 63223 37078 48920 41564 61495 39535 49751 42744 40078 40670 40480 42039 48598 41564 54041 41492 54316 41564 61620
33567 60991 36014 48566 40534 51672 41839 42181 41710 47337 42669 43313 41439 54083 37553 56858 35470 53607 35260 54476
31680 71176 37760 55508 41316 57710 39694 50562 45434 39092 43577 48203 41366 42808 35831 43967 34757 46604 37101 49890
40783 79331 41716 63482 48917 72586 56266 61292 61742 54862 49605 61718 50724 66181 47087 71854 49070 72377 48099 71854
36652 72679 39148 55036 42612 62177 46299 51648 44730 53858 42366 47048 42674 58569 38791 62008 38791 62008 41301 62008
30474 58452 32857 51190 36033 46406 46229 41324 43904 44582 44423 38714 44423 38714 37188 42991 37232 43134 34511 43134

