34626 64181 37805 51995 39625 45712 43113 39408 39607 43114 37910 45738 37910 45961 37805 51995 37805 51995 37805 51995
31650 55075 32154 33994 35954 37987 36365 32154 32900 37405 34974 37909 35899 36123 34110 37909 34110 37909 38414 37909
39438 65797 40957 44247 38501 43929 46438 40974 46543 43787 42089 44135 40824 49005 38448 49005 38501 48241 38448 48241
38135 60408 34893 41402 37920 39824 38813 42466 40703 37867 35662 43088 35884 43232 33210 42701 38184 42701 38184 42701
31490 51119 31873 34953 32888 36949 34113 36465 35687 33643 36208 35658 31756 38542 31873 36880 32888 36949 31873 36949
44986 78282 44986 49485 45263 53655 47636 51391 48851 49928 47544 51501 47544 56028 45263 56470 44986 56470 45263 56470
40783 70969 41092 49493 43042 51167 44347 50771 44655 49009 41971 53538 44826 53147 41092 53147 41092 53147 41092 53147
36652 68631 36829 47523 37033 42696 41598 39637 42470 40257 42734 40954 37033 43499 37311 46264 37311 46264 37311 46264
30474 52292 30784 34581 33274 36941 36941 33262 35119 32606 31923 33423 31923 33423 33274 35885 31915 35885 31915 35885
33934 52550 33934 42868 36800 40845 39576 37713 36323 36669 39132 37904 36512 42282 38528 42282 39852 46376 38528 46376
33567 59294 33567 37866 34942 39779 34869 33708 35002 36533 33741 37794 33022 41482 34103 42609 34103 40771 34103 42609
31680 60887 31757 34743 30536 44791 35765 35320 36309 32901 35471 36730 35471 34817 35297 35275 35297 35275 35297 35275

