34626 58134 38394 49601 38805 50316 45287 40211 45692 45833 42496 48278 41609 49496 38287 49098 37384 49098 37384 49098
31650 50328 34014 42303 39301 39771 38463 35886 38872 38880 40432 40600 39301 40707 40432 40972 36703 40972 37044 40972
39438 60125 37546 54084 41406 50304 44847 43769 43140 46880 44258 46849 44551 50094 38336 52414 37997 51789 38336 51789
38135 55201 34386 52035 37279 56300 41330 42519 44541 39973 42984 44448 35032 45888 35147 56300 33015 56300 35147 56300
31490 46712 32435 39443 33166 40401 37209 40892 39329 37155 36422 40084 34699 41268 32598 40899 32598 42986 32598 39865
44986 71533 46352 66449 46483 64048 54564 60849 53277 49521 50225 61047 50225 62544 46792 65062 45427 65062 46924 64048
40783 64849 41589 54954 45634 60638 49969 53587 53868 50396 46291 54076 47395 56639 44319 60561 46511 60999 44951 60561
36652 62717 38368 48188 38798 53942 42088 46120 41843 46994 40171 41634 39667 49935 39570 53836 39570 53836 38738 53836
30474 47113 32148 37212 40497 40703 38104 34149 39284 40820 40636 35429 40636 35429 31045 39319 31045 42725 37693 42725
33934 51981 38490 43014 39751 51283 41804 44090 38897 37513 39471 40600 37009 42735 39751 52375 34761 44378 39751 51283
33567 49860 34737 42258 36833 46977 39861 38115 38338 37104 38937 42914 38673 43848 34224 45581 34409 44661 36617 44661
31680 55636 39631 45371 35576 50573 37759 52385 44240 35350 36514 42810 36638 36339 35758 41452 32982 43648 33291 43648

