34626 39229 36620 36330 37879 37943 37685 35168 38420 38006 37104 37967 37104 38755 34852 36788 34852 36788 36724 36788
31650 34819 32052 32300 32307 32187 32187 31719 31719 32610 32807 32256 31554 32256 33063 32256 31983 32256 33063 32256
39438 43388 37232 38732 37338 38137 38132 40218 37876 38237 37224 40628 37698 38768 37381 38137 37381 38732 37381 38137
38135 40888 38188 39904 38349 38988 37819 39194 33090 34543 32522 33361 37735 33665 38349 33645 38349 32999 38349 33645
31490 34959 31897 30457 29881 32608 30354 32818 30802 30745 30979 31567 30501 31525 31685 30562 31685 31310 31685 31738
44986 49490 45061 47324 44644 47697 48135 46793 45509 45756 44986 46697 44986 47406 44406 47809 45061 47809 44406 47809
40783 44867 40825 42770 42520 43634 41522 42615 42045 41849 42853 42455 42221 42652 41793 44068 41081 43794 41793 44068
36652 40325 36676 38677 37115 39189 38521 37289 38410 36967 36302 37675 37115 37841 36742 38916 36742 38458 36742 38458
30474 33527 30748 30807 32507 33459 31292 31163 31046 30910 33193 30942 33193 30942 30231 33117 30231 30105 30231 33117
33934 35964 34022 34441 34814 35015 36278 35038 31644 38146 33045 38346 32007 37158 34814 35282 34022 33184 34814 35282
33567 36930 33651 35370 33012 33508 33994 34486 33166 34086 33845 33776 33689 35901 33206 33058 33206 36198 33689 33352
31680 38266 30746 32968 34021 32366 34983 35806 35237 37330 32265 35000 32048 31589 32048 34896 32053 35243 32379 35243

