38135 38344 38173 38192 38173 38173 38173 38173 38173 38192 38192 38192 38173 38173 38173 38173 38173 38173
31490 31756 31547 31528 32412 29714 29714 31566 29733 31566 29695 31547 29695 31566 31547 31547 31547 31547
44986 45195 45005 45043 45005 45100 45024 45043 45005 45043 44986 45062 44986 45081 45005 45062 45005 45081
40783 41011 40802 40859 40821 40935 40840 40859 40859 40840 40840 40859 40821 40878 40821 40897 40821 40897
36652 36918 36690 36728 36671 36785 36690 36728 36671 36747 36652 36747 36671 36766 36671 36747 36690 36747
30474 30626 30531 30512 30512 30512 30512 30512 30512 30512 32260 30512 32260 30512 30512 30531 30512 30278
34626 34797 34626 34683 34626 34740 34664 34645 34664 34683 34664 34683 34664 34721 34645 34683 34645 34683
31650 31783 31688 31669 31669 31669 31669 31669 31669 31688 31688 31688 31707 31688 31669 31688 31669 31688
39438 39241 39476 39495 39495 39476 39533 39476 39495 39476 39476 39476 39476 39495 39514 39495 39514 39495
33934 34105 33953 33991 33934 34029 33991 33991 33972 33991 32522 34010 32522 34010 33953 34010 33953 34010
33567 33833 33586 33643 31373 33681 32826 33643 32826 32826 32807 32864 32807 33643 33624 33662 33624 33662
31680 31908 31737 31737 33457 31794 31737 31756 31756 30671 31718 31756 31718 31737 33457 31756 33457 31756

