33891 40931 33891 34531 33891 35811 35171 35171 34531 35171 33891 35811 33891 35811 33891 35811 33891 35811
42586 47066 43226 42586 42586 43866 43226 43866 43226 43866 42586 43866 42586 43866 42586 43866 42586 43866
34040 43600 33120 31880 34160 33400 33120 34800 33040 32080 33120 34040 32720 33600 34160 32520 33040 32520
31667 39347 31667 32307 32307 34867 32947 32947 32947 32947 32307 33587 32307 34867 32307 33587 32307 33587
31462 37862 32102 32231 32742 32293 32871 32742 32871 31735 32231 33382 32231 32375 32742 32742 32102 32742
33135 41352 32363 32279 32012 32011 36020 33357 32326 33625 31686 32585 31639 35204 34563 32736 33775 32096
44703 48543 44703 45343 44703 51672 45343 45343 50562 45343 44703 45983 44703 45983 44703 45343 44703 45343
52294 47382 39655 52934 52934 52934 40295 52934 40295 52934 52934 53574 39655 53574 39655 52934 39655 52934
29351 38972 28474 30007 30700 31051 32218 29964 30464 30218 31621 30134 30944 30755 30770 30307 30631 30307
40273 45393 40273 41553 40273 44254 40913 41553 40913 44254 40273 42193 40273 44894 40913 41553 40913 41553
34736 42867 35662 36648 35320 38531 38416 36715 37049 36016 35662 35902 35662 35902 35320 36656 34929 39811
44302 49422 44302 45582 44302 46222 45582 45582 45582 45582 44942 46222 44942 46222 44302 45582 44302 46222
35121 38321 35761 35761 35121 36401 35761 35761 35761 36401 35376 36401 35376 36401 35121 35761 35121 35761
47132 54812 48412 48412 47772 45664 43608 49052 43608 48412 42968 48412 53100 49052 47772 49052 47772 49052
40297 47337 33474 33474 36252 44523 41577 42217 35219 40223 34579 42217 34579 42217 33700 41577 33700 41577
38263 43383 38263 40532 38263 39400 41459 39543 38760 38903 38120 39543 38120 39543 38263 39543 38263 40183
29235 38477 30895 29464 33598 30917 29637 30895 29637 30895 29844 30895 33598 31406 28565 30797 28565 30255
46392 51512 47032 47672 47672 47032 47672 47032 47672 47672 47032 47672 47672 47672 47672 47672 47032 47672
29913 35061 30581 30323 30553 32083 30581 30581 30963 31193 30323 31221 30323 33745 30553 31193 30553 31193
35324 41677 36604 35324 36604 38477 38477 35964 39316 39117 38267 39117 38267 39117 36604 39117 36604 39117
28766 36655 30033 29560 30895 30121 29679 30004 29679 30476 29680 30424 29680 30413 29522 30004 29522 30004
39806 47486 40446 44079 40446 41725 42366 41726 40487 41726 41086 41726 41726 42366 40446 41726 40446 41726
44456 51496 46376 45736 44456 45096 45736 45736 43828 46376 43828 46376 43828 46376 45096 45736 45096 45736
32644 37880 33448 34159 33574 32026 32831 33924 33306 31993 33574 32923 33574 32776 33955 33924 33955 33924
32255 35230 31390 30750 31390 32895 31390 32895 31390 32895 30750 33535 30750 33535 32255 32895 32255 32895
34282 42549 36685 35244 35189 36522 38712 35242 34229 34602 35242 35562 35242 35882 36685 35242 36685 35562
36124 38822 37404 37881 35277 33416 30724 38044 37404 35277 36764 38684 35456 38684 33368 38044 34637 38044
34019 42392 35515 35136 34716 36155 35515 35299 35515 36416 38213 36579 35405 36579 34875 35939 34875 35939
35812 41038 35812 36119 36452 37732 37092 37092 37092 37092 36452 37732 35812 37732 35812 37092 35812 37092
35623 43303 36263 36263 39514 38183 37440 36903 36903 37543 36800 37543 35623 38183 39514 37543 39514 37543
35171 45072 37031 36451 35811 37953 36451 36451 38445 36451 37805 37285 35811 38371 36451 37091 36451 37731
36319 39849 36959 38511 32906 32795 36009 37599 36351 32906 35369 33546 36319 33546 36319 37599 36319 37599
31965 39005 33245 32605 31965 33885 33245 33885 33245 33245 32605 33885 32605 33885 33245 33885 33245 33885
48554 54954 49834 49194 49194 43113 43113 49834 43113 43113 49194 49834 49194 49834 49834 49834 49834 49834
32478 40158 33118 33641 33118 34398 33849 33641 33118 33730 33758 34398 33758 35038 33758 33641 33758 32450
39432 41992 39432 40072 39432 40712 40072 40072 40072 40712 39432 40712 39432 40712 39432 40072 39432 40072
31563 37097 32203 31977 34841 32617 32617 32203 33257 33257 32617 32843 32617 32843 34841 32203 29958 32843
34525 39024 34525 31456 34525 36036 31456 33704 35165 29644 34525 32096 34525 36036 34525 36445 34525 35805
34238 38718 34878 34878 35241 40506 40506 36516 37240 39866 35784 36334 36600 36334 39950 36516 39950 36516
37571 43345 41328 38211 37571 42038 37530 38643 42539 38851 37585 39283 38211 39491 37571 38643 37571 38643
37533 41373 38173 41350 41651 41350 38173 38813 43821 38173 41651 38813 41651 38813 37533 38813 37533 38813
29190 40253 30354 30457 31589 31750 31113 31110 31842 32587 29638 31110 31174 30917 30665 31110 30665 31110
40905 45299 40905 42825 32056 39876 37230 42185 41426 35410 40786 37230 39117 42185 39876 42825 39876 42825
42444 50066 42444 41617 41153 42257 44188 43724 44188 43548 41382 43666 43548 44364 41153 43724 41153 44364
44174 52577 48737 44814 44174 48097 48097 48097 48097 44814 44814 45454 44814 45454 44174 45454 44174 45454
28434 37178 30762 34047 31011 29940 30258 28872 28406 30446 31569 32699 28134 29806 32698 28872 29135 28872
30230 38174 34808 35374 30445 34019 35398 31648 34946 32513 35121 33906 35121 32714 33818 31648 33818 31648
31480 37061 32239 32120 30534 34868 32760 31477 35566 32001 34926 32757 32117 32117 35167 31477 35167 31477
46535 52295 47815 47175 47175 47175 47815 47815 47815 47815 47175 47815 47175 47815 47175 47815 47175 47815
33336 40189 32509 35256 35904 34429 34660 35256 34750 38738 34110 35896 33380 36536 35904 35256 35904 35896
42469 48229 43109 45223 42849 46892 44583 44389 44583 46252 44583 44389 44583 46892 42469 44389 42469 44389
36565 43404 36364 37205 35972 37205 36523 37205 36612 37733 35972 37845 35972 38485 35972 37205 35972 37845
39259 45659 40539 39259 40539 39899 40539 39899 40539 39899 40539 40539 40539 40539 40539 40539 40539 40539
34820 39042 32006 33730 32104 33287 32697 34965 32697 33928 32296 33927 32296 33927 34820 35113 34820 35753
31860 37445 31742 31503 32804 34062 31641 31102 32234 32940 31993 32782 31993 32782 31502 33140 31152 33887
35292 41573 31971 35292 35932 33151 34026 35695 31971 40499 31331 34482 31398 32914 36572 35695 36572 35695
31043 39679 30696 32367 31999 33279 31231 30696 30696 32367 30514 33421 30056 31976 31999 31336 31999 31336
39929 45116 39356 39929 39996 41209 41209 40569 41209 41209 39996 41209 39996 41209 39996 40569 39356 40569
31795 41244 32471 32471 33677 34995 33942 33075 33525 33150 32056 32847 32056 31566 33000 33075 33000 33075
33099 40367 32950 35659 34342 33063 32385 35019 32047 32912 34719 33254 34079 35659 32463 34379 32463 35019
39602 45362 40242 39396 40882 44756 44116 40242 40242 44756 39602 41522 39602 40036 40882 40242 40882 39966
41231 46991 41871 39169 41231 40449 41871 42511 41871 41871 41231 42511 41231 42511 41231 42511 41231 42511
35684 39524 36324 35684 35684 36508 36324 36324 36324 36508 35684 36964 35684 36964 36324 36964 36324 36964
39796 44276 39796 40436 40436 41076 41076 40436 40436 40436 39796 41076 39796 41076 40436 40436 40436 40436
28522 37190 31139 30432 29465 32097 29885 30965 29885 32640 29245 29547 29162 30107 29162 30965 29162 31457
33754 42074 34047 35619 36353 40666 34544 34394 36109 39011 38603 35674 38603 36314 36353 35674 36353 35674
37520 43920 38160 34808 38521 38160 35545 38800 39161 35448 39161 38800 39161 39440 38160 38800 38800 38800
34927 40047 35567 35567 40458 35567 36715 36207 42378 36715 41738 37787 41738 36847 34927 36207 34927 36207
33928 37768 34568 34568 33928 35208 34568 35208 34568 35208 33928 35208 33928 35208 33928 35208 33928 35208
33497 37337 34137 33497 34137 37230 37230 34137 34137 37230 33497 34777 33497 34777 34137 34137 34137 34137
30222 37044 29048 30377 28781 31209 30235 29354 30235 30252 28649 31059 31268 30254 31633 30944 30503 31584
28586 41504 33385 34800 33076 33293 31458 34198 31988 33139 32987 33072 32037 36411 34002 34838 31351 31012
30475 35928 30808 31359 32857 34781 33590 32272 33590 33590 33379 32395 33379 32395 32857 31755 32857 31755
41798 46278 41798 43078 41798 43078 43078 43078 43078 43078 42438 43078 42438 43078 41798 43078 41798 43078
44901 52444 45541 46181 45404 46684 44821 44181 45541 44821 44901 46821 44901 46684 46044 46821 45404 46821
33934 40104 35323 33241 34246 34112 33223 36603 35073 31604 35367 34530 33828 35170 34246 35854 37875 35854
33567 43131 33797 34049 31994 35220 33867 32634 32634 34689 31994 35329 34049 36743 31354 35487 31354 35487
31680 43308 32320 32320 40557 41268 40557 35822 32960 37747 32320 34873 34542 32960 39988 34233 39988 35822
34626 40386 38233 36546 38233 37460 38486 35266 38486 37840 35976 36546 35976 39512 38233 35906 38233 35906
31650 36130 32290 31650 33121 32290 32290 32290 32290 32290 32894 32930 33121 32930 32290 32290 32290 32290
39438 44712 39867 37533 39091 40078 38312 40078 38312 38737 38312 40718 37672 40718 38312 40078 38312 40078
40783 48463 41423 42018 41793 43298 42658 42703 42658 43713 42018 42703 42018 43343 41793 42703 41793 43343
36652 46668 38348 39283 37041 39106 37504 37932 37681 37455 38643 38572 37041 39212 37292 37932 37292 38572
30474 35727 31754 31114 31114 32813 31247 31247 31247 31754 30607 31247 30607 31247 30607 31754 30607 31754
38135 44206 35484 39415 35102 38446 33097 38904 37031 35413 34644 35413 36058 39086 38775 39415 38775 39415
31490 37629 32770 32130 30625 32198 30525 32770 30777 33175 31218 32969 32441 35308 30625 32770 30625 33410
44986 52026 44997 45135 44986 46415 45626 45626 45626 46906 44986 46266 44986 46906 44986 46906 45626 46906
32056 39096 33336 34244 32696 31320 32464 36898 32464 33336 29607 33976 29607 31960 32696 33976 32696 33976
33162 38282 39136 33802 34652 35082 34442 33802 33802 35082 33162 35082 33162 35082 39136 34442 39136 34442
30492 36617 33687 31772 32130 34326 37727 32412 31918 32197 31278 31772 31278 32837 30492 31772 32130 32197
29281 40343 29921 29921 30336 34822 30561 30095 32146 29714 31506 30354 31506 30354 29838 30735 29838 30735
34495 37323 31743 35775 45779 31530 48435 35775 48435 48435 34953 31370 31370 31787 45779 35775 43464 35775
34281 41812 37580 34921 38195 38369 36474 34211 36474 37729 35834 34851 37555 34851 38960 34211 38960 34211
39666 44786 39666 39666 40306 40131 40101 40306 40101 40131 39461 40946 39461 40946 40306 40306 40306 40306
29448 34186 29385 29875 29816 29169 28315 31368 29711 29280 29071 30830 29071 30565 29816 31368 29816 31368
37488 43248 38128 37488 38128 39408 38768 38128 38768 39408 38128 39408 38128 39408 37488 38768 37488 38768
30791 38118 34817 34817 32387 31786 35457 35457 32575 32087 33880 31020 32424 32071 32048 31431 30745 31431
36486 42246 37126 37126 37126 37199 34625 37766 34625 37279 34630 37199 34630 37766 37126 35437 37126 36559
33145 35145 35693 28385 35053 33785 35053 33785 34425 35693 35053 35693 35053 35693 35053 34425 35053 35065
34429 40829 34429 35709 35069 33688 35709 35069 34505 35377 36709 36349 36709 36989 35069 35709 35069 36349

