34626 56157 42026 45875 40305 47660 50691 48757 48970 44888 43960 44889 42651 50691 42155 47660 47294 48886
31650 44600 42374 39050 41731 42221 42298 37200 40222 39050 40222 38521 41731 42221 40222 43355 40222 43355
39438 56886 51548 46140 45521 48557 46441 45786 50761 43175 46078 45795 44441 48079 46441 49883 47371 43936
38135 49557 42695 39899 40695 43383 42028 41856 45902 43878 39081 45836 39081 44782 42028 41427 43254 41427
31490 54369 43940 43359 39860 43658 41291 42560 43607 41308 43141 44709 42137 44192 42090 45209 41838 44692
44986 65336 55131 57190 52967 61786 56086 56235 54892 56667 53281 58278 54490 60128 52386 60367 52386 59786
40783 62983 49261 57433 48377 57433 50033 55992 55517 55583 50033 60361 50331 58511 48183 55583 48183 55583
36652 60832 50384 46744 45546 53845 49247 52234 49662 51035 45310 54500 41904 53845 44408 53906 45902 52719
30474 46974 43069 38792 35669 40285 37944 40285 37944 39471 36942 40285 36942 40285 34311 39724 34311 40642
33934 55282 45569 40864 41166 45143 38018 46075 42375 39885 37769 46619 39965 48050 40072 47445 38612 52098
33567 57580 45464 46154 43180 54966 42454 47895 44593 44304 43688 46592 39699 54966 41330 52030 39336 52030
31680 53828 45766 43855 39028 46833 39835 44775 49178 41953 47225 45603 41323 50914 42005 49788 43114 43545

