34626 40932 37932 36626 39480 37626 37126 36368 37400 39432 37287 40206 39593 39060 36934 36126 36934 36626
31650 35150 32650 33981 33481 32650 33981 32150 33150 32650 33150 32650 33481 32650 33150 32650 33481 32650
39438 43032 39532 38253 40311 38753 40032 39957 39811 40311 38532 40457 40311 43142 39032 43142 39532 38253
40783 46783 41878 43283 43532 45283 44032 43283 43783 42783 43532 43878 42878 44283 42793 43783 42793 44283
36652 44568 39568 38652 37152 40345 38144 40068 38068 39652 37652 40568 38152 41568 37144 40152 37652 39652
30474 34474 30967 35211 30967 30370 31316 31967 31316 31974 30816 32474 30816 32474 31221 30870 31221 34504
38135 42666 35247 35747 33681 33681 36633 34278 36439 34327 37796 36182 38166 39666 38634 39764 38634 39764
31490 37643 30670 33990 31580 34191 32422 33990 35571 34977 33755 34366 31059 35477 35494 34190 31875 34190
44986 49985 45986 47486 45717 48135 46486 47217 45986 46486 45986 47986 45986 48486 45635 47486 45635 47485
33934 38746 35246 34190 35809 34443 34565 37683 34003 37185 33003 35622 33003 36188 35809 38183 35809 36750
33567 40567 35877 36428 34993 38790 37442 36567 35232 34354 35232 37073 35393 38573 35942 34854 35942 38183
31680 41488 38279 37419 37488 38591 32595 32150 36402 33628 36591 33045 35729 36041 37488 36902 37488 35471

