34626 41368 36505 38988 39055 40680 37361 39023 39044 40161 38177 39739 38621 40070 36960 42315 37260 42315 37260 42315
31650 36717 32291 36069 34672 32618 34359 32084 33778 33186 33004 36474 34672 35942 34032 35942 32491 35942 32656 35942
39438 45753 37928 45672 37883 46739 41558 43090 41072 39563 38166 41863 38938 42500 37951 46738 37951 46738 37951 46738
40783 47314 41436 44628 43175 46171 44041 44258 44334 46457 42278 44824 43175 45086 41769 45914 41769 45914 41436 45914
36652 42524 36939 39890 37393 41469 36969 38445 37171 38311 37403 38203 37323 40300 36805 41469 36805 41469 36207 41469
30474 35354 30457 30978 32938 30644 31387 31817 30993 32339 30816 32174 30816 32174 31191 31734 31191 35897 32938 35897
38135 43119 38005 37645 34832 40588 34966 35298 38918 38894 35645 35097 35318 39945 34078 40588 37633 40588 34078 40588
31490 33317 32196 32398 30780 31724 31522 34042 34059 32038 31360 33086 31431 35090 30081 32691 30081 32309 30081 32691
44986 52188 45357 50061 45675 50157 46279 47401 50260 48814 46408 49106 46408 49004 45477 50634 45106 50634 45512 50157
33934 41682 38951 38335 35138 43584 32438 37235 34418 33226 34009 33185 34098 36204 35138 43036 34460 37305 35138 43584
33567 38946 34172 35140 34654 34796 36719 36081 34254 35839 34417 36099 33375 36905 35604 37375 34155 37900 35604 37683
31680 42811 30744 34890 35548 32128 31648 37050 36518 38609 32865 32633 35060 31582 35188 37250 35809 37217 35548 37217

