34282 47222 39548 41422 38523 43950 41910 43238 41846 42122 40729 42075 39810 42448 40029 42122 39548 41749
36124 43002 36173 40353 34676 37568 39381 43979 39381 41421 35862 43616 35528 46019 34842 37568 34031 40288
34019 45835 38695 40510 37556 46511 41119 43159 41119 40470 38695 41914 38364 46511 40258 44471 38284 42550
35812 44458 40378 40912 36832 43438 39892 40912 40912 40912 38872 41932 36832 42820 37318 41800 37318 42952
35623 47863 41743 44656 43334 44803 43783 42763 42763 43783 42314 45062 44411 49511 39703 44241 39703 43783
35171 50661 46040 42653 41873 45370 40613 44156 39409 41147 41147 45413 40465 45370 41873 43136 41873 43136
36319 42889 39379 38275 33928 40849 38809 40587 39829 38809 38809 37746 35520 40849 37789 39829 37789 39829
31965 43185 39105 37065 36045 39105 37001 38021 37001 37001 37001 38021 37001 38021 36030 40125 36030 40125
48554 58754 53654 46051 52634 47953 47071 47071 48091 47071 47071 54674 47071 54674 47071 47953 47071 46933
32478 44718 37682 38177 38101 40794 38205 38022 37264 36558 37081 37472 35015 39487 37290 42834 36611 37630
39432 43512 40452 42492 39432 43512 41472 40452 40452 41472 40452 42492 40452 42492 40452 43512 39432 43512
31563 40137 35231 38281 35953 46069 34211 35378 33913 36470 37261 45049 35643 45049 33191 44967 33338 44967
34525 41815 36264 36583 40758 36655 35125 35874 39486 37244 40658 37226 40176 37226 39217 39986 39217 37745
34238 41378 37709 38318 43843 41264 37709 39338 40040 38114 38114 41264 42370 41264 38409 40358 38409 40358
37571 47075 41975 43691 40723 50416 44062 42370 47124 41975 40005 42857 40422 50416 41025 43691 41025 43691
37533 43653 40593 40593 40593 47261 45221 42750 43770 45221 43770 46241 43770 46241 39573 47261 39769 43770
29190 45573 38678 39774 38300 38639 37406 38007 39362 39756 38833 39301 34656 38470 33398 38596 39543 37618
40905 46674 42557 43232 37460 45617 39675 37805 42869 41413 38360 44110 45246 45617 39809 38437 39809 38437
42444 52837 45446 51624 45178 50604 46641 50428 52687 51834 46900 49282 45144 51566 43397 49517 43397 49517
44174 55617 51537 48254 48529 49274 48254 48254 48254 52557 47234 53577 49497 53577 47783 48254 47783 48254
28434 43141 38785 36706 33994 36589 35821 35751 34445 35525 32314 37416 35898 35802 32838 36964 35395 37616
30230 46985 46042 38749 35644 40271 40819 39958 37182 38984 38779 42701 39799 41681 38402 38311 38529 38310
31480 41940 35761 35937 36556 40895 36104 35644 39123 36104 36665 35285 39882 36781 36781 38336 36781 36405
46535 55715 50044 50615 50615 44043 49024 52655 51635 51635 49595 52655 50615 52655 49024 42003 49024 42003
33336 45129 42024 40029 37416 43536 39044 39928 39789 40957 37302 41968 37416 41232 38998 42516 38998 41049
33891 45111 39492 38991 35931 43071 40011 38991 40011 38991 38991 40011 36951 42051 35931 43071 36951 42051
42586 49726 46666 45646 44626 47686 45646 45646 44626 45646 43606 47686 43606 47686 44626 47686 44626 47686
34040 46160 37440 40320 39000 41900 40560 38720 38580 41320 39660 40880 37080 41980 37800 43340 37900 38980
31667 43907 35747 41735 35747 41735 36767 37787 39695 38723 36767 37787 35747 42755 35747 39827 35747 39827
31462 41662 39012 37582 36671 38650 37031 39456 37163 35158 37691 42194 34521 39036 33610 41111 33610 41111
33135 42962 36238 38604 37074 37722 37630 38605 37815 39763 35588 38651 36144 38511 35080 38280 35080 37535
44703 50823 46743 56132 63383 62922 47763 47763 56132 46743 56708 53553 56708 53553 46743 54573 54092 55593
52294 50042 41695 56374 46982 44755 42715 43735 41695 42715 45962 57394 39701 57394 46982 56374 46982 56374
29351 44105 37478 37498 35594 39746 37098 37152 38050 37050 39184 40939 35196 38001 34749 42484 34266 39137
40273 48433 44353 45690 42313 40954 39296 43333 44353 43333 38276 40698 41491 40698 46292 39934 45272 40954
34736 43894 40687 38965 41453 42049 43025 41052 39595 38473 40079 41545 37465 41303 37223 39034 37223 39034
44302 52462 48382 49402 46342 50422 48382 50422 48382 49402 47362 50422 46342 50422 47362 49402 47362 49402
35121 40221 38181 37540 36520 40221 38181 38560 37161 38181 36141 39580 37161 39580 37796 38560 37796 38181
47132 59372 48942 58580 50192 50108 47672 49109 47069 48089 52835 50129 51815 50108 52232 52544 53252 53252
40297 54286 46881 41727 36523 43767 44365 37423 37450 45199 40072 49385 39608 40019 38893 41727 39913 38615
38263 46423 39140 45260 44371 46679 43363 45659 41180 45659 40160 44240 45391 46679 45391 45659 40303 43462
29235 42390 37928 35095 36790 34866 35037 33086 38595 39747 33516 35556 33452 35315 35770 35346 33730 35345
46392 54742 49452 56686 46178 51682 50662 55666 51492 51682 50472 52702 46178 51682 52606 51682 52606 51682
29913 37793 38455 33993 33483 40623 39603 33993 32973 39603 35956 40495 35956 39603 33483 40623 32743 40623
35324 43957 39404 41917 39667 41917 40897 39404 40424 40897 39404 40897 39404 40897 39404 42937 39404 42937
28766 41215 34886 35959 34442 37055 34702 35512 35306 35563 33473 36351 33945 38571 34075 39697 34518 36662
39806 52046 45327 45926 42267 48985 44905 48616 44787 47847 43886 48867 42267 48985 42267 48985 46879 50005
44456 55676 47250 49556 43074 50576 50576 49556 47516 51596 49556 52616 48536 52616 49556 50576 49556 50576
32644 42060 37506 36651 36486 38217 34589 38526 38927 35847 36248 38143 33807 41533 38892 42553 35939 42553
32255 37890 33810 34830 33810 34830 32790 36500 37520 33810 37520 38271 32790 36335 36229 34830 32790 36335
42469 51649 46701 49609 47012 52221 51935 52955 49280 50300 49052 50409 47240 53132 47012 52221 47012 52221
36565 43130 37010 41844 39825 44725 39264 41284 37010 39050 39937 39993 39937 40004 37010 43705 37010 43705
39259 51693 46593 43339 45573 45379 44359 45379 46593 44359 45573 46399 46593 48633 45573 49653 44553 50673
34820 44444 39624 38981 38408 39755 39573 37288 37139 37829 36495 39953 36301 38835 36728 43805 36300 39294
31860 40885 37929 37853 34942 38424 36805 35756 37504 38970 37404 35935 37080 38199 37703 39322 37953 42186
35292 45753 39852 39743 38319 41885 35496 37468 37114 37831 40433 39963 38690 40865 38893 38328 38723 38328
31043 44075 36491 36982 36458 40242 36935 38499 35103 36104 36935 38144 36459 39164 36458 39771 35915 36599
39929 48536 46187 44009 42416 46049 44009 46049 44009 43436 42989 44456 42989 45029 43436 45029 45167 45029
31795 44794 36184 40181 36294 41089 36937 36251 40972 36523 38484 37998 39013 38717 36978 41992 37993 38225
33099 48209 40093 41863 37687 45894 39486 42101 40017 38669 38282 43408 38845 48791 38803 42319 38734 43109
39602 48782 42662 45722 39003 45687 43647 41642 42836 42697 40516 44737 44876 44737 40587 45722 40587 45722
41231 50411 42229 46331 41209 45289 46331 47470 46331 46331 45311 48490 45311 48490 45311 46331 45311 46331
35684 41804 39416 38288 37724 39308 38288 38288 38396 38288 37376 39308 37376 39308 38744 39764 38744 40328
39796 46936 41836 44896 40816 45916 42856 43876 42856 42856 41836 44896 40816 44896 40816 45916 41836 44896
28522 40041 37901 35702 35179 37468 35477 38600 35714 34308 33624 38921 34233 38013 34393 36246 33401 37700
33754 46965 41196 43432 40821 46296 38787 44019 44363 40051 41099 43160 38951 44131 40909 46296 41105 46296
37520 47720 41896 39817 35633 38797 38888 42620 42620 38797 42620 38797 38189 39752 38978 41896 40605 43640
34927 45471 41391 38803 39552 44912 40012 41364 39007 40155 39552 43404 38532 44652 39552 40027 39552 40027
33928 40346 40897 40897 40897 40897 39877 37297 36277 39877 35257 40897 35257 39028 35246 39028 35246 39028
33497 39617 36642 38597 37990 41050 40279 37990 40787 36557 35537 41050 35537 41050 40030 39274 40703 37577
30222 41633 35387 36570 34071 38735 38482 34469 36298 34763 33782 36675 33891 35467 35902 35323 35902 36343
28586 46584 39140 40507 38557 43166 37274 39532 37628 38245 38024 41180 35680 40160 40905 41487 37675 42906
30475 42571 36431 34555 36329 36288 36288 36840 37411 37860 36962 36676 36615 37308 36329 36288 36329 36288
41798 48938 45878 44858 42818 47918 45878 45878 45878 45878 44858 45878 44858 45878 44858 45878 44858 45878
44901 57004 50001 50884 46804 52081 49021 48001 49864 49021 49519 50041 47824 51061 47824 53944 47824 53944
33934 43426 42322 42857 43868 41448 39658 40265 36358 43355 36781 43278 35313 39145 39012 39643 35165 40353
33567 48945 41073 40747 38008 42652 39727 41293 39515 37076 40017 42964 37573 42652 38153 42652 36988 42652
31680 43868 38640 42062 36330 39609 40345 41921 45397 36973 36728 42077 35915 43290 39363 42179 35708 42179
34626 44891 39662 43133 41092 42680 45517 43402 43003 43572 40640 43572 40178 42680 39620 44152 39726 43454
31650 38790 36900 35730 37581 35581 37318 34710 37732 35730 37732 34710 37581 35581 37732 39054 37732 39054
39438 49272 41636 44609 44172 42019 45192 43152 44951 43152 43152 44172 43152 44172 45574 46055 41324 46479
40783 57918 44438 49963 47668 49963 50778 50182 46903 52818 45883 49538 45883 48943 44863 48943 44863 48943
36652 50932 43744 46579 39780 48288 43021 43328 42772 44208 41148 46329 39780 48288 41088 46804 41752 46981
30474 41864 36507 38038 35916 37446 35660 34475 35660 35660 34728 35574 34728 35574 34047 35574 34047 35662
38135 42527 37801 36020 37996 39233 37427 44306 36781 37801 36600 38756 37427 39866 37915 36975 37878 37995
31490 42432 36863 40120 36012 35702 36313 39475 35965 36581 36219 40650 36501 38165 36092 37863 36435 38569
44986 56206 50086 52125 48817 54166 51106 50857 50086 50086 49066 51106 48046 52126 49066 52897 49066 53146
32056 43276 37156 38176 34396 36474 37672 34939 37257 40216 36172 34812 34939 38086 34396 36122 36136 36160
33162 46826 42746 37242 35202 39282 38262 42746 35202 38262 39686 41322 39686 41322 36052 40302 36052 40302
30492 42935 39508 34787 36200 37677 35566 39538 35720 35592 38430 39547 36036 37632 35751 41818 34869 42838
29281 39541 38143 39163 33642 41410 35400 37936 35660 34042 33760 37375 33849 40390 39229 40390 36022 40390
34495 41883 39843 34444 42134 37329 35961 36932 37280 39918 38873 37230 38873 39320 38425 38300 38823 38300
34281 45992 41565 42967 39217 42932 49952 41564 39509 40401 41202 47772 50972 48932 42966 40622 38671 43152
39666 47826 43746 43746 42309 48429 43746 39871 41911 43746 41501 41911 41501 41911 41911 42726 41911 42726
29448 41476 35141 32832 33317 35301 33584 33853 34121 35031 31865 34873 34121 35946 33634 33854 33634 33854
37488 46668 41568 43608 39528 44628 41568 42588 40548 42588 37633 43608 39528 44628 39528 44628 39528 44628
30791 43973 35876 38075 33135 36052 37458 36491 34546 34122 36754 36377 41317 39299 37458 36438 36258 36112
36486 45666 41586 41586 35735 44646 39439 41586 37857 38821 35923 42606 35923 42688 33882 39841 36943 39841
33145 38945 36905 31445 37772 39893 34865 35608 36417 33787 36956 35615 32824 35615 38996 31445 39812 31445
34429 44629 39278 41569 35324 39014 42040 44643 41165 43311 41644 44847 37228 43358 36306 43358 38313 42338

