34282 66332 45878 49222 43729 55411 46752 44364 41485 50485 43922 46412 43196 52227 39082 52214 39082 45505
36124 60223 39651 48574 38657 54716 42266 46245 45711 47906 41790 52886 34853 52226 39396 48496 39396 51359
34019 63475 43555 41065 39423 56005 45780 48270 45780 45780 43290 52138 39263 53250 42178 53250 42178 53250
35812 57688 40342 43282 41261 50219 45772 45322 45772 45772 43282 47812 38302 50752 38302 49484 38302 48263
35623 65503 48073 47068 44150 58033 48073 45583 48073 49728 48073 52218 40603 53053 41660 50563 43810 50563
35171 72956 47621 49141 44937 57581 43289 51828 43900 50111 40027 52506 43851 51631 45587 52795 45587 52601
36319 51018 41299 44689 38567 47179 38196 44689 40157 37736 38795 44076 38567 44076 38415 42577 39696 44689
31965 59355 38978 39435 40836 49268 41861 41861 41861 41861 39371 44351 39371 44351 38978 44415 38978 44415
48554 73454 58514 49303 51931 56773 56024 58514 51931 56024 44323 51793 44323 51793 51931 50557 51931 50557
32478 60423 44928 40050 39948 41559 39331 42940 41652 39143 38586 45848 39143 48338 39948 42699 39948 42196
39432 49486 46424 46902 41870 49392 41922 43094 41922 44412 46424 46902 46424 46902 46424 45584 46424 45584
31563 49178 45397 39033 36148 55339 36643 50359 39447 37485 32260 37303 32260 45397 34054 52849 34054 50359
34525 62387 39415 39894 36925 40502 39614 42805 44107 42104 40035 41544 39824 50516 41905 44314 41905 40353
34238 52529 46238 41708 41076 50084 40895 44198 43610 42614 38630 47594 37634 47594 43748 50084 43748 50084
37571 61775 44011 42205 43720 60900 53430 47323 44415 53832 44415 54266 43720 51607 46905 47531 44011 47531
37533 52473 43121 41689 48063 45611 49121 46631 49121 48161 48142 50651 48142 50651 48063 46669 47455 44179
29190 64199 43026 46515 40239 52676 44700 43954 42716 43134 42894 47472 45755 49514 44701 48006 44701 44356
40905 56956 47579 47743 43457 46388 45253 46580 43431 44215 42599 50321 39159 49473 43457 49070 39843 52811
42444 72266 48664 57532 48803 61896 52553 55042 55042 55042 50063 55277 53634 57767 49628 61104 45317 58177
44174 60676 48501 54134 47269 51974 54927 54927 54927 57417 49154 54683 49947 59907 47953 54134 48501 54134
28434 66871 42110 38308 35908 44415 40749 39444 44008 40341 39974 41015 38938 40930 37170 42417 36402 41513
30230 67473 41005 42510 40290 48450 40817 49290 42786 41526 40404 47992 40404 47992 38910 44436 39224 47403
31480 56238 41207 38717 37573 41448 38924 41090 38105 39829 38131 47909 41414 43196 40621 43105 40330 43105
46535 68945 54005 41433 41433 47964 56495 54904 54904 52414 51515 46413 51515 46413 54005 54904 54005 45474
33336 64239 46794 45650 43419 54369 42531 48610 42012 47129 42883 51100 41384 53590 44304 52477 41736 53486
33891 61281 41361 41361 34126 53811 41361 43851 38871 43851 38871 46341 36381 51321 36381 46341 36381 48831
42586 60016 50056 47566 42586 55036 47566 50056 45076 50056 45076 55036 45076 55036 45076 52546 45076 50056
34040 65870 41040 48300 39990 55210 40530 47060 42340 42890 43710 48260 38810 53200 41880 44880 42900 44140
31667 61547 40856 44033 39137 51587 41353 40780 43662 43662 41543 47117 38682 49097 37792 47414 37792 46152
31462 56603 39405 46788 37203 51102 39420 39412 42768 51102 40278 41567 39613 48323 37540 46025 37540 41422
33135 62057 40002 41964 39307 48383 40791 43095 41796 43636 41269 43341 37944 43466 41703 45585 39382 46667
44703 59643 49683 57021 57225 66312 49683 56549 51771 49683 47260 57963 47260 57963 56551 52173 56551 57021
52294 54071 44111 59764 47534 59764 44635 47125 50024 47125 47534 62254 47882 49615 47534 59764 46601 59764
29351 67296 42050 43424 41587 47761 43680 41975 45272 46396 43438 48381 39726 48066 42087 45412 39767 42680
40273 61529 47743 51569 43068 52350 49079 45253 42304 49374 39814 52350 39814 52350 43068 51569 42686 51569
34736 59147 42182 44926 41833 45639 43461 40807 41087 41519 41862 45295 41862 47417 40570 46990 40570 46990
44302 64222 49282 50519 45539 54262 54262 54262 48013 50519 45523 48029 49282 59242 46792 48029 46792 54262
35121 47571 38049 37611 36275 45081 41255 41950 41969 41950 37611 42591 37611 42591 37611 41950 37611 42591
47132 70358 59582 57092 46949 64562 54419 59582 54002 57092 51512 59582 49689 62072 52112 59582 52112 62072
40297 56375 40587 41514 41542 50547 43289 48508 44032 52376 44800 57144 39052 48269 38258 48508 42310 55237
38263 58183 40278 48223 40691 52342 47362 45733 45733 49499 40610 54042 40691 49852 40610 48223 40610 50510
29235 59779 40889 40191 34852 48096 37083 38395 37240 49230 36161 44376 34852 45606 36161 44583 37111 44582
46392 66502 53269 56542 47648 57608 52628 58036 55118 56542 52628 56542 47648 57608 51372 56542 51372 56542
29913 51023 36083 37383 37146 49443 37383 37918 37383 41785 34893 40527 39636 41563 36993 39873 36993 41897
35324 53673 45284 45307 42794 46203 41223 41221 42058 42817 40304 45307 40304 45307 42794 45307 42794 47797
28766 59776 39751 38202 41268 44155 37869 42156 42210 42313 38987 41268 38202 43913 37366 43913 37366 43913
39806 73816 54495 52256 49766 62215 52256 57236 49766 57236 47276 59726 49647 57236 44187 59725 44187 57236
44456 71846 54416 45444 54416 53568 50788 51926 50788 59396 49378 56906 49378 61886 56906 54416 56906 54416
32644 54591 37518 39759 37269 44764 41101 39870 43806 41454 37684 41454 37465 41868 40198 40774 37568 44547
32255 48180 39725 35730 38220 40710 34457 38220 34137 35730 33240 40065 35730 40710 35730 38220 33240 38220
42469 64879 51253 55160 53721 62402 50104 54932 49952 49939 47462 59912 47462 58851 48032 62402 47614 62402
36565 60534 41590 44057 38764 54724 41478 47300 42712 45460 49800 47277 42993 46122 38764 44888 42330 42734
39259 67207 48513 42975 39124 59737 47955 41614 48513 47858 46023 57247 46023 54757 47337 50445 47337 47955
34820 62204 44774 44703 38934 48941 41195 42431 49309 42333 41719 42680 40623 46353 42284 44653 42284 44653
31860 62187 37778 39024 39675 45004 41016 41418 38623 39675 39276 43412 40822 43412 38923 46747 38923 43758
35292 66499 39526 36250 39134 43720 40145 43533 40385 42434 37895 45882 39627 41624 40068 42168 42117 42168
31043 63185 44356 40275 39867 55389 41092 46394 40775 43582 40727 42187 42357 48251 33994 47382 33994 46072
39929 54274 44314 39365 44336 54869 47399 47399 47399 46826 44909 47399 44909 49889 39334 49889 41824 49889
31795 68282 39114 39724 40703 47642 41867 46355 42432 42557 41721 46588 41721 45047 40887 45796 40967 45796
33099 71246 50525 48402 40690 51965 43370 52379 47284 47071 40764 51513 40690 53554 41903 54720 40267 52379
39602 62012 44582 49562 44582 52600 46017 49096 43975 48577 42092 48507 44582 50012 47072 50012 47072 50997
41231 56108 44149 46738 39169 51128 46148 48701 44149 46148 44149 48638 44149 48638 41659 48638 48701 48638
35684 49803 46961 40208 40664 45188 46961 46961 40234 46961 37744 43154 37744 43154 40664 45188 40664 42698
39796 57226 44776 47266 49727 54736 44776 49756 52217 47266 54707 49756 54707 49756 52217 49756 52217 49756
28522 65275 41436 39790 35798 46715 39592 41747 39592 42230 36431 41848 37067 43928 35943 44598 35582 47222
33754 69298 41696 47859 44055 57053 48497 50611 44938 49321 44055 54301 44055 57576 44055 50831 44055 51860
37520 59437 38801 44677 39697 44677 41324 44677 41694 39697 42187 44677 42187 47076 36401 43814 36401 43814
34927 57049 46994 43663 41055 50943 41173 42299 45533 43663 41271 43473 42014 43473 44504 44887 44504 48453
33928 50636 40424 41398 39955 46378 38908 38908 38908 41797 39667 44287 39667 43888 39955 46378 39955 43888
33497 53211 40761 40967 42199 41644 40121 41052 38937 40423 36447 44134 36447 43457 35987 42877 35987 44134
30222 60139 38892 43339 36398 43574 38763 43414 41220 40754 38393 44042 40138 40716 38057 39556 38057 43124
28586 68736 49423 42053 41897 55110 41932 45484 47405 43215 39830 49358 39639 50641 41012 51029 43481 47964
30475 58556 40067 40128 39781 48149 45660 39780 41291 42618 38801 42618 40618 43046 37577 42618 37577 43170
41798 59228 49268 46778 44288 54248 46778 46778 46778 46778 46778 49268 46778 49268 44288 49268 44288 46778
44901 74644 52371 57214 47391 64684 54724 54724 52234 59704 49744 59704 49744 64684 49744 62331 49744 59841
33934 61699 44020 40160 39538 53297 36736 49623 43085 38791 37796 40035 38232 44952 39226 52113 39226 47008
33567 66540 45329 43804 39176 53764 47527 49258 43769 44119 45182 49038 37086 58393 38743 51854 38743 58042
31680 61468 43501 46827 37280 53822 40142 49825 39626 39628 43026 44647 36711 51487 41951 43707 41951 39995
34626 62557 42096 48198 41428 50017 50494 42756 48519 44586 46029 46779 42380 49010 43257 44676 43257 47593
31650 49080 38285 39120 37461 44851 39120 38139 39724 37381 39120 41078 37461 44851 39120 43954 37461 42444
39438 62085 46708 47771 43015 45940 46732 49907 47346 49694 47346 52397 54509 48856 45740 46708 53246 47771
40783 70663 46773 53233 48253 63193 50743 53233 55723 55657 48253 59751 47614 58213 48848 55723 47480 58213
36652 71511 53372 46612 44475 60248 47856 53014 47266 51175 42166 58352 44122 60484 44360 54970 43766 53191
30474 49631 37324 35939 34947 44314 37409 37295 37409 39925 37409 39644 37409 39644 34804 48047 34804 45557
38135 55317 42287 46313 41641 44389 44131 44443 42932 43771 42738 47126 37307 49008 40507 45669 40507 45669
31490 61980 40837 44739 40041 44832 41542 43940 41262 45115 42342 47321 40979 44973 41214 47793 41214 47793
44986 72376 51187 57436 47476 62416 52456 61147 52334 52456 49966 60252 49966 62742 49370 61147 49370 59330
32056 57531 39878 44002 40484 47349 38811 43065 39718 39739 37228 46673 41885 44164 36251 42057 36251 42057
33162 60056 42626 42642 37354 48102 43122 45116 42703 45612 44205 45612 44205 48102 42626 43122 42626 43122
30492 58602 43140 43297 42573 46718 41250 41659 43141 43715 36979 42943 39603 44213 45151 41799 45151 46921
29281 60461 40548 36544 36544 44746 37172 37437 35109 43045 38769 41222 34682 43408 34114 38428 35309 47170
34495 60072 44657 38306 39677 47271 43336 47047 43212 43137 40349 44732 40722 45154 46994 43910 46994 41794
34281 62523 46315 58772 43900 54316 50013 44144 44610 56282 51302 53792 53792 46730 53792 49363 51302 45638
39666 53384 44646 45914 44646 44996 44288 42156 46935 41847 43983 55015 43983 55015 44646 55015 44646 57505
29448 55498 37801 35449 34636 40986 37156 39538 37393 41148 35095 40925 35869 40925 35017 40774 35017 37692
37488 59898 42468 47448 45106 54918 47448 48619 44958 47448 42468 51109 42234 48619 42468 53599 42468 53599
30791 58667 36427 46627 37807 41217 39622 41801 39982 39901 37492 42740 37053 45501 39563 38950 39563 44811
36486 58896 43956 37272 38976 45224 40333 43709 40333 46446 37843 48205 37843 48205 38976 45715 38976 48936
33145 50818 48176 35006 43196 38946 37602 38125 40592 37627 39447 40566 39447 39447 48176 40615 48176 41628
34429 61461 41694 46879 41018 51859 45485 46879 43449 49388 43108 51859 39410 51859 45312 49369 45312 51859

