34626 84843 60799 67336 53488 69359 65039 60759 66884 67336 63442 72349 58929 72349 54995 72261 62282 66588
31650 66141 51970 50521 48026 62123 56896 48178 51971 51366 47046 51971 48026 61216 51971 55201 51971 55201
39438 89153 63717 72317 64426 63678 66267 67754 66936 69453 63214 69099 62050 72679 76644 73098 66370 70405
38135 79813 58070 57403 51123 57897 57661 65297 52221 57618 50929 63317 51381 62263 52736 60328 52736 62049
31490 95223 66378 63239 70749 68624 63192 65861 68916 61218 64686 71125 63662 77215 63427 63145 60288 66378
44986 99161 74686 78715 63195 83640 68865 71924 71924 69611 66999 77892 62074 82222 64686 88042 69761 84386
33934 86049 61064 53765 51027 69599 55142 70153 55828 62870 56879 71288 51511 72028 50466 64612 50467 66550
33567 109905 69449 72169 61561 88211 68149 74851 68149 75612 65470 73436 56811 88211 56263 88211 58075 88211
31680 96016 75541 69463 59406 71028 60559 68654 68068 61954 60456 64866 57493 72026 59303 73560 56700 64139
40783 99883 57450 85108 58683 85108 65408 74784 75556 80183 65408 87477 65408 87477 60483 80183 60483 80183
36652 120493 70598 65550 54809 86140 69939 74568 70119 71365 61515 89284 54809 86140 60565 86672 55344 84595
30474 76499 56461 53995 49074 61810 51960 61810 51960 54592 47035 61810 47035 61810 46949 56885 46949 62657

