34626 83843 55474 57344 50466 66736 54120 53337 56183 56945 54066 63564 48778 63564 47060 56634 47060 61770
31650 65349 49960 46125 40233 60516 46041 47023 46125 43708 40395 53511 40233 56598 40395 55474 38959 49668
39438 88053 58830 57111 52711 61936 60944 60367 53075 56200 48239 59043 56332 60600 54986 64696 59750 57111
38135 78913 48013 47705 50981 55871 55806 51448 50385 52078 52078 55741 41977 56953 47382 52982 47382 52982
31490 93823 53077 54628 47547 57431 54941 55615 55787 55145 54346 61317 49693 58372 50257 60047 49834 60047
44986 98061 58192 69111 57870 78761 59461 77492 61674 59461 54636 76597 54636 81422 54040 77492 54040 73190
33934 85049 52831 47787 49842 68083 51212 63633 52488 48597 44644 61578 46729 62916 45017 68458 45017 60549
33567 108405 54174 63892 48548 74779 55479 70024 55444 61610 56857 63244 44278 76849 49428 67449 49428 72855
31680 91978 54185 58614 52891 69970 53720 62162 49035 54619 48397 55928 45451 60889 48170 55909 48170 56166
40783 98683 53652 64908 55258 84208 60083 64908 69733 61114 55258 78431 54187 74558 55853 69733 49362 74558
36652 102185 67382 55535 46540 80215 54468 64118 51365 65128 51365 70249 51127 84406 51365 70010 51365 69359
30474 75599 51036 40705 42898 51460 46635 46905 46635 46635 46635 51474 46635 51474 41386 51460 41386 47483

