34626 40932 37835 36126 37835 37320 38206 35126 38206 37560 35626 36126 35626 35626 37835 35626 37835 35626
31650 35150 32150 31650 32981 32150 32150 32150 32150 32150 31650 32650 32981 32650 32150 32150 32150 32150
39438 43032 39727 37253 38811 39938 38032 39938 38032 38457 38032 40438 37532 40438 38032 39938 38032 39938
33934 38746 35183 32821 34246 33692 32943 36183 33443 34688 32878 34250 33688 34750 34246 35434 34746 35434
33567 40567 33567 33769 31854 36790 33769 32354 33587 34269 33087 34769 33769 36183 31354 35067 31354 35067
31680 41488 32180 32180 36091 36591 38278 35402 32680 32628 32180 35902 34402 32680 35591 35402 35591 35402
38135 42666 35344 39135 35102 38166 32957 38764 36891 36150 34504 36150 35133 38666 38635 39135 38635 39135
31490 37643 30516 31990 30516 32238 31174 32490 31251 30452 30751 31815 32161 31315 30516 32490 30516 32990
44986 49985 44986 44985 44986 46135 45486 45486 45486 46486 44986 45986 44986 46486 44986 46486 45486 46486
40783 46783 41283 41783 41793 42878 42378 42283 42378 43293 41283 42283 41878 42783 41793 42283 41793 42783
36652 44568 38068 37652 36652 38568 37084 37652 37152 38152 38363 38152 36652 38652 37152 37652 37152 38152
30474 34474 31474 32504 30974 30797 31221 30974 31221 31474 30467 30967 30467 30967 30467 31474 30467 31474

