34626 232593 110009 134675 120295 176202 131321 122938 120906 133578 122938 143283 130740 144444 130740 135706 105946 149473
31650 184341 148190 104331 87426 164641 125241 106221 99724 105541 80402 126148 87426 163055 87426 128489 87426 128489
39438 251749 170400 135320 149992 145956 169692 135814 124769 130504 149992 176348 130717 169691 151691 146806 169692 128521
38135 213241 124311 108933 102674 125277 106353 116870 115192 122311 121083 126827 90781 144978 122374 127665 105320 129278
31490 308747 145272 157774 128157 188760 161588 161400 147387 146823 127781 187163 167087 165207 144238 166993 143392 167227
44986 261164 104086 143486 102002 185347 140575 140874 140874 122965 104086 165647 104086 185347 106030 163708 123936 163708
40783 278728 128702 178683 136789 219628 153693 158983 158983 199928 119583 217666 117089 197908 111499 199928 113581 199928
36652 334287 186008 152836 115690 252698 137297 173068 137939 173898 118429 248489 123942 232998 145601 213298 129044 213298
30474 185954 118535 92207 102398 162095 102995 145535 125835 105457 106135 123287 106135 123287 99258 126429 98835 126429
33934 231123 147902 110431 143730 168472 124778 141302 125274 124279 111927 146842 111927 146842 124030 168411 128576 168597
33567 374156 190587 169254 136217 249686 155483 195769 170632 162513 150932 177645 136182 232668 142561 255956 139298 211519
31680 284474 158522 148847 144763 187626 158522 144766 151793 163172 128424 163172 124030 206551 125323 155266 125323 150191

