33891 34573 33929 34254 33891 34300 34045 34140 34018 34077 34110 34076 34005 34191 33910 34218 33910 34358
42586 43440 42822 42954 42586 43156 42775 42906 42671 42900 42783 43156 42783 43156 42673 43092 42673 42967
34040 31543 30483 32336 29750 34398 30848 31129 30960 30881 30908 30946 34250 31277 30902 31209 34164 31209
31667 32307 31714 32024 31839 32080 31870 31851 31811 31870 31844 31894 31757 32728 31687 31966 31687 31926
31462 32096 31563 33141 31372 31898 32957 32934 32974 31769 32930 31383 32881 31813 31519 31471 31519 31756
33135 31954 33184 33506 33265 31847 31771 33354 33375 34874 33374 31818 33329 31133 33270 33419 31632 32021
44703 45599 44836 48475 45599 48219 45094 44916 44854 45094 44924 45245 44924 45245 44774 45183 44774 48475
52294 53344 52395 52900 52453 52766 52520 52418 39746 52743 39655 52834 39655 52766 52453 52766 52395 52766
29351 29948 29459 29600 30863 28794 29288 29520 28399 28761 30826 29609 29977 29575 30809 29565 30831 28804
40273 41082 40362 40895 40344 44126 40543 40435 40318 40671 40344 43948 40344 43948 40344 40785 40344 40785
34736 35964 33158 35674 38239 32933 34982 35025 38463 32589 38339 34775 38339 34897 33158 34884 33158 34832
44302 45191 44366 44871 44384 44851 44784 44643 44442 44827 44602 44752 44602 44891 44359 44752 44359 44752
35121 35826 35196 35324 35121 35708 35384 35427 35239 35384 35324 35502 35324 35502 35242 35427 35242 35630
47132 48081 47291 47675 52571 47805 52852 47500 52804 47371 52762 47607 52696 47545 47243 47652 47243 47771
40297 41108 40343 40915 40377 40770 40585 40598 40510 32248 40519 32297 40377 40744 40420 40793 40377 40793
38263 39031 38263 38749 37677 38643 38528 38614 38508 38695 37654 38688 37677 38545 38380 38688 38380 38643
29235 29830 28596 29861 28564 29118 29701 29311 29658 28834 29618 28875 28564 29033 28587 29782 28587 29942
46392 47324 46400 46910 46623 47019 46675 46924 46737 46835 46564 47019 46623 46984 46490 47019 46490 47019
29913 30516 30000 30282 33408 30263 30132 30081 30143 30095 30081 30157 33408 30157 30034 30263 30034 30212
35324 36036 35419 35671 35381 35551 35514 35363 35363 35514 35483 35551 35483 35551 35381 35551 35381 35684
28766 29349 28816 29105 28917 29214 29630 28888 29031 29030 28374 29080 29003 28460 29624 29812 29624 29080
39806 44819 39903 40299 40023 40496 40006 40085 40144 40124 40059 40282 40023 40318 44009 40431 44009 40364
44456 45350 44527 45021 44613 44715 44684 44767 44653 44809 44534 44915 44534 45061 44615 44905 44615 44998
32644 33303 30422 29070 29087 31772 31762 32847 32948 28946 32854 28928 29087 32979 32858 33013 32784 33013
32255 32905 32350 32702 32612 31013 30794 30969 30755 30840 30886 32412 32566 32412 32437 32368 32301 32368
34282 34972 34292 34802 34451 34637 34453 34358 34448 34569 34446 34485 34446 34449 34372 34656 34372 34717
36124 36853 36185 36572 36364 37711 36282 36554 36424 37477 36356 37578 36273 37617 36273 37644 36273 37738
34019 34707 34097 34287 34587 37843 37649 37586 37658 37526 37578 34387 34736 37678 34094 37786 34094 37786
35812 36532 35869 38362 38208 36384 35643 36098 35620 35714 36070 36157 35869 35890 35869 36267 35869 36384
35623 36341 35791 35986 35670 36133 38676 35862 38667 35835 38716 35938 35747 35944 35670 36030 35670 36030
35171 35881 35253 35659 35309 36505 35492 35744 35435 35433 35468 36121 35323 35809 35232 35779 35232 35661
36319 37049 31783 32090 31751 36769 33299 33459 33327 36552 33020 36582 31782 36658 31782 33089 31782 36768
31965 32610 31974 32273 31974 32306 32296 32326 32287 32296 32242 32387 32242 32387 31974 32334 31974 32334
48554 49530 48630 42449 48754 49093 48668 48984 48957 48668 48858 49000 48858 49000 48754 49178 48754 49178
32478 33132 32593 33180 32591 32767 32796 32705 33186 32767 33098 33295 32575 32902 32591 32784 32591 32784
39432 40222 39432 40106 39432 40222 39660 39548 39548 39895 39432 40011 39432 40011 39432 39776 39432 39776
31563 32199 31668 32026 31722 31940 31700 31812 31959 32183 31790 31656 31790 31656 31675 31940 31675 31903
34525 35222 34525 34862 34525 34479 34779 34785 34703 34861 34078 33106 34519 35039 34519 34416 34519 34428
34238 34924 34356 34688 34447 39230 34525 34597 34612 39000 34447 39085 34447 39094 34278 39230 34278 39230
37571 38328 37593 37923 41576 38117 37799 37882 37764 38019 37726 37952 37673 37973 41502 37998 37593 37998
37533 38286 37614 38103 37533 41253 37759 37614 37599 37952 40710 38033 40710 38033 37533 38033 37533 38018
29190 29779 29280 29466 29271 30411 29338 30363 30357 31945 30362 29462 29271 30862 29271 29390 29271 29423
40905 41730 41015 41291 41023 41254 41106 41310 41134 41109 41122 41264 41005 41190 41039 41408 40968 41337
42444 43299 42478 43131 42647 43018 42777 40570 40590 42802 40421 42810 40297 42922 42453 43018 42453 43126
44174 45059 44174 44914 44267 44966 44588 44498 44498 44588 44391 44747 44558 44582 44267 44914 44174 44914
28434 29007 28469 28741 27382 29079 29064 28960 27464 30282 26670 28928 27370 30245 28890 29099 28890 28960
30230 31546 30294 34008 29932 31662 34182 32996 30005 31855 29698 31729 29698 31729 34245 31306 34205 31239
31480 32115 31586 31025 30882 30988 31660 31591 31680 31059 31624 31064 31726 31016 31646 30999 31646 30999
46535 47470 46610 46731 46560 46902 46843 46964 47088 45105 46878 46935 46878 46935 46610 47052 46610 47052
33336 34010 33452 33772 33505 33714 33540 33040 33523 36292 33587 36334 33792 36334 33375 36412 33375 33710
42469 43321 42630 43086 42560 43102 42797 42854 42797 42650 42683 43005 42683 42961 42625 43102 42630 43102
36565 36445 36623 38804 35794 36991 38588 36800 36832 38588 35960 36741 35984 36798 35757 36994 36611 36994
39259 40050 39389 39589 39395 39767 39590 39479 39467 39721 39432 39595 39432 39583 39440 39767 39440 39755
34820 35675 34842 32942 31556 32909 31924 35069 34684 33607 34432 31898 34338 35294 34890 32832 34890 32920
31860 32499 31915 31214 30303 33510 30748 30649 31983 30798 31811 30727 31811 30727 33184 33497 33184 33497
35292 36005 32636 32689 35457 32645 32690 32785 32737 32728 32699 32861 35440 32813 35457 32785 35488 32785
31043 31671 31144 31298 32016 32210 31210 31333 32073 31263 32092 31186 32065 31317 32017 32228 32017 32182
39929 40731 40099 40222 39990 40456 40127 40258 40135 40201 40018 40152 40018 40303 40018 40400 40046 40400
31795 32439 31831 31438 33012 30639 32166 30673 31980 32090 32057 30618 32057 33077 31874 32130 31874 32130
33099 33770 33186 33446 31215 30747 31192 33408 32437 31288 31248 30706 31215 30703 31243 33437 31248 33408
39602 40398 39631 40130 39649 39934 39827 39709 39709 39951 39625 40058 39666 40058 39672 40058 39672 40194
41231 42059 41313 41571 41273 39821 41438 41427 41305 41438 41393 41542 41393 41542 41285 41721 41331 41721
35684 35935 35833 35840 35404 35759 35940 35953 35534 35940 35404 35592 35404 35592 35228 35759 35228 35642
39796 40595 39870 40303 39818 40573 39957 40299 39948 40179 39818 40331 39818 40331 39818 40412 39818 40412
28522 29101 28563 28795 28640 28367 28211 28243 28142 28782 28133 29911 28586 28267 28640 28256 28640 28815
33754 34436 33805 36805 36489 35505 34031 34032 35317 33950 35265 34047 36489 34116 36489 35297 36489 35370
37520 38276 37605 38032 34864 37821 37994 37940 37918 38016 37892 37917 37892 37792 37603 37917 37603 37917
34927 35630 35006 35065 39979 35162 35201 36363 35135 35201 35038 36310 35038 36310 34958 35320 34958 35272
33928 34610 34001 34464 33928 34537 34206 34079 34151 34279 34142 34216 34142 34323 33928 34537 33928 34473
33497 34171 33523 33936 33584 33777 33431 33660 37975 33553 37814 33639 37814 33639 33584 33491 33584 33613
30222 30833 30291 30508 29984 30445 30465 30415 29602 28829 29662 30022 27951 30386 28454 27929 28454 30572
28586 29167 28685 28856 31940 28988 28747 28834 32089 28774 31909 28858 31940 32089 31888 28894 28695 28894
30475 31089 30515 32654 32928 30804 30639 32439 32576 32548 32568 32406 33099 30584 30633 30777 30633 30679
41798 42638 41921 42283 41839 42353 41872 42080 42080 41872 41888 42113 41888 42113 41839 42316 41839 42283
44901 45803 44993 45352 44944 45518 44978 45011 44986 45113 44918 45143 44811 45388 44811 45518 44811 45516
33934 33921 33992 33663 34100 32044 34127 34156 35772 32166 35663 34217 35663 35457 34037 34335 34037 34397
33567 34245 33644 31675 32001 33873 33718 33883 33794 31589 33759 34354 32056 33921 33577 33914 33577 33948
31680 32321 33465 30976 31895 33820 34600 35179 31949 30727 31830 33301 34546 33650 31767 32073 31767 32148
34626 35325 34756 35061 34703 35145 34965 34735 36283 34959 36174 35026 36174 35068 36607 34969 36607 35061
31650 32286 31731 32012 31949 31772 31990 31664 31896 31843 31949 31772 31949 31772 31949 31772 31919 31772
39438 40232 39133 39897 39572 39796 39706 39768 39753 39667 39578 39252 39783 39756 39545 39832 37182 39832
40783 41606 40792 41266 40928 41461 41037 41219 41230 41031 40972 41216 40928 41324 40844 41284 40844 41388
36652 37392 36690 37058 35948 37111 36702 36899 36685 37021 36747 36863 36320 37111 36672 37010 36672 37071
30474 30830 30530 30339 30739 32502 32418 32380 32369 32366 32414 30689 32414 30689 30507 32452 30507 30531
38135 37914 38236 38596 37358 38395 37412 38409 37468 37401 37361 38407 37281 37515 37285 38467 37285 38467
31490 32126 31539 32321 29762 32656 29992 31811 30409 31728 29914 29910 29794 31832 32014 29982 32429 29982
44986 45891 45033 45623 45037 45636 45222 45349 45223 45141 45165 45504 45165 45555 45399 45553 45399 45995
32056 32703 32085 32409 32171 32352 31253 32338 32278 32492 32215 32407 32215 32366 32156 32306 32156 32306
33162 33829 33250 33424 33203 33681 33432 33449 33224 33542 33162 33563 33162 33636 33203 33559 33203 33559
30492 31107 30529 33234 30945 33191 33106 30669 31174 31002 31045 31755 31032 31815 30498 32877 30498 33093
29281 29768 29347 29628 29265 29455 29348 29577 29267 29389 29258 29383 29345 29311 29265 29577 29406 29648
34495 35190 34537 34889 34660 34740 34646 34983 34792 34837 34622 34884 34613 34837 34622 34969 34622 34969
34281 34971 34348 34656 34419 34762 34373 34498 34457 34591 34479 34625 34494 34569 34471 34569 34379 34569
39666 40462 39768 39964 39768 40044 39825 39746 39746 40064 39721 40144 39721 40144 39768 40044 39768 40044
29448 29112 30625 28809 28139 28193 28666 30839 28175 30757 28062 30870 28062 30870 28098 28274 28098 28827
37488 38243 37540 37961 37653 38078 37857 37704 37694 37758 37667 37785 37543 37730 37653 37984 37653 37984
30791 31412 30820 34674 34350 34488 34395 30926 34477 30530 34433 30574 34622 34297 30861 30998 30861 34335
36486 37220 36558 36895 33020 35096 33166 33144 33208 34830 33133 36746 33133 36725 36507 34954 36507 35031
33145 33811 33240 28533 33214 28544 33312 33323 33271 33352 33271 33335 33271 33222 33312 33478 33312 28403
34429 35122 34498 34866 34473 34976 34652 34765 34582 34885 34429 35005 34546 34976 34502 34859 34502 35049

