34282 60988 45737 53752 43724 52081 44562 44264 47713 48802 43350 50228 42212 51387 42978 51953 43816 51953
36124 53958 44142 43213 37542 48619 38660 46936 44741 48176 40617 44427 38381 44972 38000 48530 38000 45810
34019 59035 44195 46315 39161 52410 49653 52091 51773 51773 47533 53893 39901 57285 41758 54794 41758 56278
35812 54358 41638 44292 37932 52238 44292 45592 44292 46412 38832 47712 38480 50652 41353 50652 41353 48399
35623 61063 48343 51516 46947 55194 52583 49009 48343 48343 46223 51742 41983 57876 39863 56728 39863 53249
35171 64473 49504 49041 43676 53281 47125 51743 47696 48472 41953 50205 43794 51743 45092 54057 47939 54057
36319 48058 43889 42226 39577 47449 41089 43209 43209 41696 43209 44346 43889 40635 39197 42226 39197 43209
31965 55285 40445 38325 38325 46805 40381 42501 40381 40381 40381 44621 40381 44621 39356 46805 39356 44685
48554 69754 59154 57034 57034 54553 52571 59154 46073 52571 44542 59154 44542 59154 44542 52433 52571 52433
32478 58365 44436 39781 39599 42715 41351 46739 42582 39339 37925 41378 38919 42819 40958 43761 39992 39783
39432 47912 47434 45792 45314 47912 43672 42880 47434 43672 47434 45792 47434 45792 45314 46594 45314 47912
31563 46218 38125 37923 37513 52749 36005 39858 35760 36005 31765 46756 33392 50629 35391 50629 36217 50629
34525 55136 43537 45125 42677 40713 41176 41255 42677 38943 38135 45288 40557 45144 39685 49818 39934 46984
34238 49569 45670 43081 40706 47864 40780 44838 42500 40273 40380 45744 38877 47864 43008 47864 41430 47864
37571 58075 45355 48171 46887 54568 49562 46051 52416 51612 47545 48102 45391 53594 45355 48171 45355 48171
37533 50253 43069 51661 48835 47309 47421 50131 47421 50131 40949 49541 40949 49541 48011 47309 48011 45189
29190 63783 45725 44926 42181 49075 44230 44926 44505 45284 47366 45463 39122 47448 40329 50016 37647 45526
40905 53256 44425 48670 39785 46140 40885 48264 49077 42251 39627 46491 46957 48611 42655 52910 47006 50384
42444 67826 48583 57238 46873 59404 52868 57108 53057 54942 54274 57062 48628 57297 46508 59404 46508 59404
44174 57716 53886 52654 46159 54774 51287 51287 52654 53407 50534 51152 51697 55323 54161 49099 54161 52654
28434 61321 44312 38810 39257 46435 47163 46165 37907 38675 37955 40291 41065 43149 40752 41879 41296 41879
30230 62293 44268 41381 38773 48281 43867 45709 42686 41407 39400 44003 39400 44003 42148 42385 42148 44881
31480 51861 40370 39317 40546 43558 41919 43530 39974 42387 37198 42491 41684 41261 41952 45650 41919 41658
46535 65615 57135 52895 52895 47423 53424 55544 53424 57135 52895 57664 52895 57664 55015 46114 55015 46114
33336 59429 44944 46056 44944 52451 44497 47957 45643 48737 41883 50260 43534 50949 44658 52371 41816 50435
33891 57211 44491 42371 36011 52971 42371 42371 40251 42371 40251 46611 40251 50851 36011 48731 36011 50851
42586 57426 51066 48946 44706 53186 46826 48946 46826 48946 44706 53186 44706 53186 45424 53186 46826 51066
34040 60320 44160 46160 41240 49920 45920 43640 42640 46560 44960 47040 39760 50960 45040 46560 42320 46840
31667 57107 41338 46507 40147 48627 44091 42862 44303 46422 42182 43158 38793 47398 40869 44387 40869 46423
31462 52903 40917 42110 38014 48512 39222 40609 40794 47071 40314 50735 38194 50632 37877 48512 37877 48512
33135 56458 40008 42451 40610 43255 41121 40982 42095 41725 39651 46164 39016 44897 42004 43613 39404 49135
44703 57423 48943 50796 55811 58031 48943 51333 50661 48943 57931 56853 57931 56853 52041 53183 48640 67322
52294 51481 45121 52277 48914 58654 46015 48135 48914 46015 46794 50255 46794 50255 48914 60774 48914 60774
29351 61376 45191 45090 41226 48515 43847 47193 45551 43501 40503 47861 40175 47706 40624 51483 40241 51568
40273 58569 46198 50089 43675 54254 47969 45775 41958 47894 41958 52134 41958 52134 44078 59005 44078 61125
34736 55077 41440 45566 39435 46481 44590 43733 43676 41152 40638 45221 40751 45163 40582 45969 40582 47686
44302 61262 50662 52782 46422 54902 52782 57022 50347 54902 46107 57022 48542 57022 48542 49409 48542 49409
35121 45721 41481 39361 41599 45721 43719 43719 39361 43719 37241 45080 37309 45080 40515 41481 39361 41481
47132 66288 59852 52569 58405 57808 54272 56809 52569 54272 52402 54061 56899 58301 55612 59852 57732 59852
40297 52675 43188 44087 38815 51269 42314 51746 49652 45679 44008 47799 40512 47799 39372 48327 38710 48327
38263 55223 41288 51555 40166 52259 50139 52832 46743 52259 40793 52259 47671 50983 39951 49004 43779 50983
29235 55472 40640 42452 36041 44766 40925 40258 38328 40526 39485 42156 38256 42646 36848 42584 36584 42584
46392 63542 54806 55062 47278 57878 53638 56992 53638 55758 54872 53638 47278 57878 52686 55758 52752 55758
29913 47693 39213 36043 38743 47223 40863 41835 36273 38393 34153 39901 38743 41463 36863 44032 36863 41912
35324 50713 43804 46317 43804 46317 42233 41684 43804 44197 43804 44353 43804 44353 42885 46317 42885 46317
28766 57244 40935 40097 39209 44233 40021 40517 43867 44182 37453 42559 39603 42139 39446 45590 37374 40804
39806 66982 50022 52526 48167 58885 50406 54646 49876 56766 46047 58886 48167 57030 48286 58885 48286 58885
44456 67776 57213 46454 52973 57830 50694 52936 50388 50694 50816 61416 50816 59296 55056 55056 50731 57176
32644 50891 38553 38279 37146 45977 39974 38773 40127 45078 38858 42094 35875 40905 40728 42630 38948 42958
32255 45590 38585 37110 37110 39230 34990 39800 33163 37110 34990 39230 34990 39230 34990 39230 34990 37110
42469 61549 51329 55041 46409 61932 49586 51329 49440 50649 49440 55041 49440 64280 47244 61932 49209 59812
36565 55230 42847 42847 41187 52134 44630 47894 44967 42510 42510 49285 45763 49285 40727 45764 45045 45764
39259 60493 47773 45114 46007 51979 49859 49859 49893 49859 47739 47234 47739 54133 49859 52289 49956 50169
34820 57394 44036 43293 40929 43987 43589 41861 43137 42010 42013 42944 39490 45469 39695 42804 39695 45125
31860 56727 39570 43533 42510 45627 43805 40191 42336 42211 40265 42460 43582 45603 38738 48468 38573 43533
35292 61689 45487 40486 45133 41329 42051 40793 42808 43920 44877 42602 39828 42141 40330 42344 39069 42344
31043 58375 44256 41959 38035 49941 36625 44256 44625 40558 36902 44662 36905 49402 36996 45789 41327 45701
39929 51314 42834 40375 38664 53727 42904 50529 48409 47836 44169 48409 44169 50529 40784 50529 40784 50529
31795 62362 41856 42168 39972 45854 43582 43820 44637 42426 45364 44649 42904 44207 46447 48151 40397 46419
33099 65326 44254 45252 43227 51853 44070 53510 47466 46788 40333 50710 43736 49772 42946 53510 42346 49809
39602 58682 45962 50202 42787 51267 47027 49840 43842 47097 43842 51960 45962 54080 45962 51267 45962 51267
41231 53518 49711 46962 43409 51398 47158 47649 49750 47158 47630 49278 47630 49278 43409 49278 43409 49278
35684 48404 39468 39924 46221 43708 41588 41588 39468 41588 39103 48341 39103 48341 39924 43708 39924 42044
39796 54636 44036 48276 51477 52516 46156 48276 55717 46156 53597 48276 53597 50396 53597 52516 53597 50396
28522 59725 39445 42989 37235 46827 41914 43767 46471 41676 38070 48791 37217 48283 39385 43357 39676 43357
33754 64118 46033 50897 44318 53680 50098 48433 46965 46731 46511 53951 49460 53091 42857 52036 44879 54156
37520 48061 43065 43288 38957 45909 48481 41077 43197 42704 41077 41077 41077 44454 43065 48120 43065 48120
34927 53719 42399 42183 43764 48076 48004 43407 45884 44555 44700 46603 44519 46603 42580 46603 42651 46603
33928 48046 43177 43177 37446 45297 40677 40288 40677 41057 38557 42408 38557 45297 37446 44528 37446 44528
33497 50621 39942 41977 41459 42321 40027 42654 44774 46038 40534 41804 40534 41804 39339 42310 39096 44430
30222 55329 41237 39741 39159 44978 39407 41445 40612 41071 38866 44189 38285 44063 37494 44602 37494 43107
28586 63084 47939 44708 39272 52175 43208 50940 42637 44710 41571 51119 39363 50667 46174 50047 46174 48281
30475 57343 38648 38648 37080 45559 40319 41319 40707 43439 38587 42888 38242 45559 39852 47151 35571 47151
41798 56638 49297 48158 43918 54518 48158 48158 48158 48158 46038 48158 46038 48158 46038 48158 46038 48158
44901 70204 55501 57484 49004 61724 57484 57484 53244 59604 53244 59604 50779 61724 51124 61724 49004 61724
33934 57999 43605 39489 38933 47220 39741 43847 43725 42727 37742 45845 37556 47343 38933 46908 40676 44168
33567 66199 46033 46194 38258 55254 41954 46520 47572 46231 45452 44619 39276 55000 37444 50760 37444 51032
31680 57068 43630 42384 39696 54014 41919 45589 39697 43573 39281 48225 39489 51017 37423 42285 37423 50292
34626 58857 41108 47225 40721 50120 47160 41624 48200 46766 44919 48580 42010 52311 40721 50054 40986 50054
31650 46490 38480 40130 40961 44381 40130 35901 40200 38021 38912 40141 38841 42795 38912 43465 40130 43465
39438 59856 51230 50464 47411 50177 48331 43879 50531 49256 53354 50177 47632 51375 53354 50963 49531 47707
40783 66223 45181 55623 48906 59863 51383 53503 53503 52432 49263 61369 46370 60873 47143 57743 52118 57743
36652 64612 49372 46775 43012 59081 46244 50008 48022 51075 45548 55479 41469 56368 45132 56502 45132 54841
30474 45397 37768 35902 35644 42175 37935 42517 37935 40397 35815 43029 35815 43029 35391 38954 35394 38954
38135 51987 45249 49251 40161 45259 43378 45453 42281 41656 43378 47498 41000 44336 42872 46670 41517 45130
31490 57170 39975 40074 39232 46194 41108 41484 40591 41442 41484 43463 41061 42951 38946 47077 40962 43270
44986 68306 51346 56137 49226 61200 53466 58557 52974 53466 51346 57662 51346 59782 48734 60721 54361 57706
32056 53461 40085 44272 39128 45129 39988 41291 39686 40536 41547 44726 35896 44077 39128 43009 39128 41957
33162 56726 44006 39522 44006 45882 41642 43762 44083 43762 43123 48002 45243 48002 42725 45882 41886 45882
30492 55800 42795 44071 38329 44143 45909 44992 41163 39527 42569 46326 41469 49240 40449 45609 41228 46184
29281 55651 42623 37192 35538 47224 38226 44848 36726 40139 39572 41741 34865 46863 36206 44743 36206 46863
34495 55262 42989 39168 41288 45184 49455 47722 44976 42259 47634 44900 42437 44900 44557 43064 44557 42690
34281 57219 44890 49567 43196 51241 48410 44615 48072 47001 49556 54432 40850 44881 44171 52177 48920 44881
39666 51164 46026 46924 46026 43756 44804 42873 50195 44382 44993 43178 44993 43178 48146 46924 48146 46924
29448 51428 39515 38303 38440 39862 39862 39273 38225 38843 37016 40049 37153 42227 38440 43723 38440 41363
37488 56568 44649 45968 41728 52328 45968 46769 43848 48088 41728 48889 41728 51009 41728 52328 41728 52328
30791 53485 42698 42133 38447 42372 44518 43000 40767 43162 38194 42235 41507 42459 39573 50137 40203 42197
36486 49687 42846 44966 36806 53446 44966 44966 41881 44966 37103 44590 37103 48105 38606 51326 40726 45985
33145 51057 48076 34242 41716 40242 39345 39919 37225 38267 38337 38267 37081 38267 45956 41625 46204 36362
34429 57391 46259 49269 40873 48705 48615 46585 41084 47918 42448 55866 40727 45631 39970 48705 39970 50825

