34626 61907 35827 41901 40637 43281 37091 37285 37091 42184 35658 40636 35658 44635 35827 39476 35827 39476
31650 48625 34696 37097 34906 34696 34075 34075 34075 34696 34974 39824 34906 36500 34075 34075 34075 34075
39438 61370 38961 46555 38890 40093 38890 38907 38890 40395 38341 40182 39457 45014 41262 42589 41262 42589
38135 54732 35203 37205 38816 37205 39757 40689 35499 39500 36171 39500 36531 38956 35656 42985 35656 42985
31490 61135 33520 32175 35259 40767 39404 36340 35663 36697 37139 37449 34874 35785 35259 36791 35259 38765
44986 71661 48567 46815 44986 52261 48567 48567 48567 51515 46142 49836 46142 52261 44986 52261 47411 52261
33934 61049 41778 41522 36298 38840 38846 41958 43396 37973 39602 37667 35550 39406 37359 41209 36671 41209
33567 65630 35624 37469 36062 43479 36204 36744 36204 38629 36895 43193 33493 45332 35227 40842 35227 40842
31680 60623 41026 36172 33018 42366 35547 36422 35600 38028 34516 38443 33795 40089 31730 36018 31730 36422
40783 69883 43208 45633 42851 50483 45633 48058 46347 50913 43208 48058 43208 50483 42851 48521 42851 50483
36652 68882 43282 43036 42272 45284 44697 41502 42272 43927 40018 43927 42272 46352 39493 41502 39493 43927
30474 54932 32900 32899 37023 33714 35108 34817 35108 32900 32476 34817 32476 34817 33449 35324 33449 35324

