34626 142593 65437 93477 64595 101986 75621 71173 69946 81742 71691 92442 66403 92442 65756 83033 65756 85546
31650 112341 79335 60426 53402 101641 69541 64355 60426 60350 53024 78655 53402 90941 53024 74197 50709 74197
39438 152749 86000 82523 76008 91956 95992 73239 79769 85363 65591 104560 79832 83380 83380 94071 94080 81885
38135 132241 64288 84601 66674 94398 68998 69202 74288 68030 65383 94785 58684 89171 66674 76353 66674 76353
31490 182747 82452 84003 71047 101283 80384 81840 80008 80102 83721 111074 82593 91084 79632 93292 78551 93292
44986 162164 75817 98486 63774 123765 86965 95874 85174 76265 66386 106947 66386 117647 65790 100947 65790 108365
33934 147402 80961 68953 79217 104164 73372 103918 74620 80276 57888 92530 55948 88547 68517 107715 68517 98073
33567 221156 96569 99142 81746 129974 78142 114049 85979 87472 86232 105645 69916 125806 71481 119854 71481 116919
31680 167474 89163 94226 63729 111647 84822 95881 87093 84822 67970 85956 68125 106580 65795 90870 65795 80737
40783 170728 83048 94283 72883 127928 88993 94283 104983 106528 72883 113246 71812 117228 72110 106528 64799 117228
36652 199287 94627 78799 68715 142998 89498 99368 71471 100198 68990 106153 62313 132298 70795 123913 70795 110068
30474 113954 73535 55698 66398 78543 66315 70135 70135 63763 70135 69116 70135 69116 56719 78543 56719 67843

