33891 65416 38077 55575 39157 53645 46284 49131 45044 46188 44888 50991 46514 52793 41655 54243 41655 58832
42586 78998 55494 62029 51716 67376 55517 57410 51295 61328 51236 67376 51236 67376 51857 64411 49583 65943
34040 59067 38022 47310 40725 46807 43956 41966 42513 42845 42926 44671 38970 47758 41436 47760 36490 48926
31667 61124 37505 53117 42116 50675 43181 45920 45075 46794 39830 50218 41680 52804 37690 47598 36034 55066
31462 56928 40173 51715 39729 60603 44392 47178 42228 52917 40217 57749 39088 58961 37297 58201 37297 58201
33135 61365 39074 49495 39324 54567 45520 51422 43700 44234 41102 49855 42336 49694 40351 48255 38090 55497
44703 87581 50840 78272 57959 80302 62909 65589 75915 62909 68228 70122 68228 67801 51924 77263 57959 77598
52294 76537 48391 67801 45316 76537 67801 67586 48619 67801 54873 76537 66142 76537 46655 76537 46655 76537
29351 56593 36306 46591 38760 45469 41661 40141 42915 41586 39669 44147 38324 42253 37364 45394 37398 47311
40273 80308 45070 70455 44509 76071 54414 48057 48693 60361 48250 67817 48250 67817 46994 64449 45009 69719
34736 62511 38049 56328 41279 55981 46595 50273 49680 43578 46197 50404 45681 53561 38009 58390 38009 59142
44302 72758 49917 64109 50173 65169 57541 57436 55337 64955 51100 71631 52823 71631 49511 63069 49511 63069
35121 67787 50820 55647 43532 67787 52901 55343 50023 52901 45819 66549 44539 66549 45336 58726 44256 58726
47132 90970 56894 88549 57047 81055 63471 68612 58234 63471 63082 72149 62437 81055 57899 76717 59216 76717
40297 60902 36740 60442 40112 64274 55183 57572 42533 61022 44181 52944 40112 57526 42161 77007 42161 77007
38263 81512 42818 71229 47309 67614 58653 63989 51828 64781 44673 68141 44673 68141 47309 65753 43889 68141
29235 55637 31954 58418 35519 49578 38430 38757 41564 43844 42915 44488 44514 45660 34678 45850 33999 53088
46392 88076 56761 76569 59345 79747 66688 73155 66159 74100 61640 76058 59345 79747 53319 81599 56761 81599
29913 62458 37012 48621 41583 52678 43874 44384 49830 51224 46984 44618 41861 47656 34878 50131 34878 50131
35324 73027 44825 61562 46384 61037 53921 51178 51178 55421 49423 53934 49423 53934 49673 59295 49673 59295
28766 56333 32794 50655 37717 48623 42136 42219 39666 40037 39349 41270 40249 46375 36413 43458 34754 45718
39806 83763 47934 73571 47360 71816 53280 60295 53056 62076 50215 66029 47360 68236 49828 71816 46768 71816
44456 85060 54078 73570 58240 77613 65002 58060 69135 66200 57449 72067 57449 72067 51709 71562 47074 78166
32644 60264 37777 50490 42918 44876 44411 42891 41716 42937 41054 40425 46427 52326 40443 50240 37659 50240
32255 59350 35826 50748 47248 48588 42651 46587 39458 46287 45556 50401 45556 50401 39149 48588 39149 46587
33934 62734 44675 49411 42370 56830 44259 51525 48198 42373 41212 45762 43739 51379 40345 54843 42066 59385
33567 60519 39324 52512 40816 56495 47350 44692 47365 45707 45780 43123 43345 54256 38462 49898 37709 57513
31680 70627 38626 55155 36775 47742 43971 47705 45210 42828 39198 46602 41799 51107 34723 44129 35656 47059
34626 67331 40566 65635 44455 67170 48734 47499 52775 56737 46491 59781 50175 60657 44455 62119 43511 62119
31650 60944 41727 48645 44533 49995 48538 40912 39708 43209 40058 46893 45117 43144 43009 44407 43009 44407
39438 72982 45583 67530 46942 57788 57515 55176 51270 52431 52294 53566 49997 56380 52559 59305 48456 77327
40783 78717 42664 69646 50550 73329 56336 65903 61409 60970 53335 69134 50550 66372 47420 70587 49181 71376
36652 72117 42257 58730 47235 64508 45079 53238 44869 56527 44597 53644 46469 63057 41811 61205 45146 61621
30474 58003 35259 52402 47592 52855 47469 46286 45180 45920 44153 41391 44153 41391 34360 42747 35152 42747
38135 67254 37367 52206 40505 52326 43026 55949 49921 43642 42930 55562 40324 53479 40865 54005 40431 57676
31490 56699 38097 48695 35096 53003 41400 42745 44724 42664 38364 50273 40573 49200 35887 46757 35353 50789
44986 86829 49290 73728 57949 76438 58033 71093 65204 62941 54373 71800 54373 74160 58271 77059 53900 77261
32056 61873 33942 51790 39615 49010 46535 44610 41075 44969 40326 49937 39269 49329 39266 47673 39266 56339
33162 64006 40535 51509 39993 57175 45602 51784 51738 50706 40342 62136 43835 62136 45004 57175 38513 58684
30492 66793 38083 59779 39604 43542 46823 46154 52342 48441 42902 45164 41449 41992 37758 47627 42981 46021
29281 53526 32584 46607 34959 43047 37573 41834 40189 38900 39286 41711 37473 44092 37537 39090 37537 45745
34495 62111 36278 60473 42547 50514 39149 74475 48934 51277 40668 56277 41035 56277 40553 48701 40553 48361
34281 66169 39462 61326 42101 58680 47956 49919 48601 57554 49835 55117 45472 57309 49695 56344 44946 51565
39666 79305 48086 60361 49788 65634 59250 59860 58116 55917 56886 59837 56886 59837 54424 65634 54424 65634
29448 52598 33945 48874 35065 44993 38987 39096 40745 39933 37631 41944 37631 48114 33404 41733 33404 44671
37488 72357 44177 59376 45108 64737 54535 49213 46980 55698 46066 52959 45920 62191 45108 64737 45108 64737
30791 62698 34217 51040 40783 45673 43507 46971 40005 40433 41008 44483 42792 50836 40387 44309 38132 50935
36486 63741 39783 49428 40606 56016 45665 46403 45447 45665 42636 46304 42636 57313 38661 56016 40457 56902
33145 57215 37942 49514 38320 45612 36189 48852 48336 39369 37352 41160 44494 36754 38411 55449 41826 52845
34429 66454 45288 62027 40496 55886 55790 47015 45009 54837 47028 55496 41595 56398 44687 51351 44687 52508
42469 87242 50277 77151 47692 83343 52471 61530 55967 52684 54793 65857 54793 79394 47594 83343 47807 79139
36565 67868 40484 57914 37522 59167 52878 46645 48054 44336 46724 59130 44116 54499 39860 56476 41363 56476
39259 73148 45703 67894 45594 72635 60585 49378 46512 60585 49404 58959 49404 56519 46598 64472 46598 63929
34820 63971 38528 53037 39650 52672 46868 46160 46186 47160 44577 45362 40456 49126 36422 49923 36422 51198
31860 59569 34404 52197 38446 48274 44386 39477 42969 40567 41468 43587 43807 42649 36396 49245 33571 51997
35292 56311 42490 62061 43908 55008 43246 60018 45192 50150 41712 64801 37968 49527 40898 49890 43988 49890
31043 59915 38418 48662 39455 50490 39874 45986 45440 44242 40564 45670 38709 45097 40069 50882 40436 49228
39929 75327 42681 65317 45538 81013 47916 61662 46709 57065 39539 53806 39539 67903 43404 79716 43404 79716
31795 56573 36266 49082 38578 43207 41531 44498 42846 41169 45629 44470 43981 46878 37178 47839 36979 51904
33099 63161 35683 52629 41669 49981 42118 53710 44240 48245 43538 44993 41301 48553 40897 50875 37125 50981
39602 76437 42811 69041 43521 65722 59940 54796 50440 56477 46908 54273 48828 58983 42811 64217 42811 64217
41231 74651 43096 60863 45377 69629 62690 53595 52156 62690 50877 64242 50877 64242 41817 67529 41817 67529
35684 67993 48893 51100 46276 59845 54242 54836 50945 54242 44918 55863 44918 55863 46383 59845 46383 58891
39796 76809 43202 68351 46713 80898 57588 63080 62177 57588 46713 64617 46713 69669 46713 80898 46713 78481
28522 54553 31649 48843 37944 47916 41053 45096 37585 46768 37333 41411 37170 40460 34727 43731 34801 43731
33754 66097 37216 58846 41598 61104 50931 55020 52311 51717 46734 58552 44123 56544 41358 54173 46349 56588
37520 66662 38123 53633 42462 49907 46404 48265 42393 51796 40966 52974 47073 49907 38702 52208 38702 52208
34927 67552 42214 58642 43869 69208 52831 51833 49149 55905 40693 67069 46448 62591 46772 67069 41981 67069
33928 65484 40847 58768 37286 62126 52127 52260 49577 50176 49173 52754 49173 57821 37286 62126 37286 62126
33497 64653 39327 59459 47147 60640 50586 47920 58642 46715 49405 54267 49405 54267 45967 55539 39296 59459
30222 57769 33319 48501 36688 49270 45856 39336 40693 40580 38622 45317 38857 44184 34652 49166 34652 46428
28586 56547 36394 54860 39911 50436 39938 44991 47489 43162 38503 47729 43432 46801 38866 47743 38866 48130
30475 59293 37079 50012 38107 56275 50364 48630 47991 51322 43550 48952 41999 53373 38107 55869 38035 55869
41798 80673 48592 71600 43684 78787 49435 59093 59093 49435 47903 68478 47903 68478 45923 65828 45923 71600
44901 86402 54911 76454 49576 75302 63627 66706 60996 66258 58238 60417 52439 71772 51309 75302 46883 75302
34282 66169 39046 61228 44324 55320 45994 49773 46793 48639 43501 58782 43823 53981 37827 61846 39640 61846
36124 62356 39476 51586 41191 62356 41102 50578 52439 48591 44001 56592 38601 50523 37808 50561 34684 61600
34019 66276 39443 57756 43975 59650 50778 55411 51271 54644 47476 60761 43498 62081 37421 60306 37421 58383
35812 69122 42737 56860 42587 66512 47807 56299 49133 51101 47743 56880 42587 66512 39761 66512 39761 66512
35623 68759 45527 65532 45239 59143 54857 48383 47435 55707 46097 54381 45291 54668 41669 60395 44889 60230
35171 66203 41991 59432 44825 67275 48158 58710 47204 47216 43629 55433 42889 58170 46404 57626 43422 57578
36319 59875 42950 56255 41358 55654 43559 51986 50177 40649 40278 46499 38879 48859 40845 47018 40845 51658
31965 63793 39163 51220 36387 58550 44004 41946 43587 44004 42503 44709 42503 44709 40659 58550 40659 56703
48554 81008 52170 72740 52294 84527 50638 60596 58160 50638 48594 61517 48594 61517 56006 87478 53327 73762
32478 63698 40459 48617 42430 47165 43002 48621 47882 44131 40805 46365 42049 46881 39653 47690 37422 48299
39432 76105 52309 70754 50999 76105 60945 52048 55807 60945 49241 70555 49241 70555 46958 73561 50456 76105
31563 62518 38488 45956 40378 48527 44200 45013 44462 44200 39709 46382 41166 47441 40732 45984 36700 61094
34525 59750 37452 45107 37846 49201 41677 45283 50858 47293 40597 49261 40778 49201 38303 46856 37776 49201
34238 66082 41399 60604 42941 65050 51816 58753 50125 51000 47597 58311 42473 65050 39199 65050 41752 65050
37571 69297 41603 62032 46861 74261 47429 57308 57039 57653 48335 66990 45935 60806 40630 65241 42328 64569
37533 71078 50296 63121 53821 65361 58892 49443 53383 56883 53405 58919 53405 58919 51523 64947 47583 64947
29190 59886 36765 50959 38076 49441 45422 41932 43178 46586 41665 45301 38932 45212 37360 51071 37360 53524
40905 64898 41379 54238 39997 54978 45029 50463 43511 46749 47049 54978 41371 57283 40987 54978 40987 54978
42444 77402 43444 74749 53322 70353 59504 62337 63289 60377 54858 66513 50394 69276 44785 73970 44785 73970
44174 85259 45907 85592 52564 78091 61148 63437 71068 63380 63691 70400 57333 66107 45907 78516 45907 78516
28434 57158 35569 45929 37456 40610 42087 43274 44189 38310 45955 40112 43257 38639 37928 48510 37326 48510
30230 60775 36931 52753 39746 61392 47625 46210 48438 43219 43435 49604 43435 49604 35844 49576 35468 49625
31480 57152 37599 48635 42226 45239 42183 46232 45893 41092 44335 43863 46053 46754 38623 50475 43941 48624
46535 72326 49244 54887 61456 68545 57861 55788 62366 55560 63619 60914 63619 60914 56787 68545 56787 68545
33336 64345 40458 53467 46058 55648 47701 48300 49856 48779 47737 51408 47059 53967 42593 53903 39748 53903

