34626 58407 40851 45764 40723 49010 48032 41626 48020 42926 45945 46280 41550 49966 42012 43431 42012 47709
31650 46175 36210 37875 36631 41946 37875 36894 38479 35800 37875 39003 36631 41946 37875 42709 36631 41199
39438 59361 43866 45190 43469 44856 45941 47832 46111 43207 43257 44738 45332 44906 48844 45048 50919 46111
38135 51582 40627 46951 39981 39981 42056 39595 41991 43004 43456 48112 38745 44066 39262 44295 39262 44295
31490 56585 38347 41959 38796 42342 38864 41865 43007 42631 35707 42295 42154 41832 39139 41925 39139 41925
44986 67811 49942 55361 47061 59511 51211 58242 50674 51211 49136 57347 49136 59422 48390 58242 48390 56690
33934 57549 42775 38915 38396 49541 36860 47133 41425 40803 35200 43500 35200 45099 38396 49208 38396 44518
33567 60730 43027 42536 37579 50029 41729 46353 41694 45110 43107 43994 37544 51524 41322 48534 41322 50029
31680 56528 39739 43763 35994 50502 39782 42780 37595 41178 42350 45266 35881 48582 40291 40291 40291 45104
40783 65683 45943 51158 47603 59458 50867 51158 53233 52752 47008 56431 47199 55308 47603 53233 47788 55308
36652 63982 44952 44952 39794 56097 45781 49872 45547 48685 42637 49102 42877 56334 39911 51650 40562 50286
30474 45037 38644 33692 34249 39069 36577 38097 36577 38652 35635 38399 35635 38399 36324 37710 36324 37164

