34626 199593 70995 105577 72156 131221 82021 81635 76733 110242 60527 92617 60527 100226 74799 88597 74799 88597
31650 157941 91435 58104 55612 108741 75941 79945 70879 76848 61126 90755 70124 92341 60221 95589 60221 95589
39438 215449 79859 93639 86700 110039 113792 93453 80992 81063 78797 105960 67778 101569 111172 85169 111172 101569
33934 210102 76039 79462 84880 127664 77717 111018 88453 78652 72053 94117 62127 122684 93995 111330 93995 115125
33567 318056 80337 97535 81514 181274 83255 111469 83637 106613 68087 113319 82477 144886 67580 115567 74902 146154
31680 241574 102622 96300 84411 156472 91647 110581 92888 91647 72405 102052 76436 139297 65978 94181 80519 94181
38135 183541 70752 75074 60675 109553 75978 77203 86892 83076 62610 112650 64029 128985 73074 77203 73074 77268
31490 262547 94552 79092 87032 138722 88019 97090 87690 104419 75896 120349 74815 120349 77870 91074 77870 91074
44986 224864 61386 94186 75174 147265 93365 125717 91799 93365 75174 124747 75174 129447 75174 129447 75174 129447
40783 239128 79283 106383 72512 173528 91528 120821 106383 105908 89983 138766 73583 142393 72512 144355 72512 144355
36652 284787 96027 99286 67968 167198 101598 148191 99316 118059 67968 129357 73690 162157 69690 118652 86090 118652
30474 159554 72798 59030 69658 99827 62003 79167 76535 76534 76535 91916 76535 89795 69658 97688 69658 97688

