34626 47618 34626 39733 37684 38728 37110 36251 36994 38173 36530 40186 36530 42197 34626 39733 34626 39733 34626 39733
31650 41147 31854 36848 34672 33259 33259 31854 31854 36583 33659 36787 34204 33463 32648 36787 32648 36787 33470 36787
39438 48148 39566 45593 37628 39859 37657 41244 37699 41202 35893 43008 37479 43008 37607 43008 37628 43008 37607 43008
33934 42502 33934 37841 39290 38508 34161 35466 31730 35357 35616 33589 34940 35364 38500 35364 37497 38979 38500 38979
33567 40766 33567 34857 34081 37706 33512 32269 33567 34869 33055 35381 33445 37005 31354 37234 31354 35173 31354 37234
31680 39646 31712 31628 39810 30317 32058 37222 33557 36576 32316 34866 34538 32953 39810 32180 39810 32180 39810 32180
38135 48319 38291 37166 35102 34573 34675 39968 35837 34573 34753 39567 35385 39626 37786 34754 38155 34754 38155 34754
31490 37336 31646 32509 30471 31469 30453 33508 34136 33177 30692 33556 32092 35651 31646 31013 30471 31469 31646 31469
44986 58489 44986 46367 44986 48180 46395 46829 46887 47294 44986 47628 44986 49464 44986 49643 44986 49643 44986 49643
40783 53024 40909 44915 41793 45106 42449 44833 42575 44718 45119 44476 41551 45796 40909 45796 40909 45796 40909 45796
36652 47653 36724 40425 38378 38468 38023 37863 37631 38503 37738 38397 38378 39429 36919 40550 36919 40550 36919 40550
30474 46465 30299 32537 30907 31606 33497 30885 32759 31037 33703 31369 33703 31369 30907 33348 30958 33348 30958 33348

