33891 45221 36981 36981 33891 42131 36981 38011 35951 38011 35951 39542 34921 41101 34921 39041 34921 40071
42586 49796 45676 44646 42586 47736 44646 45676 43616 45676 43616 47736 43616 47736 43616 46706 43616 45676
34040 45760 38170 35600 35560 39000 37930 38220 36710 34020 37470 38610 35240 38560 36040 38060 37500 37380
31667 44027 33768 36817 35722 41815 37695 37624 36665 35787 35787 35787 35635 41815 32697 36817 32697 36733
31462 41762 34552 33682 33982 38076 32871 36686 34169 36016 34169 34986 32968 36757 35155 36757 35155 35582
33135 43072 34665 36568 34137 40892 35221 34748 35917 34136 34805 37449 34794 34535 34609 35778 33690 37636
44703 50883 46763 62962 61353 61932 46763 46763 54122 46763 54122 53583 54122 53583 62383 47793 62383 62962
52294 50112 44962 55384 39655 55384 54354 54354 40685 42745 39655 56414 39655 43775 44962 55384 40761 55384
29351 44275 36320 38223 33131 36306 34286 33156 34915 35734 36223 34828 32057 37139 35196 36798 33881 38350
40273 48513 43363 38306 42333 46760 42333 42333 42333 38688 42333 45730 42333 45730 42333 44393 42333 44393
34736 44004 36681 38856 37255 38625 35480 41094 38801 36968 37423 42923 37423 39142 34845 38565 34845 41089
44302 52542 46362 47392 45332 48422 48422 48422 46362 48422 46362 48422 46362 50482 45332 48422 45332 48422
35121 40271 36151 36151 35766 39241 37826 37570 36796 37570 36151 38211 36151 38211 36151 37570 36151 38211
47132 59492 52282 51252 44892 50564 47119 46058 46702 45028 45672 52282 54520 53312 49192 52282 49192 53312
40297 48369 36790 38933 38618 41787 35989 44090 44500 37019 39648 38049 38618 46395 36152 37655 38618 46477
38263 46503 38263 42383 43371 45222 43659 41353 41353 42240 39150 44689 43371 44689 39150 42383 39150 43270
29235 42520 32627 34124 34422 34956 34586 36023 34687 34586 33657 35616 34422 33926 32830 35717 32830 37777
46392 54822 51596 50702 46188 50702 49672 53656 49278 50702 48248 50702 46188 50702 48452 50702 48452 50702
29913 37883 31973 33003 35533 40683 33003 32656 33003 38505 31973 38623 30713 37593 31743 34033 31743 34533
35324 44017 39444 40927 38414 40927 36843 37384 37678 39897 37384 40927 37384 40927 38414 40927 38414 41957
28766 41335 32451 32362 32520 37909 35522 34595 33601 33863 33304 33916 32362 37401 32886 36303 32886 35500
39806 52166 44632 44956 44632 49075 44837 47016 44859 47016 43829 48046 41267 47016 41267 48045 41267 47016
44456 55786 48576 48576 43124 47546 48576 47546 46516 50636 45486 49606 45486 51666 47260 48576 47260 48576
32644 42170 38896 38038 33047 43663 37566 38513 36708 36153 35897 36153 31960 36701 33883 38723 34248 37247
32255 37960 35345 32810 33840 34870 35500 33840 31780 37003 35500 35345 32810 35345 34315 34315 31780 34315
34282 47352 38578 40462 37868 42271 40912 40196 41233 39769 40203 39112 38335 40547 35276 43293 35276 40142
36124 43112 36447 38363 34594 43962 37401 35236 37381 40606 36351 42666 32621 44841 32268 43811 32268 43019
34019 45955 41318 40288 37963 41600 40517 39510 40941 38904 37450 43378 34830 45226 39258 45173 39258 43531
35812 44548 37338 40211 39181 42488 39932 38902 39932 39932 38902 39932 36842 40161 36842 40962 36842 41992
35623 47983 40773 42666 37830 44893 40773 39743 40773 42052 40773 45642 38400 42885 36653 41803 36653 41803
35171 50801 41545 39157 39291 44246 38127 43157 37231 41351 37097 41969 40321 42236 39873 44187 39873 44948
36319 42969 38379 38849 37591 35245 35276 38849 37819 33356 37819 36776 37591 36776 34035 38197 35049 35245
31965 43295 34025 35055 34025 39048 36021 36021 36021 36021 34991 37051 34991 37051 34025 37115 34025 37115
48554 58854 52674 44923 46091 48013 51644 52674 46091 51644 46091 45953 46091 45953 46091 52674 46091 52674
32478 44838 37628 34538 35568 36560 34627 35761 39824 37245 35061 37088 33580 38567 35568 37926 35568 37926
39432 43552 39432 42522 39432 43552 40462 40462 40462 41492 39432 42522 39432 42522 39432 41492 39432 41492
31563 40217 34241 34653 38321 36510 32263 34241 35067 33211 33953 32923 33953 35271 32181 37540 32181 36510
34525 43297 36577 37615 37738 41716 35514 35803 34216 35264 33385 37245 36516 38066 39287 38696 38257 39726
34238 41448 37328 37328 38020 41324 37114 38358 39050 38234 37419 40294 36661 40294 35268 41324 35268 41324
37571 47175 44084 40661 39713 41400 41065 41483 40035 41065 39340 42222 44779 42222 43749 41691 44084 41691
37533 43713 46271 42770 37739 44830 45241 45241 44741 45241 40710 46271 40710 46271 37739 42770 37739 43800
29190 45713 35505 33310 34427 37565 35285 34298 33225 36803 36527 37119 37067 38371 34112 35104 34112 35819
40905 46794 42326 45025 41296 40492 42326 39280 35855 40070 34654 36815 40537 39771 35267 40310 43995 47085
42444 52967 43697 48191 45558 50216 47418 50147 50147 46282 46388 48448 44328 49478 43298 47312 42397 48132
44174 55697 47813 50547 42889 49324 46234 46234 46234 51577 46234 48843 48487 52607 43973 50547 47813 50547
28434 43271 35673 33965 34634 36649 32285 32933 37607 33447 38161 36703 31343 33838 35005 34589 32430 36163
30230 45564 32281 38426 33777 41139 36706 37825 35828 37135 36644 36509 36644 36509 37799 40684 37863 39231
31480 42050 34045 32898 34653 35741 33084 35800 37650 33905 32290 34957 36864 35907 34781 36326 34781 35296
46535 55805 49625 39973 47565 41003 50655 50655 50655 48034 48595 42033 48595 42033 49625 50655 49625 41003
33336 45259 40024 37591 39039 41229 37070 38390 38903 40325 38744 40797 35143 40450 36265 40797 38623 42335
42469 51739 44681 49320 45091 51271 44909 49092 47032 45559 46002 51152 46002 52182 46154 51271 44681 51271
36565 43240 39844 38702 34405 43943 35765 40874 36795 37993 42123 43755 36030 43755 34384 41715 39452 41715
39259 51773 45593 41319 42349 49713 43379 45593 45593 46623 44563 48683 44563 47653 43533 44409 43533 43379
34820 44564 36014 36564 34751 37191 35288 37543 35153 37114 34925 36161 33895 36555 37644 38292 37644 37206
31860 40995 34484 34699 34384 36294 34100 34833 33950 35245 35246 36062 34384 34268 32886 37574 32886 37241
35292 45863 33091 35905 35114 38961 36498 34591 38653 38166 38413 39955 37187 37358 36700 34525 34052 34525
31043 44205 35596 34946 33905 38569 34494 37801 35389 37141 35389 36183 34935 37449 34448 38569 34448 35596
39929 48626 43476 41989 41416 46109 43019 43019 43019 42446 41989 43019 41989 44049 41416 44049 42446 44049
31795 45122 36228 38464 33580 37962 34495 35550 34659 38087 35701 34445 35701 33982 36945 39910 36529 39910
33099 48359 36068 38396 34518 38689 36534 40699 36759 39427 35661 40058 34518 40958 34603 41580 35059 40699
39602 48872 41662 43722 37535 42712 41637 44942 39595 42737 38565 42667 37535 42712 42692 42712 42692 43697
41231 50501 41229 43291 39169 49570 41229 44321 41229 41229 41229 42259 41229 42259 40199 45351 44321 45351
35684 41864 37744 37288 37744 39348 37744 37744 37288 37744 36376 38774 36376 38774 37744 39348 37744 38318
39796 47006 41856 42886 40826 45976 41856 43916 40826 42886 40826 43916 40826 43916 40826 43916 40826 43916
28522 40181 32142 33016 33106 37645 37145 35175 35137 33344 32121 35376 31291 34122 32920 35175 32920 33792
33754 47095 38803 45420 36697 43513 42923 43311 37040 40180 40323 42828 36697 44346 39293 40129 39293 41159
37520 47820 41640 41640 39580 40916 42001 33613 38837 37752 37807 37807 37807 37807 40826 37807 40826 37807
34927 45561 40915 42975 38542 43692 39597 40196 39334 40364 40962 41632 40554 41632 41584 39047 41584 42662
33928 40416 37326 37847 39907 39078 35988 39907 35988 38877 35287 39907 35287 38048 39907 39907 39907 38877
33497 39677 38503 36587 36980 41100 38010 36672 38294 40070 38757 40070 38757 40070 34527 38010 34527 39040
30222 41533 31555 34041 33924 33675 31546 32063 36419 31556 36419 34862 32609 33107 31889 33824 31889 36693
28586 46734 39398 36245 33988 42300 37598 37477 35374 35569 38445 38210 34803 39075 34830 39347 35519 37623
30475 42671 36848 34299 33809 36348 39041 35400 34463 36430 33433 35318 33075 35501 33391 35329 33391 34288
41798 49008 44888 43858 42828 46948 43858 43858 43858 43858 43858 44888 43858 44888 42828 44888 42828 43858
44901 57124 47991 49914 45931 53004 45991 45991 47854 48051 46824 49081 46824 51141 46824 52111 46824 51081
33934 43516 36306 35780 37399 36969 39425 40863 37245 39646 35322 41298 38866 43477 37399 41893 37399 45130
33567 49105 37106 37737 37163 43560 38643 39747 36469 38840 37882 38767 34720 41074 35553 38564 35553 43560
31680 43988 39005 41219 34360 44106 38177 38126 37713 38802 42367 38226 33688 36049 33633 39052 33633 35959
34626 44991 37716 39908 41264 42740 39776 41774 41777 42612 41003 40680 38560 41710 36683 39779 36683 45577
31650 38860 33710 35448 34672 34631 34740 33759 35344 33710 34740 33778 34672 34631 34740 33710 34541 35819
39438 49392 38641 45825 42961 46115 40128 42607 41931 42182 40122 43637 41152 45792 41152 42143 40128 47885
40783 58058 42408 45933 43873 50053 44903 49818 46963 47221 43873 46528 44468 47993 44468 46963 43438 47993
36652 51072 40772 40772 37704 44914 39704 42794 39624 42832 39128 42832 39742 45884 38318 43862 39128 42794
30474 41954 32559 31678 32389 35517 31846 34087 31846 33564 31455 35446 31455 35446 32281 36547 32281 34159
38135 42627 36447 38968 35801 41864 37163 35868 36766 41543 37995 38510 35610 37796 34771 40386 34771 40386
31490 42572 33816 36640 32931 34520 33690 36640 34012 36600 33537 37160 34239 37767 33303 36208 36350 36208
44986 56316 47046 50136 47196 52196 48076 49747 47196 48076 47046 50420 47046 51450 48076 50927 48076 51166
32056 43386 34282 36702 34116 35564 35672 37206 33030 33852 33030 37206 32929 35413 31871 35521 31871 36551
33162 46916 40556 41586 34192 39342 37282 40736 34192 38312 34809 38312 34809 39342 41586 37282 41586 37282
30492 43025 34785 38798 34501 36210 35426 35815 33582 35751 41885 36672 36525 38196 37880 33868 37880 35677
29281 38334 36143 33401 32118 39233 33452 34384 34596 34629 32320 33853 32268 39233 31238 35207 33401 38410
34495 42003 47334 39601 35853 37422 37928 39645 36376 48364 35270 37330 34882 34793 41154 35150 41154 34494
34281 46102 39267 38401 45892 40781 38720 44772 38549 38721 38549 38892 47952 39383 40966 38401 46922 41436
39666 47906 41726 41726 42309 47459 39881 39881 39881 38471 39881 41941 39881 41941 40911 41941 40911 42971
29448 41606 32657 31788 31370 32559 35296 31156 32668 33901 31316 33568 30596 33568 30607 33634 30607 33581
37488 46758 39548 41608 39549 44698 41608 41608 37663 41608 36633 42638 38518 41608 39548 43668 39548 43668
30791 44093 33702 39327 32872 36095 38297 34600 33937 32353 34699 34099 37222 38039 33660 34501 33660 33236
36486 45756 39576 35309 37516 38881 35791 37080 35791 40606 34761 41539 34761 37851 37516 37851 37516 38611
33145 39045 35780 29415 34529 32062 33895 33588 35427 33266 31565 37893 31565 34655 33895 33588 33895 32062
34429 49345 36489 39579 35459 37586 41105 39579 38089 38092 38247 41127 36901 37586 40030 40609 40030 41896

