34282 59654 34282 40750 35674 41346 37195 42527 40005 40666 37199 40052 37199 40484 34622 44323 34622 41848
36124 49828 35299 35029 32141 37209 36369 46010 39406 35766 37343 46049 39479 46049 33690 46010 35265 46010
34019 59751 34098 37164 37355 42859 40536 37039 40850 41355 39506 41196 37198 41196 34809 40333 34809 42881
35812 62317 35812 38151 37889 47185 41796 42291 40957 42042 38187 44812 38976 45900 35812 42291 35812 42291
35623 61990 36419 41592 37328 40776 37783 40207 37442 42594 36419 40321 38033 40208 37328 43578 37328 43578
35171 59687 36615 41946 35602 45868 40998 39689 42015 38865 39707 40980 41660 46824 36176 42665 36176 46106
36319 50429 36320 37461 36522 35727 34124 43935 36677 34875 32004 39019 36319 39019 36319 43935 36319 43935
31965 57514 32251 36985 31965 39172 37227 38318 36895 37227 34951 37608 34951 37608 32251 37608 32251 37952
48554 73033 48759 58297 44777 43459 43459 61038 63740 43459 47213 56979 47213 56979 48759 61038 48759 65909
32478 57427 32672 34275 33059 34011 36393 37662 36252 36588 36419 38205 34940 37400 33253 37662 33253 39023
39432 68614 39432 48125 41383 56551 47858 46491 43690 56551 39432 52116 39432 52116 39432 46491 39432 46491
31563 51624 31990 39174 37983 40516 32605 32417 33562 32493 32708 33759 32708 34843 37983 32417 31990 38211
34525 53253 34525 37068 34525 37826 34010 38955 34031 34882 33703 39071 38782 35828 34525 44062 34525 41056
34238 59578 35311 40472 35713 50695 47880 42149 41871 45668 40798 40484 41167 40484 36241 42149 36241 45701
37571 62474 37572 42514 43623 44277 48521 44778 45122 36685 41826 41773 41330 45314 38544 44778 37571 44778
37533 75139 38056 49149 43181 49149 47332 40495 45620 47332 43181 48331 43181 48331 42475 48331 42475 48331
29190 53990 30846 37108 31293 38926 33327 35377 36610 33030 35683 33393 30583 34699 31607 35377 31607 35377
40905 58508 40905 47456 35835 45285 39706 46593 40137 44497 35032 41914 37807 46518 39686 49287 39686 49287
42444 70191 42444 48612 42748 50796 50277 48640 50926 45474 49402 50055 46767 52929 41811 49419 41811 52929
44174 82578 44174 61530 41419 56667 56667 53327 53327 53384 45816 59254 45816 59254 41419 59254 41419 59254
28434 50354 28602 32000 30324 31960 30454 30530 32749 30957 32775 35702 32429 32139 32295 31832 28434 31832
30230 54789 34414 34620 34386 38932 37842 36644 32640 37502 31672 36860 31672 38521 34384 37712 34384 37712
31480 50402 30019 38816 35219 35582 33996 34860 36295 33667 34086 37507 34086 38266 32949 39365 32949 39365
46535 67765 48259 53785 47442 46299 51431 56323 56232 51431 51972 54874 51972 54874 47442 56323 47442 56323
33336 58011 33336 42328 36415 38865 37491 38529 38678 38637 35794 40973 35794 44197 36415 40904 36415 43178
33891 58975 33891 39067 33891 39563 35680 37713 36609 35680 37225 36482 37225 38022 33891 38022 33891 41718
42586 71222 44946 53934 42586 47914 50142 52022 45700 47914 42586 53256 42586 53256 42586 52022 42586 52022
34040 51857 31676 39920 32157 35416 34358 37409 37772 39791 32389 36124 35274 37869 34689 37930 32364 37594
31667 55107 31667 35454 32389 42117 38942 35840 38252 35809 36275 37786 36275 40955 34083 38507 32389 38507
31462 53411 32174 39530 36551 43178 39611 36084 38154 40548 36554 39141 36554 37412 33525 36084 32174 36084
33135 54429 32265 39413 32389 40735 36791 37634 35124 34967 35425 43277 35339 38012 37208 36845 31568 39705
44703 77786 44703 60671 55657 56055 55094 50283 61237 55094 55657 60148 55657 60148 44703 56386 44703 56386
52294 69002 39655 51225 41275 55100 46777 55641 43002 55100 39655 62763 39655 62763 39655 55641 39655 51325
29351 49580 29351 34298 31337 36362 31387 31382 33436 34415 34451 29794 32919 33059 31958 31356 29858 33832
40273 72403 40273 54533 40273 52453 47965 46206 40909 52453 38950 53898 38950 54971 35712 46206 35712 46206
34736 59551 33815 42542 36208 39258 42865 40463 39588 41412 36006 44505 36006 44505 36208 44578 36406 43608
44302 65595 44302 59389 39825 47833 47833 46662 42079 55680 46124 55006 39831 55006 44302 46662 44302 55006
35121 61114 39045 42615 35639 44797 42259 46053 43872 44797 39508 42236 39479 42236 36294 46053 36294 46053
47132 74770 48612 58902 47934 49316 45180 58287 44748 53480 43207 50646 45235 51324 47934 58287 47934 58287
40297 58643 34814 53173 49500 60381 38370 46474 39504 37957 39503 47945 39503 47945 34813 46003 34813 46003
38263 69415 38263 45165 38263 47892 48769 46338 47300 45727 44941 45709 38120 45709 38263 46338 38263 51214
29235 50875 29472 31319 35037 41516 33189 33310 34367 30784 33039 31600 35036 33051 30334 33713 30334 33309
46392 81056 46674 59781 50566 53392 57376 52781 56955 59290 52251 59781 50566 59781 50566 58679 46674 58679
29913 56311 29913 33210 31216 37443 32317 32178 35620 36594 33355 34047 33355 35745 31216 36085 31216 36085
35324 65840 35326 40810 35326 47793 44818 36721 44298 50015 42901 46215 42901 46215 35326 46215 35326 46215
28766 49422 28883 35370 28870 34731 31956 31454 29905 35904 30332 33577 30332 35411 28621 31454 28621 31454
39806 75519 40383 50817 40383 46517 47206 47824 47027 47152 42197 48976 47204 50261 40383 47824 40383 50570
44456 76686 45144 55021 43280 49741 48750 54052 50041 49556 45643 53896 45643 53610 43280 54052 43280 54052
32644 51194 30604 33506 37070 36213 37465 31583 31299 37449 36947 37976 36947 35642 33258 37177 33258 37177
32255 53508 30910 34545 35763 34038 36137 34332 34705 34038 34545 34007 30750 34007 30750 34332 30750 34332
33934 52550 33934 42868 36800 40845 39576 37713 36323 36669 39132 37904 36512 42282 38528 42091 39852 44256
33567 59294 33567 37866 34942 39779 34869 33708 35002 36533 33741 37794 33022 41482 34103 38879 34103 38879
31680 60887 31757 34743 30536 44791 35765 35320 36309 32901 35471 36730 35471 34817 35297 36653 35297 35320
34626 64181 37805 51995 39625 45712 43113 39408 39607 43114 37910 45738 37910 45961 37805 47700 37805 47700
31650 55075 32154 33994 35954 37987 36365 32154 32900 37405 34974 37909 35899 36123 34110 32154 34110 32154
39438 65797 40957 44247 38501 43929 46438 40974 46543 43787 42089 44135 40824 49005 38448 44656 38448 44656
40783 70969 41092 49493 43042 51167 44347 50771 44655 49009 41971 53538 44826 53147 43042 50771 43042 54335
36652 68631 36829 47523 37033 42696 41598 39637 42470 40257 42734 40954 37033 43499 37311 39637 37311 43982
30474 52292 30784 34581 33274 36941 36941 33262 35119 32606 31923 33423 31923 33423 31915 35563 31915 35563
38135 60408 34893 41402 37920 39824 38813 42466 40703 37867 35662 43088 35884 43232 38184 45966 38184 45966
31490 51119 31873 34953 32888 36949 34113 36465 35687 33643 36208 35658 31756 38542 32888 36465 32888 39213
44986 78282 44986 49485 45263 53655 47636 51391 48851 49928 47544 51501 47544 56028 45263 58347 45539 58347
32056 55783 31553 35688 31581 38455 35114 38561 32578 35601 33468 36093 33468 35823 33586 38174 33586 38174
33162 57708 38943 38768 33162 41688 37626 37424 39935 41688 37646 41230 37646 39915 38943 41057 38943 41057
30492 60218 34160 35706 33388 37674 41481 34115 37351 36515 35881 34796 35881 36921 30492 34392 31202 37799
29281 47897 29358 36066 29312 37883 29278 31553 31813 34833 31506 31526 31506 35140 29785 34463 29785 32601
34495 55998 30630 44661 32951 41238 47075 40949 45557 34105 31942 36265 36463 39028 32951 40949 44672 40949
34281 59654 34807 41140 41190 43429 41847 40063 43183 40227 39457 42690 36328 46645 38240 40063 38240 40063
39666 71498 39666 41761 41397 44858 49402 42602 42602 44858 39666 57117 39666 57117 41397 42602 41397 44639
29448 50969 29268 34755 29609 32143 32091 35046 32072 30830 31516 30164 31516 30893 29609 35046 29609 35046
37488 65233 38413 37488 39492 49048 42472 38465 40469 45401 39492 42370 39492 42370 37488 39390 37488 41445
30791 56529 30838 37316 32418 34788 33382 32482 35178 34987 30982 35672 34858 34366 31480 36953 31480 36953
36486 57466 34917 42327 36825 36755 38454 39884 40003 42627 37261 44594 37261 40421 36825 37539 36825 38304
33145 51583 35305 35840 35474 33811 32933 33811 33768 35958 36597 35305 36597 35305 35474 39726 35474 45442
34429 59911 34429 40993 36022 46946 40993 37387 37335 45354 34377 43453 34377 46107 36022 38866 36022 42316
42469 76671 42638 52895 45124 57039 45992 53302 47059 51651 42849 49991 42849 55973 42469 53302 42469 54480
36565 55528 36898 40918 35724 42522 38015 40686 39056 39589 36898 42583 36898 42999 36565 38965 36565 42825
39259 65947 40123 49949 40627 54074 43820 40554 41490 54074 44323 45115 44323 45115 40627 45115 40627 45115
34820 57676 32668 36656 31377 41356 39366 37604 39695 36501 33488 40880 33488 40880 31010 37604 31010 40272
31860 53448 32304 34865 34140 38346 35398 32713 35520 34844 34301 35125 34301 35125 31527 35624 30734 35136
35292 50769 36592 41071 33804 37402 33782 40286 37158 39691 33883 41184 34309 39114 34852 42232 34852 42232
31043 54018 31379 37336 33753 34429 32594 32315 34196 31801 37545 35139 35121 35694 33753 35626 33753 35626
39929 67911 39929 38460 36600 44785 44785 41871 42903 44785 40961 46434 40961 46434 36600 41871 39929 41871
31795 54148 32982 38552 35978 38791 37702 35308 34777 31908 31372 37080 31372 36703 32316 35308 32316 35308
33099 52758 31292 43279 32046 35093 34675 36324 39062 32441 33138 35853 31406 40496 32769 36612 32769 38520
39602 68912 39811 44668 41321 48878 44714 43559 43559 47515 40669 51472 40669 46561 41321 46322 41321 45992
41231 67303 41667 39169 41231 46306 49446 46753 42249 49446 41231 50464 41231 50464 41231 46753 41231 50464
35684 61300 36833 39929 41981 43874 46304 46777 46777 43874 46192 44803 46192 44803 36833 44803 36833 44803
39796 69247 39796 48010 48024 45739 45739 45389 45389 43408 39796 47312 49510 47312 40583 45389 40583 45389
28522 49184 28856 30860 32114 34849 31449 30159 31284 31443 30979 32432 30608 29326 29490 30159 29490 33240
33754 59591 34551 40911 36257 42250 35865 37548 37391 42981 35811 41260 36258 43857 36257 42371 36257 42371
37520 60099 37654 35407 35611 46350 43215 43609 37422 41867 38209 42204 38209 47356 34947 43609 38457 43609
34927 60903 36044 49487 39093 47557 47005 42533 39496 47005 36220 50206 36220 52094 34927 42533 34927 42533
33928 59038 34250 41834 33955 44185 41041 39485 39012 39168 38690 36601 38690 36601 33955 39485 33955 39485
33497 58288 34616 37664 41619 43230 43230 40812 40669 43230 40857 40446 40857 40446 36690 40812 36690 40812
30222 52083 29096 33642 29707 34561 32051 32330 30576 31558 29714 32390 30076 32624 28957 31136 29409 33443
28586 53440 29013 33743 32781 39698 35722 35152 34295 31524 32412 36735 33335 39715 30431 37608 32320 36214
30475 53455 34161 40032 36609 48289 39145 34755 36882 35526 36609 34018 36609 34018 36609 34235 36609 34235
41798 72732 41798 59700 41798 44156 44517 52202 52202 44517 43298 51921 43298 51921 41798 51921 41798 59700
44901 77896 44953 54599 45071 50687 48160 49027 47403 48670 44901 49548 44901 48901 46450 56234 45071 57101

