34626 226593 110769 135477 98195 152386 109221 103546 102514 109221 84446 122002 91603 142842 99356 125033 99356 145615
31650 179541 121335 85626 78602 160441 103141 89555 85626 85550 78224 120655 78602 141341 78224 116273 82454 101328
39438 245149 128000 116123 116600 142356 146392 104156 121769 127293 90791 154960 113432 125380 125380 136071 144480 123256
33934 225123 103861 102553 125576 164272 106972 162718 108220 121653 96451 124142 93416 140566 125576 166515 125576 145111
33567 363956 146969 131132 114822 205574 118484 151536 128232 146027 128232 172845 103516 201406 112394 187054 112394 184119
31680 276674 139563 144626 95780 178847 135222 143077 129093 135222 101570 135326 104876 182051 95833 141270 95833 121807
40783 271528 125048 136283 98083 195128 130993 136283 155383 156928 98083 172046 97386 176028 97310 156928 89999 176028
36652 325287 124144 112399 102315 226998 133697 149768 112816 150598 94190 184173 95913 207898 104395 191113 104395 168868
30474 181154 100849 80898 99998 120543 99915 103735 103735 87266 103735 102716 103735 102716 81919 120543 81919 101443
38135 207841 97888 101952 100274 120471 98533 95370 107888 101630 98983 145185 83498 139055 100274 109953 100274 109953
31490 300347 124452 123653 104647 160960 122384 123840 123512 138382 125721 178274 124593 141484 121632 143692 102391 143692
44986 254564 101017 140486 80574 177865 120864 137874 118774 101465 98184 157347 98184 176447 84903 142947 84903 158765

