34626 42855 37502 39095 39050 40936 41918 37869 39695 38816 42295 41265 42295 40640 40291 42132 38830 43285 40291 42343
31650 37034 34440 35632 36978 35887 35180 33731 35546 35247 36663 33398 36978 33398 35431 38393 34901 37673 35873 37673
39438 46149 38372 47052 40488 42070 42500 42103 42603 43932 41123 41716 39310 42765 39251 47053 38372 47052 39251 47052
38135 43489 35967 35639 38070 35588 39241 42094 39848 38320 38846 38386 36272 36028 38070 35588 35572 35588 38070 35588
31490 33603 30980 33457 34351 33427 31590 32175 35165 32506 30479 33464 31584 35174 33027 34385 33027 34385 33027 34385
44986 52639 45975 51419 46623 50363 47496 47811 48654 48794 47056 48821 46624 49253 45543 51686 45543 51686 45543 51686
40783 47721 42522 47043 43280 46507 43251 45130 44555 45748 43150 46662 43150 45627 41997 46507 42820 47537 43246 46507
36652 42892 38798 41189 37026 40611 38364 40845 38092 40180 37979 40220 37026 40611 38219 41271 37123 40784 37026 41271
30474 35659 32569 33947 33729 35027 32579 31827 32160 32694 32950 33403 32950 33403 31731 34987 32626 37327 32178 37327
33934 42040 36612 36539 37216 40011 34653 37352 36060 34567 35125 33678 34398 35288 35115 37883 35189 34968 35189 34968
33567 39280 36790 36829 34030 38393 35909 35359 35452 34097 34656 38205 36785 38393 35598 36534 35619 38924 36175 35987
31680 41910 35575 37736 36374 32466 37654 32702 36944 37337 41994 40780 40904 39168 35712 35830 41239 37866 41239 37866

