34626 54036 39037 39501 39037 39501 38779 36251 38779 39153 34755 41435 34755 42338 39037 37876 39037 37876
31650 43025 33275 36297 34672 33275 33275 33275 33275 33275 34974 38224 34106 34900 33275 33275 33275 33275
39438 54411 40852 44955 40282 36957 40282 38514 40282 41486 40282 40139 38657 42688 40282 41063 40282 41063
38135 47532 36469 33565 38016 35577 36028 39889 35758 37383 35758 37383 34931 36556 39255 41385 39255 41385
31490 50735 31920 31375 33659 36653 36204 35687 35942 35934 34317 34062 31920 37284 33659 37681 33659 39306
44986 62861 46967 46611 45342 49861 46967 46967 46967 49115 45342 48236 45342 49861 45342 49861 46611 49861
40783 60283 42408 44033 46669 49067 45817 45658 45817 48513 42408 45658 44192 47283 46669 45658 46669 47283
36652 59402 39902 40459 37269 42084 40043 39902 38894 41527 38834 41527 37269 43152 38277 39902 38277 41527
30474 45174 32100 32099 32099 34746 34052 33217 34052 34405 31592 33217 31592 33217 30817 33724 30817 33724
33934 53049 40978 37503 36737 38872 35193 39558 42596 34887 39602 36067 34383 37006 41407 38809 38798 38809
33567 54684 35656 35069 32979 39479 34604 34604 34604 36229 35368 37854 34172 39479 33882 38442 33882 38442
31680 51128 36017 37933 35866 39966 38857 38777 44646 36400 33305 36843 35527 35081 35866 35218 35866 38777

