34626 34635 34630 34631 34629 34632 34632 34631 34630 34633 34630 34631 34629 34632 34629 34632 34631 34630
31650 31657 31653 31654 31655 31652 31654 31653 31654 31654 31654 31653 31655 31653 31654 31653 31654 31653
39438 39450 39445 39443 39443 39445 39445 39445 39444 39444 39444 39444 39444 39445 39445 39443 39444 39444
40783 40795 40786 40792 40786 40792 40788 40789 40789 40791 40788 40790 40788 40791 40787 40791 40787 40791
36652 36666 36660 36659 36656 36662 36658 36658 36658 36658 36656 36662 36657 36662 36658 36660 36657 36661
30474 30482 30478 30479 30479 30477 30477 30477 30477 30478 30476 30479 30476 30479 30477 30479 30477 30479
38135 38146 38141 38140 38142 38140 38141 38140 38141 38139 38140 38140 38141 38141 38141 38140 38141 38141
31490 31504 31496 31498 31497 31498 31497 31498 31498 31497 31498 31497 31497 31499 31496 31498 31496 31498
44986 44997 44991 44993 44988 44995 44992 44990 44991 44991 44990 44992 44989 44993 44990 44993 44990 44994
33934 33943 33937 33940 33938 33939 33939 33940 33939 33938 33936 33940 33937 33941 33937 33940 33937 33940
33567 33581 33573 33575 33575 32777 33575 32776 33577 32775 33574 32775 33575 32777 33573 32777 33573 32777
31680 31692 31685 31687 31685 31687 31684 31687 31686 31686 31686 31687 31685 31687 31685 31687 31685 31687

