33934 61760 44390 48787 41855 55967 43881 51004 47692 40806 40806 48666 43241 53989 40157 54142 41678 57510
33567 59579 39024 51886 40599 55772 46000 44302 46895 45331 45361 43156 43047 53568 41015 49300 37588 54368
31680 69530 38479 54452 38493 48693 43632 50121 44959 42465 38764 42827 40923 47221 34537 43703 35458 46538
34626 70083 40374 64720 44273 61556 51252 48094 49196 56126 47304 59065 49735 59762 44273 61328 43312 61328
31650 59996 41348 47898 43934 49470 47971 40475 39340 42853 39711 46397 44575 42563 42535 44077 42535 44077
39438 71849 45240 66703 46574 57185 56855 49702 50787 51868 51884 52974 49605 55779 52140 58473 48039 63395
40783 77494 42604 68716 50201 72320 55866 65151 60744 60294 52930 68311 50582 65566 47206 69626 48982 70422
36652 70996 42090 57953 42067 63634 44775 52669 44578 54750 44340 53019 46100 62171 41581 61156 44896 60781
30474 57101 35088 51758 40156 52110 46819 45674 44604 45298 43610 40937 43610 40937 34059 42258 34900 42258
38135 66206 36643 51544 40219 51659 42658 55343 49247 43290 45987 54788 40044 52808 40567 53202 40252 56842
31490 55817 37964 48049 35914 52249 40972 42308 43214 42153 38046 49597 38352 48568 34946 48813 35214 50195
44986 85479 49151 72777 57526 75398 57611 70165 64500 57813 53984 70622 53984 72906 57953 76000 50024 76223
32056 60913 32935 47517 39247 48305 45915 44180 40598 44389 42684 41987 38883 48741 38920 47067 38920 55557
33162 63011 40215 50958 41474 56401 45200 51182 51283 50140 40137 61202 43637 61202 45982 56401 38220 57862
30492 65754 37901 51863 39527 43025 46221 45763 51980 47955 42413 44736 41007 43020 37435 47190 42739 47834
29281 52692 32534 46071 34708 42560 37250 41535 39918 38430 39965 41168 38123 45789 37259 41945 37259 45193
34495 61146 36147 59671 39463 49859 38902 73434 48499 50662 40337 55500 40797 55500 40299 48101 40299 47775
34281 65139 39295 60446 40919 57951 48421 49484 48096 56953 49273 59506 44957 56625 49328 55691 44579 50925
39666 78073 47815 59641 49462 64777 58665 59448 57741 55340 56551 58980 56551 58980 53948 63132 53948 63132
29448 55654 34766 48257 34758 41256 38635 38703 40367 37307 37409 40378 37229 49054 33210 41295 33210 44562
37488 71232 43919 58670 44862 63858 53986 48793 46675 55111 45487 52418 45516 61352 44862 63858 44862 63858
30791 61724 34152 50443 38612 45089 44073 46457 39787 40129 44209 43953 42313 50095 39027 48557 40363 50401
36486 62749 39677 48795 40058 55167 45179 45888 45042 45179 42233 45745 42233 56641 38350 55167 40379 56053
33145 56325 37645 44930 38071 45140 35877 48344 47878 38954 36924 37000 44160 36183 38163 54729 41424 52241
34429 65420 44977 61161 40393 58352 55216 52911 48790 54207 46650 59644 41862 55688 44472 57107 44472 61119
42469 83719 50110 76121 47265 82106 52207 60954 55706 52413 54483 62708 54483 78285 47514 82106 47720 78049
36565 63299 40338 51155 37281 55586 46550 46182 47523 47314 46248 55816 43724 55816 39687 56964 41230 56964
39259 72009 45633 67003 45393 71735 62213 48967 45996 62213 48795 58278 48795 55876 46161 63572 46161 63047
34820 62977 35860 52311 39130 51938 46336 45620 45110 46604 42097 44339 40505 45521 36237 49260 36237 53787
31860 58644 34273 51533 38150 47503 43539 39349 42453 38821 41036 41218 43470 40923 36180 48755 33448 51333
35292 55435 42172 47891 42411 49953 42884 59281 44200 49605 40833 52561 44296 49016 40590 49319 43683 49319
31043 58981 38205 48177 39264 49876 39571 45455 44967 43797 40230 40628 38394 44669 44573 48737 40143 46715
39929 74155 42206 64461 45023 79820 47366 60961 46310 56607 39406 53286 39406 66995 42958 78565 42958 78565
31795 56977 36132 46557 38341 45685 41099 42568 41813 40649 45098 46344 44395 46348 37014 47223 36713 51285
33099 62179 36405 51826 40919 49296 41698 52980 43830 45594 43052 44561 40984 47868 40583 50280 36918 50336
39602 75246 42706 68090 43450 64737 59249 54163 49991 55901 46573 53657 48529 58215 42706 63280 42706 63280
41231 73492 42971 60148 45178 68632 61916 53131 51874 61916 50636 63419 50636 63419 41733 66599 41733 66599
35684 66934 48371 50588 45988 59049 53627 54202 50561 53627 44729 55316 44729 55316 45961 59049 45961 58000
39796 75615 43092 67430 50958 74658 57014 62329 61694 57014 46588 63817 46588 68706 46588 74658 46588 72319
28522 53705 31515 48174 37341 47264 40567 41983 37163 46328 36946 41074 36882 40456 34776 41744 34628 41744
33754 65069 37087 65268 42193 60162 50415 50652 47655 51079 46542 57694 43926 55748 40993 54679 46015 57016
37520 65625 37913 53060 41426 49131 51046 47639 41961 51056 40477 52196 46479 49131 36773 51605 36773 51605
34927 66502 41979 57872 43728 68223 52311 51318 48838 55286 48118 66153 46180 61820 46427 66153 41676 66153
33928 64465 40717 57966 37177 61216 51573 50301 49105 49651 48714 52035 48714 57232 37177 61216 37177 61216
33497 63646 39142 58620 46905 59763 49969 47465 50442 46288 48826 53596 48826 53596 45763 54906 39025 58620
30222 56871 33185 47907 37479 46991 45360 38952 40279 39267 39309 44560 39058 43646 34463 48411 34463 49284
28586 55666 36230 51449 39860 49767 39492 44436 44917 45738 43530 47284 43117 46349 38681 47114 38681 47569
30475 58371 35403 49389 38109 55450 49655 53730 52471 50658 48173 48346 41456 57109 40075 59434 38590 59434
41798 79420 48410 70639 43623 77595 48853 58199 58199 48853 47370 67535 47370 67535 45790 65054 45790 70639
44901 85058 54588 75432 49421 74316 63019 65998 60471 65565 57802 59852 52180 70840 51098 74316 46814 74316
34282 65140 38934 60349 43959 54702 45588 49293 46430 50606 44990 58043 43492 53383 37616 61049 39508 61049
36124 61386 39230 53454 41380 61386 42259 50271 51780 48638 43655 47443 38354 53002 37628 49833 34455 60655
34019 65244 39268 56981 43039 58800 50214 54698 50692 53988 47019 54645 43039 61115 37311 59594 37311 61522
35812 68046 42495 56086 42282 65520 47421 55713 48738 50608 47359 56199 42282 65520 39649 65520 39649 65520
35623 67688 45207 64726 44929 58382 54236 47970 47055 55013 45759 53774 44981 54052 41474 57414 45325 55709
35171 65175 40690 58619 44621 62500 46360 57920 46838 46753 43121 54837 42665 57398 46150 58241 47280 56799
36319 58943 42775 55461 36918 54859 43160 51178 49630 40397 39899 45868 38581 48137 40547 46511 40547 50936
31965 62802 39034 50635 36083 57729 43428 41526 43024 43428 40660 44294 40660 44294 40403 57729 40403 55941
48554 79749 51837 71704 51957 83366 50354 59995 57634 50354 48376 60843 48376 60843 55553 86466 52961 72693
32478 62707 40550 47957 42030 46511 42535 46706 52955 43565 43485 45793 41778 46239 39411 48142 37253 46394
39432 74923 51816 69745 50819 74923 60252 51599 55115 60252 48925 69458 48925 69458 46638 72419 49937 74923
31563 61543 38134 45518 40094 47849 43539 44489 44092 43539 39492 45773 40902 46754 40423 45344 36535 60220
34525 57482 37140 44477 37584 48434 41377 44878 50320 46669 40162 48607 40576 49254 38026 46165 37633 48434
34238 65055 41089 59754 42828 64086 51197 57962 51224 50381 47227 57564 42236 64086 38879 64086 41323 64086
37571 68218 41450 61243 46727 73287 47092 56671 56432 56986 50912 66178 45610 60028 40477 64305 42220 63643
37533 82047 50067 62337 53337 64480 58162 49102 52914 56302 52996 58149 52996 58149 51114 63937 47302 63937
29190 58954 36538 50364 38689 48902 44941 41469 47745 46069 40929 44711 38698 45826 37143 45397 37143 47771
40905 63888 41211 53600 39564 54223 44671 49854 43024 46261 46583 54223 43515 56454 40740 59953 40740 54223
42444 76197 43344 73637 49965 69465 58885 61602 61917 59705 54382 65659 52393 68403 43996 72952 43996 72952
44174 83933 45712 84410 52231 77151 60451 56389 63897 62761 56758 69506 56758 65250 45712 77408 45712 77408
28434 62968 35409 45385 37001 40166 41638 45253 44894 37884 45401 39633 42863 38204 36455 47966 36134 47966
30230 59229 36790 51975 39362 53173 46906 45718 47774 42871 43046 52518 43046 52518 35695 48622 34421 48933
31480 56261 37308 51127 42039 44663 41801 45907 45573 40719 43900 43524 45501 46224 38196 50013 43612 48054
46535 71202 48828 54373 60974 67478 57204 55133 61538 54912 63068 60093 63068 60093 56457 67478 56457 67478
33336 63346 40208 52817 45732 53258 47096 47813 49310 48283 47364 50781 46513 53258 40926 53224 40667 53224
33891 64397 37941 54875 38987 53006 45885 48701 44684 45854 44534 50501 46107 52181 41520 53647 41520 58026
42586 77772 54960 61291 51422 66524 55048 56932 53170 60672 53170 66524 53170 66524 51512 63654 49358 65079
34040 58140 37768 46736 40432 47188 40956 44460 42196 44968 42492 44112 38696 47080 41100 49888 39316 48392
31667 60172 37316 52424 41779 50060 42810 45486 45024 46372 39567 49645 41465 52156 37398 47083 35796 54372
31462 56043 39786 51004 39504 59810 44023 44366 40445 48643 40037 56933 38980 58144 37058 57408 37058 57408
33135 59434 38892 48789 39151 54716 44999 44246 49589 43699 40996 49262 38678 46157 37713 47790 37844 54716
44703 86218 50642 77075 57753 79052 62343 64958 75093 62343 67690 69240 67690 66907 51613 76211 57753 76401
52294 75346 48108 66893 45058 75346 66893 66684 48434 66893 54487 75346 55181 75346 46324 75346 46324 75346
29351 55713 36180 46038 38429 44998 41212 37505 42894 40084 38767 43583 38043 39157 37099 43761 37375 46682
40273 79062 44753 69526 44114 74891 53931 47672 48293 59686 47863 66903 47863 66903 46519 63687 45975 68678
34736 61541 37535 55583 44090 59792 50625 47522 46616 43188 43673 49920 43353 52954 40721 57522 40721 58376
44302 71626 49736 63323 49659 64349 56820 56718 54793 63995 50499 70749 52276 70749 49302 62423 49302 62423
35121 66733 50351 55104 43402 66733 52170 54669 49542 52170 45349 65514 44235 65514 45044 57964 43941 57964
47132 89555 56579 87384 56726 72873 62763 67752 57709 62763 62387 64254 61929 72873 57551 75762 58826 75762
40297 59956 36645 59642 47139 63445 54647 57072 37271 60298 43905 52232 47139 56666 41835 75980 41835 75980
38263 74185 42553 70295 47117 66709 58037 63201 51386 63968 44384 67220 44384 67220 47117 64781 43750 67220
29235 54769 31909 57607 35217 48806 37989 38366 41146 43258 42568 44001 43883 45015 40602 45198 33928 52323
46392 86705 56487 75955 59000 78631 65993 72427 65481 73166 61221 74989 59000 78631 53157 80424 56487 80424
29913 61487 36709 48114 41207 52039 43365 44029 49284 50684 46530 44098 41572 46997 34711 49417 34711 49417
35324 71892 44495 60634 46003 60289 53402 50741 50741 54691 49042 53284 49042 53284 49399 58472 49399 58472
28766 55457 32659 49973 39288 48032 41636 41773 40681 41602 38997 40822 39925 45784 36100 46580 33167 46580
39806 82464 47672 72600 47057 70785 52847 59636 52630 61360 49880 65185 47057 67260 49507 70785 46545 70785
44456 83738 53769 72552 57795 76442 64281 57539 68167 65397 57029 71165 57029 71165 51476 70676 46872 77066
32644 59843 37561 49842 42518 44375 43996 42618 41386 42569 40746 40127 45914 51643 38227 49625 37368 49625
32255 58428 35604 50103 46717 47890 42128 45954 39041 45663 44942 49697 44942 49697 38879 47890 38879 45954

