34626 183593 90409 110175 95795 145771 106821 105725 94664 109078 98438 131584 106240 131455 106240 111206 86346 120073
31650 145141 118790 84731 72726 130341 100741 86621 80124 85941 65702 101648 72726 128755 72726 103989 72726 103989
39438 197849 136100 110820 120592 116556 135392 111314 100269 106004 122291 142048 106217 135391 122291 119032 135392 104021
38135 169141 99811 89333 83074 100777 86753 97270 95592 97811 96583 113772 76081 115578 97874 103165 85720 104778
31490 240147 115872 128374 102810 149560 127288 127100 117987 117423 103281 147963 132787 130907 114838 132693 113804 132927
44986 207264 89386 118986 82402 151047 116075 116374 116374 103365 89386 136247 89386 151047 86774 134308 104336 134308
33934 192502 118502 88403 114330 132864 100278 111902 100774 99779 92327 131930 92327 131930 99530 133487 104076 129690
33567 290856 151387 134954 103410 195786 121183 156569 136332 128213 121532 138445 103846 183668 111856 202056 109898 167419
31680 220774 124222 119447 115363 150855 124222 113918 122393 128872 103924 128872 99530 150080 100823 124378 100823 120791
40783 219928 104202 144383 112289 175528 124293 129583 129583 160728 99983 173566 97489 158708 91899 160728 93981 160728
36652 260787 148292 122486 96090 198798 110236 138768 113439 139598 93929 194589 99442 183998 116201 169198 104544 169198
30474 146754 94035 77507 82798 127795 83395 116135 101335 85857 86535 98787 86535 98787 79658 101929 79235 101929

