34282 64455 40276 59763 44998 54385 48276 47745 45334 52113 48076 53635 45318 58259 41997 62880 38837 57602
36124 60740 41397 50324 46136 60740 47653 53044 54008 46041 40608 49359 41704 55565 42356 60740 39204 60740
34019 64559 39533 59590 43635 60473 51659 54225 50308 53646 48609 62554 46745 60473 40829 62760 40829 62760
35812 67330 48805 58450 42079 64860 51394 55323 52912 52618 47102 61472 42079 64860 43417 64860 40597 64860
35623 66976 46076 60471 44722 57877 59788 51615 50984 59788 49394 58193 44722 57877 47118 56983 47118 56983
35171 64489 46647 61576 41740 59319 46003 57054 50686 47112 46234 52654 44295 59474 43637 59319 43637 59319
36319 58323 40414 51303 40922 54331 42910 49787 45032 41835 42878 47084 43197 52817 40349 50457 40349 50457
31965 62140 47288 52950 39915 57179 55826 43058 55431 55826 55431 46111 55431 46111 36740 57179 36740 57179
48554 78910 51615 74511 51731 82594 50776 58249 57282 50776 50524 60561 50524 60561 55251 87845 52717 71979
32478 62048 41574 51407 37528 49223 43807 49818 52585 43305 40505 45412 44320 45811 43829 47007 40526 47691
39432 74134 54655 69071 50489 74134 59789 60349 55552 59789 48714 71656 48714 71656 48714 74134 50489 74134
31563 60897 40799 55060 43048 50372 43099 45197 43844 47326 51725 46299 48887 46299 42878 59639 40994 59639
34525 56879 41436 49312 44807 53565 45053 45438 49176 45196 40799 48189 50065 50727 37844 47926 35323 52666
34238 64370 42550 59845 42752 63443 50466 57435 53060 52810 45108 63443 42677 63443 44246 62616 44246 62616
37571 67502 50901 64391 46638 77109 46867 58061 60063 56541 50839 70475 44919 68965 40376 63028 45822 63028
37533 81183 56044 61815 53015 63890 65203 50633 55622 65203 61005 58812 61005 58812 57467 63264 52708 63264
29190 58332 38246 46367 39547 51018 43381 46100 45183 47758 43272 48238 42350 46065 40963 47381 36584 56978
40905 63217 40649 55650 41291 55905 47794 51633 43821 45937 43002 53724 47739 55905 40574 53724 40574 53724
42444 75396 45001 72898 49119 68875 58937 65865 61433 64473 54065 66278 49841 67078 46098 73746 46098 73746
44174 83050 48685 76670 52010 76525 67327 63356 63356 62799 58990 69329 56375 69329 46899 76670 46899 76670
28434 55679 37273 49439 40237 46222 47348 43364 46974 37540 39752 43603 45985 40899 40143 44754 37372 46181
30230 58605 35676 57137 41971 55910 46551 45391 47330 49987 43217 55650 43217 52326 40327 51356 39147 49271
31480 55672 41284 48215 42417 44043 41796 49050 47135 42922 42447 52214 45136 47346 40952 49560 40952 48350
46535 70453 54396 56853 61839 66769 65387 63145 60988 54482 62700 59548 63886 59548 54680 66769 54680 66769
33336 62678 40737 53666 46410 55332 50422 48458 53990 51161 47832 51162 46410 56273 44073 53061 44073 54143
33891 63721 39612 58000 45029 52583 46865 49796 49283 47011 50893 50176 45836 53692 39681 57931 41787 57491
42586 76953 60102 59445 55040 65955 54734 60821 56593 60233 51225 65955 51225 65955 54089 64502 54089 64502
34040 57532 38795 55317 41630 47594 46397 47068 43477 44044 46615 48590 42129 55024 41167 52608 39792 59072
31667 59538 37190 59388 41553 51560 46359 45177 44353 46927 41779 46295 43872 53240 39129 56461 42342 55742
31462 55453 40307 49740 41059 51835 43786 44983 45540 54516 43637 56887 39917 54774 43173 51835 43173 51835
33135 58808 39849 51414 43587 50287 45635 45979 44572 44032 42390 47955 41063 47043 38844 52575 39330 48362
44703 85313 56216 78320 63029 78222 71684 65142 73969 63706 64894 79912 64894 79912 54503 76270 57616 75676
52294 74554 51499 66288 47847 74554 66288 66084 51499 66288 54785 74554 54785 74554 47847 74554 46104 74554
29351 53569 35302 43974 38209 46842 41426 46385 41462 40373 42438 41952 44138 47955 40194 47984 37421 48146
40273 78228 44540 78350 49981 74101 59235 48485 48612 61430 49289 66291 49289 66291 46202 71749 46202 71749
34736 67142 40829 59801 45674 58089 48287 49573 50014 46139 48954 47761 47038 51007 39259 56475 39259 56475
44302 70872 53223 69568 50416 65606 56339 56240 54431 63355 59646 70161 60825 61050 50486 69709 50486 69709
35121 66029 48919 56365 47792 66029 55538 61554 50226 55538 46201 64825 49334 64825 43730 61554 43730 59933
47132 88616 56372 86608 56514 72210 62293 67181 57361 63077 68335 69527 64598 72210 59374 72210 60621 75127
40297 59325 37908 63655 49089 62891 46315 60657 56304 61073 51897 59814 46710 57982 54731 75294 54731 62891
38263 73402 42376 72913 46988 70220 54944 65481 51238 66756 46409 66119 44192 70220 44192 66603 47273 66603
29235 53798 31939 47833 38830 48293 46845 45728 40329 42922 45818 43678 41115 44586 38590 46665 33947 47231
46392 87578 56305 80287 58770 77887 65529 73546 67350 72542 59752 74631 59249 77887 57809 82896 56305 80063
29913 60840 40780 50879 43172 57808 54038 47305 48920 49191 46227 57664 47987 53365 40571 57808 40956 56461
35324 71137 44814 60017 45749 57923 54206 50449 50449 54206 48788 53980 48788 53980 48886 61678 48886 61678
28766 53099 32810 49517 40447 45978 45695 45408 41328 47820 40156 44419 40834 44290 36580 48859 37268 52886
39806 81594 52010 71950 46854 70097 60942 59194 58191 60880 53734 64620 46854 70097 46854 70097 57098 74272
44456 82855 53561 72322 57498 75659 54686 58401 58147 66039 57158 70562 57089 70562 51319 76332 51319 76332
32644 59214 38464 47532 41064 52760 51370 41593 44824 47039 46367 48791 44651 51187 42646 50787 41893 50787
32255 57815 35456 53743 46363 47427 43779 48846 45200 45249 44535 49731 44535 44190 46363 49731 39266 49866
42469 82838 53737 78298 48244 81280 62220 64957 64822 62421 63353 65114 54277 77972 48244 80635 48244 80635
36565 62632 38723 53589 42545 60193 50518 49806 47458 48495 51249 55268 43684 55268 39315 59156 39315 59156
39259 71253 49692 66411 46935 71138 61674 54424 49928 61674 48388 63728 50060 57827 48902 62975 45869 64421
34820 62315 38356 52814 40807 49658 45968 45780 45115 46234 43948 46548 41344 50677 37692 54904 37213 52322
31860 58028 34589 54602 41230 47484 45361 43581 43257 42703 44295 44213 44744 44577 37454 51124 37070 53521
35292 54854 41237 48060 44893 50722 48974 49667 48461 49241 45073 55159 41230 50722 43106 50458 41741 48941
31043 58365 42783 52446 40092 51866 43377 49110 44813 48581 44813 47679 43342 45446 38931 46987 40183 51310
39929 73374 49445 56042 49766 74761 55318 61721 50503 57686 43735 58601 43735 60683 52093 58352 47135 58576
31795 55106 37636 48946 40345 47476 40974 45235 45583 43040 45602 45757 46567 47093 38040 50963 38275 45884
33099 61525 42450 54836 45712 50151 39868 50430 44775 43464 46114 49345 42832 52377 39778 52408 38053 54106
39602 74457 44924 71421 43405 64079 59781 58693 54581 55518 54461 64680 54461 60213 42638 63741 42638 71421
41231 72717 42886 64767 45044 67965 61399 57041 55326 61399 54116 67965 54116 67965 47032 65977 47032 65977
35684 66232 53728 59030 50754 58522 53220 53782 50306 53220 50247 58923 50247 58923 48361 58896 48361 66232
39796 74821 43019 71598 54722 73885 56632 61830 67194 56632 45935 69104 46506 68065 46506 73885 48372 71598
28522 53139 34830 45406 39376 45078 42391 41023 37789 40134 38323 43218 42879 43802 37129 44547 37660 45381
33754 64384 40984 59714 41724 56953 53069 52911 49672 52809 46852 57122 44631 59315 45352 56953 41653 56953
37520 64934 38240 55801 43554 48614 48165 53170 46694 50562 42598 53525 43554 57383 36390 51677 37125 57644
34927 65802 46285 61597 46033 61745 58543 52303 48322 50558 48617 60248 46002 76314 48617 60184 48617 60184
33928 63787 44188 61849 50021 60610 49302 52266 46676 49302 46294 55910 46294 55114 51812 60610 51812 60610
33497 62977 42191 61860 48904 59180 49558 50674 52393 49558 50799 61103 50799 53150 52775 54247 43455 58063
30222 56273 37099 48298 36565 49030 42322 40957 42209 42506 42569 44700 42691 44111 37579 50098 35825 50368
28586 55082 36579 50933 45986 50198 41255 47850 50331 42892 46903 48676 41204 48904 45479 56211 37704 50225
30475 57755 38986 49453 39347 54900 49182 50751 52034 50699 47832 47941 45239 60929 37703 54900 43817 54900
41798 78584 50384 71700 48921 74773 50384 59523 59523 50384 48934 59055 48934 59055 48934 71448 48934 71448
44901 84162 54372 74750 49317 76106 68257 65526 60488 65101 62752 68076 57499 70218 50957 76106 50957 76106
33934 61110 45929 53937 41785 57972 44985 49138 47353 47108 43756 46579 47720 53683 42959 57658 41837 57445
33567 60044 44997 52927 43452 55290 47424 46403 49929 46804 51769 45389 42846 55290 42084 55290 40501 55290
31680 68797 45749 56460 42240 50459 38569 48001 55127 47347 44065 48248 47768 48174 41436 52800 42927 52800
34626 69345 42744 64110 47549 59982 57662 52460 51783 57536 47884 58549 51870 61948 43179 60958 45404 60801
31650 59366 43558 49834 54188 46272 46495 42175 43685 44711 44215 47485 47938 45159 44246 49684 44246 49684
39438 71090 45861 64284 46328 58972 56414 51538 59648 54361 50755 54806 44740 61123 47761 58839 47761 66528
40783 76678 47911 73171 54088 72747 56496 65233 60301 66474 53589 70745 53028 65846 50260 70293 50260 69318
36652 70249 45818 62116 44779 63051 51802 55483 46831 54691 46089 59463 44779 63051 46429 63051 44745 61004
30474 56501 43419 50373 43159 46987 46387 48257 44221 46387 43249 48406 43249 48406 43043 46937 43043 48910
38135 65511 45595 54413 40868 52313 42415 63026 53896 49410 48160 54444 44289 61704 45612 58330 45612 58330
31490 55230 37609 50437 39679 49513 41345 45165 44222 44946 42076 47616 38766 46974 36022 49288 35417 48920
44986 84579 52121 77528 53456 74706 59646 71516 68759 63437 56098 70004 53865 72237 51291 77528 49888 82456
32056 60270 38978 53348 45019 50200 45829 45225 42990 55123 40893 45408 41870 47835 42638 57032 39649 47470
33162 62347 46157 52618 43653 55884 49762 52009 51124 49762 43506 62347 43506 62347 44293 60578 44293 60578
30492 65062 41461 49568 43097 46180 48193 50254 46019 45967 42087 46741 44341 49239 40565 46901 39154 47330
29281 52139 33993 46737 39149 47572 39165 44126 43686 41624 39476 43538 45070 48982 40251 40657 35791 44918
34495 60503 47159 54586 47683 49422 44926 48553 48044 56033 44763 48948 47540 50007 38115 54982 43533 54982
34281 64453 41662 58841 46823 60006 48966 55255 49271 49221 48896 54701 50301 59158 53502 51555 49082 58823
39666 77251 52019 56823 49244 64206 63377 59173 57840 58275 56327 66434 56327 66434 58016 66428 58016 66428
29448 55067 36060 43600 37557 46867 39983 41873 43426 40743 40236 42758 38784 42353 37484 45665 37484 45665
37488 70481 47684 65836 45553 63271 53619 53950 46470 54719 50135 57494 45553 63271 46705 63271 44698 61516
30791 61075 38858 53851 40967 57075 43853 46390 42067 42316 44524 42863 46767 44346 42890 48584 38896 48043
36486 62089 45703 51234 39914 54957 50313 48648 45082 46221 47813 50066 44521 47090 40158 56268 40269 56268
33145 55733 40258 48897 39663 49512 44192 49984 40168 42409 41324 38580 43091 36675 41157 54987 38251 50719
34429 64731 41713 59815 43047 56446 51396 52488 52496 57561 46400 59993 43024 52847 42080 60514 42080 60514

