34282 49028 37418 46615 38281 46596 42346 40000 43238 42825 41272 42765 39751 42959 37662 45722 38244 45515
36124 40952 36643 45240 37719 42917 36464 47355 38921 36872 40208 40859 37838 40808 37719 42917 37719 45583
34019 49108 36527 46416 37656 47575 43729 44982 43068 43775 41313 49150 39837 52728 35760 48442 37089 46687
35812 51215 41889 46875 37019 47711 43427 45094 45094 44950 41329 47508 37019 50008 37605 48151 40691 50008
35623 50947 40205 49231 40070 49785 44519 43440 43132 44519 42273 44760 40070 51038 40533 47214 40533 47214
35171 54667 37633 46869 44361 48655 42681 45535 44067 43061 44145 46627 45549 48655 40499 48300 40499 48300
36319 46637 38826 45361 35890 40966 39512 45333 40377 42424 37949 42691 37793 42606 38499 42849 38499 42849
31965 45717 37396 41609 35852 41830 39368 40002 39175 39368 39175 40471 39175 40471 36081 43814 36081 43814
48554 60024 46614 56599 46670 64439 48935 52885 52886 48935 48463 60471 48463 60471 48463 58056 47224 55990
32478 47196 32959 40016 37598 39238 35688 39236 38602 37715 36669 39239 34993 41345 37357 38881 36787 39570
39432 56389 46276 53915 43802 56389 49379 44980 46276 49379 48338 54504 48338 54504 48338 56389 43802 56389
31563 45139 37260 45826 35977 48001 38570 39468 37483 37201 38396 37884 43120 37884 43168 46548 40014 46548
34525 45970 39699 43951 37110 41567 36288 41935 39314 40518 37445 41567 33485 43108 37328 47982 37322 41567
34238 48962 41843 46429 39872 48973 41843 45573 43658 43313 40014 48973 40808 48973 41353 48105 41353 48105
37571 51345 40558 50676 42977 57249 44255 47328 51217 46649 44901 47867 45798 57249 43585 49988 43585 50377
37533 61751 41618 52752 50113 50654 47735 50511 45821 47735 48452 52427 48452 52427 49090 48478 43338 52104
29190 43029 34819 41774 34459 41530 37774 40930 36823 35729 37549 39017 34531 38268 35151 38093 32504 38383
40905 55028 38235 42208 43871 49721 40994 45693 38677 48216 39753 45126 37039 42322 37908 53331 37908 53331
42444 60701 41775 57402 44551 55111 49655 54859 50762 52014 51164 52896 47028 53172 41786 56780 41786 56780
44174 63172 47292 60054 44426 61172 57761 55820 55820 54173 52409 56466 52409 56466 48865 60054 48865 60054
28434 41578 33446 39148 34390 36398 38079 34827 33267 34897 39943 36713 36553 33911 34882 36006 34089 37415
30230 42246 34534 47003 36363 40057 40027 39864 43283 42697 37893 43060 40320 43060 33620 44583 35574 40827
31480 43851 35704 38113 34146 36402 34861 42021 38508 39548 35982 38266 35277 36055 35305 37975 35305 40113
46535 66551 51372 57848 54015 51426 52690 57850 56795 56122 54435 47259 55015 47259 49686 50788 49686 50788
33336 47677 36392 42786 39749 43300 42442 40480 43220 39882 41523 41369 39749 42413 39986 42137 39986 42137
33891 48469 36687 45673 39334 43026 40231 41663 41412 40303 42199 45210 39728 41864 38405 45640 36935 45425
42586 60902 50319 53169 48673 54815 50866 52625 48618 49828 46808 54815 46808 54815 47491 57666 47491 57666
34040 47767 34699 39655 36629 39820 39653 41153 39727 37865 38869 39803 37198 38927 40097 40823 34993 39108
31667 45289 34367 44497 37547 40457 36992 38757 38757 39206 36609 38414 36499 40457 35315 44976 35315 43801
31462 48156 35317 45634 35180 40313 39546 36963 38396 39380 34621 45888 34621 41959 35174 45533 35174 45533
33135 42347 34946 42925 37975 44978 37033 37484 41115 38388 37624 39294 38039 39378 36887 38662 36887 40233
44703 63928 46503 61475 54526 59739 67651 56650 62517 62903 69304 61073 69304 61073 57623 57993 54526 61534
52294 56710 54796 52670 48639 56710 52670 52571 53349 58934 45946 56710 48639 56710 48639 56710 49572 56710
29351 39813 34055 37814 32270 37235 34233 37799 33823 37297 35882 37414 33541 34303 36022 37400 35661 41463
40273 59504 46843 64672 44457 56365 49100 45814 41831 51295 42438 52548 45428 52548 45962 55216 45962 55216
34736 49924 40535 47861 36959 47987 41599 47497 41739 40801 43269 42325 40153 43101 39625 44781 39625 44781
44302 63355 48662 60758 47290 60367 51552 54588 50143 58065 52481 56939 50718 56939 46372 56077 49213 56077
35121 50226 41847 45174 40985 50226 45099 47710 42012 45099 39476 49309 42067 49309 40465 47710 40465 49146
47132 60019 48646 55505 47003 57257 51687 54289 49490 52283 53264 55435 49402 57257 46645 58494 47254 60812
40297 45812 43393 49313 47276 57042 38768 50837 39565 56154 44044 58376 37584 47642 34837 48220 49831 44953
38263 54721 39187 53450 39856 54535 47193 52219 44460 48618 40833 52767 44234 54535 44234 52767 40762 52222
29235 40998 30387 38573 33418 36735 34705 39349 36269 35478 38110 37400 33059 35273 34487 36669 32651 41302
46392 66616 53137 62008 48585 61152 55113 59031 56634 58540 52921 59561 48585 61152 53872 63599 53137 62943
29913 47701 38390 42666 36313 38948 38410 39938 40727 36729 39411 45821 39411 39144 36313 38948 36313 39107
35324 54111 39322 51135 43081 45563 43264 40854 40854 43264 40042 45726 40042 45726 41575 51947 41575 51947
28766 40393 31931 40496 33217 38431 38151 33260 34090 37659 36472 38363 34516 38917 33056 40572 35669 41354
39806 62066 45465 57352 42787 54609 48378 51059 48790 50106 51586 51934 42787 54609 42787 56084 42668 56540
44456 63577 42691 61452 50830 58178 52557 52934 49967 54610 50664 57569 50630 57569 47811 60222 47811 60222
32644 45123 40238 41231 39257 38275 38109 34651 36056 35518 37713 38590 37394 37468 35760 43248 34535 39412
32255 46127 32739 41986 38379 37284 34973 37669 37501 36127 37408 38681 37408 37317 38379 37828 34634 40091
33934 46751 36862 39584 37260 43295 38656 43810 39760 40835 37308 42624 44628 43748 35583 44535 39007 47310
33567 48007 37419 44262 40501 43338 39402 39091 38699 42399 42408 42351 38362 43338 38362 41723 41421 41723
31680 51222 36645 40356 41243 45885 39223 44431 47391 40856 40450 48678 42844 47150 34401 44363 34364 45697
34626 52378 41452 47551 42325 50850 49298 45088 42488 50186 44195 45212 41968 46877 41272 49628 41192 49628
31650 45263 37778 41721 43851 39217 40464 37439 39531 40746 40245 38674 43851 39217 39270 42053 39270 42053
39438 52962 42451 47651 44574 48209 47284 43592 45805 42864 45115 47490 39571 47845 46200 47200 45274 45124
40783 58326 43271 56611 46802 55256 48894 53248 50321 53338 47438 53649 47746 56784 44544 55873 44544 55033
36652 52418 40586 48852 38966 49094 43585 46250 41628 46338 41204 46942 38966 49094 40611 49948 40607 48463
30474 51110 36540 43438 36118 36938 36645 37559 35587 40166 43366 40456 43366 40456 33287 41480 33287 42088
38135 49736 39404 45288 36659 43679 37572 42680 43790 38475 38926 42790 37842 43670 36851 42373 39050 51901
31490 41276 32643 39556 34840 39244 36560 40483 36052 39298 34563 37806 34997 38745 37063 40276 32714 40496
44986 64334 49158 61253 49696 60195 52430 56123 55519 54002 51476 56106 51284 57197 49481 60922 48067 61430
32056 45845 35440 42716 35358 47199 39772 39925 36875 38532 35181 38814 37143 47286 35358 47199 36332 39290
33162 47426 39514 42670 38023 44267 41275 41774 44163 41275 40168 47426 40168 47426 36686 46561 36686 46561
30492 42398 32758 40313 37753 45433 38202 37214 47952 36514 36272 40430 49902 36761 38072 42021 36754 43790
29281 39364 34347 35598 33283 38115 32732 34881 35523 34506 36964 34896 36291 36536 35474 36513 33139 38115
34495 46023 48892 41198 34889 39577 36705 39019 38904 43838 34328 39148 34879 38928 36334 39577 38447 39577
34281 49027 37991 45921 42476 45053 41999 41794 41580 43054 42868 41061 55196 49330 46914 48994 43580 57426
39666 58760 45703 49722 44346 55128 51980 43731 54024 49487 48119 49738 48119 49738 48634 50472 48634 50472
29448 41887 31430 35479 33643 35725 33836 34265 36492 35583 32333 36189 34096 38260 31994 36464 31994 36464
37488 53613 41904 51342 40925 50089 45371 44859 41878 45909 43669 46591 40925 50089 41425 50089 41012 47741
30791 46910 35218 41776 36314 37177 36158 39043 38852 35539 41170 36286 36620 39569 37445 43050 35175 40140
36486 52179 40991 42888 36754 51728 46116 44731 41282 43830 38947 45424 37119 44905 38140 45805 38140 45805
33145 42393 34351 39925 39320 38000 36753 41374 34162 36116 35360 34435 35845 35266 36820 38964 40100 37506
34429 54368 37870 48578 40407 44808 46235 44874 42603 49321 40884 43479 41957 46185 38688 45864 38688 47256
42469 63012 49334 60793 46571 61935 56173 57510 54789 56272 56727 54467 49636 61217 46571 61935 46571 61935
36565 45637 38646 41859 36634 47179 45854 45664 45182 40821 38761 49270 37711 50476 35531 47544 35531 47544
39259 54337 46543 50030 49384 53298 59383 49172 50137 59383 49384 57420 53061 47637 49384 57669 46417 60636
34820 44222 37599 42967 34364 40520 38511 39697 39134 38366 37168 40907 36751 39034 34630 40667 35579 43094
31860 43212 32431 41212 36755 41195 37059 36624 35587 36663 37009 37370 36378 37554 34231 40188 34234 42587
35292 49100 35915 38856 38929 42049 37026 37745 42408 40305 43336 38198 36157 39918 40201 40385 35332 40385
31043 44394 33562 40878 36271 40352 34037 41835 35395 39154 32991 39065 36937 40554 36170 42662 35943 39681
39929 55812 40174 59894 43420 47371 42463 50580 45643 41889 44514 47688 44514 59910 39045 61023 39045 61023
31795 46118 36780 42572 36026 38778 37083 39616 37783 39900 37132 39541 38213 39390 37111 39860 38158 41317
33099 45298 34756 47502 37645 41650 40007 39671 41268 38570 37911 40177 37514 40215 36964 42427 34267 41696
39602 56636 41087 55151 42360 54127 48924 47333 45338 47074 46865 51353 46865 51353 41087 55151 41087 55151
41231 55312 40986 51427 44989 52990 49781 47674 50014 49781 49422 52990 49422 52990 43011 52019 43011 52019
35684 50379 43039 46299 41556 46611 44020 44295 41870 44020 42568 46807 42568 46807 41134 47027 41134 50379
39796 56911 41372 55335 50896 56453 48023 50562 56990 48023 42590 54117 50896 53609 44646 56453 45764 55335
28522 46403 31175 37297 31573 37072 35307 34949 32856 34874 33311 35299 32877 36331 33526 38304 35958 41067
33754 51426 40260 45853 38657 47975 43242 48222 43406 44730 40734 44237 39832 45295 41554 48101 40353 47540
37520 53660 35933 47860 37687 43974 44866 46227 39656 47860 42766 45388 38708 42889 36939 48405 35597 48405
34927 49948 41957 50969 40062 52577 44142 46785 44232 43597 42982 52163 38798 48624 41874 46808 41874 46808
33928 48519 40420 49049 35481 46966 41474 45768 43037 41474 42850 45324 42850 47063 44145 46966 44145 46966
33497 53348 40794 49454 44184 45961 51584 42516 40709 45199 43283 45230 43283 43629 46076 45415 40129 45478
30222 43577 32522 42295 33526 36613 37118 35147 34703 35039 34221 36682 36492 36784 31955 39239 31785 39239
28586 43162 33917 40687 36046 41280 36105 38669 44073 40391 39610 40737 37191 42937 35689 40726 36799 42164
30475 43144 35993 43494 39322 42536 38853 35565 41812 37390 39758 38854 35012 43300 37732 42536 37732 42536
41798 59775 45995 55578 46890 58903 47599 52064 52064 47599 46890 52773 46890 52773 45286 56287 45286 56287
44901 64020 49531 59418 46990 61794 56246 54911 52450 54704 53380 56158 48622 58917 47792 60992 47792 60992

