34626 58907 42163 41969 38876 47376 39519 38810 41001 42230 37394 42036 37394 45767 41001 41001 41001 41001
31650 46525 35900 37099 34672 38046 33796 33775 37099 35921 35900 37128 38025 38046 35965 35900 35965 35900
39438 59911 41918 41140 41637 42061 44116 41566 45532 41566 41282 42274 41282 42557 44682 40432 44682 42557
38135 52032 37864 42061 34899 39030 38056 40195 41546 38702 40964 42247 35931 42241 36968 40195 36968 39282
31490 57235 36522 36267 36334 44324 35525 39990 38043 38204 34565 36945 36267 38731 37066 43609 37066 43609
44986 68361 47967 51361 47111 57736 49236 54342 48749 51361 46624 53486 46624 55611 47111 54342 47111 55611
33934 58049 36505 39065 41531 43012 40622 43183 43735 43681 35250 43681 35438 38506 36745 42434 36745 40631
33567 66274 36971 39854 36982 50479 39144 40094 39144 41473 35604 41979 37019 48354 38470 44192 33479 46229
31680 57128 40277 38366 33955 49966 41001 39206 35219 39806 35620 39364 40375 47066 35988 40180 37687 40180
40783 66283 45763 49283 44676 57783 47158 49446 49283 52418 47158 49446 45033 51571 46951 53533 46951 53533
36652 64682 43087 42550 40071 54422 44084 45152 41543 46089 41447 47277 39193 50756 40310 47277 40310 47277
30474 45437 33369 34724 33026 37364 36426 36342 36426 36679 36426 36342 36426 38467 31418 36849 31418 38128

