34282 47092 36463 40832 36778 41193 36415 40459 36992 37629 36939 37041 36939 39061 36939 41469 36939 42479
36124 42892 34812 37341 36331 35798 32092 40164 37301 39496 35281 33157 35886 42661 31082 40164 35377 42661
34019 45715 36625 35615 38208 44053 38377 37420 38801 36410 38801 41238 37198 40079 39218 38645 35615 42993
35812 44368 36288 39161 36822 41872 38842 37832 38842 38842 37832 39852 36822 39853 36822 39852 36822 40862
35623 47743 37643 41556 36633 42693 38653 38653 38653 41556 37643 40163 37643 41683 36633 38653 36633 39663
35171 50521 40726 41293 37967 43290 37230 40997 37191 41293 36181 40510 38783 39057 38588 40221 39211 40221
36319 42809 37329 40531 33646 40359 34175 38339 36749 34656 36749 36676 38539 35666 38539 39349 38539 39349
31965 43075 33985 33985 32975 40121 34931 34931 34931 34931 33921 36005 33921 36005 33985 36888 33985 36951
48554 58654 51584 50574 51584 45873 44863 44863 51584 44863 50574 44863 50574 44863 51584 52594 51584 51584
32478 44598 35508 34011 34498 38714 34812 34357 38714 34948 37704 37685 34498 37930 34498 34671 34498 35681
39432 43472 39432 41452 39432 42462 40442 40442 40442 41452 39432 42462 39432 42462 39432 40442 39432 41452
31563 40057 32288 32987 37231 34410 34410 33583 33997 34410 31688 34181 31688 34181 32161 33583 32161 33583
34525 41725 37548 36545 32096 39536 34086 32782 33106 34125 33954 35205 34794 39536 33626 34754 33626 35525
34238 41308 36258 36258 37359 40194 36258 37268 37164 37164 36970 39184 37359 40000 40320 38278 40320 40194
37571 46975 38965 39591 39693 40290 38965 40393 38965 40290 38965 42413 44739 42102 39280 41403 39280 40601
37533 43593 46211 42730 44191 43740 45201 39553 44191 39553 43671 46211 43671 46211 42661 41269 42661 42730
29190 45433 33338 33188 33957 38388 33025 32472 32178 34643 31847 34492 32329 35502 33313 32472 33313 32275
40905 46554 41256 35187 32913 41256 36098 44945 37970 36706 37970 38170 36402 41002 41256 44945 41256 44945
42444 52707 43396 47494 44508 47172 44142 46484 44142 43367 47451 47318 43571 47025 41347 45152 42533 45152
44174 55537 49477 46194 44174 48467 46194 46194 46194 46194 45184 51497 48467 46194 44174 47204 44174 47204
28434 43011 32057 31557 32777 35718 31631 32384 32518 32640 35487 33049 32897 32882 32370 31634 32038 34313
30230 46865 35768 33260 33002 35649 35273 32513 31992 34508 30982 35649 30982 36772 32569 33523 32569 39232
31480 41830 33325 32857 33603 33868 35345 35256 32770 32770 33399 34877 35550 34730 36252 34246 36252 35256
46535 55625 49565 39953 47545 39953 49565 49565 49565 49565 48555 50575 48555 50575 48555 49565 49565 39953
33336 44999 38155 37376 36503 40225 34669 38617 35817 37009 34807 39121 35356 39627 36503 39627 36503 39627
33891 45001 35911 34901 33891 39442 36921 36412 35911 36921 34901 38432 33891 39442 34901 38941 34901 37931
42586 49656 44606 43596 42586 45616 44606 44606 43596 45616 42586 45616 42586 45616 42586 45616 42586 45616
34040 46000 33830 35840 35990 36750 34520 34960 34830 35670 34510 39990 32350 37830 34080 32840 33940 37490
31667 43787 33687 35707 32677 39747 35595 33880 35595 34697 35595 35707 35595 37727 32677 35707 32677 35707
31462 41562 33482 37135 31802 36946 34972 34203 34972 34926 33052 34926 33052 34926 33482 34203 33482 34492
33135 42852 35108 32498 33345 37742 34483 34032 34865 36026 33797 34554 33113 33219 35943 34032 35943 35726
44703 50763 44703 46723 61333 60862 52513 46723 62343 52513 62343 60862 62343 46723 62343 46723 44703 47733
52294 49972 44922 55324 43912 54314 54314 42685 44922 55324 39655 55324 39655 42685 39671 54314 39671 54314
29351 43935 32690 31037 32167 36078 33495 35861 33835 33342 34216 35724 32324 36274 33442 36999 33426 37871
40273 48353 44258 43303 42293 44640 45634 42293 41283 43876 41283 43303 41283 44640 42293 43303 42293 43303
34736 43784 35325 35624 37597 38376 36299 38319 37974 39488 36964 42768 36964 36235 34485 38019 34485 39959
44302 52382 44302 46322 45312 48342 48342 47332 46322 47332 45312 48342 45312 49352 44302 47332 44302 48342
35121 40171 36131 36131 35746 38151 37141 37510 36756 37141 35746 38151 36131 38151 35121 37141 35121 37141
47132 59252 50162 49152 44832 48424 46009 51172 46009 50162 44999 51172 54480 51172 44832 52182 44832 51172
40297 54166 42317 35594 37548 41667 42295 43814 44440 42089 38558 44337 38558 43305 42987 44337 37548 45347
38263 46343 38263 40372 39130 43170 43579 41293 41293 42569 40283 43579 42321 42569 39130 41293 39130 41150
29235 42260 33512 32265 30465 34265 32486 35943 31612 33476 31769 34025 30345 32245 30567 34933 31800 33272
46392 54662 51576 49612 46168 49612 49612 49422 49422 47178 47178 49612 48412 49612 50566 49612 50566 50622
29913 37703 30923 34901 34365 35452 35375 31643 34901 36523 33891 32943 30693 36523 30923 31933 30923 32943
35324 43897 38354 39857 38354 38847 36608 36781 36334 39857 36334 40867 36334 40867 38354 39857 38354 39857
28766 41095 32614 33834 31690 34006 33381 31796 33173 31795 31481 34025 30489 32769 31272 32806 31272 34163
39806 51926 41826 43247 41826 45865 44856 45866 42835 45866 41825 45866 42836 46876 41826 45866 41826 45866
44456 55566 47486 48496 46476 45466 47486 47486 46476 49506 45466 48496 45466 49506 47486 47486 47486 47486
32644 41950 35319 33624 30588 38157 35426 32284 32939 35043 31929 34033 30809 35043 34420 33160 34416 34470
32255 37820 32770 33265 32770 33780 35460 34275 31760 31760 30750 35285 30750 34790 30750 34275 33265 34275
42469 51559 43479 46309 45124 50022 46134 45651 46134 48002 45982 49012 45982 49012 44869 47519 44869 47519
36565 43020 35837 39314 35107 40605 39764 38585 34715 35950 36847 35838 35277 39764 38362 39595 38362 39595
39259 51613 42289 40269 43533 47573 44543 42289 44543 46563 44543 47573 44543 47573 43533 43299 43533 43299
34820 44324 33433 37974 34246 36041 36322 34640 36265 33653 37275 37506 35019 34959 37726 37725 37726 34640
31860 40775 34790 32384 34753 36424 34191 32882 35286 33629 31870 35075 31870 35075 34753 36810 34753 36810
35292 45643 36248 33215 34933 36245 34731 37815 35490 34226 34278 35895 35490 37665 32305 35034 32305 34024
31043 43945 33456 33876 33378 38429 35292 34466 33499 35112 34299 39059 34101 38113 32835 34466 35819 36093
39929 48446 41949 40939 41376 43969 42959 41949 42959 41949 40939 42959 40939 42959 41376 41949 41376 41949
31795 44654 35760 33317 33694 37402 33551 33416 36218 34861 34606 34133 34606 34787 31735 34063 31735 34825
33099 48059 34730 36197 34436 37924 34435 38149 38632 35703 34028 37540 33426 37539 32850 39529 33393 38149
39602 48692 41622 42632 38456 45892 42862 40637 40612 41577 37515 43872 37515 39887 41622 41647 41622 40897
41231 50321 43251 42241 39169 43209 40179 43251 40179 40179 42241 44261 42241 44261 40179 47430 40179 47430
35684 41744 36694 36238 36694 38258 42991 42991 42991 37248 36238 38258 36238 38258 36694 38258 36694 38258
39796 46866 41816 40806 40806 43836 41816 42826 40806 42826 39796 42826 39796 42826 40806 42826 40806 41816
28522 39901 32746 33832 31552 34553 36113 33119 35103 34209 34093 34245 29532 35967 31736 33015 31736 34025
33754 46835 36166 37794 36821 42752 36999 37951 36361 39010 38143 40627 38046 42146 35852 37951 35852 38961
37520 47620 38034 34838 38530 38816 35652 38305 37747 35652 37747 37838 37747 39826 36557 39826 36753 39826
34927 45381 37085 41905 38522 42344 39314 37957 39314 37952 38304 40542 38304 40542 41468 37957 37085 37957
33928 40276 35949 37827 35226 37968 38837 36236 38837 35948 34938 36958 34938 37968 35226 36958 35226 38837
33497 39557 38483 36960 39747 39990 37970 35602 34507 38980 36194 38980 36194 38980 34507 37970 34507 37970
30222 41493 30270 33543 30300 34553 31130 34636 32598 33828 31588 31849 31422 34147 31114 35646 31114 33845
28586 46434 33990 33121 32412 36106 33209 38767 32766 35119 32508 35000 38385 38628 35783 36342 34439 36342
30475 42471 35340 33198 32739 35218 35555 33229 35555 35340 33750 35340 33015 34483 33934 33229 33351 33229
41798 48868 42808 43818 42808 44828 43818 43818 43818 43818 42808 44828 42808 44828 42808 44828 42808 43818
44901 56884 48804 48804 45774 50824 45931 45931 46784 47951 46784 47951 45774 50824 46784 49951 46784 49951
33934 43336 34275 35720 37359 40306 34351 38723 37978 38536 33278 36154 35506 37353 36329 37974 36329 38300
33567 48785 32690 37757 34752 43380 36095 35394 35799 37094 33374 39052 34789 39434 34680 38617 34680 38424
31680 43748 36932 36932 38615 46788 39154 35613 36623 37116 33700 34479 34194 45003 37632 35720 37632 35720
34626 44791 37549 37808 39032 40686 35808 40043 36625 37591 35593 38452 35593 39978 38624 39850 38624 39850
31650 38720 33670 32660 32735 32660 32660 32660 35284 33670 33264 33670 34680 33670 33264 33670 33264 33670
39438 49152 41458 45745 40062 45745 39018 40364 41072 39283 39052 38929 39052 41354 41444 42468 41444 42468
40783 57778 42803 44823 42803 48863 43813 48688 44823 46843 47440 44823 42803 45833 44052 46843 44052 46843
36652 50792 38672 39265 37841 43664 39208 40692 41462 39798 38258 41702 37662 42951 37248 41702 39088 41702
30474 41774 31469 32494 30807 35536 34958 32997 34958 34447 30552 32997 30552 34007 30475 33504 30475 36467
38135 42427 40155 41165 32691 41206 34711 39316 40431 36476 38734 37163 35293 36666 33701 39316 33701 40326
31490 42292 32992 33510 32570 38161 33697 35530 32922 38044 32946 34449 34943 35459 31700 34520 31700 34520
44986 56096 45996 48016 45996 51046 47006 48767 46146 48016 45136 49026 45136 50036 45996 49026 45996 50036
32056 43166 33073 35592 34076 34384 35086 39018 35086 34076 34177 36096 33572 38116 31150 40028 34076 34431
33162 46736 39506 40516 36032 38212 36192 36192 34172 37202 33162 37202 33162 38212 41526 36192 40516 36192
30492 42845 35261 33083 34428 34587 34586 36447 32974 33522 32974 35597 33986 35597 34907 33522 34907 34587
29281 39411 35260 32516 32516 35237 32311 32855 34536 32366 33526 33114 33526 37952 32516 32855 30188 32855
34495 41763 46224 37525 35282 36040 33683 38535 35286 36220 37227 38237 34200 36778 35176 38535 33345 38535
34281 49431 38540 47872 35591 40641 36409 39276 36409 37311 35399 37311 37146 40476 38648 39276 39876 35591
39666 47746 40676 39666 41686 41881 39861 40676 39861 37421 38851 41881 38851 41881 41686 40871 41686 41881
29448 41346 30592 33605 31300 30861 31182 32693 30548 31468 30548 32300 30548 30699 30021 32693 30021 35206
37488 46578 39508 39508 38498 42538 40518 39508 39508 41528 38498 41528 38498 40518 38498 40518 38498 40518
30791 43853 34567 34752 33557 35975 37207 33642 34582 34444 35322 36715 33627 36715 31246 33500 34576 32811
36486 45576 36817 34239 37496 37751 37020 36817 37020 38588 34721 37751 34721 38389 37496 39516 37496 38389
33145 38845 37813 28385 33459 31662 32785 32538 35367 32156 31505 37813 31505 33525 32785 33548 32785 36175
34429 44529 38513 35411 38770 37466 39523 38469 38667 39046 37657 38740 37196 38740 35439 39479 35439 37730

