34626 50549 37918 44316 38577 44407 40770 40984 38317 42051 37905 41168 37905 43419 38905 48282 38905 48282 37358 48282
31650 43681 33173 34119 34672 33688 33688 31909 35233 35296 36043 38535 37307 35575 33030 37531 32914 37531 33030 37531
39438 51111 37787 41411 38191 44031 41206 41300 42450 41608 39974 42189 41939 43626 38353 43597 38353 52388 38353 43597
38135 47996 38332 42225 33112 37821 36641 39044 37370 37401 38596 38057 33839 40014 33186 40723 33186 40788 33186 40723
31490 41255 31158 34296 31587 36274 32955 35154 33626 32492 33044 38999 32165 40410 31131 34987 32614 35621 31131 35258
44986 62087 45270 52727 45951 54833 47188 52592 47812 49343 45827 52018 45827 54174 45270 55704 45270 55704 44986 55704
40783 56286 42200 49249 43420 51592 45391 47743 45574 46136 46115 50870 44669 47879 44826 52963 41914 52217 45504 52963
36652 50587 36743 42275 37943 47455 39240 39066 39211 39947 37896 40532 36392 42015 35995 45242 35912 44552 35995 44552
30474 49326 30387 35333 31837 36046 35084 33088 34149 31865 35633 33156 35633 33486 31088 35788 31088 34932 31088 35788
33934 45117 35291 39339 43182 43264 36994 38123 40224 34256 35605 34990 34750 36277 41407 42337 37131 42492 41194 42337
33567 43275 33884 36855 35495 42463 34665 34593 36148 35860 32691 36587 34672 38287 33571 37818 33571 39416 34237 38934
31680 42085 31167 41095 33903 42320 32733 35652 37620 36618 33900 41451 34257 40130 40104 40516 34263 43039 34263 41625

