34626 82593 50009 65986 55097 67397 56321 53355 60834 62826 55102 62689 55360 70420 49170 64438 47888 69138
31650 64474 58190 44921 44785 60548 53699 46221 46355 45674 46146 50374 42426 58962 44072 49772 44769 49772
39438 86678 58408 60532 60063 60532 64692 59469 60886 63178 60080 61081 55717 70214 60320 70145 64692 64355
38135 77788 53310 49579 50481 53449 52213 55773 50288 51578 47513 61881 45781 60913 52223 60463 46878 55246
31490 92073 55272 61335 61898 60395 56071 56306 62416 59502 57904 61099 62087 63591 54238 63543 53345 58092
44986 96686 59086 68486 54386 81840 63786 76617 65874 63786 59086 75722 59086 80422 56474 78036 63936 73186
33934 83799 54913 48440 51833 65963 51459 54167 50274 51303 47132 65528 55754 65528 51833 60330 53576 68515
33567 106530 62949 64254 49094 83199 54854 66936 65632 63142 60932 62369 53090 78861 50748 76336 59544 78875
31680 90353 60191 57864 51720 65404 51872 57919 52701 57350 56990 59257 49705 64839 51465 62822 50999 60191
40783 97183 53702 73683 54883 83083 64283 68983 68983 67912 59166 83265 59938 84093 54883 78383 58810 78383
36652 111303 69508 61886 55512 84422 56829 68068 54975 68068 55868 81709 49209 82168 55452 82584 55452 77884
30474 74474 50411 47207 44097 60235 50835 55535 50835 46135 46135 52194 46135 52194 45711 53467 45711 53467

