34626 70267 40405 60355 39814 59525 49429 45734 50566 54060 45664 57316 45508 59911 42300 65048 38114 65048 38114 65048
31650 60155 35275 44665 42941 45682 44927 42895 39402 41172 38786 42083 42941 45114 38786 43443 39923 43443 39923 43443
39438 72035 41152 63394 43159 60159 49018 48967 46119 48380 49710 53071 47799 53769 42458 65033 41280 56673 42458 56673
38135 66380 37419 51655 40266 53711 41284 50071 49682 42252 45800 51297 38205 49629 36996 53711 36178 53711 36996 53711
31490 55966 33189 44123 33860 42947 40350 45912 42124 41432 35848 44404 35519 44271 32093 50015 32093 47235 32093 50015
44986 85703 47081 72935 47282 74223 55588 65466 60733 53981 53022 70776 53022 73072 47756 76176 46562 76176 47298 75458
33934 61923 36961 48226 41359 63458 46015 49114 42310 40324 40313 43402 41635 47715 41359 53130 40740 53287 41359 60345
33567 59736 35760 48253 37616 50811 43806 41723 41329 44820 42247 42807 40059 53235 37258 55893 35095 54482 35095 54482
31680 69713 37592 54570 37025 56907 39432 56877 45034 38654 43527 47552 40854 44652 37125 43205 34587 45843 37634 49152
40783 77699 41702 62520 48603 71240 55765 60424 60855 51868 49232 60857 50259 65106 46916 70582 48999 71095 47885 70582
36652 71185 39059 54218 46922 60922 45725 50951 43188 53084 42080 46578 42268 57595 38666 60760 38666 60760 41060 60760
30474 57253 37702 50266 38902 45704 45403 40818 43176 43854 43701 38344 43701 38344 36882 42340 33740 42524 34109 42524

