34626 39051 36888 37068 39012 37074 36984 37235 37235 37377 37953 38703 39508 38843 38496 39677 36690 38876 39270 39278
31650 34660 32433 33877 32791 32225 34090 34040 34040 33661 34198 32627 32791 32627 33975 33245 31881 36483 32791 36483
39438 43190 37782 38993 39310 38812 41150 38354 38644 42481 40618 39215 38307 41298 38274 38994 37782 38993 38274 38993
38135 40703 34497 34008 37743 33792 38327 39922 38743 33979 38106 39107 38592 34083 37743 33792 34724 33792 37743 33792
31490 34797 30694 31689 32623 32081 33204 32445 32336 33106 30592 32726 33111 31074 30317 34005 30317 34005 30317 34005
44986 49266 45441 48584 46506 47909 46079 47485 47036 46980 46143 47435 45901 47677 45519 48733 45519 48733 45519 48733
40783 44662 42201 44282 42895 43933 42163 43475 42892 43559 42560 43338 42560 43491 41462 43933 42499 44379 41462 43933
36652 40141 37581 38913 37383 40427 37190 37637 37038 38397 37465 40215 37389 40427 37528 38848 36456 39705 37389 38848
30474 33374 31422 32004 33560 33880 32634 31381 32400 32699 30606 32033 30606 32033 31178 32263 31454 32540 31203 32540
33934 35800 39033 36616 34019 38589 33899 35488 34907 37352 34149 35324 34387 35572 33449 35663 35010 32998 35010 35838
33567 36763 33682 35040 34863 35992 34462 35261 34155 35988 34995 33671 34817 35788 33594 38260 32998 37722 34945 36085
31680 38091 35756 35659 35649 36075 34778 36788 35604 42273 35719 42607 35452 35939 35941 36896 35786 36896 35786 36896

