34626 36017 34883 35646 36778 35659 35300 41319 35170 37327 36283 37440 34870 37523 36283 37624 41178 35493 41178 35576
31650 32919 31981 32588 33281 31893 32461 31678 33139 32035 32944 32063 33204 31893 33111 32153 32186 32153 33111 32153
39438 41020 37348 40545 37632 40428 41364 41446 40065 39658 37535 39621 40145 40179 37555 40343 37348 40545 37348 40343
38135 38657 37376 39253 33130 33217 37655 38920 33436 37634 34772 33718 37539 37862 37428 33057 37428 33057 37428 33057
31490 32756 31586 32398 30069 31413 31217 31400 32059 32171 30160 32525 29983 31249 29873 29994 29822 31534 29873 32062
44986 46790 45484 46256 45372 46704 45549 46124 46130 45558 45372 46018 45372 46120 45211 46502 45211 46502 45211 46565
33934 34001 34164 33391 33502 35497 33200 32997 33698 35613 33376 37481 33376 37481 34741 33554 34821 33843 34736 33943
33567 34916 32963 34340 32928 34462 33067 34198 32676 34082 32607 34088 32928 34344 33714 34462 31520 33461 33714 34462
31680 32954 35001 33894 35178 29910 34727 31205 32216 30856 34642 33609 35186 30876 34952 33942 34996 33942 37242 33942
40783 42420 40865 42027 42008 42133 41366 41718 41673 41468 41325 41725 41965 41861 41070 42133 40903 42235 40903 42133
36652 38127 36863 37732 36552 37568 36940 37171 36914 37224 36523 38308 36830 37595 36810 37568 36718 37568 36691 37568
30474 31434 30584 30851 31001 32485 32801 32499 32703 32808 32716 32710 32716 32710 30770 30838 30539 30838 30770 30838

