34282 35522 34402 34642 34522 34882 34442 34402 34522 34522 34522 34562 34522 34642 34402 34522 34282 34762
36124 31982 36364 36604 31236 31262 31617 36604 31022 36604 30782 36844 37654 37822 30902 36604 30782 37822
34019 35339 34259 34616 34616 38038 37678 37798 37678 37678 37558 34619 34856 34739 34259 34499 34259 37918
35812 36772 35812 38271 35932 36145 35665 36052 35665 35785 35545 36292 35932 36025 35932 36292 35932 36025
35623 37063 35863 35983 35743 36463 36769 35983 36769 35983 36649 36103 38729 36343 35743 35983 35743 36103
35171 37553 36233 35651 35605 36131 35531 35845 35605 35531 35485 36427 36113 35891 36113 35771 36233 35771
36319 37399 32062 32062 36439 32395 32395 36559 36559 36559 32989 36679 37344 36679 37344 36679 37344 36679
31965 33285 32205 32205 32085 32685 32445 32325 32445 32445 32445 32445 32445 32445 32205 32445 32205 32445
48554 49754 48914 48794 48914 42313 48794 42193 48914 48794 48794 48914 48794 48914 48914 49034 48914 48914
32478 33918 32838 33121 32718 33078 32958 33241 32838 31770 33241 33078 32718 33198 32718 32718 32718 32838
39432 39912 39432 39672 39432 39792 39552 39552 39552 39672 39432 39792 39432 39792 39432 39552 39432 39672
31563 32523 31923 31923 31683 32043 31923 31803 31923 31923 31803 31923 31803 31923 31803 31803 31803 31803
34525 33504 34525 34765 32424 34685 34765 32784 34645 34816 34525 33235 32424 34565 34525 34885 34525 34445
34238 35078 34478 34478 34478 39186 34478 34598 34478 38946 34478 39066 34478 39066 34358 34718 34358 39186
37571 38771 37691 37811 37571 38171 41638 37811 41758 37931 41638 38051 41758 38051 37691 37931 37691 37931
37533 38253 37773 37773 37533 41070 37653 37773 37653 37773 37533 37893 37533 37893 37533 38013 37533 37893
29190 30750 29430 30816 29688 30150 28943 29550 32207 33622 32207 29670 29430 29550 29430 29550 29430 29550
40905 40676 39476 41265 33782 41145 40386 41385 41062 41145 41145 41385 39476 41265 39476 41385 39476 41385
42444 43884 41928 43044 42684 43284 40583 42924 40583 42924 40463 42924 40697 42924 42564 43044 42564 43044
44174 44894 44174 44414 44174 44654 44414 44414 44414 44414 44294 44414 44414 44414 44174 44534 44174 44534
28434 28264 29218 29338 28450 29217 30469 27184 30361 29217 27650 29337 28674 29081 28961 27184 30469 29217
30230 32360 32279 30590 30036 31770 32858 34781 31965 34295 31845 31650 31845 34039 31290 34781 31290 31400
31480 32800 31019 31720 30664 30784 33424 30957 31840 31960 31840 31317 32543 31197 30784 30957 30784 31077
46535 47615 46895 46655 46655 46775 46895 46895 46895 46895 46775 47015 46775 47015 46775 46895 46895 46895
33336 34896 33576 33816 33456 33936 36549 33936 33696 33340 33576 36669 33576 36789 33456 34056 33456 34056
42469 43549 42589 42829 42697 42949 42817 42981 42817 42709 42741 42949 42741 42949 42741 43069 42741 43069
36565 37164 36925 36805 35724 37045 36925 36805 36925 37045 36925 36925 36925 36925 35844 36925 35844 36925
39259 40459 39619 39379 39619 39619 39739 39619 39739 39619 39619 39619 39619 39619 39739 39739 39619 39739
34820 36310 34820 34490 32563 33120 32486 35300 34940 32142 34940 33229 34370 31944 33178 35300 33178 35300
31860 32022 32340 32100 30822 31042 30573 31948 30693 30942 30453 30822 30453 30822 31408 33824 31408 33824
35292 36852 33681 32631 33801 32751 32719 35772 32719 35652 34773 33162 33681 34893 35772 32991 35772 32871
31043 32723 32336 31283 31163 32816 31283 31643 33903 31523 31479 31523 31163 31883 31403 31643 31403 31643
39929 41009 40169 40049 40049 40409 40289 40169 40289 40169 40049 40289 40049 40289 40169 40169 40169 40169
31795 33444 32155 30685 31468 33381 32160 32155 32568 30534 32004 33172 32004 30685 32306 32035 32306 32155
33099 32673 31353 33579 31113 31090 33136 33699 31396 31910 30737 33579 31156 30983 31113 33819 31113 33699
39602 40682 39842 39962 39842 39722 39722 39722 39722 39962 39602 39962 39602 40082 39842 39842 39842 39962
41231 42311 41471 41351 41351 41711 41351 41471 41351 41351 41351 41591 41351 41591 41351 41711 41351 41711
35684 36404 35804 35348 35804 35588 35804 35804 35804 35468 35348 35588 35348 35588 35804 35588 35804 35924
39796 40636 40036 39916 39916 40276 40036 40156 39916 40156 39796 40156 39796 40156 39916 40156 39916 40036
28522 30322 28882 29002 28882 28925 28565 29002 28445 30282 28325 29002 28642 28805 28762 28565 28762 28685
33754 35314 33994 34234 36568 35699 35387 34234 35653 35115 35653 34234 36568 34354 38353 34234 38402 34354
37520 38720 37880 33781 37640 37760 37760 37880 37880 37760 37880 37880 37880 37880 37760 37880 37760 37880
34927 35887 35047 35047 36123 35167 35167 35287 35167 35167 35167 36315 35167 36315 35047 35287 35047 35287
33928 34648 34048 34048 33928 34408 34048 34168 34048 34168 34048 34288 34048 34408 33928 34288 33928 34288
33497 34217 33617 33617 37967 33977 33737 33617 33617 33857 37727 33857 37727 33857 33617 33737 33617 33737
30222 30662 28543 30582 30261 28577 28087 29826 30497 28464 30497 29578 30210 29869 28423 29946 28423 28667
28586 35538 29186 28826 31954 29426 30778 29186 32118 28946 31966 29066 31524 29306 31834 29186 31834 29186
30475 31555 32670 30595 33101 30955 30715 30835 30715 32670 30595 32670 33221 30835 30595 30835 30475 30835
41798 42638 41918 42038 41918 42158 42038 42038 42038 42038 41918 42158 41918 42158 41918 42158 41918 42038
44901 46221 45244 45244 44884 45484 45244 45124 45004 45364 45004 45364 44884 45484 45004 45501 45004 45501
33891 35211 34131 34011 33891 34611 34251 34251 34131 34251 34011 34371 33891 34611 34011 34491 34011 34371
42586 43426 42826 42706 42586 42946 42826 42826 42706 42946 42586 42946 42586 42946 42586 42946 42586 42946
34040 36120 33280 33200 34880 31520 31240 31760 31360 31360 31800 31280 31240 31920 31240 34440 33280 33200
31667 33107 31907 32147 31787 33194 31907 31907 31907 32027 31907 32147 31907 33074 31787 32147 31787 32147
31462 32662 31702 31822 31534 31942 32928 31702 32928 31822 32399 31534 32399 31822 31702 31702 31702 31822
33135 32710 33255 31804 31564 32164 31870 33495 34561 31804 31750 31241 34646 31241 31444 33495 31444 32613
44703 45423 44703 44943 45498 47921 44943 44943 44823 44943 44703 48041 44703 44943 44703 44943 44703 45063
52294 53254 52534 52654 52414 52534 52534 52414 52534 52654 39655 52654 39655 52534 52414 52534 52414 52534
29351 29927 29056 31090 29711 29398 29951 29831 33608 30365 29695 30074 29711 31210 29402 28746 28334 28626
40273 41233 40513 40633 40513 43974 43854 40513 40393 40513 40393 40633 40393 43974 40513 40633 40513 40633
34736 35937 36187 33321 36187 35092 34754 35092 37798 35155 37798 34936 37798 35498 37798 35212 37798 34936
44302 45262 44302 44542 44422 44782 44782 44662 44542 44662 44422 44782 44422 44902 44302 44662 44302 44782
35121 35721 35241 35241 35121 35481 35361 35241 35241 35361 35121 35481 35241 35481 35121 35361 35121 35361
47132 48572 47492 47372 52700 47732 52940 47612 52940 47492 52820 47612 52700 47612 52700 47732 52700 47612
40297 41617 40537 32392 40297 36327 40657 40777 40657 40897 40417 40777 40417 40897 40417 40777 40297 40897
38263 39223 38263 38623 37723 38983 38240 38623 38623 38623 38503 38623 37723 38623 38383 38623 38383 38743
29235 30415 29335 29595 31135 33445 29164 29715 33085 29044 32965 29575 31135 30156 28564 29715 31135 29916
46392 47352 46512 46752 46752 46752 46752 46752 46752 46752 46632 46752 46632 46752 46632 46752 46632 46872
29913 30753 30033 30153 30033 30273 30153 30033 30273 30153 30153 30273 30153 30153 30033 30153 30033 30273
35324 36284 35684 35564 35684 35444 35444 35444 35444 35444 35444 35564 35444 35564 35684 35564 35684 35564
28766 30953 29512 29789 28884 29006 29037 29126 30276 29424 30313 29126 28781 29126 29006 29246 29006 30149
39806 41246 40046 44536 40046 40525 40406 40526 40165 40526 40045 40526 40166 40646 40046 40526 40046 40526
44456 45776 44816 44936 44696 44576 44816 44816 44696 45056 44576 44936 44576 45056 44816 44816 44816 44816
32644 33964 30641 30761 31746 32106 33124 32884 31986 29515 31866 30881 33004 30881 31746 33004 33004 33124
32255 31590 30990 32375 32495 32375 30870 32495 30870 30870 30750 32615 30750 32495 30750 32495 32375 32495
33934 33890 32495 34294 33934 34534 32992 34294 34914 36360 33295 36480 33245 35479 34054 34414 34054 34476
33567 35247 33687 33067 32392 32434 33129 34047 33129 33129 33733 33369 33009 34453 32947 34167 32827 32194
31680 36082 30955 32040 34591 34073 41187 32160 32160 41307 31920 41307 31920 33833 34781 32160 34901 32160
34626 37254 41112 34986 36792 35346 36294 34746 36792 36920 36174 36920 36174 37160 34746 34986 34746 34986
31650 32490 31890 31770 31770 31770 31770 31770 31770 31890 31890 31890 32010 31890 31770 31890 31770 31890
39438 38472 41002 39798 37392 39678 37632 39133 37512 39253 37272 39678 37272 39373 37512 39798 37512 39798
40783 42223 40903 41263 41023 41743 41143 41263 41263 41143 41143 41263 41023 41383 41023 41503 41023 41503
36652 38332 36892 37132 36772 37492 36892 37132 36772 38318 36652 37252 36060 37372 36772 37252 36892 37252
30474 31047 30834 30714 30714 30714 32380 30714 32380 30714 32260 30327 32260 30447 30087 30834 30087 32620
38135 38486 38375 38495 38375 37646 37526 38375 37646 37526 37406 37646 37406 37646 38375 38375 38375 38375
31490 32579 33406 31730 29876 31646 30017 31970 30889 32064 30769 32184 30560 32304 31850 31850 31850 31850
44986 46846 45106 45346 45106 45706 45375 45346 45375 45346 45255 45466 45255 45586 45106 45466 45106 45586
32056 33376 32296 32416 32296 32656 31772 32416 31772 32416 32296 32536 32296 32776 32176 32536 32296 32536
33162 34122 33282 33282 33162 33762 33522 33522 33282 33642 33162 33642 33162 33762 33162 33522 33282 33522
30492 31692 30732 33075 30492 33195 34711 30972 30732 30852 30492 34496 30598 34496 30217 30852 30217 33075
29281 30841 29641 27798 27798 29434 29641 29295 29418 29434 29298 29554 29298 29554 27798 29295 29401 29295
34495 35113 34033 34855 34033 30330 34153 34975 30823 30450 30823 34975 30450 34855 34033 34975 30703 34975
34281 36092 35012 34521 35132 35612 35012 34521 34401 35132 34281 34641 34401 34641 34521 34521 35132 34521
39666 40626 39786 39666 39906 39906 39786 39786 39786 40026 39666 40026 39666 40026 39906 39906 39906 40026
29448 29816 27850 30935 28577 28415 30010 29808 28295 27850 28175 27850 28175 31388 28937 29808 28937 28415
37488 38568 37728 37728 37608 38088 37848 37728 37728 37968 37608 37968 37608 37848 37608 37848 37608 37848
30791 35497 34417 32482 34297 34417 34537 34537 31271 34297 34657 30717 31151 31031 34417 34417 30597 34537
36486 37566 36846 36606 36606 35157 33223 36846 33223 34917 33103 36966 33103 36846 36606 36846 36606 36846
33145 34345 33625 28385 33385 33385 33625 33265 33505 33625 33505 33625 33505 33625 33625 33505 33625 33505
34429 35629 34549 34789 34549 35269 34669 34909 34669 35029 34429 35029 34429 35149 34549 35029 34549 35149

