34282 72702 48328 52162 45199 59821 44921 48489 42955 53915 45882 48862 44666 56244 43982 51842 43982 52751
36124 65707 44562 45393 37981 51947 44226 49185 48161 50356 43750 56316 39863 54004 40054 52287 40054 50330
34019 69355 45515 42535 40179 59012 48230 51210 48230 48230 45250 55078 41859 57170 43158 57170 43158 55050
35812 62098 42013 42214 41131 56138 47732 47772 47732 47732 44752 50752 39182 53732 38792 53732 38792 53692
35623 71383 50523 49028 38603 62443 50523 47543 50523 52917 50523 50523 41583 57428 38603 53503 38603 53503
35171 79651 50071 52081 44209 64000 44231 55258 48592 53051 42804 52110 45853 55061 47285 56345 47285 56031
36319 57585 42279 45665 40037 48645 39176 46650 41475 42685 39054 45107 40037 45136 40840 38401 41656 39916
31965 64745 40938 40905 42796 52698 43821 43821 43821 43821 40841 46801 40841 46801 40938 46865 40938 46865
48554 78354 60474 50773 53891 59713 57494 60474 53891 57494 44976 53753 44976 53753 53891 52517 53891 52517
32478 66303 47378 41520 41418 44499 41781 47221 43247 41519 38961 45754 41103 51768 41418 44659 41418 42828
39432 56834 47894 48372 44914 51352 47894 44074 47894 45392 47894 48476 47894 48476 47894 47054 47894 47054
31563 53098 43484 40503 37523 43071 38113 40091 40917 39445 43141 39200 43141 47357 34544 43071 34544 52809
34525 63816 43957 41364 39554 45682 41575 44765 44656 44064 41116 43504 39404 53456 42534 41473 41095 42702
34238 56449 43360 43178 41566 53024 42365 46158 45080 44084 39120 50044 38124 50044 37482 53024 37482 53024
37571 66675 45688 46163 45190 64820 55880 49283 45885 56772 41780 56716 44772 52600 48865 49491 45688 49491
37533 55413 44591 42669 41611 47571 49141 49141 50591 49141 48632 52121 48632 52121 41611 48629 41611 45649
29190 71434 45476 46193 41366 58782 48130 46862 45791 46938 49263 50902 42156 55581 47863 51436 47863 48993
40905 61856 49539 49892 40334 50743 43472 49030 41144 47218 39838 49281 40492 52559 43472 52010 45544 49030
42444 78146 50327 60963 50508 65816 55002 57982 57982 57982 54188 58217 49219 61197 48454 64534 46297 63128
44174 64596 49971 56397 48739 59954 48739 48739 48739 47917 45759 56643 50437 50134 49423 56397 49971 56397
28434 74221 42931 37285 37918 49880 40445 44783 41127 42428 39320 41663 40898 46540 40267 41208 37594 42933
30230 71039 41430 44658 39766 50963 45258 47920 45726 40487 40046 49301 40046 49301 42212 42966 40519 46541
31480 59818 41713 38374 42239 41346 40884 45445 39480 41587 39601 45561 43864 43400 42581 49954 39895 46974
46535 73355 55475 42330 41923 50414 58455 56864 56864 53884 52495 47883 52495 47883 55475 56864 55475 47434
33336 70609 49519 48100 44889 57039 44981 50210 46357 50069 43696 56397 43834 55021 46264 52043 43696 55113
33891 66671 42831 42831 40918 57731 42831 45811 39851 45811 39851 48791 36871 54751 36871 48791 36871 51771
42586 63446 51526 48546 42586 57486 48546 51526 45566 51526 45566 57486 45566 57486 45566 54506 45566 51526
34040 77400 43460 54180 41960 59180 42860 50080 45880 45340 45360 51200 44540 50880 45240 49220 47800 47080
31667 67427 39944 46483 40607 55507 45495 49125 46891 43322 43587 50057 39199 52527 40326 50354 40326 49916
31462 61503 41365 44827 41603 54532 39632 40882 44152 54532 43141 45066 37760 51263 39010 47324 39010 43382
33135 68498 44472 44414 39579 48982 44962 47988 45667 47952 44787 44553 39904 50412 44627 50968 44824 49204
44703 62583 50663 58491 58205 67782 50663 58509 53241 50663 48240 59433 48240 59433 57531 53643 57531 58491
52294 57501 45581 48862 48514 54555 45615 48595 51494 48595 48514 51842 48862 51575 48514 54555 48561 54555
29351 75136 42499 49095 40376 51398 47148 47525 49248 52585 46488 50155 41397 52861 43907 49090 45924 46110
40273 65449 49213 53529 50550 55290 50549 46233 43774 51334 40794 55290 40794 55290 50550 53529 44156 53529
34736 65282 42530 46886 43793 50267 44194 46143 43906 43849 45798 49007 45798 48951 42989 45165 42989 54622
44302 56051 50262 51989 47282 56222 56222 47453 49483 51989 46503 49009 50262 62182 47282 49009 47282 56222
35121 50021 39029 38101 36434 47041 42235 43420 42459 43420 38101 44061 38101 44061 38101 43420 38101 44061
47132 75748 62032 59052 48844 67992 56869 62032 56452 59052 53472 62032 51159 65012 53092 62032 53092 65012
40297 61275 41567 57104 41369 53487 52336 48401 45502 55316 47250 60084 41369 51699 48403 51381 39741 58177
38263 62103 41748 50183 41671 54792 51459 47203 47203 50040 41253 56492 41671 53163 41100 50183 41100 53450
29235 66639 41103 47727 37297 52506 39919 40845 38431 51477 38121 47316 37297 49889 38793 41771 39510 43566
46392 70422 54249 58502 51632 60058 54098 59506 57078 58502 54098 58502 51632 60058 52352 58502 52352 58502
29913 55433 37553 38853 37636 48255 38853 39388 38853 43745 35873 42977 40616 44503 37483 41833 37483 43367
35324 57593 47244 46777 44264 48653 42693 42691 43528 43797 41284 46777 41284 46777 44264 46777 44264 49757
28766 66146 42201 40162 43718 48945 40319 44030 42776 44763 40947 43718 40162 43924 39326 43090 39326 44920
39806 79696 56455 54706 51726 66625 54706 60666 51726 60666 48746 63646 51607 60666 45167 63645 45167 60666
44456 78133 56376 46914 56376 58708 52748 53396 52748 62336 47436 59356 47436 65316 59356 56376 59356 56376
32644 58015 39588 41719 39123 44455 43551 41830 41582 43414 45821 43414 39425 44318 42158 43224 38441 46997
32255 51610 41195 36710 39690 42670 35927 39690 35607 36710 33730 39690 36710 42670 36710 39690 33730 39690
42469 69289 51743 57120 55681 65832 49644 56892 50932 51409 47952 62852 47952 62115 46784 65832 48104 65832
36565 69689 43438 53429 40234 58154 47083 47147 45793 43830 43830 50055 43830 44567 43767 47828 46915 51473
39259 71617 49493 43955 39614 62677 49915 42594 49493 49818 46807 59697 46807 56717 58338 52895 58338 49915
34820 68574 47714 44684 39416 49161 42066 45046 47531 43202 40717 47712 43563 49293 44734 46543 44734 47301
31860 64914 39738 41647 39611 50822 42484 42634 40964 43120 40746 45152 42782 45152 41763 50276 41763 46396
35292 59378 46049 38721 42661 47150 42557 41094 43121 45537 39681 46453 42661 49173 41651 44128 41852 44128
31043 69555 47296 40796 41337 58313 40118 49736 42735 46078 42735 43818 44317 56870 35464 50322 35464 49058
39929 53820 46274 50866 37855 53435 46439 48869 48869 46902 45889 45946 45889 52587 40314 51194 43294 51194
31795 76122 40738 46241 42734 51261 44137 45383 46138 45987 42244 48967 42244 48967 40437 49226 40780 49226
33099 78697 47857 51402 43490 55933 45205 56299 49487 52531 43401 51828 43490 57964 45893 59130 41799 56299
39602 66422 45562 51522 45562 56030 47487 51546 50843 50537 42582 50467 45562 52462 48542 52462 48542 53447
41231 59538 45129 48208 39169 53578 47618 50171 45129 47618 45129 53382 45129 53382 42149 50598 50171 50598
35684 52743 47941 41188 41644 47148 47941 47941 41704 47941 38724 44624 38724 44624 41644 47148 41644 44168
39796 60656 45756 48736 50217 57676 45756 51716 53197 48736 56177 51716 56177 51716 53197 51716 53197 51716
28522 70755 49080 41750 40486 51125 42446 44687 41557 45014 39466 44351 38086 47848 37987 48518 37052 48600
33754 75816 50907 50172 46244 61799 52630 50408 49526 52751 46015 58711 46244 59291 46015 53583 46015 59022
37520 64337 45645 40674 40677 44553 49801 46637 43654 40761 43657 46637 43657 47266 44831 45552 44831 45552
34927 61459 48464 45623 41568 51871 42643 44259 41495 45623 42251 46271 42504 46271 45484 46847 45484 48891
33928 54066 42384 42868 41425 48828 39888 39888 39888 42868 42539 45848 42539 45848 41425 48828 41425 45848
33497 55034 41741 42437 43179 44083 41591 44130 40407 40154 38273 46094 38273 45417 36855 43857 36855 46094
30222 64982 45232 45579 38886 46757 45647 40144 41242 43694 40353 44928 38869 43901 38346 43029 38346 45481
28586 76560 52514 44503 44489 59520 43530 48914 50182 46305 41878 53768 41288 55008 42619 53356 44222 52883
30475 63456 41354 42088 39659 56046 48600 41250 43251 45068 40271 45068 37334 45496 36521 45068 36521 50086
41798 62658 50738 47758 44778 56698 47758 47758 47758 47758 47758 50738 47758 50738 44778 50738 44778 47758
44901 80524 53841 59664 47881 68604 56684 56684 53704 62644 50724 62644 50724 66741 51138 65761 51138 62781
33934 66599 46097 41630 40617 57678 38570 52563 45045 39638 36962 48025 43366 51273 40206 55543 40206 49948
33567 73400 47824 52643 43013 58174 48248 52688 46219 50540 47632 53048 43676 63293 39862 55774 39862 58603
31680 67838 46873 49767 41551 57742 46804 58534 41586 41588 44496 49560 41689 54917 43911 48063 43911 44186
34626 67586 43566 49706 42521 52506 48480 45077 50479 46546 47499 48480 41955 49578 43566 46146 43566 49204
31650 52510 40735 40590 38441 48281 40590 39609 40590 39341 40590 43715 38441 48281 40590 47155 38441 45569
39438 66619 44260 49731 44485 52279 49672 45972 45765 53696 44349 49016 48952 51796 46054 52929 51519 49731
40783 76543 48117 55683 54012 67603 56330 55683 58663 52703 56330 63671 51032 61643 50318 58663 48950 61643
36652 84613 56312 48572 42850 62447 52322 56444 48262 54115 45830 62272 45592 61988 45830 58890 45830 56621
30474 53551 41811 40519 35518 48857 40103 39255 40103 45027 39255 44094 39255 44094 35927 43246 35927 43499
38135 59727 45525 47203 43601 48646 46581 45913 41010 44698 49784 46516 38287 45883 39654 47139 39654 47139
31490 68115 43852 45403 44181 46127 47368 46390 43993 43081 44792 48825 45939 48167 41220 45591 41286 45591
44986 77766 52657 59886 48334 65846 53926 64577 55712 53926 54219 63682 54219 66662 50350 64577 50350 62270
32056 62921 40554 46452 41954 48776 41260 43176 40901 42679 39188 46257 40448 52002 37977 54775 37977 54775
33162 64466 43683 39860 40703 51042 45082 46586 43683 48062 42327 48492 42327 51042 44645 45082 44645 45082
30492 67880 43192 45605 41851 49579 45111 44754 41277 47022 39224 50287 50571 53551 48091 43759 48091 49649
29281 66263 42518 38014 38014 48176 39132 39887 39133 46965 36080 44162 36566 51156 37891 41368 37424 49211
34495 66522 47597 38501 41637 50211 45737 49987 45662 46856 42309 47672 42682 47604 48954 46850 48954 44244
34281 68403 48111 48767 42892 54431 48306 47084 46386 48471 48470 50523 42566 50064 47238 52793 47860 48088
39666 56324 45626 47384 45626 47446 45758 43418 48433 43317 45453 52502 45453 52502 45626 49522 45626 52502
29448 64084 40755 37613 37829 42740 39116 41314 45337 39521 36565 43443 36435 43443 36105 46333 36105 39652
37488 64308 43448 49408 46086 58348 49408 51069 46428 49408 43448 54049 44684 51069 43448 57029 43448 57029
30791 64547 42149 40300 41522 45412 39577 48453 42432 44597 39981 44627 41113 46886 42338 40802 42338 47576
36486 63306 45426 38742 39466 54366 41803 45669 41803 48406 38823 51386 38823 48487 39466 48406 39466 51386
33145 55204 46861 35496 42085 41547 43897 39105 42552 39587 40917 43016 40917 40917 40052 42085 40181 42608
34429 69464 44036 49329 42021 49645 46955 49329 42234 51838 44155 54818 40868 49645 47272 52309 47272 54818

