34282 58628 35050 49684 37936 50509 39461 44724 40485 40718 38808 40219 38808 41209 35631 47568 35541 46692
36124 48969 33856 46170 36496 42001 35726 47984 41481 34205 38241 43080 36786 47104 34984 47984 34336 47984
34019 58723 35375 41595 37349 49933 43414 42833 43715 41723 40893 44085 40140 46739 37538 45411 34754 47718
35812 61243 36465 41956 37805 56024 46392 42027 45586 45681 42929 48005 37805 55122 37805 48005 37805 53509
35623 60921 37369 47697 37259 49363 39041 43256 38714 42311 37732 43293 39984 44712 37259 43256 37259 46418
35171 60150 37947 47348 38704 56414 39548 43689 44025 44519 41995 41921 39335 49173 36790 48415 37273 48415
36319 49561 36320 44892 33925 43566 33898 43626 36889 36373 39495 47046 39679 42050 39679 48300 39679 48300
31965 56523 32240 43830 31966 43975 37342 38060 37023 37342 35158 40244 35158 40244 35443 40699 35443 40699
48554 71774 43393 70144 51770 54592 48554 68667 54298 48554 46994 50697 46994 50697 51770 70660 51770 69880
32478 56440 33818 37303 35027 36311 38042 39059 42142 38114 40284 39786 34797 40167 32173 40232 32173 42646
39432 67431 40441 55857 41206 63346 47517 46088 43517 55857 46157 59942 46157 59942 41206 48752 41206 54173
31563 50736 31971 38701 36771 43559 42709 37942 38159 35542 35364 35483 35364 38408 38592 37942 38592 37942
34525 54970 30959 40846 36587 43593 35811 42557 33966 37170 35015 38183 36138 43366 32144 39825 32144 40945
34238 58551 36684 45976 40709 56947 44399 41829 41994 45241 40964 51095 40964 51416 40726 46974 40726 53797
37571 61397 37338 46414 43623 55506 43795 47540 44965 55943 42347 48080 47230 53977 39106 52283 39106 49576
37533 73843 41221 60355 44008 62695 50936 43340 47583 49020 48752 55713 48752 55713 45984 53541 45984 56012
29190 53060 32180 42971 33424 45947 33946 35126 32758 37198 31856 38051 33826 39131 32306 35126 32306 36240
40905 57500 37800 49446 36374 50116 44406 51461 37272 39766 38564 44543 34559 43154 38985 52395 38985 52395
42444 68982 42678 60984 45386 60347 50800 51965 51424 46781 47433 52577 47238 51271 40504 56562 42736 59637
44174 81156 49115 60771 50602 61956 56976 53772 53772 56568 48140 65520 48052 64604 49017 66403 49017 66403
28434 49483 29493 41223 33547 37181 34292 32604 35356 34409 36680 32935 36641 34605 32729 33135 33020 38621
30230 57597 33695 44495 31677 42253 39584 44606 33705 39740 33393 38227 33393 44651 31652 48213 31652 43797
31480 49533 33657 37512 38045 42128 36978 44081 39993 36777 35809 38816 36851 42360 32811 42377 32811 44703
46535 66597 49146 49325 47405 56644 48857 59291 59204 45862 58708 60623 58708 60623 48362 59291 49146 50992
33336 57010 33992 44547 37699 46961 39623 42389 38405 38290 35870 44326 36619 47648 37699 44571 37699 46523
33891 57959 34543 38857 33891 43709 39579 38977 41662 36978 40893 39274 37168 40753 34542 45422 34542 45125
42586 69995 47838 49557 42586 52068 47631 51639 45574 52068 42586 50619 42586 50619 42586 59008 42586 59008
34040 60265 38574 40851 33047 41822 34643 36794 37748 37442 40056 42073 34808 40966 32943 38919 31928 39771
31667 54157 33293 42112 32360 46180 40646 36098 39984 40442 38087 39646 38087 41995 32360 40759 32360 40759
31462 52490 33441 39465 33614 49466 40929 38404 39531 47386 37995 40945 37995 43360 33441 38404 33441 38831
33135 56191 33425 38167 35858 42171 38824 39449 38879 35664 37530 49130 36592 36798 35835 39449 35835 41756
44703 76445 44703 62008 56165 65795 55632 52256 60845 55632 55491 61497 55491 59907 56448 65241 44703 67362
52294 67813 40183 61144 43825 64602 54475 54310 42866 61144 39655 64355 45139 57686 42241 61144 42241 61144
29351 50136 30440 35131 32640 38739 32803 31095 35265 35263 35518 34065 33961 38409 31684 32966 32380 34420
40273 71156 36302 59093 42781 57537 55830 45966 42262 50867 42601 53401 42601 57537 42781 53401 42781 53401
34736 58523 37782 45134 33916 46512 43424 43195 44171 41798 44862 47349 44862 43702 35524 45463 35524 49989
44302 64462 44302 63750 47213 56899 61023 52228 50166 57241 49357 60234 51273 63145 42221 52228 44302 60234
35121 60060 38804 42311 36354 51595 44405 50408 43491 44405 39479 48592 42311 48592 36549 45952 36549 45952
47132 73481 49558 58425 45942 58283 49303 58486 48889 53874 47410 58427 49889 54880 45942 65522 45942 63629
40297 57631 42499 53673 37104 64787 46570 51783 40627 44949 43089 47104 45254 40548 50340 50908 50340 55930
38263 68220 38263 49305 39881 58614 50661 50690 46918 50156 42390 54684 43576 50005 39881 50690 39881 52525
29235 50000 30880 35406 32206 42394 34432 34492 33494 36769 32862 34819 34677 34261 33423 34492 33610 36338
46392 79658 52183 69138 50816 62614 58717 62020 58313 63648 52433 64904 50816 64904 50566 64904 50566 68744
29913 55340 31163 39202 33672 43112 36561 34838 35776 36742 35171 38496 36503 35847 31163 35835 31163 40452
35324 64705 36666 50117 38533 51913 46348 44028 47973 49521 46633 50861 46633 50861 37261 49159 37261 48563
28766 48299 29251 35687 31617 39988 34601 32778 33767 35264 32471 37333 32737 38222 29841 35378 29841 36131
39806 74218 41126 53701 41126 55954 50094 52262 49923 52856 46905 52729 50497 56597 41126 57531 41126 57531
44456 75364 45117 64071 41290 50290 50705 55472 53951 54429 49968 55306 49968 58540 41156 58154 45117 58154
32644 50309 33714 42442 34465 36986 37495 41098 36860 38051 36355 36815 38282 37689 34470 39661 35399 43811
32255 52586 32432 36933 41742 39929 35767 36226 36407 37532 36253 37754 30750 39990 30750 38462 32354 38462
33934 56969 35332 45487 38095 46692 39377 41761 40923 38380 37865 39796 38265 43764 37357 46049 37357 46645
33567 53623 31388 45616 36854 46620 35682 37404 35810 39330 33851 41134 35318 47240 34360 39489 34360 44431
31680 59836 32930 37537 36091 52986 34895 41792 38049 37356 38049 38878 34800 49569 33437 42181 33841 42181
34626 62523 35957 46714 39532 52897 44821 44432 41128 44883 39261 46542 39261 47938 38497 46714 38497 46714
31650 54126 34494 36263 36763 38311 37558 33525 35689 40964 39857 39893 42218 42654 34011 35941 34011 35941
39438 64663 38442 50480 41887 52055 41417 45720 46539 45580 41913 44866 45583 49350 37798 44916 37798 49089
40783 69747 42553 55723 45094 61006 48256 53785 49734 50997 51039 52646 46255 54040 43892 58472 43892 58472
36652 67449 36822 48047 39940 54326 43558 41159 43240 45019 40507 42750 38335 47337 38857 45328 37493 47854
30474 51392 31153 38806 32650 36294 39455 35357 37707 36658 40479 34670 40479 36539 32938 37889 32938 38926
38135 59367 38503 42733 33794 47022 38052 45759 42312 43104 36811 43595 38026 44630 33932 45759 33932 42102
31490 50237 32031 36124 32262 40550 35760 40903 38046 35864 35643 35549 34424 38186 35680 38900 35680 38900
44986 76932 45516 59067 46788 64217 50352 60298 51628 50444 47920 58608 47920 62150 45660 62734 45660 65010
32056 54822 31148 44472 34549 39921 37776 41673 35343 35581 33564 38026 34035 42893 33389 44608 32613 43761
33162 56712 37884 43162 33162 49300 38872 43317 43026 45129 40830 45283 40830 46117 40799 43317 41248 43317
30492 59181 30745 38607 35716 36426 38343 34978 45108 35696 36745 36539 38206 36539 33774 34978 33774 37383
29281 47066 29786 34279 30272 38312 34665 32793 32661 32815 31821 31980 37113 36433 30272 32793 31154 41345
34495 55032 43937 48437 37105 45089 33004 47323 37566 44268 36364 39230 36316 39230 37371 50081 33265 50081
34281 58627 34308 42989 41896 50550 47089 45352 45480 49066 36657 42868 38106 43422 38524 45352 39370 48413
39666 70265 41327 51377 43277 52790 48045 44227 45095 44413 51464 47230 51464 47230 43277 48324 43277 53550
29448 50089 31615 35130 31182 40378 32234 36746 32678 33019 33782 38238 33782 34854 30333 37980 30333 36729
37488 64109 39313 46459 39411 54052 46116 40360 42986 47004 43922 46018 43922 43220 39411 43220 39411 46916
30791 55554 32358 39036 34068 38898 35902 39744 33554 39423 34915 37181 36277 39526 34806 36067 35113 39744
36486 56475 36057 38411 36744 41789 38374 40491 39861 35612 38487 44894 38487 44264 36744 40891 36744 40358
33145 50693 35882 41516 35379 38246 32131 33784 37613 40417 37074 39844 37074 35827 33404 44945 33404 44945
34429 58878 38779 43870 39288 53184 39836 43816 37571 43069 36689 48600 36924 50019 35957 47054 35957 50019
42469 75349 45286 54079 45124 64842 45865 53243 46888 53536 47127 59889 47127 57413 45124 61048 45124 61048
36565 54572 37722 50547 36440 46112 38294 45816 36569 39461 36450 41460 36928 44448 36884 48085 36884 48085
39259 64809 40985 62300 43533 64393 52938 41813 46671 59219 45429 59563 45429 59563 43533 51312 43533 55521
34820 56681 33130 42970 34169 42928 36724 38134 39360 36081 37907 39226 35594 39606 31569 38134 31569 39922
31860 52527 31172 37991 34444 41556 36458 34552 36739 35893 36881 35479 36881 35479 33637 40966 33637 40966
35292 49894 37695 39932 37878 46679 37532 43434 34788 40672 33975 42357 34084 42837 34051 43384 34051 40323
31043 53089 31024 37702 33534 40412 38869 37792 35481 37051 34638 38648 33701 39013 32453 38049 32804 39676
39929 66741 41909 43974 36509 48957 44532 46218 47208 42073 39608 43937 39608 43937 45787 47149 45787 47149
31795 50125 34130 37255 36998 37717 36365 38998 33660 32685 34896 35504 34896 37592 33059 37303 33059 38641
33099 51850 32475 42610 33843 42305 33760 40105 38734 36531 34444 40330 35310 39037 31585 43505 33150 43765
39602 67724 40603 42638 41252 52379 47284 46744 44297 43396 40501 50990 40501 53282 41252 49941 41252 50082
41231 66144 42627 44923 39169 54433 51294 46530 40146 51294 40773 54504 40773 54504 39588 49693 39588 49693
35684 60243 43083 47746 43083 49421 49900 50353 50353 43524 48567 48125 48567 48125 43083 48125 43083 49874
39796 68054 42396 47677 48700 58075 45498 53716 55493 53379 53732 54889 52521 50865 47992 53716 47992 53044
28522 48336 29292 42707 32632 37930 36356 31802 33917 35545 33759 33750 33141 35186 30786 34330 30786 35257
33754 58562 35035 45824 40448 54790 38428 44832 39193 44082 38124 49819 36678 49307 36235 44832 36688 46676
37520 59063 39319 36954 33680 44076 42870 42186 38727 42796 38266 44245 38266 46233 34890 44154 34890 44154
34927 59853 35999 49017 40341 55652 45958 43910 39639 50672 40456 50059 40456 50059 39145 56376 35999 56376
33928 58020 35248 45332 34950 55147 40612 43687 38666 47686 41738 41515 41738 47871 34950 41515 34950 46845
33497 57281 38374 45438 36560 52174 39263 46603 46242 39273 40476 48751 40476 48751 36560 47850 36560 47850
30222 51185 30221 37453 32476 39386 32806 34110 33707 33086 34104 32885 33670 34367 31483 36324 31483 38057
28586 52517 32479 37306 32256 44933 35717 35497 36359 33738 33341 37877 34577 39824 33476 39665 37239 39665
30475 52536 36618 42103 36084 54436 41713 34817 35762 40901 35500 37086 36084 37086 33440 34817 33113 34817
41798 71477 42968 58974 43238 46715 48707 56080 56080 48707 43462 52951 43462 52951 43238 60144 43238 58974
44901 76548 47948 62100 45058 60925 47945 50296 48487 53871 50201 52353 46087 61317 46381 64637 46381 64637

