34282 72052 49787 53511 46322 59371 48612 49934 50376 54472 46590 56708 48078 58677 46218 57623 49308 57623
36124 65157 51004 48073 41479 53046 45191 51796 46738 53036 40830 54506 40667 54869 40192 54200 40192 48617
34019 68755 48245 51175 43090 59700 47980 53840 50910 50910 45050 56770 44589 61857 46618 59457 46618 56527
35812 61648 44793 47532 41454 58718 47532 50452 47532 50462 44861 53382 44861 56322 44603 56322 44603 56322
35623 70783 53203 58167 49377 61993 59063 50273 53255 56799 50325 59780 44465 59063 41483 61315 42264 58961
35171 78951 55922 54711 44155 63500 50498 55849 47398 54904 46262 55875 45897 59166 47449 61347 49529 58271
36319 57185 41099 46450 42817 46105 44200 45843 41834 44936 38883 44763 41347 43875 42665 44936 42665 45616
31965 64195 43685 41250 40755 52475 43621 46551 43621 43621 43621 49481 43621 49481 42596 52475 42596 49545
48554 77854 63204 60274 60274 59413 56621 63204 47706 56621 47706 63204 47706 63204 48991 56483 56621 56483
32478 65703 50058 42838 45560 48385 45401 50789 44459 44199 39960 44985 42890 48489 43464 49850 45820 43833
39432 56534 50674 48222 47744 51152 45292 47744 50674 45292 50674 48276 50674 48276 47744 49834 47744 51152
31563 52698 42175 40353 39044 51616 39245 43908 48851 39245 42991 51616 42991 51616 37011 51616 37837 51616
34525 63166 46048 47634 41545 48615 46426 44565 44045 46375 40456 45312 42054 49433 45164 49246 45164 48198
34238 56049 47259 45958 42332 52724 44329 48888 44930 43726 42000 49794 41307 52724 45145 52724 40462 52724
37571 66175 44647 52221 47622 60238 49578 49291 55708 56472 49160 53622 47970 52300 42074 53830 45004 53482
37533 55113 45499 54901 43393 51359 49041 49041 46570 53371 46570 51971 46570 51971 50441 51359 50441 48429
29190 70684 50105 44647 45048 58600 50710 51803 50954 47175 48963 55471 41116 55673 46996 52856 46996 52856
40905 61356 47512 53530 43272 50594 44228 54133 45343 46301 47267 50292 43272 55091 42815 50292 43219 50594
42444 77546 52057 65884 49303 65884 57740 60612 57917 60612 54460 63542 48950 63777 51293 65884 51293 65884
44174 64196 48589 56247 48589 59804 52964 52964 51459 48589 48589 51108 53317 51519 56580 51462 56580 55894
28434 73471 46512 42588 43856 52410 46639 45971 43990 44697 41195 46000 43628 50339 43394 49948 44443 49948
30230 70389 44549 46241 42919 49395 48904 54144 48786 44943 48329 55658 48329 55658 41089 46431 40678 50865
31480 59318 46141 45722 40626 47418 46544 46770 44669 47247 41567 48940 46544 45311 41859 49700 43614 46014
46535 72905 61185 55325 55325 50663 56664 59594 56664 61185 55325 62524 47733 62524 58255 50164 58255 50164
33336 69959 48994 50916 48994 58146 50916 52931 50916 52286 46514 58927 48394 58056 47898 57460 44548 54530
42469 68839 53914 59091 47219 64695 56443 55252 57024 53079 57024 59091 57024 68412 46634 68412 50984 63084
36565 69089 46897 46560 45355 52420 52898 51944 44472 52898 46560 49490 43630 49490 43617 53977 51944 53977
39259 71167 49537 49618 44453 55575 49715 53909 52323 49715 49537 55478 49537 62377 61018 62377 45163 59447
34820 67924 46426 48153 45371 48811 51085 48121 47280 46870 50328 49750 47823 48006 43331 47512 43331 47546
31860 64264 43864 49041 43907 57529 44516 44862 44550 43455 44914 53153 48442 47073 42710 52158 44243 48393
35292 58878 44532 48273 42610 50340 43319 44381 46957 46754 44027 49532 43217 48271 43117 47463 43925 47463
31043 68905 49926 46009 44117 60930 44066 49926 45465 44827 40142 49428 38748 50687 39381 54618 42801 55070
39929 57794 46074 43615 45789 57777 51649 54579 51649 50644 45789 50070 45789 49004 44249 52120 44249 52120
31795 75322 45916 44109 43807 55443 48583 51497 47678 46684 52484 51015 52484 51015 45012 49893 44447 52154
33099 77911 51126 54695 48500 58264 49063 61610 53156 53681 46319 55823 44329 58715 48500 59654 44404 59202
39602 65972 48392 54252 44407 56127 50267 53080 50523 50337 45462 52212 48392 52212 48392 56127 48392 56127
41231 59188 52951 50202 45029 56258 50398 50889 52180 50398 49250 53328 49250 53328 45029 53328 45029 53328
35684 52443 41554 41544 47841 46948 44018 44018 41554 44018 40723 50771 40723 50771 41544 46948 41544 44474
39796 60306 45656 51516 53097 57376 48586 51516 58957 48586 56027 51516 56027 54446 56027 57376 56027 54446
28522 69955 48811 52953 40691 54613 46493 50247 45039 47594 43138 49071 40689 51852 43978 56162 43884 56162
33754 75116 49383 58358 53203 61014 50656 53038 52156 55634 48991 63671 48745 61721 50451 55331 50451 58261
37520 63837 45495 40561 40577 47234 52531 52531 46437 45352 37848 43507 43507 49946 45495 52170 45495 52170
34927 61009 45639 45423 42493 56513 51244 53153 48314 46734 43429 50653 44058 50653 45010 50653 43716 50653
33928 53716 45607 42718 39066 48578 48349 42718 48349 42718 45419 45648 45419 48578 39066 48578 39066 48578
33497 54684 44571 49954 43079 48824 42457 48264 48824 49024 40257 45864 40257 47163 40149 42850 44571 45894
30222 65485 45576 45264 46471 49358 42937 49380 46990 43311 47342 47613 43103 49628 42979 49628 42979 55489
28586 75776 52758 50247 46200 57388 48334 58594 54547 50477 46555 59258 43225 55851 48999 58817 48999 56381
30475 62956 42554 41888 39509 55696 46960 45369 45981 48299 40121 47748 42378 51229 42378 52766 39251 52766
41798 62308 53518 50588 44728 59378 50588 50588 50588 50588 47658 50588 47658 50588 47658 50588 47658 50588
44901 79924 59551 62344 50624 68204 62344 62344 56484 65274 56484 65274 53209 68204 53554 68204 50624 68204
33891 66121 48541 45611 37303 60261 45611 45611 42681 45611 42681 51471 42681 57331 36821 54401 36821 57331
42586 63096 54306 51376 45516 57236 48446 51376 48446 51376 45516 57236 45516 57236 47044 57236 48446 54306
34040 76600 50520 54110 50520 54320 48430 52710 50210 48630 50920 53210 47290 55380 48800 53950 46000 53160
31667 66827 46198 52177 45773 55107 46541 49926 49247 52596 43387 48018 42843 53878 44502 49247 44502 52177
31462 61003 45777 46593 41453 48514 43326 44288 43231 52741 41934 53366 40541 52453 41550 47121 41550 47121
33135 67798 45411 52113 43941 54950 44676 48075 48347 45802 44816 52346 42487 51974 49608 48950 44410 52020
44703 62283 50563 53326 57431 70562 50563 53763 53091 50563 60361 59283 60361 59283 57431 56423 51070 58341
52294 57151 48361 54707 51344 54305 48445 51375 51344 48445 48414 54305 48414 54305 51344 54305 51344 54305
29351 74336 49656 45861 47006 55791 49965 49864 55962 55686 48930 55961 44933 54479 45209 56791 46691 57167
40273 65049 46936 53329 50400 59924 50399 48205 44388 51134 44388 56994 44388 56994 47318 52471 47318 54990
34736 64732 46702 49616 44330 48358 45591 46924 44565 47208 44043 46578 43991 49802 47152 56801 47152 52546
44302 55701 53092 56022 50784 58952 56022 54935 49333 49841 49676 61882 50162 61882 50162 51839 50162 51839
35121 49771 43911 40981 42409 49771 45339 45339 40981 45339 38051 49130 38929 49130 42135 43911 40981 43911
47132 75198 64712 56619 55922 73502 59132 62479 56619 59132 56452 67642 55505 73502 58852 64712 61782 64712
40297 60775 46910 65656 41219 56129 46376 54619 44149 51349 51133 65644 44002 62714 56866 53187 52416 53187
38263 61703 44528 55700 42637 54542 54189 56882 49983 57119 44033 55700 50101 55843 41571 53150 45399 55843
29235 65939 47180 46450 39409 52056 45785 45687 45274 46196 40851 47016 45479 51033 45479 46197 39261 50305
46392 70022 57079 58302 51482 62738 56878 61042 56878 59808 58112 61041 51482 62738 54149 59808 55835 59808
29913 54983 43263 38955 44723 52083 43293 45075 39338 41633 36408 44203 44723 47133 40103 46093 40103 43163
35324 57193 47044 49557 47044 49557 45473 44114 47044 46627 47044 48403 47044 48403 46935 49557 46935 49557
28766 65496 44723 44147 39912 48594 44934 48910 49537 43624 41900 45770 41900 46554 47237 50322 41847 45664
39806 79096 55656 57386 51407 66175 54456 60316 52306 63246 48477 66176 51407 64320 51526 66175 51526 66175
44456 77533 62036 57023 57023 58408 60880 56176 50316 55554 46764 67896 46764 64966 59953 59106 56401 62036
32644 57515 41793 41519 38294 44155 43214 43859 48551 50638 45621 46144 39115 46802 41958 47490 41378 47818
32255 51260 40643 39540 39540 42470 36610 43655 35457 39540 36610 42470 36610 42470 36610 42470 36610 39540
33934 66099 48839 42729 42983 52890 45471 56680 47775 42858 40987 50705 38985 53013 42983 52578 44726 58430
33567 72700 51176 53097 41921 66883 53279 52190 53242 53526 50312 51171 41644 63910 44458 58050 42217 61851
31680 67188 50110 49828 42936 60494 42058 45025 44316 45437 50479 53158 47348 57497 46552 48605 46552 45970
34626 67086 43416 51275 43961 59392 49276 47471 50952 52751 46023 51210 43804 54140 43961 50050 44779 59622
31650 52160 47570 43370 41029 50861 43370 39141 43370 42071 40532 45001 41271 49275 41271 49835 43370 49835
39438 66119 56240 51045 49389 54373 52302 46769 48468 54329 52558 51796 43626 57205 52558 50947 52629 52248
40783 75943 52699 61293 52146 67153 55433 58363 64920 61667 52503 62856 53098 68163 49573 64223 48502 64223
36652 73674 61872 51266 49084 66722 47304 55678 52072 56745 48788 63579 47660 64468 48372 64884 50152 62131
30474 53151 41561 41897 36763 47845 41985 44915 41985 39055 39055 45251 39055 45251 38631 50389 38631 50389
38135 59277 44460 47053 43401 46589 43363 48693 44730 44498 47428 48718 40471 50293 45466 50720 39890 46112
31490 67465 44652 50715 47096 51123 44699 47284 48851 47112 46579 53050 45921 49431 43195 51279 44323 47864
44986 77216 53776 60997 50846 67680 56706 66039 57024 56706 51164 63332 51164 66262 51164 65646 56856 62566
32056 62371 46964 42725 39995 52810 43178 46706 42573 45100 43783 48887 38988 49190 43178 57361 43178 48072
33162 64016 46513 41952 46436 50742 44882 47812 46513 47812 43962 53672 44805 53672 43583 50742 43583 50742
30492 67380 42945 41291 44814 49137 47791 44269 46560 46820 44789 44909 42379 51406 46797 49419 47719 47363
29281 65613 46600 43311 38053 56583 43259 48500 41638 46565 38881 48513 39017 50756 41066 47826 41066 51584
34495 65792 50974 45412 45338 51497 50956 54202 49836 47428 51684 49760 47297 50302 50227 48567 50227 48360
34281 67803 48130 53371 44089 56301 54080 48875 46236 48221 52879 56083 44090 50915 48221 50205 49094 52717
39666 56024 48456 50164 48456 47806 43778 50305 48456 47622 48233 52321 48233 52321 51386 50164 51386 50164
29448 63484 45097 40632 40043 43455 41149 44097 42524 46137 40256 44100 39184 46150 40043 48583 40043 45741
37488 63858 47889 49208 48916 57998 49208 50819 46278 52138 43348 53749 48916 56679 48916 57998 43348 57998
30791 63947 44316 43937 42497 48042 45318 42667 44817 46600 43267 47900 46367 51268 44754 48983 47183 46114
36486 62856 45276 48206 39236 59926 42327 48206 48206 42327 39397 48640 39397 56996 39416 56996 42346 54066
33145 54754 52521 35862 41935 44292 43395 43159 41059 42317 40767 42317 39511 42732 41654 44865 43148 38792
34429 68914 50309 54939 42032 49345 52665 51588 46837 54520 44254 50883 43598 54939 48147 54518 48147 57448

