38135 38157 38147 38145 38143 38141 38143 38143 38145 38143 38143 38145 38145 38143 38143 38143 38143 38141
31490 31518 31498 31504 31925 31506 31502 31502 31504 31504 31502 31504 31502 31506 32350 31504 32350 31504
44986 45008 44992 44996 44990 45004 44994 44992 44992 44994 44992 44998 44992 45000 44992 44998 44992 44998
40783 40807 40787 40797 40789 40801 40793 40795 40795 40793 40791 40795 40789 40797 40789 40799 40787 40799
36652 36680 36664 36664 36658 36668 36660 36664 36660 36664 36660 36668 36660 36670 36660 36668 36660 36668
30474 30490 30480 30482 30482 30478 30478 30480 30478 30480 30478 30482 30478 30482 30480 30482 30478 30482
34626 34644 34632 34636 34630 34638 34636 34632 34634 34634 34632 34636 34630 34638 34630 34634 34632 34634
31650 31664 31656 31658 31658 31654 31658 31652 31658 31654 31656 31656 31658 31654 31658 31654 31658 31654
39438 39462 39452 39448 39448 39448 39452 39448 39448 39450 39450 39446 39448 39450 39450 39448 39448 39448
33934 33952 33940 33944 33942 33944 33944 33942 33944 33940 33938 33946 33938 33948 33940 33944 33938 33944
33567 33595 32779 33583 33577 33579 33579 33579 33583 32781 33581 32779 33579 32783 33577 33583 33577 33581
31680 31704 31690 31692 31690 31694 31688 31692 31688 31690 31688 31690 31688 31692 31690 31692 31690 31692

