34282 49714 34282 37973 35068 37264 35598 36317 39007 35765 33936 37791 33936 37928 34343 37137 34343 38611
36124 41524 36813 37826 33131 39054 34949 41795 36999 33726 37514 42161 33261 42161 33683 41795 34518 41795
34019 49794 34067 36166 35294 39057 37817 35856 38008 38384 39557 38385 34854 38385 34271 37859 34271 39409
35812 51930 35812 35812 37075 40263 40473 39751 39962 39601 38278 41285 35812 41946 35812 39751 35812 39751
35623 51658 36107 37788 37694 38758 36937 38410 36729 41193 39280 38480 38501 38412 36660 40460 36660 40460
35171 55431 36277 39292 36209 37759 40438 37919 37427 37417 35914 39548 37177 42258 36558 39729 36558 41822
36319 46628 36320 33217 34282 32156 36569 40950 34020 33602 36568 36122 36319 36122 36319 40950 36319 40950
31965 46354 32140 34675 31965 39827 35165 35828 34963 35165 34611 35396 34611 35396 32140 35396 32140 38875
48554 60863 48679 54479 43624 42823 42823 56146 49734 42823 45105 53678 45105 53678 48679 56146 48679 59108
32478 47857 32596 35153 32832 33573 36150 34978 34455 35475 33479 35550 33847 36492 32950 34978 32950 36546
39432 57178 39432 44718 39679 49842 44556 42597 42021 49842 39432 47145 39432 47145 39432 42597 39432 42597
31563 45770 31823 44993 36501 35425 40246 32083 35880 33276 37502 32899 37502 32899 36501 32083 31126 35607
34525 46611 34525 34229 34525 33063 32370 36395 33401 33116 34525 36821 34525 34946 34525 40324 34525 38496
34238 49648 34891 38029 35135 44601 42890 39049 40585 41544 39932 38357 39197 38357 35604 39049 35604 41209
37571 52062 37572 40577 42719 43590 38856 41872 43747 41079 41743 43438 39857 43083 37566 41872 37571 41872
37533 62615 37851 43075 43181 43075 49641 39334 44664 49641 43181 44099 43181 44099 43764 44099 43764 44099
29190 43629 30846 31871 30562 34896 31640 32953 32767 34819 35674 31747 31595 31964 31309 32953 31309 32953
40905 48757 40905 47505 36202 41421 39754 44364 36636 43090 33677 38864 40420 44319 39510 46002 39510 46002
42444 61549 42444 45369 42629 45870 46610 46212 47005 44640 44476 45761 44476 48820 41624 46686 41624 48820
44174 64055 44174 54193 44174 53058 53058 51027 51027 49775 45816 53345 45816 53345 44174 53345 44174 53345
28434 42615 28536 31352 29891 29587 30615 31059 34106 30371 32000 30588 36314 30670 31757 30323 28434 30323
30230 42836 34323 36491 33797 41221 33810 38067 33081 37031 29937 34950 29937 35999 32685 34583 32685 34583
31480 44462 30676 37340 31545 33149 31091 37914 34156 31274 32813 34893 32813 32971 31715 34579 31715 34579
46535 67481 47584 50944 47087 42072 49512 52488 52433 49512 49842 51606 49842 51606 47087 52488 47087 52488
33336 48345 33336 38805 35904 36233 35141 36863 35863 38795 34109 37981 32833 39942 35904 37939 35904 39322
33891 49146 33891 37039 33891 37340 34979 36215 34379 34979 33891 35467 33891 36403 33891 36403 33891 38651
42586 61752 44021 53934 42586 46833 45398 48324 44480 46833 42586 47292 42586 47292 42586 48324 42586 48324
34040 45472 30656 33822 32062 34220 34568 34034 32822 34720 33616 34356 35494 33630 32226 34506 34950 34808
31667 45923 31667 33499 32106 39072 36920 34205 36500 35925 35564 35388 35564 37316 32106 35827 32106 35827
31462 48827 31895 33336 32717 37560 34090 34273 33204 35593 32231 36132 32231 36566 32717 34273 31895 34273
33135 42938 33135 35416 32422 37047 34480 35391 35039 33627 34307 38222 33349 36101 33868 35391 32274 36367
44703 64822 44703 53095 54056 55550 50300 48096 57449 50300 54056 54095 54056 54095 44703 50489 44703 50489
52294 57502 39655 47964 39655 49048 43986 54329 41690 49048 39655 58660 39655 58660 39655 54329 39655 46752
29351 40367 29351 34234 29091 31651 30951 30131 30234 32943 29898 30745 31875 28667 30238 31434 30323 31637
40273 60338 40273 49469 37403 55434 45475 43882 40660 55434 37315 49084 37315 52729 40875 43882 40875 43882
34736 50623 35105 40168 33798 41195 37263 38743 41130 38360 34084 38371 34084 38371 33798 40721 40046 41654
44302 64241 44302 53476 44302 56090 51990 45738 43670 51221 46130 50812 46916 50812 44302 45738 44302 50812
35121 50928 36794 39678 35121 41005 39211 41518 40192 41005 37538 39448 39479 39448 35121 41518 35121 41518
47132 60860 48033 54289 47620 46829 44168 53915 43905 50993 42968 49269 43955 49682 47620 53915 47620 53915
40297 46455 40298 49256 35607 43191 39274 44055 33224 35168 33223 44949 33224 44949 33700 43768 33700 43768
38263 55486 38263 41406 38263 43065 47846 43174 42537 44814 39667 42792 38120 42792 38263 43174 38263 46140
29235 41123 29278 29144 33616 37550 30527 31612 31244 31379 32113 30571 29796 31490 30297 34539 30297 31611
46392 67546 46563 54608 50566 50723 54707 50277 54451 54310 51591 54608 50566 54608 50566 53864 46563 53864
29913 48369 30163 33355 30705 34957 31050 31290 34732 33976 33355 32427 33355 32860 30705 33666 30705 33666
35324 54866 35326 37392 35326 42082 42082 36174 36174 45242 40835 42932 40835 42932 35326 42932 35326 42932
28766 40957 28837 31095 29256 33398 32348 30133 31195 34461 30507 31589 30507 34223 28575 30133 28575 30133
39806 62936 40157 45252 40157 43653 44308 44683 44199 43992 41260 45383 44307 46165 40157 44683 40157 46353
44456 64467 44875 50881 44456 48654 47584 50292 46293 47793 45526 50432 45526 50259 44630 50292 44630 50292
32644 45753 30525 36300 36487 31674 32789 30884 33528 36466 36412 36786 36412 34585 32782 35400 32782 35400
32255 46773 32353 31583 33798 31718 32551 32929 31681 31718 31583 33321 30750 33321 32255 32929 32255 32929
33934 47405 33934 43372 39290 39574 35705 36232 34457 34104 34712 34317 34941 36979 38510 38894 37628 40211
33567 47523 33567 34861 34374 37083 33975 32725 34056 35919 33289 36686 34942 35728 33524 36798 33524 36798
31680 51938 31727 34015 40929 38301 34542 38880 34495 35664 34856 35501 34856 33588 40929 35454 40929 38880
34626 53111 34626 42288 37208 40779 39360 37064 39186 39289 35804 41727 35804 44307 34626 39676 34626 39676
31650 45896 31956 37935 34672 34064 34064 31956 31956 34064 34974 34370 35065 34370 33146 31956 33146 31956
39438 53703 40834 47537 37926 37977 43030 39598 43094 42083 39465 42243 40393 44792 37894 42147 37894 42147
40783 59142 40971 46476 41539 47098 42951 46858 43139 46182 41506 46323 43831 48303 41539 46858 41539 49025
36652 53152 36760 42967 36525 41748 41080 38468 40492 39429 38814 39269 36525 40817 37053 38468 37053 41110
30474 51826 30464 35777 31152 31577 31576 31539 30468 31572 32683 32069 32683 32069 31201 33569 31201 33569
38135 49124 34874 37452 35102 35826 36464 40820 34883 35696 35063 40768 34237 40856 38165 42898 38165 42898
31490 42599 31723 32784 30548 33688 31296 34582 34094 32399 33378 33106 35057 33638 30548 33799 30548 35470
44986 65235 44986 48176 44986 49702 47883 48384 48621 47700 47689 48948 47689 51701 44986 53111 45322 53111
32056 46488 31970 31704 31475 39778 32701 37157 31159 32700 32555 34352 32555 39017 31475 35777 31475 35777
33162 48088 39332 36571 34848 38346 35876 34554 34554 38346 33162 38068 33162 37268 39332 37963 39332 37963
30492 42989 30652 37864 30492 35010 32609 32696 33796 35010 33141 33110 33141 35904 31202 32254 30492 34180
29281 39915 29328 33306 31506 33328 30034 30623 31693 29640 29305 30566 29305 29687 31506 32393 31506 32226
34495 46666 34697 40678 35186 36431 45949 38192 46251 34124 31099 33407 35575 35087 35186 38192 43697 38192
34281 49712 34601 36323 39766 39566 39616 35960 40279 39646 37457 37428 34777 38138 39352 37585 39352 37585
39666 55747 39666 39666 40719 47265 47101 41452 41452 47265 39666 53666 39666 53666 40719 41452 40719 41452
29448 42475 28081 31941 30263 33085 29202 32854 32065 28672 31219 28774 31219 29679 30263 32854 30263 32854
37488 54362 38051 37488 38707 44519 40520 38082 39301 42301 38707 40458 38707 40458 37488 38645 37488 39895
30791 47566 30820 33699 32705 32260 32491 36929 34352 34394 31299 33416 34237 32965 34177 35989 34177 35989
36486 52908 34870 40038 36031 41162 36628 38553 37571 37000 33962 38196 33962 38879 36031 36465 36031 41706
33145 42985 34077 37996 35189 33550 33672 33550 32855 36986 35033 34077 35033 34077 35189 37147 35189 40623
34429 55127 34429 39533 36167 42656 39533 36228 36176 41042 34377 39917 34377 41531 35398 37128 35398 39226
42469 63892 42572 48730 42849 49629 44761 49057 45409 46353 42849 47044 42849 51891 42469 49057 42469 49774
36565 46275 36768 38912 36565 40099 36652 39841 38081 36651 36768 40225 36768 40478 36565 37878 36565 40225
39259 55096 39785 39259 40091 50438 41537 40047 40616 50438 36634 42325 36634 42325 40091 42325 40091 42325
34820 44841 32525 36876 33515 37170 34865 35256 35065 35332 33713 36881 33713 36881 34347 35256 34347 36879
31860 43818 32131 33450 32697 36885 32874 33274 33227 33444 31544 33690 31544 33690 32155 34149 30647 34348
35292 49789 35786 38212 36294 38222 33177 37735 33487 34340 33099 35926 33099 35486 36932 38918 36932 38918
31043 45014 31247 36038 31766 33013 33488 30190 31522 30884 32914 32219 32391 32244 31766 32203 31766 32203
39929 56593 39929 38618 35720 42336 42336 41110 41738 42336 40557 43628 40557 43628 35720 41110 39929 41110
31795 44140 30251 37212 33565 36481 32493 33931 32670 33998 34455 34008 34455 34779 32098 33931 32098 33931
33099 45931 31153 39541 34924 33397 31969 34810 32377 32767 36006 34774 36006 37597 32148 35228 32148 36145
39602 57425 39729 40654 40647 44085 41628 42008 42008 44414 39602 46820 39602 41289 40647 43302 40647 41542
41231 56087 41497 39169 41231 43318 47112 44589 41850 47112 41231 47731 41231 47731 41231 44589 41231 47731
35684 51083 36383 42032 41981 40486 44610 44897 44897 40486 41981 41229 41981 41229 36383 41229 36383 41229
39796 57708 39796 44791 47716 43411 43411 43198 43198 40966 39796 44368 48619 44368 40275 43198 40275 43198
28522 47054 28725 28839 31205 31698 29631 30369 29530 32455 29345 31543 29111 30336 29111 30369 29111 31084
33754 52146 35237 41963 34019 43995 39408 35332 39135 40079 36762 38032 35318 39862 34019 38265 34019 38265
37520 54410 37602 33640 35297 36996 37684 41223 38357 36996 37431 40369 37431 43502 34396 41223 38091 41223
34927 50752 35607 45527 40458 45512 44139 39552 42052 44139 38304 41994 38304 47112 34927 39552 34927 39552
33928 49199 34124 38736 33928 40166 39639 37308 38405 38247 39936 35554 39936 35554 33928 37308 33928 37308
33497 54095 34069 37473 35439 37153 37153 37647 37151 37153 37178 37723 37178 37723 35439 37647 35439 37647
30222 44188 30048 32603 30653 32612 31487 31063 30590 30828 29214 31334 29929 31046 28050 30810 27686 32213
28586 43765 28846 31942 35674 39503 32107 37769 35443 30405 32193 32307 32134 34099 32364 37136 34002 33173
30475 43748 32282 36215 33026 38866 34569 33300 33192 34267 33026 32900 33026 32900 33026 32762 33026 32762
41798 60611 41798 52685 41798 43624 43453 48126 48126 43453 44508 47955 44508 47955 41798 47955 41798 52685
44901 64915 44933 50799 44951 48367 47963 48489 46422 48273 44901 47727 44901 47280 45790 51793 44951 52320

