34626 170593 88240 107477 75795 118786 86821 82373 81146 95742 80091 109242 74803 109242 76956 97033 76956 99546
31650 134741 93335 68826 61424 121241 80741 72755 68826 68750 61424 92655 61424 107741 61424 88197 65654 88197
39438 183549 100000 93723 88600 108756 112792 81756 93769 99293 73991 121360 91032 97380 97380 108071 110880 95256
33934 178202 81461 80153 97576 123764 84572 123518 85820 94276 73241 109330 76616 105347 97576 127315 97576 112507
33567 268756 113369 103132 82110 155174 89342 117936 100232 112427 100232 128045 87185 151006 83379 142254 83379 139319
31680 203874 105963 111026 72811 134047 101622 109477 101093 101622 79170 101726 82476 126180 74414 107670 74414 90551
38135 157441 75488 98601 77874 92471 76133 78570 85488 79230 76583 111585 66698 105971 77874 87553 77874 87553
31490 221947 96452 95653 82247 121760 94384 95840 95512 94102 97721 133474 96593 107884 93632 110092 92551 110092
44986 192964 84217 112486 69374 143365 98464 109874 96374 84665 75784 123747 75784 137247 71390 114947 71390 125165
40783 204328 97048 108283 81283 150328 102993 108283 121783 123328 81283 132846 80212 136828 80510 123328 73199 136828
36652 241287 96144 89999 79915 170998 103498 116168 85471 116998 77390 139373 73513 157498 81995 146313 81995 129668
30474 136354 78449 64098 77598 92543 77515 83544 81335 70466 81335 80316 81335 80316 65119 92543 65119 79043

