34626 49633 36991 43648 38544 45697 41525 42920 39605 44916 37682 44346 39399 45919 37683 45972 37911 45042 37911 49302
31650 42890 34575 39965 39563 37160 38839 32572 37177 35056 36585 36220 38892 36220 38061 39978 37524 38797 38061 39978
39438 50185 37693 47846 43395 46085 44854 44541 41835 41712 41484 42526 38288 44090 41661 47228 37698 44528 39826 43900
38135 44680 39024 44479 37231 39562 36658 43700 42107 38280 39205 40757 38287 41995 37231 40958 35719 40958 36219 40958
31490 40509 33624 38387 34223 37654 34172 38615 36167 39345 33799 36937 35076 37909 33081 37777 31943 38268 33081 42264
44986 60961 45985 56243 47657 57544 49968 53907 51555 50047 49938 53790 49938 54691 46974 57912 46974 58416 46974 58377
40783 55268 41502 51804 44819 52733 47708 49211 48658 51641 45790 50430 46980 50921 43318 52733 43533 54890 43693 52733
36652 49671 38487 44768 38064 46698 39247 42326 41367 43146 39686 41152 39410 46075 37316 46698 38647 46698 38522 46698
30474 48432 31988 38674 31829 38945 38613 37376 37739 39588 37347 33823 37347 33823 35049 39830 33001 38895 33843 39830
33934 44300 39270 39210 36551 46092 36456 41113 39437 36835 38682 37343 35835 38980 38551 43058 40507 43065 38551 44593
33567 42492 36804 38847 36648 39917 37433 37210 38321 39929 37716 39980 37614 42462 36298 39917 35721 43960 36298 39917
31680 41321 36274 39024 35724 42838 34877 41302 35629 38563 33464 34967 40465 41788 37631 46651 37393 46651 37539 46651

