34626 151593 50346 74197 52023 67621 59640 55635 51191 62526 48799 62526 48799 64912 50346 62597 50346 62597
31650 119541 62221 46272 39926 61541 51450 53945 47975 49941 39021 60331 39926 61541 43250 51299 50621 51299
39438 162649 48632 60220 55900 62839 58178 59169 58178 55217 54992 63901 55771 72539 63972 60939 63972 60939
38135 140341 47074 40765 49074 62353 53398 51203 50688 65450 43281 70354 54881 65450 49074 61335 49074 61335
31490 195347 60978 48439 51870 81922 65106 71874 58441 68819 48768 69383 48768 69524 51870 64316 51870 66290
44986 172064 66917 55840 50430 83665 72065 66917 65574 72065 53974 70647 53974 82247 50430 79786 56586 79786
40783 181528 61070 63983 51312 88728 65528 75583 63983 74334 52383 92355 52383 92355 51312 85221 51312 87183
36652 212787 61632 69968 46768 82398 70798 66411 58368 70798 58368 73113 46768 84713 48668 66411 48668 71452
30474 121154 50111 45187 43658 52627 52912 53167 52742 54015 41397 62049 41397 62049 55258 53674 55258 53674
33934 157302 52156 64812 45599 75664 64128 69483 58151 53897 58151 63860 44166 74917 49042 68734 48917 68734
33567 236456 51184 64994 44804 91674 53832 64269 55026 66119 46075 77719 47306 79930 45314 68367 45314 68367
31680 179174 60695 65500 50023 71672 57205 61725 59970 55578 48370 63225 43487 81647 50023 63381 50023 61725

