34626 69407 44151 50486 42911 53676 49260 46052 51259 47326 48084 49260 42540 52435 43087 46731 43087 50179
31650 53875 41710 41175 38831 49646 41175 40194 41175 40121 41175 44885 38831 49646 41175 48130 38831 46544
39438 68569 44492 52411 45070 53059 50842 46557 46545 54476 45129 49601 49732 49791 47029 49154 52884 50511
38135 61482 42109 47788 44381 46124 47556 46498 46768 45478 45478 47491 38677 47053 40625 47724 40625 47724
31490 70885 44827 46989 45156 48754 48733 47365 46613 43182 46096 52754 47109 50466 42007 51104 42456 51104
44986 79911 53242 60861 48724 67211 54511 65942 56492 54511 51485 65047 51485 68222 50740 65942 50740 63290
40783 78883 48702 56658 54495 69358 57110 56658 59833 53483 57110 65231 51320 63008 50903 59833 49535 63008
36652 83624 57482 49352 43240 65997 53297 57809 48847 55228 46415 63832 46177 63743 46415 60450 46415 57986
30474 61682 42786 41104 36298 49832 40035 40035 40035 41242 40035 44874 40035 44874 36436 44026 36436 44279
33934 68549 47072 42215 41592 53173 39350 53733 45888 40223 37795 49000 37483 49062 40596 56908 40596 51118
33567 77870 48994 53992 41519 59929 49223 54683 47194 50369 48607 53833 44456 62524 44513 57334 44513 59929
31680 71975 47458 50937 39182 57316 47584 55019 42366 42368 45081 50730 42469 56282 44691 49233 44691 45356

