40783 41311 40827 41003 40915 41179 40959 41003 41047 40959 40915 41003 40915 41091 40871 41047 40871 41091
36652 37268 36828 36828 36696 37004 36740 36872 36696 36916 36740 36916 36784 37004 36740 36960 36740 36916
30474 30826 30055 30650 30650 30397 32348 32348 32348 32348 32348 30650 32348 30650 30562 30397 30562 30397
38135 37650 38311 38311 38223 38267 37386 38267 38311 37342 37298 38355 38311 37386 38311 38267 38311 38267
31490 31591 31151 31710 31666 29877 29921 31710 29879 31948 30344 31710 29835 31754 32600 32600 32644 32600
44986 45470 45074 45206 45030 45294 45118 45118 45074 45118 45074 45250 45074 45294 45418 45206 45418 45250
34626 35022 34758 34802 34670 34890 34846 34670 34802 34802 34758 34802 34714 34846 36608 34758 36608 34802
31650 31958 31738 31782 31782 31738 31782 31694 31782 31738 31782 31738 31782 31738 31782 31738 31782 31738
39438 39541 39233 39614 37208 39570 37296 39614 39658 39189 39570 39101 39614 39614 37208 39614 37252 39614
33934 34330 34022 34066 34066 34154 34066 34066 32635 34066 32547 34154 32547 34198 34022 34154 34022 34154
33567 34183 33699 31574 31986 33831 33713 33831 33821 31583 33777 34376 32030 33889 33743 33831 33743 33889
31680 32208 31856 31900 31856 33813 34647 34735 31856 30771 31812 33244 34559 31900 31812 31900 31812 31944

