34626 55759 35564 45563 38369 48136 42152 42499 39434 44144 36173 43447 36173 48072 38111 48135 38535 48135 38111 48135
31650 48270 33753 34156 34704 35474 34917 32119 35331 37750 37719 36958 39465 38685 33873 38590 33396 38590 33873 38590
39438 57668 38075 50508 41707 46322 39551 43692 43603 43353 40443 44388 42859 46142 45816 45805 41001 56465 41001 45805
38135 51664 38408 40354 33412 38981 37555 43789 38796 38938 36409 40490 37636 41239 33514 41883 33514 43639 33514 41883
31490 44803 31806 37153 32974 36871 36154 38450 34850 36113 32692 36334 33835 36433 35473 39543 30702 37987 35473 40412
44986 68608 45378 55287 46318 59206 50046 55978 49489 49022 46747 54496 46747 57678 45378 59793 45378 59793 44986 59793
33934 49858 35309 41877 43859 47253 38040 39722 39466 35449 35347 36462 34688 40776 41407 44703 37257 46073 41865 44703
33567 51195 34005 40068 34198 43130 35112 35828 36994 37432 33201 39276 33950 40930 33917 40282 33917 42490 34521 41824
31680 53365 32605 40531 35660 49267 32129 38350 35582 34920 36969 38122 39647 46538 33845 38561 34263 41751 34263 39797
40783 62201 42355 52094 44040 55738 46650 50398 47402 47680 45685 49556 47073 50587 44826 61238 42345 56580 45763 61238
36652 55900 36778 44521 38821 49442 40878 39985 43215 41880 38936 40774 38416 44352 37339 48517 36288 47906 37339 47906
30474 45186 30547 36182 32194 35150 34555 34085 33263 34914 35046 33445 35046 34827 31349 39035 31349 34219 31349 39035

