34282 62952 36353 37888 37033 40652 37461 41573 37676 41252 35446 38742 35446 40652 41252 43109 41252 40278
36124 55550 34286 39629 32186 41465 34191 43804 38771 34416 36541 45044 32450 45044 31089 43804 33761 43804
34019 60355 40285 36249 39428 46118 40285 38479 40285 41658 37790 42939 37198 42939 41658 40709 41658 40709
35812 55348 35812 38151 38042 40273 40272 40272 40272 40272 38042 42502 35812 42502 35812 40272 35812 40272
35623 62383 37853 37853 37853 44543 40083 40083 40083 45976 41516 42313 35623 44543 41560 42313 41560 42313
35171 66345 42637 42683 37401 45350 42876 39631 40890 39631 37401 42055 37401 46321 39631 41861 39631 44091
36319 48938 38549 34385 36086 34385 37147 40779 39189 36086 36959 38316 32687 38316 36319 40779 36319 40779
31965 56495 36425 34195 33478 41971 36425 38655 36425 36425 34131 38655 34131 38655 36425 38655 36425 41971
48554 70854 53014 50784 50784 46293 46293 53014 46293 46293 50784 53014 50784 53014 53014 53014 53014 53014
32478 59795 34708 35335 35231 34948 38003 35787 35231 38226 35473 38364 33800 38226 36938 35787 36938 36799
39432 48352 39432 41662 39432 43892 41662 41662 41662 43892 39432 43892 39432 43892 39432 41662 39432 41662
31563 47098 33793 42369 36431 44599 42369 33793 33718 33718 34207 36023 34207 36023 36431 33793 33138 36023
34525 53596 36966 33384 34577 34482 34435 35063 33526 39966 33526 40096 36605 38554 39196 41215 39196 38985
34238 50449 40998 36468 36468 41834 41834 40928 43046 39604 40816 39514 38370 39514 41540 40928 41540 40928
37571 59175 48290 39801 40710 44257 45440 41823 44254 39592 44254 40362 39801 42170 40710 41823 37571 41823
37533 50913 39763 38939 43181 38939 41169 41993 45411 41169 43181 41993 43181 41993 42475 41993 42475 41993
29190 65543 32538 33567 33788 40756 37134 35880 33791 36425 34497 39004 33076 42265 31949 35880 31949 35880
40905 54356 36573 47595 36763 41466 42937 45365 39702 38590 36664 40820 40707 40820 37837 47595 37837 47595
42444 69146 43445 46499 42509 50364 50422 46904 50422 48134 44563 46846 44562 49134 44265 46904 44265 49134
44174 58596 42672 47267 49687 48634 48634 48634 48634 51917 46404 48634 46404 48634 49687 48634 49687 48634
28434 62971 35307 30710 31765 36015 34071 34342 31901 38501 33438 36633 34237 36633 36782 36272 33905 36272
30230 63833 32836 33465 32738 37045 36696 39958 37296 38488 36564 40592 36564 37421 35847 36418 35847 36418
31480 53378 33710 33710 33424 37066 35121 34420 35420 34250 33190 34544 32020 35656 33659 36059 33659 36059
46535 66605 43403 48765 41173 41173 50995 50995 50995 50995 48765 50995 48765 50995 41173 50995 41173 50995
33336 60859 38118 40026 38804 40789 38649 41477 39520 40879 37290 42256 37290 44486 38804 41477 38804 42256
42469 62539 44699 46929 45124 48901 45079 49159 45079 49432 42849 49159 42849 51662 42469 49159 42469 49159
36565 56440 35935 38795 38165 39722 39050 40758 41025 37212 38795 41025 38795 38600 36034 38795 36034 41025
39259 64867 43719 39259 43719 49257 42455 41489 43719 49257 44107 42455 44107 42455 43719 42455 43719 42455
34820 58824 35338 34985 33988 38302 34682 38145 34682 34391 34942 38302 34942 38302 33643 36070 33643 38300
31860 58157 38550 34389 35621 40278 35469 34088 36954 37251 37363 36937 37363 36937 32827 36320 32378 35818
35292 63119 35151 38235 35904 35210 37876 40465 36617 34903 35904 37179 35459 38745 38134 40465 38134 40465
31043 59805 36316 33694 33589 37505 33919 36316 34960 32836 33634 40489 32730 39963 33589 37733 33589 37733
39929 52194 42586 35420 36584 44389 44389 42159 44389 44389 42159 44389 42159 44389 36584 42159 42586 42159
31795 64122 36096 36253 34407 39629 36299 36713 36751 34989 34295 35886 34295 38943 33731 36255 33731 36255
33099 67086 35552 41606 35957 39424 35079 39789 40540 39375 33274 40228 32082 42019 34966 40915 34966 39789
39602 59672 41832 40616 44062 43336 41832 41832 41832 44062 39602 46292 39602 41720 44062 43077 44062 41317
41231 54288 43461 39169 41231 43138 42942 45691 43461 42942 40025 47949 40025 47949 41231 45691 41231 47949
35684 49064 37914 41981 41981 39688 44211 44211 44211 39688 41981 40144 41981 40144 37914 40144 37914 40144
39796 55406 39796 42026 49467 44256 44256 42026 42026 42026 39796 44256 49467 44256 42026 42026 42026 42026
28522 61375 34141 30707 34252 42483 36185 33899 36185 34212 33955 41996 30752 36406 30752 33899 30752 40253
33754 65658 36988 42253 36572 44459 38214 38754 39854 43996 37624 43041 37624 43041 36572 43041 36572 43041
37520 48941 32517 33632 36705 39026 38574 41980 39358 35862 36194 41980 36194 44210 37038 41980 39268 41980
34927 54709 38305 38163 39093 42764 40463 39387 44917 40463 35932 40463 35932 41617 39886 39387 39886 39387
33928 48816 36158 36817 34939 39047 36158 38388 36158 39047 34715 38388 34715 38388 34939 38388 34939 38388
33497 51391 38011 33697 35727 37957 37957 37196 35927 37957 35927 40241 35927 40241 35727 37196 35727 37196
30222 56759 31536 32950 30469 35442 32588 33794 32588 33225 30414 35372 31756 34332 31355 34168 33863 37286
28586 64734 32850 36249 36452 38327 35832 39036 38063 37443 35772 36983 37383 39364 32408 41266 33691 37372
30475 53998 34540 32949 32398 39001 36770 35546 36770 36770 33561 35669 33561 35669 32398 34935 32398 34935
41798 57408 41798 45167 41798 45167 46258 46258 46258 46258 44028 46258 44028 46258 41798 46258 41798 45167
44901 71524 47131 49361 46994 51454 51454 49224 47131 51454 44901 51591 44901 51454 49224 51591 46994 51591
33934 59099 41583 40937 37359 38060 38456 41373 43201 39318 39602 37277 38334 38821 37359 40624 36476 40624
33567 62900 35234 36884 35672 42504 35814 36159 35814 40549 33584 42543 33493 45223 34837 40257 34837 40257
31680 58088 40636 34221 35040 41781 35157 35837 34229 34435 33600 38053 33600 39309 34384 35823 34384 35837
34626 59957 35632 41316 39860 41316 36701 36895 36701 39758 35658 41021 35658 41316 35632 39086 35632 39086
31650 47260 34111 36902 34711 34111 33880 33880 33880 34111 34974 39434 34711 36110 33880 33880 33880 33880
39438 59225 38766 46165 46519 37562 41492 38517 41492 40005 40288 39792 39262 44429 42518 42199 42518 42199
40783 67543 43013 45243 42656 49703 45243 47473 45957 50328 43013 47473 43013 49703 42656 47741 42656 49703
36652 66152 42892 42451 41882 46342 44112 41112 41882 43342 40043 43342 41882 45572 39298 41112 39298 43342
30474 46277 32705 32704 32704 33324 32450 34427 32450 32705 32281 34427 32281 34427 33449 34934 33449 34934
38135 52977 35008 37010 38621 37010 38593 40494 35109 39110 35976 39110 36141 38371 35461 42595 35461 42595
31490 58600 33130 31980 34869 39987 34937 38624 35078 33600 32848 36864 34446 35877 34869 36394 34869 38180
44986 69516 48177 46470 44986 51676 48177 48177 48177 50930 45947 49446 45947 51676 44986 51676 47216 51676
32056 54671 35004 31704 34286 35370 34285 35306 34285 36516 33694 38746 33694 36742 34286 38746 34286 38746
33162 57716 37646 35392 34864 39852 37622 35392 39876 39852 37646 39852 37646 39852 37646 37622 37646 37622
30492 54107 36867 39917 32867 34810 37970 37182 35417 35267 33187 38356 33187 36757 32724 34952 32867 36229
29281 57081 31252 31511 30949 36586 33741 33741 32345 33856 29237 36546 29237 34988 29857 35971 29857 35241
34495 56692 34923 38955 35222 38870 37452 38955 40673 34103 38657 38572 36427 37890 35222 38955 36407 38955
34281 58811 40114 36293 45345 42491 38623 36511 38241 50522 41975 38616 36829 39216 37494 38623 37494 38623
39666 51824 39666 39666 41896 49515 45761 41896 41896 49515 39666 52770 39666 52770 41896 41896 41896 41896
29448 52638 31624 29993 33909 33273 31786 36138 31440 30637 31282 35765 31282 33886 33909 36138 33909 36138
37488 57558 39718 37488 39718 44178 41948 39718 41948 44178 39718 44178 39718 44178 37488 41948 37488 41948
30791 53980 33087 36004 36821 36132 34940 37330 36660 39894 34430 37672 32995 36352 34338 38952 34027 38952
36486 50677 38716 38716 38716 39955 40222 40946 40222 39955 35979 39955 35979 40946 38716 40946 38716 37725
33145 52047 35165 30002 36783 36003 32935 35375 38233 34806 32127 35165 32127 35165 37322 37605 37322 39835
34429 58601 35225 39658 36659 43628 38583 37455 38839 39251 38117 41119 38117 43349 36659 38889 36659 41119
33891 58421 33891 36121 33891 40581 38351 38351 36121 38351 36022 40581 36022 40581 33891 40581 33891 40581
42586 58196 44816 42586 42586 47046 44816 47046 44816 47046 42586 47046 42586 47046 42586 47046 42586 47046
34040 61970 36680 35060 33100 40500 36770 37290 35710 38920 36010 38120 35350 42480 33020 37460 34550 40770
31667 58427 33612 33813 33897 42817 36127 36127 36127 36127 34279 38357 34279 42817 33897 38357 33897 38357
31462 54003 33692 33336 35922 40554 34461 36038 34461 40554 36554 38152 36554 36423 35922 36038 33692 36038
33135 57998 34574 37364 33554 40244 35461 37595 37824 36575 34948 36946 33880 37595 34993 37595 34946 35365
44703 58083 45799 46933 53801 61072 51049 46933 56031 51049 46531 49163 46531 49163 44703 46933 44703 46933
52294 52251 41101 54524 39655 54524 41885 54524 41885 54524 39655 56754 39655 56754 39655 54524 39655 54524
29351 63136 34697 36558 32741 38743 35317 34559 34858 40203 39089 38824 33814 37744 34123 37547 32480 37547
40273 59449 40273 46069 40273 52975 43839 44733 42503 52975 37828 48299 37828 52975 48551 44733 48551 44733
34736 56287 37252 41546 36852 38057 40344 39196 37711 38566 35768 41772 35768 41772 36852 41426 35768 41376
44302 62142 44302 48762 39747 50992 48762 48762 47509 48762 45279 50992 46532 50992 44302 48762 44302 50992
35121 46271 37529 37351 35121 39581 38940 38940 38940 39581 36710 39581 39479 39581 35299 38940 35299 38940
47132 67498 51592 51592 49362 53822 53822 53822 53822 51592 51592 51592 44199 53822 49362 53822 49362 53822
40297 53775 37837 40067 35453 42297 44757 46987 39904 37529 43243 46987 39904 46987 33784 44757 33784 44757
38263 56103 38263 40171 38263 42864 48922 42723 43185 46052 40955 42723 38120 42723 38263 42723 38263 44953
29235 57012 35057 30794 30661 41717 36825 35665 36825 37287 33464 37287 32891 38356 31977 34586 31977 35924
46392 64422 48622 51042 50566 48812 52796 48622 52796 51042 48622 51042 50566 51042 50566 50852 48622 50852
29913 48683 33432 33355 33673 34691 32678 32996 35585 34373 33355 35226 33355 35073 33673 34373 33673 34373
35324 51593 39784 35324 39784 40067 40067 37554 37554 42297 35981 42297 35981 42297 39784 42297 39784 42297
28766 58784 30996 30995 32474 35663 33435 34774 33280 33592 31134 36187 31134 37893 32702 34774 32702 34774
39806 68302 42036 44640 42036 46495 48726 46496 46377 46750 46166 46496 46496 48726 42036 46496 42036 46496
44456 68986 51146 48916 44138 47834 48916 48916 45220 51146 45220 51146 45220 51146 46686 48916 46686 48916
32644 51991 36830 36011 30805 40414 38853 37115 36666 37048 34481 39278 34481 38184 36666 37104 36666 37104
32255 46360 32980 30750 32980 34565 32980 35210 32980 34565 30750 36715 30750 36715 30750 35210 30750 35210

