34626 71694 54002 57039 51287 61171 59494 54459 60584 61751 58192 59037 53937 60268 50655 60843 57161 54904
31650 58775 47754 47150 43826 58421 50951 43275 46297 46796 46297 50671 43826 58421 46297 53995 46297 53995
39438 77603 67748 66017 59979 59503 59908 60404 64936 58228 58492 61749 53272 64279 61659 66191 59979 64105
38135 69008 52798 52799 47181 53899 52282 49702 51765 54931 46729 56028 47181 55963 47056 60936 47056 53383
31490 82121 57978 56735 52667 58589 55842 59106 60516 56829 52975 63122 56312 62203 56077 59623 53988 64438
44986 87611 68386 71365 53999 79861 68236 70842 65624 64361 61749 76503 57874 80378 60486 78592 64511 75986
40783 87283 53250 75658 52383 75658 60158 67434 68443 71783 60158 72378 60158 76977 56283 71783 56283 71783
36652 98928 62293 59783 50550 78386 62589 68204 70322 62293 56265 74750 50550 78386 55315 74156 56027 79276
30474 67982 50161 44501 43824 58990 46710 54460 46710 47814 43204 54460 43204 54460 43799 60232 43799 58989
33934 75549 58494 53014 47241 61433 50196 59628 54355 51894 51629 60813 52563 60813 51629 57262 45217 59053
33567 88286 61666 63769 50442 76661 56303 65870 54604 67212 58120 65036 51054 76661 52141 76661 59207 76661
31680 79628 62836 61027 51157 62628 54259 59582 58806 60252 54001 59735 52243 70175 57824 61699 53743 65574

