34282 69582 39832 47752 40885 53142 44388 49976 45012 44710 42272 43961 42272 49441 42220 52716 42875 53020
36124 63067 39833 42531 35926 51725 43246 48584 43267 46416 38741 41807 39143 44547 38025 48584 33424 41807
34019 66475 41815 39075 39938 53691 44290 45864 44290 48158 41550 48158 40263 50459 39075 47295 42678 50686
35812 59938 41159 41292 38552 52252 44032 44101 44032 44032 41292 46772 38552 52252 38552 46772 38552 49512
35623 68503 41103 47988 38363 54803 43843 43843 43843 47249 41103 46583 41103 52063 38363 43843 38363 46583
35171 76291 46325 45161 43413 57091 42420 46325 45473 43391 45473 48142 41861 51611 43391 48871 46131 48871
36319 53018 39059 37635 37106 46991 37635 41799 40209 39846 35821 45326 34761 42586 40269 44539 40269 44539
31965 62105 37445 37445 37908 52231 40121 40121 40121 40121 37381 42925 37381 42925 37445 45538 37445 45601
48554 75954 56774 48817 56774 52793 50053 50053 56774 50053 54034 50053 54034 50053 56774 59514 56774 56774
32478 63423 40718 36284 36575 37946 41189 44044 40435 41868 37172 44608 34925 43667 37958 43521 37958 46261
39432 50840 39880 44912 39880 47652 42620 42172 42620 44912 39880 47652 39880 47652 39880 43594 39880 44912
31563 51178 37044 33005 34303 41225 46129 37043 37457 46129 35148 43657 35148 39784 33891 37043 33891 37043
34525 65257 39886 40005 38484 42002 41685 39121 40705 39384 36144 42763 36144 42545 40525 41626 40525 36522
34238 54529 39718 39718 41326 48844 40013 42458 41620 40624 38880 46104 42709 46104 42050 45198 42050 48844
37571 64275 43999 43051 44470 57741 45208 45583 45165 51565 40451 43895 41730 55516 44764 48323 44764 45791
37533 53973 43871 42189 45921 44610 48661 43013 47131 43013 47131 51401 47131 51401 45215 46224 45215 44929
29190 67834 41046 42164 35042 53704 43786 40792 40003 43293 37263 49264 42120 52004 37605 40792 37605 40925
40905 59456 43099 42199 42512 52227 42541 44079 43099 40490 37172 48831 42004 45493 39772 51865 39772 51865
42444 75266 45126 56144 46813 59282 50535 53404 50535 48557 49435 57667 46402 53744 46100 53920 45994 53920
44174 62676 48287 49654 49371 55134 49654 49654 49654 55677 45412 58417 50197 55677 50197 52394 50197 52394
28434 70621 35813 39745 36565 44796 37315 39241 36702 38598 37667 39486 32947 40203 34667 42091 41084 39574
30230 70973 39559 39704 39097 41001 38682 47148 40814 38532 37867 42194 37867 45328 37278 49888 37278 45372
31480 57418 39936 38590 39878 45698 44722 43270 41748 39924 37184 44361 34561 41456 36835 40530 36835 40530
46535 71195 54755 41850 41683 46474 54755 53164 53164 54755 52015 57495 52015 57495 52015 53164 54755 43734
33336 67489 44525 44296 42564 53789 40800 48997 40179 45659 37439 47621 37439 47840 42564 51737 42564 51737
33891 64031 39371 36631 33891 50331 42111 42111 39371 42111 36631 44851 33891 50331 36631 47591 36631 44851
42586 61766 48066 45326 42586 50806 48066 48066 45326 50806 42586 50806 42586 50806 42586 50806 42586 50806
34040 73560 41460 40400 42800 48560 42600 41120 40680 40560 41920 46620 40460 46620 38840 41640 39340 44420
31667 64547 39578 42627 35522 53587 39182 38658 39182 43434 39182 43434 39182 48107 35806 42627 35806 42627
31462 59103 36942 40451 41315 48383 38675 39393 38675 45643 36031 41796 36031 41224 36942 39393 36942 40405
33135 65180 38568 36204 36989 44610 39082 41355 40707 38384 38987 50504 40381 45308 41541 41355 41541 44095
44703 61143 49559 50183 54985 57771 55973 50183 49781 55973 47041 53193 47041 57549 57051 50183 46819 52923
52294 55821 44861 60514 42121 57774 45135 47875 42395 60514 48034 60514 48382 47875 44861 57774 44861 57774
29351 71296 40117 37691 38868 52922 41949 39051 45291 42307 41448 44512 37074 46513 39849 42121 41155 41137
40273 63529 49448 49829 45753 51110 46231 54505 42795 47634 38338 49829 38338 51110 45753 49829 45753 49829
34736 62642 40400 39345 39919 49642 40494 48632 43701 42612 43701 45698 43701 45640 38221 50501 38221 43588
44302 66222 45334 51269 45789 55262 55262 52522 48763 52522 46023 55262 47042 58002 42487 52522 44302 55262
35121 48821 38549 37861 36275 43341 40601 42700 39960 40601 39479 43341 37861 43341 35809 40601 35809 40601
47132 73108 55352 52612 48364 60832 52929 58092 52929 55352 50189 58092 48364 58092 48364 60832 48364 58092
40297 58875 41723 42514 40649 52047 50823 43908 49233 55904 37909 52010 40570 44539 46966 51257 37909 53997
38263 60183 41028 43790 40860 52010 46483 46483 46483 46483 43743 52552 41191 46483 40860 46483 40860 46530
29235 63279 37846 36784 33514 47606 38153 36116 36647 40396 34249 43103 33600 39525 32983 36116 35570 36647
46392 68502 53769 56118 47898 54802 54802 54612 54612 54611 50638 54802 51872 54802 50566 54802 50566 57542
29913 53273 36923 35636 36095 41701 38835 36756 37396 37583 37306 38133 32423 39037 32653 35393 32653 38912
35324 55673 43544 43317 43544 44713 40577 41971 39244 43317 38064 46057 38064 46057 43544 44713 43544 43317
28766 63026 35521 37717 33428 42484 36222 36986 39360 36567 34946 42078 34946 40823 36462 39044 36462 41784
39806 76816 46676 50167 49762 56245 53506 56246 50766 56246 48026 56246 48026 58986 46676 56246 46676 56246
44456 75253 53333 55416 46194 48854 49048 52676 51788 58156 49048 55416 49048 58156 53333 52676 52676 52676
32644 57536 35888 34084 39887 50833 38567 44369 36871 42667 34131 40104 36655 41320 37576 41629 36367 37802
32255 49930 36230 34995 36230 38970 38167 37735 34777 33490 32037 40475 32253 41710 32253 38970 35585 38970
33934 64199 37735 40910 36613 46702 42467 45770 44147 38918 35865 40972 35928 45519 37360 44894 37360 43091
33567 70040 39708 44453 41279 56014 38067 43169 40989 39574 36834 45054 38249 55993 39700 47267 35009 50534
31680 64718 42122 41967 36389 54271 39642 42281 38661 42225 37316 41867 41036 50756 38919 42640 36488 42640
34626 65186 41944 46006 41267 51066 41364 40655 44007 44780 38624 48294 38624 50260 38786 42846 38786 42846
31650 50830 37130 34390 34672 41121 35641 35089 40474 38381 37130 39588 38166 41121 36149 37130 36149 37130
39438 64219 43148 46031 42016 45110 45492 43786 44069 46505 42866 45960 42512 45018 42752 42277 42752 45017
40783 73663 46502 51743 45906 66330 52630 52521 55370 55493 49003 52521 50252 55261 47566 57223 47566 57223
36652 75011 44932 44646 41301 57504 46128 54872 43388 48987 42062 50352 39868 55061 42370 50352 45110 50352
30474 51631 35214 38479 38480 39824 35555 38187 35555 39011 35555 38441 35555 38441 37059 38694 37059 39438
38135 57567 41485 43321 41355 40260 40998 43679 40998 42934 38809 42641 40998 45316 39613 43679 39613 40810
31490 65728 39912 38112 35747 46271 37609 42450 37280 37891 36232 40100 38394 40193 38629 39710 38629 39710
44986 75126 49197 53206 47876 61426 50466 57417 52012 53206 49272 56522 49272 58686 47854 57417 47854 58686
32056 60281 41806 34443 37486 45120 36092 39066 36092 37958 37536 43016 34580 48496 34796 41806 35772 41523
33162 62306 40386 36400 41228 46862 41382 41382 43126 44122 40463 44122 40463 46862 40386 41382 40386 41382
30492 60067 37179 38003 40512 40248 40603 43367 38667 40627 44411 43767 46631 43767 39970 38712 39970 42729
29281 61748 42100 32794 32176 44634 37501 35897 35691 38636 32018 37653 34607 44221 32176 39465 32537 42983
34495 63322 40677 42715 41722 48150 40603 45807 41893 43140 39281 41573 37660 44388 39900 45455 39153 45455
34281 65523 43364 40589 42163 52751 49312 40698 45656 41791 43418 44858 40589 43395 48241 40698 43538 42893
39666 54884 42406 46575 45146 56015 49526 42406 47185 50535 44445 53275 44445 53275 45146 41884 45146 56015
29448 58248 35577 32730 33915 37463 34992 38794 35737 37195 33212 41008 33212 40249 34880 40028 34880 38206
37488 62148 42968 42968 42866 51188 45708 44389 42968 48448 40228 48448 40228 47129 40228 47129 40228 47129
30791 61667 38701 37215 38950 41691 40582 38763 37215 38411 38723 46751 37024 46394 37822 41565 36148 42444
36486 61146 44706 35282 39226 50186 42210 44706 42210 39470 41966 47446 41966 44706 39226 44706 39226 44706
33145 51923 39836 32742 34225 39253 39435 35885 37863 35887 37457 41816 37457 40197 43161 41365 43161 41365
34429 64211 41549 38654 40500 53378 42165 45389 40316 43519 38987 49204 38271 50638 37169 48129 38321 50638
42469 67129 45209 49769 43552 55401 45589 51676 45589 53192 47712 55932 47712 55932 45124 56169 45124 56169
36565 66809 44785 43559 36774 44056 45346 46748 44617 42870 38232 44673 39337 47413 40699 46748 40699 46748
39259 69457 47479 41999 43533 55757 43378 47479 41473 55757 46273 55757 46273 55757 54398 48955 43533 48955
34820 69281 38126 40693 38349 44741 39113 39830 41853 38646 44593 40891 39383 43631 44646 44645 44646 41361
31860 61794 39980 35988 41324 46003 38484 37983 42171 39728 36489 42017 36489 42017 39281 42568 39281 42568
35292 63571 43785 37250 42753 45470 38557 44735 38911 42458 37394 44441 38649 42874 36535 43168 36535 40428
31043 66435 40376 36251 35438 49995 39279 45556 37636 42229 37636 50931 34099 50223 36295 45556 39279 44743
39929 56274 45409 37094 37094 50889 48149 45409 48149 41837 42669 45690 42669 45690 39834 45409 39834 45409
31795 68648 40231 40391 36511 44242 39957 42076 40182 38827 38459 44026 38459 42292 37763 39580 37763 40447
33099 73182 39550 46908 37859 54112 38875 47207 43303 43303 38237 49725 37221 47880 39961 51639 37902 46386
39602 64262 45082 47822 45082 50346 44866 44725 42342 46767 39602 47822 39602 47042 45082 47465 45082 47817
41231 57858 46711 43971 39169 49638 46702 46015 41909 46702 43971 51709 43971 51709 41909 46898 41909 46898
35684 51303 44721 37968 44721 43448 44721 44721 44721 40708 38244 43448 38244 43448 44721 43448 44721 43448
39796 58976 45276 42536 49977 50756 45276 48016 52717 48016 49977 48016 52717 48016 49977 48016 49977 45276
28522 69286 40598 44424 37414 48069 39909 37766 37767 37968 34429 42254 32378 43448 35531 42313 35531 42313
33754 72798 42117 43782 40903 55571 43301 48331 42704 51071 39964 51516 39825 54256 40111 48331 41633 51071
37520 61937 41790 35495 40260 39926 37485 41824 39954 40197 37214 43028 37214 45586 37124 42937 39050 42937
34927 59299 38815 41923 38815 49264 41923 43147 38699 44223 41053 44223 41053 44223 43198 43147 38815 43147
33928 52386 38684 39557 35944 44888 37965 39408 37965 39408 36668 42148 36668 44888 35944 42148 35944 42297
33497 54961 41261 39959 36322 44457 38131 43410 39687 39654 36947 41717 36947 41717 36237 38977 36237 39687
30222 63389 34537 39438 35566 43917 36902 38438 36483 38354 36362 38931 36863 38437 34369 41178 34369 43382
28586 72736 40523 37469 39104 50641 40877 48082 43576 44540 38312 43388 37252 49003 39019 43262 42510 43262
30475 61056 40530 38388 36199 51626 41679 36689 41679 41128 38940 41005 38205 39353 36601 36689 39918 36689
41798 60978 44538 47278 44538 50018 47278 47278 47278 47278 44538 50018 44538 50018 44538 50018 44538 47278
44901 77644 55724 55724 47504 61204 55724 52984 50244 58464 50244 56601 47504 61204 50244 58601 50244 58601

