34626 208593 100409 122675 108295 163271 119321 111776 111306 121578 110938 128883 118740 130044 118740 123706 96346 135073
31650 165141 133790 94731 80226 147841 113241 96621 90124 95941 73202 114148 80226 146255 80226 116489 80226 116489
39438 225349 153600 123320 135592 131556 152892 123814 112769 118504 135592 159548 118717 152891 137291 132406 152892 116521
38135 191641 112311 99333 93074 113277 96753 107270 105592 110311 109083 128772 83581 130578 110374 115665 95720 117278
31490 275147 130872 143374 116157 169560 144788 144600 132987 132423 115781 167963 150287 148407 129838 150193 128992 150427
44986 234764 96886 131486 92402 168547 128575 128874 128874 113365 96886 151247 96886 168547 96430 149308 114336 149308
40783 249928 116702 161883 124789 198028 139293 144583 144583 180728 109983 196066 107489 178708 101899 180728 103981 180728
36652 298287 166808 137486 106090 226298 122897 156268 125939 157098 106429 222089 111942 208998 131201 191698 117044 191698
30474 166754 106535 85007 92798 145295 93395 131135 113835 95857 96535 111287 96535 111287 89658 114429 89235 114429
33934 220002 133502 98403 129330 151672 112778 126902 113274 112279 102327 132442 102327 132442 112030 151611 116576 147190
33567 333356 171387 152454 138646 223286 138683 176569 153832 145713 136532 158445 118374 208668 126856 229556 124898 189919
31680 253274 141722 134447 130363 168995 141722 146529 137393 146372 116424 146372 112030 170080 113323 138466 113323 135791

