34282 44915 36367 43174 41202 41825 40871 41359 38601 40562 39528 42800 40086 40390 39554 42441 36901 44231
36124 37703 35727 41886 35884 40952 32353 40616 43386 34427 36486 46710 34891 44712 34552 40952 34552 39545
34019 44569 35828 43045 38696 46169 41107 42632 41252 40443 39987 40971 35450 43205 37939 44969 35715 45557
35812 46918 40045 43789 36682 46048 41302 42505 42505 42400 39790 44245 36682 46048 36682 46182 36682 43242
35623 46673 38927 46235 38829 43467 42089 44126 41089 42089 41557 44586 44997 47956 39163 48563 39163 46373
35171 50081 36947 43335 37681 43476 41051 42373 44843 41630 39371 38725 43533 44799 43008 43341 43008 43341
36319 44211 38127 42121 34700 42942 38815 38808 37615 37876 39283 39605 35652 37722 36203 40162 36203 40162
31965 41880 35882 38917 34767 39078 37285 37742 37146 37285 37146 38080 37146 38080 34175 40508 34175 40508
48554 54987 45280 52517 45321 53184 46992 49840 49841 46992 46652 57146 46652 57146 46652 53184 45759 52040
32478 40767 32626 36138 38398 43559 35293 38143 41341 35402 36523 36755 33386 39144 34670 43691 34405 39520
39432 51658 42128 49874 40378 51658 46604 42759 42759 46604 42702 49931 42702 49931 42702 51658 40378 51658
31563 41351 35787 42583 34502 49179 36732 40386 40086 34502 40334 47416 37517 47416 40667 48131 38393 48131
34525 42114 38342 40658 33208 38480 34512 37703 37979 38182 32896 36198 34424 37529 35037 38741 33821 38663
34238 44855 36066 43028 39513 45115 39293 42412 41561 40781 38655 45115 37587 45115 40581 44237 40581 44237
37571 47036 39601 47020 44512 53351 44868 44800 47327 46701 43924 50813 44604 53351 40269 46524 39988 46805
37533 56571 40343 49392 48180 47125 45052 41174 45965 45052 47861 48654 47861 48654 47015 45556 41489 46522
29190 37429 33388 36017 32761 36329 38090 36332 34898 35728 34541 35964 33561 35811 33425 36258 33629 37361
40905 50412 37599 39630 43362 46522 37985 42977 36306 44296 37501 39430 42367 46522 37820 49125 37820 49125
42444 55608 41374 51576 44408 51651 49419 49181 50381 48691 48943 52166 44246 51651 41251 52193 41251 52193
44174 57870 46422 59287 43096 56428 52758 51359 51316 51382 48857 53035 50111 53035 46422 55622 46422 55622
28434 37083 31405 35271 35590 32617 34381 38865 39185 38390 34150 36511 37540 31594 33081 35065 30163 39399
30230 39607 33001 36779 35338 37420 37815 37017 38980 41023 37346 37749 37453 37749 32400 39644 35250 40942
31480 40401 34509 36846 34565 37806 37117 40876 36268 37117 34613 35024 33908 34012 36572 40568 36572 35837
46535 60964 49578 54246 51927 47942 49691 54247 53487 53446 52230 43982 52648 43982 48362 46526 48362 46526
33336 43678 34936 41315 39788 40331 37524 38845 38075 37623 38641 39215 39788 40515 38924 40331 38924 39300
33891 44402 35907 42386 37816 40477 38463 39495 39314 38515 39882 38360 38100 40193 35931 42362 36086 42207
42586 55791 48161 50216 46974 51403 48556 47529 46935 47449 45630 51403 45630 51403 45731 53458 45731 53458
34040 39514 33320 38376 38981 37115 40130 39907 34951 36321 35821 37353 36663 35615 35525 39765 34166 36968
31667 41489 33614 39542 35152 38004 35506 36173 38046 37079 35231 36532 35152 38004 34298 40551 34298 40899
31462 42984 33975 40077 34953 38795 38848 38953 36740 38019 35309 43150 37423 39152 34953 42024 34953 42024
33135 41289 35539 38157 34883 41718 38010 37098 36860 35831 34158 35711 35913 37245 35982 37088 33487 37088
44703 58565 46750 56983 65167 72702 63014 55082 59462 59591 66572 56582 66572 56582 48593 60406 53701 60406
52294 51950 47792 63618 40129 51950 49038 48966 51274 55301 42573 51950 42141 51950 40129 51950 40129 51950
29351 38007 31277 35393 34052 34461 35557 34090 33830 31852 34639 36814 31640 34047 34113 33255 33352 36055
40273 54512 43145 53360 45395 51636 53365 44268 44388 48593 40874 48884 45767 48884 45689 50807 43766 50807
34736 45509 37260 42407 37868 43466 39610 40627 39833 37417 41411 41078 38612 40694 38469 41002 38469 41002
44302 58040 47446 56167 46456 55886 51753 51719 49918 54225 50199 53414 48928 53414 48257 52443 48257 52443
35121 46011 39970 42190 39170 46011 42315 44208 40089 42315 38261 45171 40129 45171 39296 44018 39296 42990
47132 54984 46737 51729 45854 54842 48860 50852 47392 49406 50066 51679 47584 54842 45596 54558 46035 61326
40297 46546 42220 45490 35936 53724 36756 36178 37637 53083 40487 54686 35818 51703 43477 44702 37555 41215
38263 50127 38889 50432 38699 48261 43929 45602 42690 47955 40076 49074 44587 48261 44587 49074 40065 48325
29235 38306 29604 35780 35844 33653 32626 35842 35505 35089 36326 37489 34578 34744 34421 34308 33108 35429
46392 61026 49040 57370 47629 56689 52335 55160 53776 54806 51099 55542 47629 56689 52949 58454 52419 58378
29913 43699 36986 40068 33864 43897 42260 37974 38542 42260 37593 42664 37593 42260 33502 43897 35808 43897
35324 49568 38001 47423 40236 45571 45376 39106 39193 45376 38608 43524 38608 43524 38302 48008 38302 48008
28766 37001 30255 36103 32137 37374 34911 34329 32440 35015 33099 35582 33178 36941 31678 34259 34055 39059
39806 56071 43719 48751 46493 50478 47922 46638 46283 47076 49073 48394 46493 50478 46493 52377 46493 51870
44456 58243 41376 59990 49052 54048 50297 50268 48430 51368 48933 53911 48908 53911 46876 55823 46876 55823
32644 38544 34857 37150 42186 36323 35334 40237 35437 34751 35548 35836 35518 41160 35788 38698 37161 38698
32255 42256 32184 38851 36250 34785 37531 34689 35617 38898 35550 38226 39155 35739 36250 34785 37155 37485
42469 57725 48160 56125 46125 57766 53852 54818 52114 53923 54251 51628 48398 52706 44880 56949 44880 56949
36565 41807 37830 38911 35206 45484 43262 41464 42541 38837 36850 41693 36014 41693 34520 44244 34520 44244
39259 49778 42756 46673 47751 46523 47899 49801 48294 47899 47751 47869 50402 45439 47751 54078 45612 56217
34820 41479 36851 39323 34751 37673 37055 36416 35962 39075 36206 38590 35618 38749 34438 40148 35944 38371
31860 39585 32049 38311 33642 36190 34246 35949 34853 35433 37114 35538 36600 35402 33023 37900 34557 39483
35292 44981 35939 38041 36291 39461 35459 37135 39071 37622 37195 36499 40969 37924 36762 38103 35758 38833
31043 40376 32105 41368 34416 38231 32698 37708 36202 38407 34992 35726 35592 37815 35773 35726 34432 38035
39929 52312 38551 40920 42446 43644 44557 47609 44049 43410 43235 46918 43235 47633 37737 43786 37737 41734
31795 42249 36187 37629 35770 36147 34703 36591 36276 34669 32758 38300 39503 35915 33797 38479 37135 40754
33099 41443 33822 38900 33930 37793 33741 37456 36823 35261 39926 37805 33278 37695 33246 39204 34283 38009
39602 51884 40673 50813 42081 49781 46029 44607 43152 44989 44839 47799 44839 47799 40673 50813 40673 50813
41231 50671 40479 49531 43941 48997 46683 44918 47564 46683 47137 48997 47137 48997 41939 50987 41939 50987
35684 46749 42184 42904 39103 43434 41566 41764 39953 41566 40519 43575 40519 43575 39206 43862 39206 46150
39796 52135 40932 50999 49875 51805 45727 47558 54269 45727 41810 50121 49875 49754 49875 51805 50681 50999
28522 40551 34054 33338 32956 34467 33175 32591 32138 30092 35956 33780 32024 34891 31358 32932 31206 36786
33754 45828 36921 43871 41521 44795 38652 41868 38822 39774 39128 43798 36636 44603 37073 44795 37073 44795
37520 49155 35028 44191 34784 38706 41373 39287 36469 44191 44665 41218 36711 39969 33707 45474 34468 47748
34927 45759 40458 43151 40973 46810 41831 41653 39308 47010 41636 45062 40923 46186 41218 43151 41218 43151
33928 44448 39415 45636 38663 43328 40175 41966 39325 40175 39190 42951 39190 47796 42100 43328 42100 43328
33497 48539 35498 47721 39711 40284 48874 40593 42895 44562 37447 42500 37447 41346 41076 43040 39459 42153
30222 40468 31179 35493 33095 35606 35899 35000 35990 35421 34721 34974 34799 33741 32881 35002 32938 34731
28586 41629 32264 40213 34133 35490 41131 36764 39830 34323 33268 39343 36036 36618 37419 35963 35180 40297
30475 39525 36659 40374 35638 37057 36431 34059 39162 35349 37681 36431 35790 37342 34488 37057 35691 37057
41798 54759 44824 51733 44763 54130 44824 48043 48043 44824 44313 49004 44313 49004 44313 52244 44313 52244
44901 58647 48238 55330 46369 57042 53043 52080 50305 51931 50879 52979 47545 54968 46947 56464 46947 56464
33934 42828 34915 37542 36125 42572 36629 39709 35570 36994 36497 44630 35401 47122 37161 45083 43033 43644
33567 41082 36437 40166 38304 38833 37502 37531 37584 39430 37159 38994 36406 38833 37165 38833 37191 38833
31680 39951 38135 41616 35486 38626 41699 38439 45776 38663 32582 43745 38794 42508 38775 41980 35238 41980
34626 47982 40105 47463 39920 44537 46589 39705 40043 47229 42246 42347 40460 43997 39920 44537 40665 44479
31650 41464 36237 38910 40679 36533 38025 35381 37564 38208 38302 39191 40679 35925 37376 40875 37376 40875
39438 48517 40888 45211 42688 48288 44641 41721 40606 46637 40920 44532 41183 45499 43643 44530 43193 44529
40783 53432 43122 52195 45752 51219 46997 50052 47660 49836 45098 50425 45098 49615 43494 52029 43494 51224
36652 48022 39191 45316 37539 44745 41188 43033 40241 42316 38741 43840 37539 44745 39253 44745 39505 45169
30474 46823 34707 35867 34798 34260 34197 34707 33434 34408 40504 35914 40504 35914 36921 39139 36921 39584
38135 48696 38870 38934 35732 41173 40950 46152 37886 36174 40229 39662 38351 41935 40396 38446 39518 40101
31490 38301 31876 39575 35601 36701 36337 37045 35132 36846 33953 36825 33507 37614 36217 36244 31585 36006
44986 58938 47996 56715 48183 55954 50890 52593 51973 51930 49059 55446 48272 56233 47789 56322 47209 57201
32056 41998 34496 39601 33200 38181 35943 37617 38314 40286 36176 36915 35264 43880 33200 38181 33903 36737
33162 43447 37742 40018 36179 41169 39012 39372 36470 39012 35407 43447 36012 43447 43115 42823 43115 42823
30492 38560 37131 41269 35433 39504 36466 35700 39318 35156 37429 35937 40976 34519 35436 39845 36030 39845
29281 37958 30739 36397 31760 34359 31183 33681 31848 31929 35109 33368 33284 32835 32232 36759 31131 37914
34495 42159 50616 36109 37049 36384 35192 36527 36465 36944 38852 36620 37625 36149 33264 36384 33982 36951
34281 57425 36652 55918 46829 44117 39784 39366 38496 40682 40975 40172 52025 49232 50029 41221 47625 43252
39666 53830 44020 43141 43042 48185 48942 48702 47715 47144 46485 46639 46485 46639 46134 49761 46134 49761
29448 36404 30216 35257 31770 34657 33114 35949 33166 32139 31506 35873 32779 32891 31555 33501 31555 33501
37488 49114 40374 47477 40029 46639 43172 42720 40653 43560 41945 43969 40029 46639 40029 46639 40029 46639
30791 44776 31863 42313 36256 39563 35354 34410 37748 35255 34255 36551 39164 34301 35394 35360 38262 35785
36486 47800 39734 45701 36326 47475 43429 42430 38933 41781 36396 42930 35302 41284 37810 42226 33050 42226
33145 38835 32787 36184 36163 35768 38900 39078 35618 34509 33432 36600 35339 36600 35720 36463 37459 34959
34429 45106 38308 43373 37610 40043 40012 38785 37736 42579 39461 44841 37640 41749 41331 42383 39933 43659

