34626 78843 42121 51341 41477 62189 48947 45410 45216 50567 42830 51608 42830 51926 43539 52372 43539 52372
31650 62021 43135 35975 35975 49046 40396 43720 45229 44721 40300 47460 44625 49046 36579 41074 36579 41074
39438 82553 47032 50786 50437 49664 55116 51133 49511 45115 42914 53906 50143 53269 49092 48944 49092 53269
38135 74413 45815 45495 45496 49049 45753 46657 45753 50723 42914 48981 40331 53241 41557 46657 41557 45817
31490 86823 46252 42867 38966 51517 43291 48790 44137 42869 42162 48038 43713 48227 41645 44465 41645 44465
44986 92561 52367 57961 51024 70936 53636 65342 55349 57961 51024 64447 51024 66611 51024 65342 51024 66611
40783 92683 49672 58083 48660 75383 53758 60446 58083 63418 57385 66540 49865 64771 48362 66733 48362 66733
36652 105678 52297 50986 43818 70184 52468 64382 48559 56912 43818 57803 42927 65794 45540 58277 49865 58277
30474 71099 39886 34546 35226 42942 40310 42942 43026 37344 40310 42772 40310 47097 40309 43449 40309 48544
33934 80049 40905 46039 42615 55090 48031 51983 45540 43521 37887 50805 41934 50023 42772 51234 42772 51609
33567 100905 46869 49198 41382 70279 45163 51094 45744 44910 40004 55349 41419 65954 40004 55192 38677 61629
31680 85478 46877 48000 43692 68502 42229 50206 46966 41917 37782 47481 40729 63402 45895 48980 45895 48980

