34282 36345 34311 35162 34559 35353 34673 34510 34660 34572 34561 34751 34561 34791 34376 34751 34282 35156
36124 38296 36216 37216 36382 33942 36454 37128 33014 35613 32538 37097 36396 37054 30812 37128 36253 37128
34019 36067 34135 34783 34767 38547 37787 38063 37813 37887 37574 34848 37615 35097 34240 34746 34240 38489
35812 37964 35812 38480 35981 36926 36707 36338 36639 36051 36414 36844 35981 37446 35981 36844 35981 36713
35623 40804 35771 37938 35762 36787 37679 36269 37651 38335 37568 36273 38859 36393 35762 36269 35762 36537
35171 37288 35294 36202 36029 36599 35550 35986 35378 35710 35206 36454 35524 36357 35309 36292 35350 36292
36319 36817 31940 39242 36501 32492 30568 36937 33325 36488 35307 36938 37370 36938 37370 37332 37370 37332
31965 33890 31990 32608 31966 32983 32951 32482 32924 32951 32767 32667 32767 32667 31990 32705 31990 32705
48554 51471 48638 49962 48828 42912 42402 42954 42888 42402 42270 49633 42270 49633 48828 50423 48828 50357
32478 34987 32593 33274 32799 33343 33054 33469 33031 31985 33290 33359 31250 33540 32542 33476 32542 33680
39432 41800 39432 40821 39432 41454 40116 39778 39778 40821 39432 41167 39432 41167 39432 39778 39432 40462
31563 33460 31762 30109 35390 32156 29777 32103 32277 32151 29817 31836 29817 31836 31692 32103 31692 32103
34525 36602 34525 35262 32424 35009 34454 33199 34656 31429 32424 31560 32424 34879 34525 35300 34525 34588
34238 36295 34445 35179 36140 40430 35098 34880 35411 39647 35324 39935 36140 39962 34358 35315 34358 40163
37571 39830 37572 38319 41926 38801 37999 38224 37840 42393 37877 38834 41842 38834 37572 38625 37572 38587
37533 39787 37774 38790 37533 42151 38211 37774 43379 38790 43181 38988 43181 38988 37533 39031 37533 38988
29190 30949 29282 31048 31273 30862 31081 29693 30608 30862 30532 29744 32196 29532 29433 29693 29433 29693
40905 43366 39319 41028 41006 41361 40708 41799 40617 41373 40453 41677 39319 41580 39319 41878 39319 41878
42444 44996 42469 44013 42726 43982 41287 43251 43271 42944 42933 43318 42710 43194 42469 43360 42469 43620
44174 46826 44174 45422 44174 48204 48442 48171 48171 45414 44667 45397 47490 45397 44174 45898 44174 45898
28434 30146 28473 29623 29368 30586 33782 27022 30490 30339 27912 29101 28850 29092 28660 27141 27388 29288
30230 34708 30352 35150 31219 29936 31804 30726 29943 34022 30154 31737 30154 32715 31219 31012 31219 29891
31480 32692 30994 32043 30678 31462 32015 31017 31924 33360 33219 31514 32676 31218 31727 31017 31727 31323
46535 49331 46757 47123 46609 47285 47374 47749 47741 47014 47564 47728 47564 47728 46690 47749 46757 47749
33336 35342 33488 34434 33452 34230 36769 34103 34112 33420 34143 36835 36416 37097 33452 34288 33452 34453
33891 35927 33947 34311 33891 34722 34352 34321 34271 34132 34206 34347 35922 34472 33946 34867 33946 34841
42586 45145 43031 43176 42586 43528 43153 43352 42839 43528 42586 43406 42586 43406 42586 43727 42586 43727
34040 32780 31556 33211 31298 31844 31234 33037 31304 31901 29928 31476 30778 33300 34312 33499 34312 33499
31667 33573 31805 32552 31726 33444 32093 32007 32037 32983 31935 32344 31935 33230 31726 32438 31726 32438
31462 33353 31630 33558 31536 33876 31951 31837 31833 33740 32231 31078 32231 33622 31630 31837 31630 32085
33135 33406 33202 32309 31645 34005 32035 33630 31636 32095 32787 33346 31558 31397 31411 33630 31411 33825
44703 47388 44703 46166 49614 52706 51832 45342 50067 51832 50140 49054 50140 45956 49695 45956 44703 46619
52294 55435 52594 54111 39655 53436 52970 52566 52664 53638 39655 53708 39655 53144 39655 53144 39655 53144
29351 30647 29477 29950 28420 29259 27162 29713 33463 31746 28800 29690 29139 29370 31549 29142 31549 29142
40273 42694 40406 41752 40486 44612 44148 40755 40325 41082 40354 41271 40354 44612 40486 41271 40486 41271
34736 37373 33241 36014 36032 35589 34033 35255 35312 34914 35054 34970 35054 37779 34765 35589 34765 34821
44302 46963 44302 45526 44548 45944 45745 44973 44720 45396 44651 45650 44651 45896 44302 44973 44302 45650
35121 37231 35345 35729 35321 36515 35907 35827 35675 35907 35321 36261 35729 36261 35121 36037 35121 36037
47132 49962 47337 48087 52790 48567 53080 48092 53045 47702 52920 48087 53165 47787 52790 48687 52790 48527
40297 42721 40337 41906 41225 37371 40876 41196 41861 33783 40536 40958 40536 41054 35607 41196 35607 41621
38263 40564 38263 39425 38269 39688 38342 39315 38503 38738 38120 39264 38613 38725 38269 39315 38269 39172
29235 31207 29378 30245 28320 29859 29129 29432 29226 29132 29108 29752 31198 29312 28564 29432 28564 33199
46392 49179 46415 47942 47082 47749 47236 47714 47201 47692 46683 47942 46683 47942 46683 47942 46683 48267
29913 31711 30019 33746 30019 30566 30171 30097 33539 32750 33355 30640 33512 32423 30019 30414 30019 30805
35324 37448 35440 36362 35490 35890 35890 35438 35438 39043 35325 36004 35325 36004 35490 36004 35490 36004
28766 30498 28809 29132 28840 28787 30348 29106 30128 29940 29560 30006 30575 30006 29650 29326 29650 30332
39806 42199 39918 40740 39918 41141 40197 40860 40463 40911 40208 40900 40407 41227 39918 41306 39918 41306
44456 47128 44513 46148 44661 44869 44902 45388 45045 45357 44688 45407 44688 45681 44689 45648 44513 45648
32644 33449 30461 30717 31666 32538 32064 32924 32054 30641 32011 29865 30697 29865 31260 33249 31666 34358
32255 34194 32398 32778 31680 32385 33893 32591 30763 30880 30750 32721 30750 32398 30750 32591 32391 32591
42469 45183 42645 44519 42849 43863 43104 43577 43191 42890 42742 43458 42742 43240 42631 44041 42631 44041
36565 37872 36664 37171 35724 37256 36351 36986 36983 37105 36977 36299 37746 36566 36592 37299 36592 37299
39259 41619 39405 39773 39662 40637 40247 39475 39879 40199 39774 40228 39774 40228 39797 40386 39505 40742
34820 33357 34820 34931 30883 31727 32952 35565 31707 32344 31895 31355 34555 31078 34918 35565 34918 35716
31860 32720 31950 32388 31408 31752 31022 31292 31444 30371 31255 31229 31255 31229 30606 31881 30606 31881
35292 37416 35551 32800 33876 32818 32709 36110 35026 32867 34801 33321 33772 34989 35782 33329 35782 33198
31043 32913 31994 31565 31494 32173 31302 31754 32370 32257 29974 31422 33510 31857 31251 31775 31251 31775
39929 42329 40097 40382 40112 40895 40521 40461 40545 40437 40013 40595 40013 40595 40196 40540 40196 40540
31795 33549 31900 33442 30408 32402 32116 32253 34288 33022 31661 33076 31661 33076 32661 32081 32661 32195
33099 35093 33292 33960 31035 31011 31229 33586 31473 31192 34068 33543 31193 31016 30837 33812 31075 33924
39602 41982 39687 40810 39742 44168 43736 39923 39923 39591 39602 44184 39602 39582 39742 40194 39742 39823
41231 43709 41350 41767 41355 42564 41714 41680 41314 41714 41367 42163 41367 42163 41267 40637 41267 40637
35684 37344 35778 35754 35778 36429 36035 36073 36073 35930 35754 36319 35754 36319 35778 36319 35778 36467
39796 42185 40016 40462 39860 41341 40278 40973 40250 40944 39796 41072 39796 40732 39860 40973 39860 40916
28522 30242 28589 29428 28534 28861 28696 28773 28489 30151 28464 28782 28601 28677 28711 28599 28711 28792
33754 41756 33829 40290 34083 36083 35510 34546 35678 36496 35740 33669 36493 34702 33867 34546 33906 34702
37520 39776 37673 34366 34783 37900 38210 38400 35554 38242 35831 38318 35831 38318 37597 38318 37597 38318
34927 42889 35018 35341 37581 35630 36684 35687 35307 36831 35256 36778 35256 36778 35018 35958 35018 35958
33928 35967 33955 37372 33928 37008 34119 34380 33955 34336 34569 34571 34569 35109 33928 34571 33928 37399
33497 35600 33574 38563 38240 37217 36439 33985 33985 36805 34936 36927 34936 36927 33756 36850 33756 36850
30222 31073 28531 30889 30469 29335 30533 27963 30615 29492 30695 28479 30363 29147 27766 28151 27766 28730
28586 31996 28723 30811 28814 35588 31017 29125 31857 28837 32069 28949 31529 29221 28811 29415 28811 29415
30475 32308 32485 33339 32951 33736 33792 30877 33290 32925 33267 32595 33300 30953 30663 30877 30475 30877
41798 44309 41897 43250 41920 42263 42019 42642 42642 42019 41920 42741 41920 42741 41920 43349 41920 43250
44901 47455 45035 46231 44789 46133 45304 45390 45079 45694 45224 45565 44876 46166 44901 46571 44901 46571
33934 34656 33987 33741 34762 34398 31622 34596 34553 37857 33655 37977 31733 33950 34762 34959 34762 34481
33567 35590 33618 33370 32901 32649 32997 34120 33008 33191 33705 33375 32905 34591 32910 34393 32779 32463
31680 33589 30687 32454 34825 31887 34672 35046 34705 35378 32032 34863 31902 31420 31473 32662 31508 32662
34626 36708 34626 35649 36837 36172 37185 34951 37161 37429 36836 37106 36836 37878 34762 35649 34762 35649
31650 33551 31891 32040 31999 31972 31972 31691 31691 32226 33175 32013 31589 32013 31850 32013 31850 32013
39438 41810 39150 37742 37216 37385 37693 39907 39916 37756 39554 40153 39830 38075 37348 40264 37348 40510
40783 43236 40809 41976 42350 42495 41227 41883 41541 41423 41345 41787 41187 41905 41858 42280 41858 42280
36652 38859 36667 37868 36930 37926 36799 37035 36749 38384 36652 37267 36309 37367 36706 37388 36710 37602
30474 32038 30639 30573 32408 32980 32474 30888 32327 32576 30821 30366 30821 30524 30572 31102 30572 32151
38135 39399 38167 39197 38263 38259 37558 38771 33460 34225 33119 33794 37507 37969 38263 38771 38263 38771
31490 33686 31847 30156 29493 32371 34450 32288 32588 30868 32384 32408 30586 32631 31607 32118 31607 32118
44986 47691 45031 46209 45139 46614 45731 46071 45830 45449 47601 46013 47601 46439 45031 46286 45031 46680
32056 33987 32139 32866 32399 32939 32647 32554 32442 32605 32399 32566 31719 32979 32181 32802 32221 32398
33162 35156 33283 33617 33162 34528 33646 34021 33348 34176 33162 34041 33162 34259 33162 34021 33283 34021
30492 32328 30515 34899 30492 32295 31787 30793 33461 32175 33124 32045 31479 32045 30492 30788 30492 32418
29281 30933 29360 28067 27768 29342 29549 29655 27942 29274 29417 29486 27917 29262 27768 29655 29371 29655
34495 31899 31578 35675 31829 30473 30333 35558 34984 30629 34706 35518 30458 35087 31768 35814 34706 35814
34281 36344 34387 34885 38734 36210 34557 34626 34583 36834 34281 34839 34557 34839 34511 34626 35065 34885
39666 42050 39807 39666 39972 40292 40142 39905 39905 39742 39666 39981 39666 39981 39972 39505 39972 39981
29448 30253 30650 29181 27307 28466 28422 29904 27718 28654 27605 28253 27605 27732 30094 29904 30094 28511
37488 39742 37643 38247 37651 38889 38218 37643 37731 38293 37651 38210 37651 37885 37651 37885 37651 38198
30791 32643 34249 32712 31100 34468 34544 31194 31402 34336 31346 30768 30898 30768 34385 34377 34257 31194
36486 38680 36700 36960 36549 35465 34895 36826 35021 34556 34797 35263 34797 35117 36549 36860 36549 35397
33145 35137 33324 28385 33334 33253 33454 33199 32195 33761 31817 33712 31817 33373 33540 34143 33540 34143
34429 36501 34516 35276 34559 36065 35008 35224 34888 35576 36276 35677 34429 35797 34559 35498 34559 35797

