34626 69423 40949 62547 40475 60991 50280 47130 47144 52646 41782 59168 40965 62314 42821 63701 41035 63701 41035 63701
31650 62838 35615 46200 43923 47460 46634 42606 40442 42385 39887 43700 43923 42599 39887 45126 40699 45126 40699 45126
39438 75251 41359 63639 44158 61958 50144 55607 48686 52104 50596 54751 48812 55770 41498 67477 39956 62736 41498 62736
40783 81164 43545 64562 49269 74099 56830 62268 62739 55653 50025 62685 51249 67389 47280 73284 49167 73818 48340 73284
36652 74360 39246 55957 45718 63615 46946 52432 43858 54727 42689 50853 43131 59661 38934 63438 38934 63438 42436 63438
30474 59805 35332 52230 36626 47197 47162 41893 44725 45404 45237 39130 45237 39130 37531 43725 34331 43822 34962 43822
38135 69342 37830 53531 41073 59653 41931 51283 51070 44471 43328 52082 39297 51315 37496 59653 36371 59653 37496 59653
31490 60894 33299 45838 34678 44107 40384 47266 42870 41290 36437 50561 34204 47491 31372 51903 31372 49330 31372 51903
44986 89527 47277 75630 52230 76969 56584 67633 62464 54946 53776 73401 53776 75913 48015 79176 46954 79176 47203 78565
33934 64686 37210 49701 41793 62790 40908 50469 43231 40403 41070 45583 42492 49594 41793 55068 41680 55473 41793 62790
33567 62399 36296 49283 40915 52637 42337 42695 42136 48598 43141 43880 41789 55033 37881 57940 35664 56396 35446 55371
31680 72823 37948 56564 41291 58615 39989 51309 46107 39585 43909 48935 41943 43555 35946 43777 34948 47352 37403 47352

