42469 63439 54444 58779 55562 66040 54520 56850 59884 56850 54292 58269 49860 66170 49632 63612 49632 63612
36565 57540 43560 45162 48215 55205 48220 51274 49872 48220 46084 55205 46084 57535 43560 52875 43560 52875
39259 65767 50523 47315 48193 51975 47315 53239 50523 47315 48193 51975 50523 51878 48867 58777 48867 61107
34820 60124 46678 46094 43278 48613 44662 46685 48069 45600 45303 48326 43713 50349 42923 47920 44160 46538
31860 57027 45587 47123 44693 49662 46574 43632 46959 42761 47222 44615 46338 49749 43695 46027 45424 49004
35292 64419 48513 45884 43664 46193 43811 45484 50291 47344 50337 46896 39209 45484 41385 47001 40925 44064
31043 61105 49934 44842 40091 52555 44795 49455 44795 43893 40679 49455 42465 48482 42421 50204 44047 48352
39929 52994 46284 47411 41624 53336 49249 53909 49249 48102 46919 52762 46919 51579 43954 49741 43954 49741
31795 63692 46221 50094 44644 54905 46107 44331 50197 48578 45166 48427 47803 51624 43713 47717 47873 47717
33099 68686 51514 49633 45914 56021 47794 57300 53920 48696 52826 55233 46326 53691 47004 56585 45465 59854
39602 60572 46592 53582 43207 54857 50197 46882 48155 47937 51252 52597 51252 52597 46592 53582 46592 53582
41231 54988 46159 50132 43829 52658 47998 52710 52881 47998 50551 52658 50551 52658 50551 53248 50551 53248
35684 48843 42674 43452 46641 44548 42218 42218 41853 42218 39888 44548 39888 44548 42674 45004 42674 46878
39796 56106 44456 51446 54227 53776 46786 49116 58887 46786 44456 51446 54227 51446 54227 53776 48794 51446
28522 62875 44556 42968 42504 50533 43748 45709 45760 43804 43885 48331 41160 50720 40862 52624 41492 51523
33754 67058 49713 53743 48049 56074 49230 53885 50482 50531 58176 57521 47358 59851 45705 55191 46776 55191
37520 49741 42952 46367 40982 47612 46909 51861 44037 43334 44037 45664 41707 52835 48446 48697 45845 51861
34927 55609 47941 45353 44893 52313 51174 47725 45395 45395 43281 52385 45149 49983 47192 46607 47192 46607
33928 49516 46137 46137 46137 46137 43807 43847 41517 43807 41929 46137 41929 45578 37866 45578 37866 45578
33497 52091 42771 45101 41879 45824 51191 41895 44717 49208 38458 43034 38458 43034 46493 43494 41971 49208
30222 58059 44538 46239 44122 46992 44035 44909 44122 43288 42706 50026 41288 48572 43906 47446 41250 47945
28586 66234 50617 49658 47817 55485 45590 54836 47949 50515 46930 54039 42359 55484 48762 54896 48258 57445
30475 54998 41884 39488 39978 47029 44148 44700 44087 47030 38321 44148 43532 49359 37709 47029 37709 47029
41798 58108 51118 48788 44128 54587 51118 51118 51118 51118 48788 51118 48788 51118 48788 51118 48788 51118
44901 72724 56551 58744 49424 68064 61074 58744 56414 61074 56069 63404 51754 65734 51754 65734 51754 65734
33934 60099 47230 43744 43292 48503 40506 49435 44775 42624 40293 49435 44660 46385 39699 51890 40052 48245
33567 64300 53630 51409 45383 57310 45334 47990 45334 48727 47305 50912 43369 57310 43393 57310 43499 57310
31680 59388 52186 50212 42865 50268 44523 47783 49536 48244 47991 47375 44372 51823 45915 55854 46482 51148
34626 60957 43946 48275 44544 52548 48679 51637 47952 50936 50467 50099 45051 53958 43817 49389 49436 47897
31650 47960 44294 40970 44131 46061 45178 38640 41801 40970 41662 41401 44131 46061 41662 44725 41662 44725
39438 60325 55388 48540 47110 51437 48102 51642 51366 50729 51430 53972 45064 49312 49801 47619 48102 50659
40783 68743 52029 61753 46702 61753 52433 59948 55477 59423 52433 60018 52433 59423 50103 59423 50103 59423
36652 67552 54224 49624 44429 58645 52607 56554 53022 52587 44964 59300 44429 58645 44964 61391 50082 57519
30474 54077 43260 43945 36314 43645 38985 44079 38985 47087 44757 46407 44757 46407 36231 43945 36231 49719
38135 53877 45661 45397 41777 52823 44428 44042 45783 46307 41001 51088 41001 47926 44428 43589 44428 53088
31490 59900 45618 45450 45074 53031 44227 45920 47149 46014 46981 49170 45497 53031 45262 44980 43872 50204
44986 70616 56636 60550 55367 62880 55890 60027 56636 56636 54306 62598 51976 64928 54306 64687 54306 63626
32056 55771 44574 46036 46967 45757 43214 46300 43970 41097 39120 46715 42508 47195 44637 46389 40178 44133
33162 58616 49296 42482 44636 47142 44812 49296 44636 44812 45729 51802 45729 51802 43565 49472 43565 49472
30492 55007 48505 47522 42639 53035 51181 45265 46369 42204 44039 47866 44219 45395 52670 49569 51748 47239
29281 58381 48073 44971 37466 49372 40985 42953 43573 44095 39333 48030 37413 50298 41557 50870 42017 50663
34495 57992 46997 43830 42786 49477 45265 47087 45415 44907 46027 49103 46027 48490 46027 46864 46027 46864
34281 60603 48060 49881 42252 59890 49880 46896 48879 52900 52210 55482 49880 55482 49881 51375 45221 52900
39666 52424 48986 47764 46656 50909 47764 49105 50825 45434 46656 52748 46656 52748 51316 47764 51316 47764
29448 53738 42220 40885 39460 43291 40638 41843 42333 40127 39620 43989 41820 42862 38553 44579 38553 44579
37488 58458 48028 51468 47116 53798 46808 50149 49446 49138 44478 52479 47116 53798 43368 53798 42148 53798
30791 56747 43520 48555 41368 45839 48108 51817 43715 43896 41636 44802 45087 46245 42339 46725 41124 44291
36486 51577 48136 48136 37436 55126 42672 48136 48136 42257 39853 50466 43476 50059 39122 49575 41146 49575
33145 52947 46312 36992 39322 43622 42725 39132 39132 41647 41297 44612 41297 39317 44152 39322 43798 41213
34429 59701 49793 50739 45158 52481 49665 50664 48102 54325 45876 51584 43622 55426 44467 53069 44467 53069
34282 64252 49526 50592 44705 55093 51875 48064 52035 50433 47215 53331 45559 54238 48638 52602 49526 50433
36124 58463 45039 45563 41993 49946 44521 54239 48331 51766 40682 49467 42040 58708 40745 48235 40093 48235
34019 61555 49958 50329 44293 56630 47310 55573 47310 55573 45245 53349 43869 56630 44188 54989 44188 60498
35812 56248 46928 47462 39320 51589 45132 49182 47462 47462 42802 51512 39320 53918 41450 49659 44523 52122
35623 63583 51322 49603 42613 56593 54263 51933 51933 54263 49603 51933 42613 56593 44943 55032 44943 54263
35171 70556 53714 52841 43903 57065 49199 56818 53563 50704 47513 56723 48563 61577 47111 58234 47111 58234
36319 49738 42008 48709 39055 48709 44049 41629 42975 44049 40418 45606 44049 48709 41719 46379 41719 46379
31965 57595 48275 43615 41285 48275 43551 45881 43551 43551 43551 45881 43551 45881 38955 50605 38955 50605
48554 71854 60204 58970 57874 55813 53621 53621 48132 53621 61300 62534 61300 62534 53621 55813 53621 53483
32478 61095 43425 43111 41722 45125 47375 45545 46749 41593 42321 43348 40782 44812 45150 47823 48788 44419
39432 48752 48274 46422 45944 48752 44092 43720 48274 44092 48274 47434 48274 47434 48274 48752 45944 48752
31563 47898 43214 43521 38682 50346 38554 41874 38930 39175 41191 50346 40883 50346 35977 40883 40719 48016
34525 54696 45236 42253 45917 51886 40913 41137 41836 43794 42154 45793 39035 45536 43224 45985 41614 44583
34238 51249 46300 43558 40916 49124 43222 45888 45460 41929 39804 49124 39507 49124 43946 48218 43946 48218
37571 60175 48525 51551 45570 58368 50612 49048 46265 48525 46093 60073 45222 53708 46195 49882 46195 49882
37533 51513 44523 44523 49465 52501 50971 47841 43699 50971 42641 50971 42641 50971 48641 52501 54596 48359
29190 67143 49659 44383 41243 51961 46576 47301 52353 47028 46261 49621 41161 50518 44966 50424 44910 50570
40905 55356 43454 54787 41733 50291 48414 45079 45532 46084 42797 51201 45532 50291 43347 52263 43347 52263
42444 70346 50055 63414 50055 61084 54082 58977 54317 59562 49422 61072 49258 63356 47327 64644 47327 64644
44174 59396 54726 53494 46789 51175 52127 52127 53494 54457 51164 56787 52117 56787 55001 51992 55001 51992
28434 64471 47211 45174 42597 50490 43751 43727 45403 41306 45239 45835 45219 44635 42753 49336 43162 44881
30230 65233 47858 44022 41566 47544 44293 47586 48537 44156 42570 47249 42570 49579 40615 46280 47848 46226
31480 54478 43940 42311 43072 48727 45274 44125 46983 45274 40732 45392 42944 46562 40956 49030 40956 49079
46535 67505 56594 54264 55855 50593 54264 58924 54264 58185 45933 58924 55855 58924 54264 47164 54264 47164
33336 62159 50654 50509 46666 56636 47574 51646 47400 52747 48966 53976 46666 53022 46170 54306 46170 52839
33891 59521 51452 45541 38551 54861 47871 45541 47871 45541 45541 47871 40881 52531 38800 54861 41130 52531
42586 58896 51906 49576 47246 54236 49576 49576 47246 49576 44916 54236 44916 54236 48174 54236 48174 54236
34040 63470 49050 51040 48290 51420 48230 48080 47980 49880 50240 50200 46260 50210 49560 53090 49120 49410
31667 59627 43784 50307 42260 54672 45352 46664 50012 49968 43317 51113 44379 54672 44379 53528 43870 50987
31462 55003 42105 46788 43064 45611 42634 42223 45394 48541 43064 52912 40734 54642 45394 45611 45394 45611
33135 59398 42623 45316 41898 53083 46336 45499 45129 48387 46800 50336 44098 50300 44098 50717 44098 49964
44703 58683 58156 54697 56231 65241 51693 51693 51600 50659 59813 57483 59813 57483 52367 54293 56231 56623
52294 52951 51874 46645 49544 51305 46645 48975 51874 46645 47214 51305 49544 51305 49544 61614 51062 61614
29351 64736 49879 48165 44869 50671 46978 49824 49101 49654 49027 56362 44527 50444 46059 56500 43973 54049
40273 60249 44536 60265 46635 55724 50929 47263 42588 50929 48353 53394 44918 53394 50930 53394 50930 53394
34736 57387 43102 49062 44992 50358 45203 46063 46176 45621 43197 46538 46081 48087 48144 49039 48144 49039
44302 62942 53622 54699 49584 58282 53622 58282 51397 55952 52369 52369 46737 58282 51292 52369 51292 52369
35121 46771 42111 41470 39140 46771 42111 44139 39781 42111 37729 46130 39781 46130 40935 43800 40935 42111
47132 68598 58112 53619 54122 68102 55532 58279 53619 55949 58861 60609 54201 68102 52288 65772 54618 61112
40297 54775 42489 49587 42729 52529 43204 47099 53935 47149 42597 49479 44848 51809 42597 49587 44000 46330
38263 56903 43899 57265 41925 57621 49913 49913 47994 51542 43963 53519 50631 57621 50631 52243 42923 51463
29235 58412 47038 42663 40611 47107 44206 43490 41775 46845 42749 46177 41845 48166 39741 44666 40062 45079
46392 65222 53435 57283 49355 59138 54953 56808 58042 56808 55712 60562 47541 59138 55279 59138 55279 58232
29913 49583 45005 39233 39268 42516 46153 40074 39268 46153 39886 49665 38203 43928 39163 43281 39163 42057
35324 52393 44644 47157 42287 47157 44827 44644 46974 44827 44644 45403 44644 45403 44644 49487 44644 49487
28766 57696 45285 43297 40706 47770 43872 44447 45128 43162 41333 46173 44238 45627 41281 50100 43164 50020
39806 71896 53187 53786 49007 60775 53786 56116 51337 58446 49126 60776 49007 60775 49007 60775 51456 63105
44456 70086 61013 62540 54023 59300 58436 52478 51446 54284 56106 63096 53776 63096 56106 58436 56353 58436
32644 52991 41190 41068 40590 46077 44545 46808 43178 43344 41813 45474 39667 46548 41449 46548 40357 46548
32255 47060 38423 40070 37740 40070 38423 38637 38243 37740 42760 42474 36093 42400 37740 40431 36093 42400

