33891 52536 34396 37738 33891 40898 38107 37232 37373 36092 36777 37554 33891 38608 34395 42824 34395 42594
42586 66013 46655 47986 42586 51214 47777 49600 44901 51214 42586 50092 42586 50092 42586 53037 42586 53037
34040 48608 33210 39416 34134 40550 34290 37690 38006 36682 39258 38226 34452 37884 35508 38008 34072 40154
31667 49090 32927 39758 32204 42910 38205 34823 37693 38485 36223 38655 36223 40086 34136 38710 32204 38710
31462 50860 32995 39102 32075 43342 35561 36775 34478 39695 35348 39285 35348 38612 32995 36775 32995 37171
33135 46692 32400 36156 34782 40449 37120 37655 39068 35510 33900 45202 33193 36454 32767 37655 32767 39442
44703 69292 44703 58108 55282 60344 52745 50554 58755 52745 54608 59045 54608 62957 55349 59854 44703 62255
52294 61468 39655 56301 40213 58980 51135 51008 42143 56301 50255 58789 43877 53623 40979 56302 40979 56302
29351 46786 30491 33128 31478 35176 31536 30300 33656 31941 31868 33013 31513 33267 31108 35611 30804 36707
40273 64497 41481 55152 39258 53001 53248 44683 41148 48285 41410 50743 41410 53001 39258 50743 39258 50743
34736 53047 36941 44642 35275 46317 38747 38579 39889 37512 40425 42030 40425 44963 34084 47679 34084 42902
44302 68672 44302 59086 46557 59338 50573 50442 47998 54325 47371 56644 47497 58899 44302 50442 44302 56644
35121 54440 37511 40691 36275 47883 42313 46818 41460 42313 39479 50151 40691 50151 35466 47439 35466 47439
47132 66605 49011 55880 45009 54832 47650 55928 47330 52354 46184 55882 48010 53134 45009 61378 45009 59912
40297 52240 42397 60522 36719 60361 42250 39293 37962 41770 42645 38471 43607 45299 35607 48517 35607 52408
38263 59089 38263 46210 39484 53421 46292 47890 44968 46464 41460 52661 43065 46348 39484 47890 39484 54087
29235 43403 29346 39768 34365 38630 31688 32405 32482 35117 33120 34978 31477 32897 31800 32405 33495 32855
46392 72206 51629 67245 53051 64798 56691 58499 56378 54603 54304 60776 49541 66572 50566 60776 50566 63751
29913 50162 30881 38527 33256 42619 35838 33418 36183 34649 34500 36562 34500 34096 30881 34500 30881 38077
35324 58651 36364 47350 37644 46660 45752 42585 45641 46889 44603 47927 44603 47927 36825 44527 36825 45139
28766 43780 29142 37638 31257 35712 33320 31875 32994 34629 32121 36871 33529 35982 29481 33889 29481 36138
39806 60590 40828 50434 40828 52180 47774 49454 47642 49915 45304 49817 48896 52813 40828 53536 40828 53536
44456 68312 44968 59564 40647 47435 46681 52989 50338 52095 49000 52774 49000 55279 40903 54980 44968 54980
32644 42891 30944 34496 34202 37979 38828 32235 36454 35780 36062 36705 34954 38838 32796 34100 37113 35694
32255 47666 32053 35540 39266 37789 33789 35331 34187 35520 34068 36515 30750 37908 30750 36724 31992 36724
34282 53142 34793 46778 37005 44938 38123 38558 40303 40939 38217 38810 38217 41303 35255 40761 35174 43669
36124 44388 33313 41818 36245 45881 37035 45312 41477 42981 37357 40491 34364 43306 32484 45312 33954 43988
34019 53229 35070 40103 37315 49530 41143 45099 41376 43495 41574 42533 37699 43873 37461 42749 37621 46286
35812 55514 36198 40000 37356 51471 44008 40628 43384 43457 41325 45259 37356 50772 37356 45259 37356 49523
35623 55223 36976 43226 42764 46269 41646 41537 41393 46678 40632 45223 39001 42665 36890 41537 36890 43987
35171 53172 36293 44604 40772 48230 40317 41945 40009 43290 42179 39683 37670 46018 36426 45431 36800 45431
36319 49844 36320 48041 37597 42668 31758 41980 40057 36247 40015 43572 39194 39702 39194 45601 39194 45601
31965 49552 32178 37849 31966 45280 39477 37716 39230 39477 37785 38380 37785 38380 32178 41987 32178 41980
48554 65059 43041 66392 51046 51717 47039 64629 51489 47039 45831 48699 45831 48699 51046 65679 51046 65075
32478 51159 33516 36990 34299 33805 36553 37288 38503 36491 34884 38309 35085 40634 33055 38914 33055 40784
39432 61122 39674 52156 40267 57957 45695 43941 42597 52156 41339 55321 41339 55321 40267 46355 40267 50204
31563 48927 33202 36183 35597 39947 41628 36504 36022 33737 42269 35923 42269 38189 37602 36504 37602 36504
34525 49829 32524 38886 32144 41827 34064 35382 33619 35411 32063 34962 32144 39361 31305 36770 31305 37974
34238 53073 36133 43556 40230 52035 42109 40119 40675 42966 39877 47501 39877 47750 40407 44105 40407 49595
37571 55654 37572 44421 38625 54299 41129 45248 46720 44037 42242 50836 47963 48602 38684 48922 38684 46871
37533 66935 40205 57042 47194 58855 51077 45147 46247 50253 47153 52890 47153 52890 44370 51207 44370 53678
29190 48094 31880 34994 33317 39410 31632 33789 33638 35320 32949 35884 32199 36720 32327 33789 32327 34209
40905 52120 37760 41906 34814 42954 38717 49082 37449 38092 38159 42197 38264 40860 38678 49805 38678 49805
42444 65793 41689 56881 44684 56020 52428 49819 48753 47741 45662 50754 45585 48807 40467 50321 42670 52703
44174 68473 48896 56723 44174 56902 55533 53051 53051 55533 48688 61450 45468 54009 48820 61086 48820 61086
28434 45065 28759 40157 32670 35604 32801 35659 33696 29918 34802 30744 37439 31691 31357 35517 28231 39455
30230 48905 33040 44822 34378 40000 36317 42709 35113 35828 34491 37250 34491 39677 34378 45503 34378 42614
31480 47530 33893 38513 36450 37436 35555 34994 38334 35017 33991 33742 37172 38234 32156 37106 32156 36635
46535 72132 48557 46405 47209 51883 46623 56058 55990 43531 55964 57449 55964 57449 47950 56058 48557 47504
33336 51676 33647 42032 36072 43623 37304 40349 36939 36928 34795 38645 38785 42039 36072 42039 36072 43552
42469 68298 43185 51755 48763 57205 47460 53176 48253 46777 46641 53368 46641 54476 43059 56861 43059 56861
36565 49465 37461 43632 36424 40190 40480 44174 36072 37001 35427 40772 35797 44144 36012 45932 36012 45932
39259 58747 40597 43963 43533 59979 42924 41238 45315 55971 44062 56237 44062 56237 43533 48312 43533 51573
34820 49156 31741 40161 32205 39631 35592 36664 39424 36404 34433 37675 36077 37513 31300 36664 31300 38253
31860 46836 31012 36587 34634 39801 36711 32633 35229 34928 36441 34562 36441 34562 33705 40601 33705 40601
35292 53220 37966 36859 33832 46972 36115 41257 36460 34581 36375 40422 33107 40441 39012 39690 39012 38494
31043 48121 30662 37922 34755 38250 38681 35905 35014 36035 33865 34817 35364 36851 34837 36104 32479 37731
39929 60496 41463 42767 36023 46609 43181 44801 45568 40722 39385 42166 39385 42166 36790 45522 36790 45522
31795 49986 31416 37473 34048 40939 35279 37900 33821 35117 33725 34899 33725 35943 31721 36205 31721 37242
33099 49099 32984 40096 32297 40672 33123 38561 38436 35622 34043 38557 32297 38673 32801 41017 33359 41193
39602 58878 40378 42206 40880 48833 44887 44437 42543 44887 39602 48425 39602 47220 40880 46914 40880 47266
41231 59954 42312 46145 39169 50882 48451 45336 39926 48451 40411 52022 40411 52022 39493 51432 39493 51432
35684 54605 42835 40047 42835 46222 45194 45545 45545 41654 40047 45218 40047 45218 42835 45218 42835 46573
39796 61686 41810 45901 47822 53956 44213 50579 53084 50318 48927 51487 51331 48370 47822 50579 47822 50058
28522 50295 30614 40005 31706 39076 33483 33363 32602 37610 32704 32637 31852 33137 30284 36101 30284 36933
33754 55739 34714 42530 38029 46406 38515 41916 37534 41298 38100 43727 36314 46153 38020 41916 35778 43344
37520 53537 38914 34596 33506 39154 42841 41776 39393 44998 38696 42119 38696 44107 34586 41242 34586 41242
34927 54253 35757 45809 43778 51743 43877 41886 40953 48469 39502 48035 39502 48035 40498 52547 35757 52547
33928 52591 34797 42144 34558 50366 38325 41899 36817 42376 40629 39805 40629 44729 34558 39805 34558 43934
33497 51922 38171 44138 35870 45083 42194 39584 42912 41314 38446 42430 38446 42430 35870 42166 35870 42075
30222 46459 29557 34323 30844 37033 33084 31500 32634 34886 33365 32661 33120 34906 29500 33215 29500 35435
28586 47605 30274 36563 31488 39493 33685 34246 35125 34129 33012 34232 32749 36006 36096 38811 31850 38811
30475 46765 36158 41735 32371 50098 40031 34004 39155 38482 35953 35162 34727 34657 32261 34004 33691 34004
41798 64790 42704 55104 42913 46049 46579 52291 52291 46579 42913 50437 42913 50437 42913 56010 42913 55104
44901 69388 47231 58194 44992 57284 49697 50493 47648 53263 48976 50224 45789 57587 46017 60190 46017 60190
33934 50675 35312 42314 36737 47833 38221 39998 39765 35654 35483 36716 34941 41046 41887 43320 41887 41688
33567 48605 34026 40315 34268 43628 35189 36041 37140 37688 33289 39527 34006 41386 33977 37656 33977 41484
31680 54237 32649 40854 35914 49770 31995 38815 35915 35080 37115 38460 39934 46948 34263 40245 34576 40245
34626 56673 35661 45988 38437 48779 42262 42760 39879 44505 39152 43851 39152 48620 38179 43989 38179 43989
31650 49060 33853 34318 34849 35857 35274 32361 35348 38184 38007 37354 39836 39221 33479 34974 33479 34974
39438 58613 38124 47625 38708 44354 40477 44016 44556 43654 40973 44768 43816 46575 37673 47287 37673 50520
40783 63219 41013 52584 44147 56448 46867 50855 47717 46637 45918 49972 47180 51052 45415 54485 45415 54485
36652 61137 36783 44918 38972 50103 40715 40144 43491 42214 39116 41041 38669 44756 38356 43374 37170 45331
30474 45927 30575 36329 32256 35450 34644 34257 33291 35150 35413 33611 35413 35059 31415 36218 31415 41313
38135 53811 38420 40638 33463 39181 37718 44055 38104 37999 36399 40910 34805 41697 33570 44055 33570 41193
31490 45538 31836 37340 32842 37244 36257 38782 36596 37537 32836 36265 33969 35916 35372 36782 35372 36782
44986 69734 45397 55777 46382 59883 50293 56562 49778 49214 46905 55051 46905 58283 45397 58449 45397 60498
32056 49691 30717 41560 33976 37404 35085 40164 33200 34918 32588 37440 34695 40360 34782 42438 32816 37737
33162 51406 35033 38616 36862 45665 37586 41029 35405 42433 33704 41734 33704 43199 36862 41029 36862 41029
30492 53864 30689 34562 31002 36456 39947 33616 37093 35821 35078 36245 33395 36245 31081 33616 31081 34595
29281 42665 29580 37825 32331 42888 33954 32227 31751 31726 31369 33637 31730 37949 32331 36221 32331 39467
34495 49883 45558 45295 36113 41458 32310 44229 33871 35019 32631 36733 35384 37148 36319 46569 32213 46569
34281 53142 34142 40597 47616 46725 39797 42845 42836 38336 43832 41007 43007 40823 36935 42845 37446 41335
39666 59591 40953 48870 42464 49198 51150 42030 42702 51492 42555 44890 42555 44890 42464 42030 42464 48977
29448 45402 32165 34253 29924 38701 30343 35354 31078 33930 30045 33510 30045 33279 28280 35354 28280 35209
37488 58111 38902 44437 41616 50319 44172 39416 39704 44860 38978 44096 38978 41631 38978 41631 38978 44494
30791 45981 31515 37546 33766 36138 34256 38490 34618 34554 33282 36759 34419 36759 33641 35034 34902 38490
36486 47446 35774 37161 36305 40514 37949 39588 39100 35954 37845 43000 37845 42512 36305 39899 36305 39404
33145 45951 34779 42245 34876 34668 34901 33640 36607 39407 36068 38335 36068 35851 36755 42286 36755 42286
34429 58929 35298 43410 38944 49170 42137 41700 44182 42370 41984 45619 36350 46718 35613 44209 35613 46718

