34282 41828 35129 39733 39323 39309 37221 37586 37394 38135 36581 41145 37159 38463 34131 39440 37964 39440
36124 36738 31139 38597 35248 41802 38098 40129 32802 39679 31784 40631 35910 42829 33166 43067 34408 41623
34019 42090 35304 42625 36773 38395 39251 40754 39369 37913 38470 39870 36980 42211 34825 44661 34825 40010
35812 43695 37210 40473 36430 40872 39709 39945 39460 40489 38636 40798 36430 42565 36430 42565 36430 42476
35623 43466 37968 49357 37963 41190 43200 39167 38407 40436 38102 40063 43643 44432 40551 41713 36367 40536
35171 46640 36432 40172 41553 40609 39725 40001 39362 38339 36268 37132 40689 39168 40754 39425 37622 39425
36319 41173 38812 37454 32925 40559 39628 39342 38742 35965 38659 37289 34603 37539 33808 36406 33808 37642
31965 39001 32911 37351 32939 37012 35285 37210 38211 35285 38070 36286 38070 36286 32939 37012 32939 36575
48554 59241 44281 48593 44309 49034 45534 54410 47555 45534 45293 46180 45293 46180 45293 49017 44660 49077
32478 38606 34369 33595 34643 37130 32853 33960 40337 33220 34060 34523 33710 37220 36341 35519 34171 37259
39432 48109 40698 46843 39432 48109 44522 41411 40698 44522 41753 45788 41753 45788 39432 46501 39432 48109
31563 38510 41194 36641 30255 45165 41138 36137 30963 41138 30053 43061 30968 42934 37176 44312 32779 44312
34525 37169 33467 39966 32502 35519 37300 34572 34767 34366 34146 37197 31872 35953 32534 35498 31781 35953
34238 41775 35535 40478 37738 42222 37827 40040 37616 38204 41150 40627 38509 42222 35673 42222 34677 42222
37571 45843 37370 43360 39952 41045 43911 42242 46612 45043 43191 47040 44753 42985 38369 43008 48710 43008
37533 45792 44864 50999 39346 43181 41686 45250 45511 46339 39427 47064 39427 47064 39427 43674 44525 43518
29190 34857 32255 35270 31438 33264 31232 32802 31991 35536 31491 34417 33290 33618 31534 34925 31770 35506
40905 46946 39724 46702 40316 44186 39961 43897 43718 38599 36567 44734 42163 38427 40316 44734 34697 44965
42444 51788 42074 48246 43348 46675 46804 45490 47603 45142 45760 46353 44704 48843 42508 49905 42508 49905
44174 53895 44746 52300 46677 60349 51220 50228 50197 48718 48451 50464 44721 50464 45769 58231 45769 55854
28434 35525 31496 34935 29718 32480 31048 36494 31188 30833 32892 29889 32469 31230 31886 33625 30897 33625
30230 37651 33398 34269 34096 38031 35041 33973 37718 34568 33215 38277 33215 38277 32764 37857 32764 37103
31480 37626 32475 34135 32725 33824 33634 37545 33015 34036 34032 33838 32900 35813 37987 38665 31140 38665
46535 56778 49825 51952 50066 43330 48314 51251 51008 51441 50578 41963 50578 41963 48962 43330 48962 43579
33336 40676 34850 38101 38342 37169 35465 36504 36714 36284 36982 36564 36377 38484 37341 36766 35070 36480
42469 52096 45007 52533 44840 54053 46225 47072 47120 46276 47470 49371 47470 49610 44422 54053 44422 51716
36565 43590 38074 42898 37774 40970 40244 40059 36161 39430 35416 37973 34799 35709 36848 40093 37097 40093
39259 47901 40673 43157 38110 45312 49201 46550 41527 49201 46527 44329 46527 48239 45009 50121 42340 49992
34820 41405 35481 35889 34946 37384 34956 34104 35606 37792 36142 35406 33726 34808 32928 38057 32928 35536
31860 38084 31768 35636 33884 35768 33419 33232 33641 33112 33504 34068 34667 33449 34314 36260 31860 36976
35292 41893 36647 37778 36174 37072 34076 37397 36708 37185 38421 36829 36931 35950 35869 37072 35502 37072
31043 39148 30972 35181 33816 36172 31731 35936 33349 35455 31455 32805 32862 39365 34799 35655 35491 35059
39929 48718 41789 43141 36141 45546 43214 45072 42853 42641 40904 39200 40904 39822 41211 44932 41211 44932
31795 37783 30704 35856 34078 38189 33081 35001 31360 34698 35474 35606 37091 31953 33448 37674 31826 35916
33099 40390 34394 35810 36187 35467 35221 36847 34662 34114 33673 33873 35920 35150 33525 36955 33607 35220
39602 48320 40362 46569 38496 45034 43609 41325 39802 43426 39177 43548 38821 43678 40362 46272 40362 46272
41231 50305 42615 45584 43154 51470 43907 42583 42439 43907 42136 43079 42136 43079 39796 47885 39796 47885
35684 43537 38474 38984 37156 41054 39728 39868 38582 39728 37156 39922 37156 39922 37856 41054 37856 39922
39796 48554 40602 46552 48147 48320 44006 45306 50772 44006 49109 45669 49109 46865 49109 48320 49109 47748
28522 38905 29511 36855 29460 32332 31195 32927 30136 32560 30021 31279 31777 32245 30256 32551 30111 32551
33754 43877 36634 40175 40854 43266 37089 41850 41032 37106 39625 38064 36134 38365 36852 40082 39500 40654
37520 45779 34597 44245 34597 39414 34124 36946 39075 39408 38421 43592 38381 40318 32947 43151 32947 43151
34927 42614 37309 39349 38540 46345 40901 45283 39655 45409 39844 45009 37765 44779 41170 45009 41170 45009
33928 41396 37771 39806 34723 40601 39200 40471 38597 39041 38501 41170 38501 40535 34723 40601 34723 40601
33497 40975 34943 39640 36900 42373 39618 39245 39965 36625 40280 41405 40280 40865 37440 40585 34727 42093
30222 34745 31257 34242 31827 34320 32118 30363 31037 33945 31507 31767 32336 31351 33318 32309 33318 33330
28586 37476 32747 39041 36410 36491 31766 32782 33968 36242 37899 36383 36351 35406 31660 34621 31729 34037
30475 39422 31449 38034 32917 35057 33765 37161 37173 36659 36122 34612 32280 34182 35242 36680 34936 36680
41798 50997 43946 48849 42244 50551 43137 45422 45422 43137 42774 45255 42774 45255 42774 47484 42774 48849
44901 54618 47271 52262 45903 51991 49816 50028 48605 49923 47953 47047 46317 49734 46313 51991 45266 51991
33891 41352 34883 39022 35137 38567 36824 36623 36531 35927 36494 37064 36878 38365 34093 37428 34093 39794
42586 51958 46543 48001 44746 48844 44663 46094 45672 46038 44746 48844 44746 48844 43709 50302 44242 48927
34040 38605 32649 37593 35735 34673 33916 34759 33964 32902 32338 35049 32803 37999 33617 33194 34404 35379
31667 38640 33050 36743 35151 36167 34393 36216 34841 34318 35508 35770 33244 35383 32479 35438 32479 36334
31462 38387 33197 34934 33766 36691 37248 35751 36431 38538 31357 34127 34463 36162 36003 36162 36003 36162
33135 38453 33172 35435 33427 36342 32449 34277 35130 33468 34972 34365 33707 35609 33535 35708 32719 34689
44703 54541 46156 51843 61835 68679 55180 63998 67553 55180 66191 50398 66191 49716 61835 52407 61835 68679
52294 48382 41722 46315 39655 57474 46315 46264 40650 46315 39655 48382 40546 48382 39655 59949 39655 59949
29351 35395 29471 32854 30084 33512 31508 31854 31643 33772 34004 33120 30570 32951 31843 33243 30464 36514
40273 50765 41471 48434 41050 48087 42963 43962 43192 44370 43003 46134 43003 46134 42626 50276 41282 50276
34736 40914 35401 38324 35434 42465 42303 39200 38545 36874 37533 37598 37599 38883 36762 40351 36762 37542
44302 54051 45631 51820 45204 52071 49590 49565 48287 51344 47585 50768 47585 50768 45831 47786 45831 47786
35121 42850 38563 39408 40438 42850 42356 42836 38647 42356 37349 42069 37349 42069 38419 40706 37265 40706
47132 51209 49445 60999 53670 51113 46739 48275 45819 46739 46647 49702 55043 51810 44296 54134 44608 54134
40297 42477 35549 37833 37996 43095 40191 43659 33576 41887 39553 36071 37996 37155 38084 42062 47543 42062
38263 46683 38666 44593 42731 46947 41270 45324 41943 42720 38962 46306 43246 46306 42731 43858 40569 46306
29235 34852 30622 32755 30669 31869 32554 31573 35431 35938 31481 32998 34242 33229 31192 36164 30317 33823
46392 56833 47290 53764 48919 54265 55660 52301 50127 57414 48227 52027 48919 54265 51067 59189 48271 59189
29913 40698 31056 38120 32395 41172 35564 35966 36904 37077 36230 38461 35018 38713 30913 36952 30913 37829
35324 46164 37012 44641 37425 43327 41643 37795 37795 43188 37656 41874 37656 41874 38850 43327 38850 43327
28766 34460 29711 33255 31023 35267 31323 31529 33774 32878 31840 31783 33264 31262 30928 33983 30142 32899
39806 52221 41730 46156 42179 47382 42996 44510 42942 44933 42269 45868 42179 46196 42179 47382 41455 47382
44456 54242 40956 43301 47718 50980 48602 47889 46613 48278 47530 51168 47530 51083 46174 50962 46174 52524
32644 35896 34128 35096 41021 35600 36359 32741 32589 35733 32023 34863 34225 36343 33616 35682 32453 35682
32255 39355 33274 35482 34654 33615 31721 35854 30798 32739 34157 33615 34157 33615 34243 33615 34243 33141
33934 39659 39757 34050 34070 40985 35286 38052 33939 38366 37792 34907 34474 36208 34287 38481 38485 39983
33567 40959 34640 35998 36538 39381 36578 35452 36196 35342 35821 38519 36538 38735 34852 35744 36459 38573
31680 43701 35048 33494 36359 39145 32041 34015 37497 38027 33480 38503 36005 38200 41122 34085 31188 36487
34626 44688 36033 43733 37397 42224 39270 39104 39346 39396 38283 41386 38320 41841 37803 47159 37359 47159
31650 38617 33463 36804 36871 33458 36106 31800 35076 37085 35653 37967 36455 33334 35956 36532 35857 36532
39438 48120 38765 44002 41274 44205 40495 39759 42717 44180 39793 41655 39746 43506 39793 48625 41632 41947
40783 49761 41229 47613 43603 48190 45573 45913 45664 45318 43754 47260 43603 47293 42354 47836 42517 47836
36652 44723 37791 42578 38897 42088 37878 39764 39847 40332 37932 39453 37992 42088 37866 41840 36916 41748
30474 41742 31220 33577 34799 33029 32100 34043 31558 31975 31315 32196 31315 32196 33943 37538 32783 37538
38135 39444 38319 40359 35907 37201 39851 37308 36084 34252 34273 37773 36954 36530 35080 40443 35339 41154
31490 35038 33027 34249 32617 38577 33113 36245 32593 37687 32905 33836 32724 36639 30855 35920 30781 34135
44986 54889 45478 51964 46359 52770 48073 49386 49358 48123 48020 50651 48020 51210 45595 52752 45661 52752
32056 35487 33289 37366 32313 33373 35175 38854 35053 34465 33888 34814 32441 40162 31715 39663 31715 40728
33162 40463 34797 37211 34779 38846 36107 37570 35510 37315 33162 40020 35307 40020 33605 38846 33605 39203
30492 37641 31212 38357 34670 35366 32771 35210 32627 32906 36605 34785 36119 32845 31920 35147 31133 49087
29281 35603 31815 33378 30028 37059 31700 32266 32775 32513 32444 36239 31011 34947 29705 35375 29705 37036
34495 36716 31933 49513 41985 34982 33044 37908 33494 32556 32190 34528 35841 34018 35450 34495 35450 33985
34281 41828 36108 42216 45346 41717 39334 36648 38551 39613 39035 38605 39094 37992 41013 40122 39168 40116
39666 48397 41659 44210 42309 48233 43539 45127 44860 44031 44569 51048 44569 51048 41247 47651 41247 47651
29448 33902 29438 32854 29006 32029 29113 30390 34326 30309 31690 31158 34210 30790 29226 32175 29226 30953
37488 45740 38650 42668 39291 43984 41522 39842 37019 41797 36728 40728 39291 42960 39291 43937 39291 43937
30791 41702 34730 34716 33090 33616 34059 33069 33545 33449 33299 32097 34062 34859 32050 33949 32182 34670
36486 44518 37267 42212 33100 44287 36712 35841 36639 36712 35823 38316 35823 40821 31398 43578 36110 40891
33145 36168 35298 33323 33898 31419 31823 36862 34208 32752 31387 33981 34208 35598 35351 38423 35164 33521
34429 42008 36098 40778 38347 36300 39972 39526 39916 39413 36524 41832 35194 36988 35219 40552 35219 41363

