33934 48699 41559 37014 37948 47308 41449 43815 37263 37263 34883 41580 35591 41580 36758 41643 43241 47932
33567 48262 38820 42073 37063 43254 37304 38742 41062 39727 39872 42180 37063 43502 36399 41122 40864 42064
31680 45908 38562 38510 32665 37841 36388 38306 35978 42593 37786 41715 38405 39031 36700 38256 36700 35408
34626 46239 38196 40576 37750 43700 45347 38771 41320 41320 42833 42510 39451 43700 41480 45793 38196 45793
31650 39980 35220 36410 37241 36941 36410 32840 36410 34030 37052 35220 36051 35751 37052 38544 36410 38544
39438 46581 41835 46593 41225 43039 41821 43464 44951 40631 41622 41239 42982 48972 41622 40106 47981 42571
40783 55063 43163 49113 44948 51493 46733 47923 47923 48518 45543 49708 45186 49708 44353 50303 44948 50303
36652 53312 43792 42185 40222 48674 41594 43498 42784 43914 41412 46288 39388 47068 41412 47484 41412 46294
30474 40677 32861 33112 34809 35665 34807 36762 34807 36764 32095 38377 32095 38377 31671 35234 33791 35234
38135 44227 38220 40478 36441 40176 37631 37538 37631 38507 36441 38756 37280 40822 36441 37538 35251 40866
31490 43903 37831 38489 36688 40367 38567 37925 37267 35387 33836 40196 35513 38002 36233 38081 35137 39820
44986 58076 48556 50936 48477 55696 49746 51236 50629 49746 48556 51380 48556 52570 48556 52126 48556 52126
32056 45146 34508 34982 34567 36637 36816 37281 34214 35385 34529 38320 34599 39560 34567 35668 34567 36153
33162 48356 42329 36732 35542 40302 37922 39112 35542 39112 34212 41492 40026 41492 35449 40302 38696 40302
30492 46292 35137 41834 35780 37010 36059 38003 34869 42880 36059 42495 38688 36910 34912 36728 40030 38625
29281 40094 37560 35024 33058 39681 35593 33577 36576 35438 36576 39008 33161 40353 33938 39163 33938 40353
34495 43923 36479 51340 37231 37744 37156 38653 39396 37230 42984 39320 38873 39320 40063 36554 40063 36180
34281 52010 41760 43987 46212 43582 41900 40895 46212 40929 40700 44685 49782 40231 49782 49706 49782 48014
39666 49186 43236 43236 42309 38496 43236 42686 45676 43236 45676 45066 45676 45066 42421 48056 42421 48056
29448 43686 33092 33995 32761 35740 34819 33791 33769 33405 32545 34433 33296 34882 32761 35676 32761 40846
37488 48198 41058 42248 39868 45818 42248 42248 38143 43438 36953 43438 39868 44628 39869 45818 39869 45818
30791 46013 34925 36553 34298 37055 38308 35928 39188 36743 34675 38053 41317 38055 35740 37496 34548 35546
36486 47196 40056 41246 33372 41595 37461 38651 41246 37461 40056 42518 40056 42221 35243 41595 38866 41309
33145 40645 37075 32382 36715 35592 34695 33212 33505 33617 36446 33617 37772 33617 34695 37905 35885 33572
34429 51105 42520 42759 39576 38546 43965 45271 39366 44080 39077 42851 41956 41353 41585 44206 41585 44206
33891 46981 39841 38651 35081 44601 38651 38651 37461 38651 37461 41031 35582 43411 35081 42221 35081 43411
42586 50916 47346 46156 43776 48536 44966 46156 44966 46156 43776 48536 43776 48536 43776 48536 44966 47346
34040 46050 40780 41280 39500 41720 40350 39910 41940 36890 38960 43440 39170 40320 40450 40690 37610 41030
31667 45947 36427 39997 36427 43095 37533 39525 38807 39525 38335 37617 35237 43095 34355 38807 35634 39913
31462 43362 36222 39036 34264 39036 37194 41276 38949 40561 36617 38036 33870 39036 34927 39036 34927 39036
33135 44955 34891 37833 38603 38634 36376 37074 37907 36904 36781 38293 37366 37521 38032 37676 35524 39314
44703 51843 47083 48006 62703 63602 47083 52873 55792 47083 65083 54063 65083 54063 54602 49463 54602 63602
52294 45605 46472 43225 40211 55864 43225 55864 40845 57054 40211 45605 40211 45605 41401 57054 41401 57054
29351 47290 36786 35302 36836 41199 35407 36426 40131 39234 35578 36992 34922 39336 35422 45858 33663 37648
40273 49793 43843 39976 42653 42647 42653 47184 45033 45606 43843 43837 43843 43837 43417 46370 42653 47560
34736 45764 38752 40686 36900 42049 37708 38580 40045 38682 42821 40259 36491 41489 39797 44945 39797 41876
44302 53822 47872 49062 45492 50252 49062 51442 49062 50252 46682 51442 46682 51442 46682 50252 46682 50252
35121 41071 38691 37501 35926 41071 38306 38306 37501 38306 36311 40430 36311 40430 38306 38691 37501 38691
47132 61412 54272 59600 50702 51298 48692 50299 47919 48692 47752 48918 50285 51298 51892 54272 53082 54272
40297 52355 41638 40367 36792 52286 37664 41472 37110 46641 37982 40359 41243 40359 37512 42747 41243 42747
38263 47783 39339 45260 44881 47372 45489 45715 43023 46679 39310 45260 44881 46679 44881 44070 41919 46679
29235 44600 36314 38119 35583 36396 35806 35327 35038 41885 34196 35354 38530 35206 32110 38504 32546 35345
46392 56102 52946 51342 46348 52298 55326 52342 55369 56516 51152 49918 46348 52298 51756 56516 49962 56516
29913 39323 34563 39263 33253 41643 38073 41099 33483 34673 32293 39263 35276 39263 33143 37393 33143 36203
35324 44977 40084 42597 40084 42597 40217 38894 40084 41407 40084 41407 40084 41407 38817 42597 38817 42597
28766 43255 34494 33826 34559 38923 34925 38862 37514 37672 34007 37095 34493 37055 34599 37330 35906 35224
39806 55822 46302 46946 44447 50515 46967 48136 44566 49326 43257 50516 44447 49325 46183 50515 46183 50515
44456 57546 50703 42116 43924 51596 51596 49216 46668 51596 48026 53976 48026 52786 50406 50406 50406 51596
32644 43930 36801 35655 37336 45103 34589 36857 39468 38458 40057 38143 38526 37501 39153 38308 36078 42723
32255 39080 35825 34320 34320 35510 33130 37761 31940 34320 37010 35510 37010 35510 33130 35510 33130 34320
34282 48898 40568 46312 40004 43711 39912 38822 40980 41331 41142 42788 39539 43017 39258 45443 39630 45443
36124 44872 41452 40353 39358 41448 39211 41406 39211 42596 35923 43786 32781 41826 32818 46359 32818 40258
34019 47875 39545 40340 38678 47696 39150 44281 40340 40340 42883 42402 38123 48381 37165 46001 37165 44811
35812 45988 38848 40572 37002 42419 40572 40572 40572 41762 39382 41762 37002 41763 37658 41763 37658 41763
35623 49903 42763 44656 39193 46333 45143 41573 42763 42763 41573 45846 39193 45143 38003 45143 38003 43953
35171 53041 45467 42531 39931 45686 42475 42366 39579 42724 43099 45583 41121 44690 42505 48856 42505 45326
36319 44249 41099 37576 38071 41869 38299 39489 39489 37976 35197 38766 41099 36915 36915 37576 36915 39489
31965 45055 36725 35535 35535 40295 36661 37851 36661 36661 36661 39041 36661 39041 35636 40295 35636 39105
48554 60454 54504 53314 53314 48973 47921 54504 47921 47921 47921 54504 47921 54504 47921 47783 47921 47783
32478 46758 45462 35131 37302 41814 39840 41355 43735 33930 35381 35798 36048 36847 38975 43004 37238 43004
39432 44192 40622 43002 39432 44192 41812 40622 40622 41812 40622 43002 40622 43002 39432 43002 39432 44192
31563 41497 45049 35133 35783 46239 42669 37927 34593 42669 34593 45049 35783 45049 33531 45049 34357 45049
34525 42434 40828 40475 38027 38936 33753 36203 39146 36904 39217 35293 36487 37743 37535 37255 40407 40056
34238 42568 42880 39361 37899 42284 37808 40188 40279 41690 38340 41094 36995 42284 41148 42284 40500 42284
37571 48775 41705 43521 41063 48412 44912 42331 47766 46032 40515 43182 41010 47084 41705 43521 41705 43521
37533 44673 46751 47941 46045 45470 43090 46411 43090 45561 43090 46751 43090 46751 45221 44280 45221 44280
29190 46015 37925 39593 33058 40705 38421 38967 36288 40096 36215 37986 33908 40303 37169 38997 33952 40187
40905 48714 41339 43090 40149 46150 40533 40106 40710 38890 42047 45112 43237 43271 40149 39981 42379 41296
42444 55047 45097 51964 44083 51964 52687 48432 47477 48432 48160 49622 45838 51788 42717 51964 42717 51964
44174 56977 58508 51027 43369 50124 47744 47744 48934 53407 47744 54597 49837 50673 48293 48934 48293 48934
28434 47417 41194 34160 35546 36991 37805 37520 35621 34672 34371 36900 33888 41194 37235 40396 37219 40396
30230 47644 36117 42009 36683 40379 38874 40129 36367 36243 39629 39629 39629 39629 37811 43077 34301 41257
31480 43810 40494 38017 37041 38601 36378 36221 39480 36085 33510 35208 36104 35404 36611 37411 34914 37411
46535 57245 52485 50105 50105 43703 49704 50894 49704 52485 50105 52084 50105 52084 51295 41464 51295 42513
33336 47339 40664 40476 40664 43494 40796 40700 39789 41297 36905 41890 40387 42579 40938 41800 38050 40610
42469 53179 47609 52112 45479 54492 46669 47609 47580 47859 47580 50011 47580 54492 44955 54492 46419 52391
36565 45000 39363 38465 35088 45905 39050 44054 44783 38465 37860 41013 36670 39050 34877 41562 39923 41562
39259 53053 45913 41394 42926 46399 45209 45209 47103 45209 45913 46399 45913 49483 44723 47639 43533 46449
34820 45304 38806 37713 36318 38350 39794 37358 38243 39783 37515 37570 38355 37566 39004 38705 39004 39151
31860 44137 37666 37953 37860 38850 36250 36171 35862 35715 36214 38149 37404 37554 36214 41377 37957 37953
35292 44668 38107 39955 41624 36968 39293 38414 38865 37831 40282 38916 37525 39348 41067 38714 39752 38714
31043 46285 40186 36765 36840 42912 35561 37746 36119 34914 37128 37955 36118 39689 35893 39779 36118 38484
39929 50066 44772 42309 42926 47069 43008 45879 44689 44116 42309 44689 42309 45879 41818 45879 43008 45879
31795 47121 38067 38897 36440 41261 38052 37434 37497 37375 39183 38851 39030 40147 36517 38882 37541 39205
33099 49481 40815 39922 38060 41814 39550 44210 39486 38747 36979 40574 36692 44332 39100 44210 37730 40651
39602 50312 43172 45552 38323 45687 43307 41132 40075 43377 40286 43512 39157 43512 43172 45687 43172 45687
41231 51941 45991 43929 41549 46309 46960 43929 46960 46960 45770 43929 45770 43929 41549 47181 41549 47181
35684 42824 39076 38064 38064 39988 38798 38798 37886 38798 37886 39254 37886 39254 38064 39988 38064 39254
39796 48126 42176 44556 40986 46936 43366 44556 42176 43366 40986 44556 40986 45746 40986 46936 40986 45746
28522 43911 35023 38346 33769 37664 36932 37259 35921 36039 34062 36704 33097 37848 33623 38224 36271 38224
33754 49175 40473 50587 42370 45689 44043 45301 40256 42994 38933 45030 39065 44428 39261 42084 41759 43274
37520 49420 43470 40667 35123 40667 42280 43831 39477 38287 39477 39914 38287 39477 36222 43470 36222 43470
34927 47001 42265 38497 39892 45762 41051 39687 43094 38312 39861 44254 38702 44572 41442 44254 39861 44254
33928 41536 40387 40387 35586 41577 36957 37498 36957 39197 35767 38688 35767 41577 35586 40387 35586 40387
33497 44111 37152 38257 37140 37671 37237 38934 40124 41731 35877 39014 35877 39014 38330 39520 36306 40710
30222 43613 37165 36129 34602 38519 35739 36374 36378 34907 35936 38275 33639 38618 33650 36581 33650 35640
28586 49134 39836 38028 35909 45755 38336 40224 41164 38473 36213 44114 41305 42263 37275 46640 39181 42304
30475 42041 37648 34928 35418 37308 37248 36669 37281 37859 34901 37526 35452 37308 34289 39784 33711 39784
41798 50128 46558 45368 42988 47697 45368 45368 45368 45368 44178 45368 44178 45368 44178 45368 44178 45368
44901 59044 50851 51904 47144 54284 51904 51904 49524 53094 49524 53094 47989 54284 48334 54284 47144 54284

