34626 229593 79995 117577 84638 149221 91021 90635 84573 125242 66398 104617 66398 112226 83799 97597 83799 97597
31650 181941 103435 64104 61158 123741 84941 88945 79879 85848 67126 102755 79124 104341 66221 107589 66221 107589
39438 248449 88859 105639 98700 125039 128792 87301 89992 90063 87797 117960 73778 113569 126172 94169 126172 113569
38135 210541 79752 84074 66675 124553 84978 86203 98892 87108 68610 127650 70029 146985 82074 86203 82074 86268
31490 304547 106552 87527 99032 159722 100019 109090 99690 119419 84896 138349 83815 138349 86870 103074 86870 103074
44986 257864 66030 103186 81174 165265 102365 140717 100799 102365 81174 139747 81174 144447 81174 144447 81174 144447
40783 275128 88283 118383 79186 197528 100528 135821 118383 117908 98983 156766 79583 160393 79186 162355 79186 162355
36652 329787 108027 111286 75516 191198 113598 169191 114316 133059 76467 147357 82690 186157 75690 133652 95090 133652
30474 183554 82649 65030 78658 114827 68003 88167 85535 85534 85535 103916 85535 101795 78658 109688 78658 86383
33934 228123 85599 89084 93880 145664 86717 126018 100453 87652 81053 106117 68127 140684 105995 126330 105995 130125
33567 369056 89337 108954 94348 208274 95255 126469 93551 121613 77087 128319 77087 165886 76254 128354 83902 167154
31680 280574 117622 108300 85023 180472 103647 125581 104888 103647 81405 117052 85436 160297 70119 106181 89519 106181

