34626 128593 49695 77177 52274 88621 60721 60335 55369 74742 48519 76483 48519 71826 56723 67297 56723 67297
31650 101141 63035 43904 41168 73241 54641 58645 56830 55397 46926 62355 48824 63941 46021 67189 46021 67189
39438 137349 58559 68496 68379 74539 78292 61083 59692 59763 57497 77560 53578 73760 75672 63869 75672 73169
38135 119641 50797 54420 48143 74053 54678 56799 61517 61776 51838 77150 54484 86385 51774 56799 51774 55968
31490 163147 66152 57792 58632 89022 59619 68690 61217 68919 55818 75258 58638 77232 56570 62674 56570 62674
44986 146764 54286 72886 60974 104665 72065 90217 70274 72065 60974 89247 60974 93947 60974 93947 60974 93947
40783 153928 57983 77983 58765 116728 70228 85321 77983 77508 68683 96166 59383 99793 58312 101755 58312 101755
36652 178287 67627 70886 53768 110398 73198 98491 63816 81727 53768 86757 55119 105357 55490 83152 64790 83152
30474 102754 51498 43049 48567 65383 50263 57867 55235 57612 55235 63516 55235 61395 48358 69288 48358 58253
33934 132002 54739 61212 63580 85604 58513 75518 63850 59593 50192 65842 48613 80084 61236 75830 61236 75431
33567 197356 59422 68554 52027 117374 55435 75969 60669 63445 49954 77819 51369 95186 49954 80067 53602 96454
31680 152891 71568 67900 56011 101223 58754 75081 64488 56533 52657 67692 55136 91148 52554 68880 61854 68880

