34282 47598 36303 41152 37264 41753 40617 40779 37232 37949 37179 37361 37179 39541 38920 41869 38920 42959
36124 43772 35052 37581 36491 36318 32332 40484 37621 39816 35441 33557 37214 43141 31242 40484 35537 43141
34019 46675 36865 35775 38288 44533 38697 37660 39121 36570 39121 41558 37198 40559 39378 39045 35775 39840
35812 45088 36368 39241 36902 42352 39082 37992 39082 39082 37992 40172 36902 40173 36902 40172 36902 41262
35623 48703 37803 41876 36713 43253 38893 38893 38893 41876 37803 40563 37803 42163 36713 38893 36713 39983
35171 51641 39265 41613 38127 44010 37470 41397 37351 41613 36261 40910 38441 39457 40211 40621 39531 40621
36319 43449 37409 40691 33806 40679 34335 38499 36909 34896 36909 37076 38619 35986 38619 39589 38619 39589
31965 43955 34145 34145 33055 40681 35171 35171 35171 35171 34081 36325 34081 36325 34145 37288 34145 37351
48554 59454 51824 50734 51824 46193 45103 45103 51824 45103 50734 45103 50734 45103 51824 52914 51824 51824
32478 45558 35748 34091 34658 39034 34972 34597 39034 35268 37944 39034 34658 38250 34658 34867 34658 35957
39432 43792 39432 41612 39432 42702 40522 40522 40522 41612 39432 42702 39432 42702 39432 40522 39432 41612
31563 40697 32528 33067 37471 34587 41179 33743 34157 41179 32013 34421 32013 34421 32241 33743 32241 33743
34525 41534 33445 36705 32336 40016 34406 32233 33426 34365 32336 36225 32336 40016 32554 35105 32554 35765
34238 41868 36418 36418 37599 40594 36418 37508 37324 37324 37050 39504 37599 40320 40400 38598 40400 40594
37571 47775 39125 39751 39773 40770 39125 40633 39125 40610 39125 42813 44899 42582 39520 41723 39520 40841
37533 44073 38921 42890 44271 43980 45361 39713 44271 39713 43831 46451 43831 46451 42741 41509 42741 42890
29190 46553 33578 33508 34037 39028 33265 32792 32435 35043 31596 34972 35520 36062 33473 32792 33473 32675
40905 47514 41416 35507 39769 41416 36338 35905 38130 36921 38130 36995 36562 41242 41416 45265 41416 45265
42444 53747 43476 47894 42458 47732 44462 46804 44462 43607 47611 47718 43651 47425 41427 45552 41559 45552
44174 56177 49637 46354 44174 48547 46354 46354 46354 46354 45264 51817 48547 46354 44174 47444 44174 47444
28434 44051 32537 33508 33017 35020 31791 33097 31799 36320 35727 32523 35501 31931 32610 32034 32198 35202
30230 46344 36008 33500 34566 35969 35593 32833 34330 35295 33240 35969 33240 37012 35019 33923 35019 39632
31480 42710 33485 32710 33683 34108 35665 34831 33090 33090 33639 35197 35710 34890 37055 34831 37055 34831
46535 56345 49805 40033 47625 40033 49805 48214 48214 49805 48715 50895 48715 50895 48715 48214 49805 40033
33336 46039 35838 37696 35046 40865 37190 39097 36137 38280 35047 39681 35104 40187 35046 40187 35046 40187
42469 52279 43559 46469 45124 50422 46214 45967 46214 48242 46062 49332 46062 49332 45029 47919 45029 47919
36565 43900 39274 39474 35741 40925 40084 41798 40084 36270 38994 36046 35517 40084 38602 41798 38602 41798
39259 52253 42529 40349 43533 47893 44623 42529 44623 46803 44623 47893 44623 47893 43533 43619 43533 43619
34820 44004 33593 35774 34331 36471 36804 34880 34343 34143 35825 36370 33208 37750 38046 38045 38046 34880
31860 41655 35030 32544 35073 36904 34431 32893 35227 34116 31950 35006 31950 35006 35073 37210 35073 37210
35292 43468 37275 36034 34090 39381 35051 38135 35730 38562 34518 36141 35730 37658 36517 36568 36517 35478
31043 44985 33776 34036 33538 38989 35532 34866 37289 36170 34539 37531 34261 38673 32995 34866 35979 36493
39929 49166 42109 41019 41536 44289 43199 42109 43199 42109 41019 43199 41019 43199 41536 42109 41536 42109
31795 45621 36080 35365 33934 36902 34238 35970 35627 34536 35592 34424 35592 35027 33937 34383 33937 35065
33099 49259 35130 36517 34676 41140 34675 38549 39112 38284 34188 38020 32495 38019 33250 40089 33473 38549
39602 49412 41782 42872 37806 46212 42942 40797 40692 41817 37595 44032 37595 40127 41782 41887 41782 41217
41231 51041 43411 42321 39169 43529 40259 43411 40259 40259 42321 44501 42321 44501 40259 47750 40259 47750
35684 42224 36774 36318 36774 38498 43071 43071 43071 37408 36318 38498 36318 38498 36774 38498 36774 38498
39796 47426 41976 40886 40886 44156 41976 43066 40886 43066 39796 43066 39796 43066 40886 43066 40886 41976
28522 41925 32986 34152 31792 34115 32257 32054 31765 34609 31765 34645 30517 35631 29889 32257 29889 33347
33754 47875 36326 38114 36901 41519 39706 38431 39313 39570 38223 41248 40196 42706 36803 38431 37893 39521
37520 48420 38354 34722 38610 38976 35812 38625 37987 35812 37987 38078 37987 40066 36717 40066 36993 40066
34927 46101 37165 42065 38602 42664 39394 38759 39394 38112 38400 40484 38400 40484 41548 38197 37165 38197
33928 40836 36029 37907 35386 38288 38997 36476 38997 36108 35018 37198 35018 38288 35386 37198 35386 38997
33497 43411 38563 37040 39907 40310 34831 35762 34737 34831 36354 39220 36354 39220 34587 38130 34587 38130
30222 42313 30448 33783 29948 34873 31826 34956 31537 33509 30447 32137 31527 33518 30974 36046 30974 34165
28586 47634 39273 33361 34687 36613 33521 39167 35866 35279 32668 35480 34394 36449 39201 36662 36353 36662
30475 40591 35580 33438 32899 35618 35079 33389 35079 35580 33990 35580 32899 34723 33400 33389 33377 33389
41798 49428 42888 43978 42888 45068 43978 43978 43978 43978 42888 45068 42888 45068 42888 45068 42888 43978
44901 57844 49124 49124 45854 51304 46171 46171 46944 48351 46944 48351 45854 51304 46944 50351 46944 50351
33891 45881 36071 34981 33891 39842 37161 36572 36071 37161 34981 38752 33891 39842 34981 39341 34981 38251
42586 50216 44766 43676 42586 45856 44766 44766 43676 45856 42586 45856 42586 45856 42586 45856 42586 45856
34040 46720 34200 35040 36230 35950 34840 36080 35070 35280 34750 36380 32590 39570 34400 37000 34640 35680
31667 44747 33847 36027 32757 40387 35755 34280 35755 34937 35755 36027 35755 38207 32757 36027 32757 36027
31462 42362 33642 37455 32042 37346 37359 34443 37359 35166 33212 35166 33212 35166 33642 34443 33642 34732
33135 43755 32995 32738 33944 35173 36474 34272 35105 35245 34037 36171 32901 33758 36103 34272 36103 36126
44703 51243 44703 46883 61413 61022 52673 46883 62503 52673 62503 61022 62503 46883 62503 46883 44703 47973
52294 45105 45082 55564 43992 54474 54474 42925 45082 55564 39655 55564 39655 42925 39911 54474 39911 54474
29351 45295 32653 31277 32327 35983 33815 33630 35409 35051 33457 36477 32644 33926 34037 32506 31020 33458
40273 48993 44498 43543 42453 44880 45794 42453 41363 44116 41363 43543 41363 44880 42453 43543 42453 43543
34736 44664 35485 35944 36172 38696 34968 38639 36975 39728 35885 37606 35885 41219 37374 38179 37374 40359
44302 53022 44302 46482 45392 48662 48662 47572 46482 47572 45392 48662 45392 49752 44302 47572 44302 48662
35121 40571 36211 36211 35826 38391 37301 37750 36916 37301 35826 38391 36211 38391 35121 37301 35121 37301
47132 60212 50402 49312 45064 48744 46329 51492 46329 50402 45239 51492 54640 51492 45064 52582 45064 51492
40297 49029 42477 43648 37708 42147 42535 44294 44680 42693 38798 44657 38798 43625 39377 44657 37708 45747
38263 46983 38263 40612 39210 43570 43899 41533 41533 42809 40443 43899 42401 42809 39210 41533 39210 41390
29235 43300 33672 32505 30705 34745 32235 32515 32235 33796 33837 35774 30665 37107 33597 32515 31800 34927
46392 55302 51656 49518 46248 49852 49852 49662 49662 47338 47338 49852 48572 49852 50566 49852 50566 50942
29913 38423 31003 34981 34445 35612 35535 31806 34981 36683 33891 33183 30773 36683 31003 32093 31003 33183
35324 44377 38594 40017 38594 38927 36768 37021 36414 40017 36414 41107 36414 41107 38594 40017 38594 40017
28766 42055 33014 34074 31930 34326 33701 32036 33493 32035 31721 34425 30729 33169 31512 33126 31512 34483
39806 54622 42632 43567 41986 46345 45256 46346 44166 46346 43076 46346 43603 47436 41986 46346 41986 46346
44456 56446 47726 48816 46636 45178 47726 47726 46268 49906 45178 48816 45178 49906 47726 47726 47726 47726
32644 42830 35479 33784 34822 40933 35746 33187 35858 35363 34768 34273 31049 35363 34500 34277 34656 38315
32255 38380 32930 33345 32930 34020 35620 34435 31840 31840 30750 35525 30750 35110 30750 34435 33345 34435
33934 44056 34435 35960 34246 40786 34591 39043 34403 38856 33502 36394 35586 35492 36489 38294 36489 38700
33567 50065 32770 37997 34219 41164 36255 35714 36039 37494 33534 39452 34949 40074 34840 39017 34840 38984
31680 44708 36092 33808 38935 42721 39394 35773 36863 36092 33860 34799 34434 40856 32827 36040 33917 36040
34626 48809 37709 37968 39192 41166 36097 40283 38805 37831 36091 38612 36091 40218 35716 40090 35716 40090
31650 39280 33830 36064 32815 32871 32740 32740 35524 33830 33344 33830 34920 33830 33344 33830 33344 33830
39438 50112 40796 42779 40302 39451 39338 40684 41392 39523 39212 39169 39212 41674 41844 42708 41844 42708
40783 58898 42468 45143 43558 49503 44053 49088 45143 47243 44053 45143 42963 46233 44132 47323 44132 47323
36652 51912 38832 39505 38001 44304 40121 41012 41782 40038 38498 42102 37742 43511 37408 42102 37999 42102
30474 42494 31625 32654 30887 35856 35118 33237 35118 34607 30632 33237 30632 34327 30604 33744 30604 36787
38135 43227 39218 39412 32829 36687 34951 39476 40751 36636 38894 37403 35533 37066 33861 39476 33861 40566
31490 43412 33312 33670 32645 38641 34017 35850 33162 34064 33106 34252 35183 34252 33961 34760 33961 34760
44986 56976 46076 48256 46076 51526 47166 49167 46226 48256 45136 49346 45136 50436 46076 49346 46076 50436
32056 44046 33393 35912 34236 34784 35326 39338 35326 35326 34337 36416 33732 38596 31230 40428 32824 40530
33162 47456 39586 40676 36192 38612 36432 36432 34252 37522 33162 37522 33162 38612 41766 36432 40676 36432
30492 45292 35341 33243 34588 34827 34826 36767 37326 33762 32089 33717 33569 33717 34987 33762 34987 33336
29281 38994 35500 32596 29807 36024 32551 32762 31363 35038 33686 31779 30273 36697 30219 32762 30268 31361
34495 42723 34436 37765 38498 36600 34003 38855 35526 36540 37467 38557 34360 37018 35496 38855 33585 38855
34281 46762 38860 48192 35751 41201 39406 39676 39131 37551 43832 37551 37386 40876 38968 39676 40116 36294
39666 48386 40756 39666 41846 42121 39941 40756 39941 37501 41496 42121 41496 42121 41846 41031 41846 42121
29448 42386 30912 30840 29679 31181 31430 32933 31003 32002 29894 32700 29894 31019 30181 32933 30181 35526
37488 47298 39668 39668 38578 42938 40758 39668 39668 41848 38578 41848 38578 40758 38578 40758 38578 40758
30791 44813 33437 32493 36158 36455 37447 32971 35090 34604 35482 37035 35106 37035 31406 33660 34816 32971
36486 46296 36977 34399 37576 40809 37260 36977 37260 36090 34881 40809 34881 38629 37576 39756 37576 38629
33145 39645 38133 32516 35325 31946 33105 34235 32913 30937 32015 38133 32015 34195 33105 36415 33105 36415
34429 50005 38593 40208 38850 37946 39223 38789 34955 39879 34472 37354 37196 38444 35519 39879 35519 37421

