34626 50576 34626 42373 37208 40848 39403 37091 39227 39332 35819 41797 35819 42506 34626 42373 34626 42373 34626 42373
31650 46055 31960 37972 34672 34091 34091 31960 31960 34091 34974 34401 35094 34401 33163 34401 33163 34401 35810 34401
39438 53889 40836 47602 37935 38007 43090 39628 43154 42113 39495 42303 40400 44852 37903 44852 37935 44852 37903 44852
33934 47569 33934 43459 39290 39636 35747 36258 34467 34119 34719 34342 34968 37034 38510 37034 37632 41585 38510 41585
33567 48847 33567 34912 34384 37131 33990 32741 34073 35953 33297 39164 34942 35777 33535 39127 33535 37145 33535 39127
31680 52118 31728 34037 40948 38338 34549 32765 34526 35692 34867 35522 34867 33609 40948 32836 40948 32836 40948 32836
38135 49292 34874 37481 35102 35837 36502 40848 34911 35733 35073 40807 34265 40896 32621 40420 38165 40420 38165 40420
31490 42746 31726 32807 30551 36736 31713 34642 34111 32409 33398 33159 35097 33682 31726 35046 30551 36736 31726 36736
44986 65461 44986 48211 44986 49753 47933 48436 48680 47738 47721 48993 47721 51777 44986 52048 44986 52048 44986 52048
40783 59345 40973 46527 41541 47168 42975 46925 43165 46230 41514 46384 43851 48386 40973 48386 40973 48386 40973 48386
36652 53335 36761 43048 36535 39957 39282 38488 38688 39460 38850 39298 36535 40863 37057 42563 37057 42563 37057 42563
30474 52006 30470 35811 31165 31623 31623 31569 30503 31590 32683 32093 32683 32093 31165 34300 31209 34300 31209 34300

