34626 38694 35170 36789 38903 36817 36926 37464 36893 38925 36663 38427 39347 38603 37004 38817 37163 38464 37163 36641
31650 34343 32351 33642 32592 32164 33920 31708 32974 32466 33464 32524 34017 32164 33818 32717 33690 32717 33818 32717
39438 42797 37704 40940 39153 38543 38847 37997 38191 40382 38101 40302 38083 41012 38144 38706 37704 38705 37704 38705
38135 40330 37612 35547 33308 35596 38205 39798 33510 32675 38007 35264 37958 33516 37722 33229 37722 33229 37722 33229
31490 34476 31996 33414 33560 34319 31569 30469 32853 32934 32566 32487 32023 31137 30953 31005 30110 33016 30953 31061
44986 48815 45381 47683 45805 48296 46181 49633 47248 46200 45806 47176 45806 47392 45463 48504 45463 48204 45463 47750
40783 44255 40956 43424 42248 43647 42018 42767 42671 43655 42437 42781 42157 43070 41391 43647 41991 43864 42457 43647
36652 39777 37095 38945 36971 40106 36665 37046 37205 38213 36564 37166 37495 37945 36987 38593 36790 38593 36443 38593
30474 33068 30452 31334 32938 29816 33222 33661 33012 31265 33041 33215 33041 33215 31103 35331 30871 35692 31103 35916
33934 35474 34423 36069 33926 38065 33772 34504 34687 36642 34003 34815 34003 35318 34806 38277 34976 35950 34795 35351
33567 36426 33381 35288 34110 36125 34617 33695 34072 34557 33927 33265 34110 35875 32970 34357 33044 35119 32970 34357
31680 37744 36279 36398 36037 31297 35566 36376 35292 41620 32359 35656 35468 30239 36177 35761 36270 35761 35868 35761

