34626 68832 52627 55389 49800 64082 57569 56227 58934 59826 56817 57387 52562 58343 50166 60031 55786 53529
31650 56850 46654 46050 47309 56221 49576 42450 46881 45421 45472 49021 42726 56221 45472 52345 45472 52345
39438 73162 65548 58855 55080 57853 56992 60532 52978 54879 53392 64132 52141 59600 59459 65679 58054 62455
38135 66533 51423 51424 46081 52249 50907 48533 50390 53281 45629 54378 46081 54313 50778 52314 50778 52314
31490 77096 55778 54810 53729 56605 57451 57000 59115 55938 51050 60224 54387 56530 54152 57798 52338 61963
44986 84586 66736 69440 53174 77386 66586 68917 63974 62986 60374 74028 56774 77628 59386 76117 63136 73786
33934 72799 56844 51364 47090 59508 48821 58325 48686 50244 45575 51873 46333 58325 50254 55400 43862 61428
33567 83820 59466 61569 49440 78759 54103 65580 52954 65012 56195 58620 49404 75159 53403 70845 57282 70845
31680 76053 63616 60291 49507 60428 52609 57657 57156 53057 55416 57535 50868 64286 48870 59774 52851 63374
40783 83983 52150 73183 50810 73183 58783 64912 62620 69583 58783 70178 58783 69583 55183 76011 55183 76011
36652 89999 60368 63749 49450 72890 60664 63968 68122 61200 54890 72000 49450 72890 53940 73422 56432 68340
30474 65507 48511 51107 42449 52535 45335 52535 45335 46439 42379 52892 42379 52892 41311 58307 41311 57339

