38135 37958 38279 38279 38135 37310 37310 38207 38279 37310 38207 37310 37310 37382 38207 38279 38207 38279
31490 31955 31634 31562 31091 29922 34150 31634 30368 29873 32107 31706 32806 31634 31091 31634 31091 31706
44986 45778 44986 45058 44986 45202 45058 45058 45058 45202 44986 45130 44986 45202 44986 45202 45058 45202
40783 41647 40855 40927 40855 41071 40927 40999 40927 40927 40855 40999 40855 41071 40855 40999 40855 41071
36652 37660 36796 36796 36652 36868 36724 36796 36724 36868 36652 36868 36652 36940 36724 36796 36724 36868
30474 31050 30618 30221 30546 30546 32332 30546 32332 30618 32260 30618 32260 30618 30618 30618 30618 30618
34626 35274 34626 34842 34626 34842 34698 34698 34698 36704 34626 36776 34626 34770 34626 34770 34626 34770
31650 32154 31722 31650 31722 31722 31722 31722 31722 31722 31650 31794 31722 31794 31722 31722 31722 31722
39438 37896 39510 39510 39085 39510 39157 39510 39157 39510 40786 39582 39510 39582 40858 39510 40858 39510
33934 30982 33934 32719 33934 34150 34078 34078 33456 36437 33384 31348 32575 31420 33934 34150 34006 34150
33567 34575 33567 32913 31426 33711 31498 33711 31498 32985 31426 33057 32913 33853 33711 33783 33711 33783
31680 35717 31752 31752 31824 33665 34615 31824 31824 31752 31752 31896 31752 31824 31824 31824 31824 31824

