34626 142593 53895 82777 55056 97021 64921 64535 58473 81742 50223 72396 50223 77426 57699 71497 57699 71497
31650 112341 68635 46704 43181 80241 58841 62845 54233 59597 49726 67955 53024 69541 48821 72789 48821 72789
39438 152749 62759 71539 66087 81539 85292 63883 63892 63963 61697 83160 56378 78769 82672 68069 82672 78769
38135 132241 53652 58362 49543 81053 58878 60245 65717 65976 56038 84150 58684 94785 55974 60245 55974 60168
31490 182747 71752 61992 64232 98822 65219 74290 64890 75919 60018 83658 62838 85632 60770 68274 60770 68274
44986 162164 55686 77086 63774 113065 76265 97217 74474 76265 63774 96247 63774 100947 63774 100947 63774 100947
40783 170728 62183 83583 61112 127928 74428 92321 83583 83108 72883 104566 62183 108193 61112 110155 61112 110155
36652 199287 73227 76486 56568 121598 78798 108291 70816 88787 56568 95157 58548 116557 58290 90152 68990 90152
30474 113954 55698 45849 52558 71327 53063 62067 59435 61812 59435 69116 59435 66995 52558 74888 52558 74888
33934 147402 58939 65412 67780 93464 61313 82518 65653 63793 52898 71317 49431 88484 66836 82830 66836 86625
33567 221156 57104 74154 55909 129974 61035 82969 64869 69407 53307 84819 54214 104986 52754 87067 57802 106254
31680 167474 74122 73500 58923 110872 68847 82081 70088 68847 55457 73552 59336 99397 53185 74480 63419 74480

