34626 119593 47364 73577 51638 83221 58021 57635 53555 71015 47623 64937 47623 68226 52346 64597 52346 64597
31650 93941 59435 42104 40820 68741 51941 55945 54130 51941 45126 60929 46124 60341 44221 63589 44221 63589
39438 127378 55859 67445 63879 70818 73792 59283 56992 57063 54797 73960 51778 69569 71172 61169 71172 69569
33934 122102 52039 58512 60880 81104 56146 71018 56453 56893 44079 62311 45760 74684 57636 71330 57636 75125
33567 172750 61731 64954 47640 106954 67185 71469 57969 69260 48154 73354 49569 98554 48154 75567 51989 90154
31680 141191 67968 64300 52023 94023 55588 70581 60888 55461 48405 63781 52436 84848 58120 65280 58120 65280
38135 118780 48997 51720 47243 71876 53205 54999 58817 59076 49138 72650 51784 80985 49578 54999 49578 53268
31490 150547 62552 55092 55032 82722 56454 65090 57617 64419 53118 69858 55938 71832 53870 59074 53870 59074
44986 136864 60517 70186 59174 99265 69365 85717 67574 69365 59174 84747 59174 89447 59174 89447 59174 89447
40783 143128 62893 74383 56810 109528 67528 80821 74383 73908 65983 90766 57583 94393 56512 96355 56512 96355
36652 164787 64522 67286 51968 103198 69598 92191 60368 77227 51968 81357 49690 98157 53690 78652 62090 78652
30474 95554 48798 41249 46767 60511 48463 55167 52535 54912 52535 59916 52535 57795 45658 65688 45658 65688

