34626 72657 50469 51759 44537 59265 54751 46664 52983 50754 51666 52660 46378 56685 48369 49889 48369 57782
31650 59825 45960 43725 38945 55596 40553 46218 43725 43521 43725 49985 38945 55596 43725 52380 40531 50794
39438 79253 54030 56105 52848 57936 56944 53214 53132 52200 45283 54243 53132 55800 51078 60696 55103 53911
38135 71713 44813 48039 47781 57961 48773 49048 46385 48878 48878 51741 40377 52153 43781 50274 43781 50274
31490 84221 49077 52367 44646 57079 51346 51615 52726 47009 46838 53226 52209 53337 46257 57144 45834 57144
44986 89261 55792 65111 54670 73161 57061 71892 58474 57061 53036 70997 53036 75022 52440 71892 52440 68390
40783 89083 51252 60908 52858 77008 56883 60908 64933 56883 52858 72031 51787 68958 53453 64933 47762 68958
36652 101178 62582 52335 50615 72215 59733 63759 53456 60328 48965 64649 48727 71393 48965 64410 48965 63759
30474 69332 47036 39069 39698 50092 44283 45897 44283 43435 43435 46067 43435 46067 38986 50092 38986 44283
33934 77049 51322 44765 47131 56965 42710 57193 45055 50347 40385 47981 44537 55013 42296 57193 42296 56819
33567 90386 50716 54236 46590 67616 51479 64424 51444 56810 52857 60363 42164 73743 47567 61849 47567 70298
31680 81578 49439 55623 46223 63570 50984 52368 53718 44576 43704 50668 42781 62232 48091 53351 48091 52426

