33891 50721 36951 35421 33891 43071 38481 38481 36951 38481 35421 40011 33891 43071 35421 41541 35421 39377
42586 53296 45646 44116 42586 47176 45646 45646 44116 47176 42586 47176 42586 47176 42586 47176 42586 47176
34040 54600 34230 34220 34980 40910 37080 36450 36880 37000 35650 39590 37420 39520 36710 35640 38470 39130
31667 50027 34727 37787 35105 43907 35912 36480 35912 36257 34382 38594 34382 40636 33499 37787 33369 37787
31462 48972 34522 36821 33362 39546 37796 35763 37796 36486 33672 36486 33672 36486 34522 35763 34522 36052
33135 50704 33176 33038 35777 40507 34659 35592 36887 36100 33690 42406 34989 37396 36193 35592 36193 38326
44703 53883 45929 47763 53775 61902 53553 47763 47361 53553 45831 49563 45831 47361 54631 47763 44703 49293
52294 47351 45962 56884 44432 55354 55354 44245 45962 56884 39655 56884 45962 44245 41231 55354 41231 55354
29351 51085 32771 32851 33194 40822 36818 33727 37016 35968 35430 37690 33874 38395 35357 34761 34539 36291
40273 53849 45818 46199 38658 49736 46676 43333 40375 44004 37128 46199 37128 49736 38658 46199 38658 46199
34736 51642 36552 37361 36879 40456 38411 40399 38753 41048 38753 43094 38753 42157 38601 39156 38601 41488
44302 56542 44302 43832 45832 50422 50422 48892 47362 48892 45832 50422 45832 51952 44302 48892 44302 50422
35121 42771 36651 36651 36266 39711 38181 39070 37796 38181 36266 39711 36651 39711 35121 38181 35121 38181
47132 65492 51722 50192 45944 49088 48089 53252 48089 51722 46559 53252 45944 53252 45944 54782 45944 53252
40297 50113 36760 39403 35410 44787 35429 46259 39165 45086 40118 39820 40118 38489 34753 46417 38588 47947
38263 50503 38263 42710 39650 45770 41706 42853 42853 44129 41323 45659 42841 44129 39650 42853 39650 42710
29235 45116 35406 33825 33257 37926 32670 34275 35556 38075 31265 38947 33257 34325 32880 34275 35600 35815
46392 58822 52096 51278 46688 51172 53626 50982 53626 48218 48218 51172 49452 51172 50566 51172 50566 52702
29913 42383 34962 35421 34885 39017 36415 33126 35421 32743 33891 34503 31213 34197 31443 32973 31443 37487
35324 47017 39914 40897 39914 39873 37648 38341 36854 40897 36854 42427 36854 42427 39914 40897 39914 40897
28766 47335 31891 32961 33250 36086 34885 33356 36415 33355 33617 36507 32049 34414 32832 34886 32832 39345
39806 59902 43072 45327 42866 48985 47456 48986 45926 48986 44396 48986 44483 50516 44602 48986 44602 48986
44456 61286 49046 50576 47516 46434 47580 49046 46948 52106 45418 50576 45418 52106 49046 49046 49046 49046
32644 43132 38819 33243 38983 42916 37506 34501 40513 39037 38983 37946 35430 37946 35706 32971 35976 40075
32255 41460 33810 33785 33810 35340 36500 35315 32280 32280 30750 36845 30750 36870 30750 35340 33785 35340
34282 53318 37183 42912 39852 46293 37539 42716 37323 39709 35793 39121 35793 42181 39800 44246 39800 42609
36124 48711 36857 38901 33360 38722 39616 42534 34413 38426 36321 35757 32450 42963 35605 42534 36754 41433
34019 51955 39139 36655 36065 44305 40457 44848 40881 39715 40881 43318 38178 43199 40258 41245 36655 42510
35812 49048 36808 39681 37342 44992 40402 38992 40402 40402 38872 41932 37342 44992 37342 41932 37342 43462
35623 53983 38683 43636 37153 46333 40213 40213 40213 43636 38683 42711 38683 44803 37153 40213 37153 41743
35171 57801 40497 40321 42210 46247 39955 43597 38790 39761 41359 42092 41476 44351 41147 42821 41291 42821
36319 46969 37849 41571 34686 42439 35215 39379 37789 36216 37789 39276 39059 37746 39059 40909 39059 40909
31965 48795 35025 35025 34064 43761 36491 36491 36491 36491 34961 38085 34961 38085 35025 39488 35025 39551
48554 63854 53144 45187 53144 47953 46423 46423 53144 46423 51614 46423 51614 46423 53144 54674 53144 53144
32478 50890 37068 32138 32280 33405 37641 35917 37863 37028 36111 36727 34700 37316 34281 35747 34281 37277
39432 45552 39432 42492 39432 44022 40962 40962 40962 42492 39432 44022 39432 44022 39432 41174 39432 42492
31563 44217 33848 33507 31738 45559 42499 34623 35037 42499 32893 35741 32893 35741 32681 34623 32681 34623
34525 48967 35396 37585 32826 36013 38486 36536 38208 35685 32826 37705 32826 40975 38467 35264 38467 34704
34238 44948 37298 37298 38919 42794 37298 38828 38204 38204 37490 41264 38919 42080 36232 40358 36232 42794
37571 52175 40005 40631 38614 46614 45012 41953 40005 40422 40005 45013 40631 49466 40422 43483 40422 42161
37533 46713 40241 44476 44711 39770 46241 40593 44711 40593 44711 47771 44711 47771 44005 42829 44005 46006
29190 51719 36530 34898 34477 41835 37736 34742 34632 35770 33927 40794 37280 42324 36578 34742 36578 34875
40905 54766 40679 36696 40917 42296 39024 39239 36684 38681 35420 40250 36823 40211 36142 47025 36142 47025
42444 60746 43916 50094 43338 50812 46222 48564 46223 44927 46858 49918 45328 46222 41867 47752 43574 47752
44174 59697 50517 47234 49371 50294 47234 47234 47234 52047 50517 53577 48987 52047 48987 48764 48987 48764
28434 48868 34105 37177 33840 37660 35693 33537 33559 34690 36718 36396 32128 36777 31908 33962 32929 33283
30230 52064 37392 39398 33766 39611 36175 40364 39800 36928 38270 37642 38270 39862 34419 40364 34419 41832
31480 45961 34365 32710 35360 35864 35084 39640 34850 35084 35020 36957 33897 37826 35536 38110 35536 38110
46535 60305 51125 40473 48065 41634 51125 49534 49534 51125 49595 52655 49595 52655 49595 49534 51125 40473
33336 51759 39685 39456 39163 44385 38951 41737 40693 38356 39163 40361 37633 43267 39163 43267 39163 43267
42469 56239 46744 47349 45124 49803 46654 47439 46654 49562 46502 51092 46502 49651 45124 50119 45124 50119
36565 48740 40594 39625 34490 39080 36108 43118 41844 38030 40314 41043 35226 41844 36277 43118 36277 43118
39259 55773 43849 40789 43849 46279 45379 43849 45379 48123 45063 46279 45063 46279 45379 45379 43533 45379
34820 49724 36448 37534 35460 37481 35609 38521 35110 38818 36748 38126 34963 37632 39806 39805 39806 36446
31860 46495 36350 33424 36384 38945 35253 34521 37378 34719 33271 35717 33271 35717 36384 37976 36384 37976
35292 48682 39882 37354 37102 39111 36596 39895 37606 39135 34003 39895 34522 35824 36811 35824 36811 37354
31043 50705 37976 35142 34418 41525 33508 39506 36264 36935 32889 36884 35141 41753 33875 39506 36859 38693
39929 46594 42989 41459 42416 46049 44519 42989 44519 38480 41459 43946 41459 43946 42416 42989 42416 42989
31795 52221 37576 34764 35480 39845 35684 36016 37387 35668 34328 37057 34328 37614 36850 35141 36850 36385
33099 55886 36211 36671 35169 41290 37423 40749 35405 39769 37010 38153 36240 39071 34025 43169 34693 40749
39602 53372 42662 44192 42662 47972 43382 41677 41132 43137 39602 44912 39602 41447 42662 43207 42662 42977
41231 55001 44291 42761 39169 45289 40699 44291 40699 40699 42761 45821 42761 45821 40699 49510 40699 49510
35684 44864 37214 36758 37214 39818 43511 43511 43511 38288 36758 39818 36758 39818 37214 39818 37214 39818
39796 50506 42856 41326 48767 45916 42856 44386 50297 44386 48767 44386 50297 44386 48767 44386 48767 42856
28522 49011 32477 38374 33003 38075 35912 34643 34980 33748 34980 39083 29680 35650 30687 34457 30687 36919
33754 53595 37118 41147 41125 44326 40656 41071 41293 42601 41293 45616 41321 45405 40035 41071 38773 42601
37520 52820 40114 35162 39050 42276 36692 43821 39488 40746 37958 39398 37958 41386 37597 41386 38313 41386
34927 50061 37605 38293 41054 47174 39280 39639 37462 42102 36169 42102 36169 42102 41988 39517 37605 39517
33928 43916 36469 38347 41089 40048 39877 37796 39877 36988 35458 38518 35458 40048 41089 38518 41089 39877
33497 46491 39003 37480 40787 42070 35711 36642 36057 35711 37234 40540 37234 40540 35027 39010 35027 39010
30222 46369 33896 33846 31270 34885 35851 36716 34561 34809 32907 34777 33921 35044 31259 38246 31259 37579
28586 54234 35882 36892 36786 45912 34813 40446 36033 38775 35787 36546 34530 39099 37068 39402 38991 39402
30475 46998 35554 34758 33779 37818 36839 34269 36839 36900 36901 36900 34575 35432 37634 34269 34391 34269
41798 52508 43328 44858 43328 46388 44858 44858 44858 44858 43328 46388 43328 46388 43328 46388 43328 44858
44901 63124 50884 50884 46294 53944 50884 49354 47824 52414 47824 52414 46294 53944 47824 52551 47824 52551
33934 52099 35315 37280 36737 39468 37093 40803 37280 37840 34702 39370 34193 41238 36150 40054 36150 45570
33567 53354 36374 37474 35792 45124 34995 37474 37359 37177 34414 39004 35829 43594 35720 41217 35720 42064
31680 49988 39887 34688 40715 45801 40714 36231 47516 33554 34740 36322 35754 43496 37117 37800 38647 37800
34626 53086 38460 43132 39041 43806 37833 39716 37106 41150 37411 41150 37411 42276 38090 39216 38090 39216
31650 42360 34710 36504 34672 35071 33180 33180 36844 34710 34710 34748 36240 35071 33784 34710 33784 34710
39438 53366 42498 48321 41622 40843 45248 40489 43152 40489 40092 40489 40092 41479 45248 41479 45248 43009
40783 59143 45168 46903 44572 54807 47157 46903 48687 49443 49000 49191 45627 48433 44572 49963 44572 49963
36652 58072 39712 40825 38881 47824 41881 42772 43542 42047 38228 44302 38274 46591 39652 44302 39295 44302
30474 44414 35064 33534 31327 37616 35912 34557 35912 35487 34382 34557 34382 36087 31497 35064 31497 34386
38135 46761 40098 35432 33709 38447 36271 40356 40356 36272 39774 38723 36853 39266 35387 40356 35387 41886
31490 49500 35072 34482 32226 38576 39114 36837 35140 35912 33657 36832 33850 34508 35281 35118 35281 35118
44986 61816 46777 49576 46516 54166 50582 51367 48307 49576 46365 51106 46365 52636 46516 51367 46516 52636
32056 45441 35537 35066 35066 37827 34731 41098 34731 37939 32174 38176 33536 41236 35872 42628 34813 40596
33162 51416 39176 33979 33162 40812 37752 37752 40706 39282 39253 39282 39253 40812 39176 37752 39176 37752
30492 49692 37097 47748 38263 36147 34700 38527 34860 40079 33849 37717 35379 37717 41963 35082 41963 34656
29281 47908 33694 33036 30687 37374 34233 32888 33717 37190 30325 33539 32187 38897 30687 34625 32673 33000
34495 48003 35837 39085 35352 40054 35763 40615 38263 38300 38787 40317 35240 38860 35837 40615 39982 40615
34281 51111 40944 36634 36631 44281 38652 44332 38489 38871 37669 38871 46894 40622 37342 44332 41436 41876
39666 51906 41196 39666 42726 50154 41196 41196 41196 47094 39666 48624 39666 48624 42726 48624 42726 50154
29448 45878 35008 32240 31169 34198 32965 35164 32270 33824 33767 34228 33767 34095 30874 35164 30874 33449
37488 51258 40548 40548 39018 45138 42078 40759 40548 43608 39018 43608 39018 42289 39018 42289 39018 42289
30791 46394 32461 35883 35258 34654 38767 34540 34341 35095 34080 35407 34920 36413 34380 33967 33791 36070
36486 50256 37857 35279 38016 37934 38580 37857 38580 37050 36245 39305 36245 40835 38016 41076 38016 37775
33145 44045 39893 31532 36205 34146 34865 34675 34233 32257 33335 39893 33335 36395 39265 37735 39265 37735
34429 54845 39129 36971 41698 42328 36501 40549 39328 38301 36371 39979 34826 41413 35959 42079 35959 40798

