34626 63907 36561 42501 36561 43681 41249 37685 41249 42584 37491 41036 37491 41921 36561 39876 36561 39876
31650 50025 35296 37297 35106 35296 34275 34275 34275 35296 34974 40224 35106 36900 34275 34275 34275 34275
39438 63069 39161 46955 39090 40293 39869 39307 39869 40795 38741 40582 39657 45614 38741 42989 38741 42989
38135 56532 37469 37405 36070 37405 40157 40889 44029 39900 36371 39900 36931 39556 35856 43385 35856 43385
31490 64003 34053 32375 35659 41567 39922 36740 36263 35746 33638 38049 34343 36585 35659 37391 35659 39365
44986 73861 48967 47015 44986 52861 48967 48967 48967 52115 46342 50236 46342 52861 44986 52861 47611 52861
33934 63049 41978 42122 36498 39640 39246 42558 43098 41978 37858 37381 35750 40006 37359 41809 36871 41809
33567 68430 39268 38069 36462 44479 36604 37344 36604 39229 33979 43993 34942 46132 35627 41442 35627 41442
31680 63223 41426 36372 32952 42966 35795 37022 40642 36362 34916 38843 33995 40889 32073 36456 32073 37022
40783 72283 43408 46033 43051 51283 46033 48658 46747 51513 43408 50511 43408 51283 43051 49321 43051 51283
36652 73401 43682 43636 42672 46084 45297 41902 42672 44527 40418 44527 42672 47152 39693 41902 39693 44527
30474 50711 33100 33099 37423 34114 38357 35217 38357 34799 32683 35217 32683 35217 34121 35724 34121 35724

