34626 50363 37021 45881 38761 46210 40915 39181 39892 42527 37861 44009 37861 44035 37336 48831 36791 48831 36791 48831
31650 43521 33152 41744 36815 35271 36410 33984 36239 35249 37231 36646 36815 35865 37231 39253 34559 39253 35078 39253
39438 50923 39132 45176 39025 45752 42000 46378 39652 42018 38272 42973 42069 45546 39185 53496 39185 45813 39185 45813
38135 47824 34290 44797 35239 42588 40516 44072 40191 38620 38700 39772 33811 42468 33884 42588 33418 42588 33884 42588
31490 41106 31198 37161 31268 35816 35046 34287 36727 35082 33918 38454 32590 36502 31748 36274 31748 38454 31748 35604
44986 61860 45854 56877 48705 56663 49379 54497 49685 49264 49675 54407 49675 55359 46134 57624 45266 57624 46218 56663
33934 44953 35321 39252 38652 42615 36558 40665 37486 35464 36077 35313 35807 43497 38652 44764 38683 38849 38652 44764
33567 43116 35950 39910 36792 42354 35889 35650 36295 38988 36676 39688 36996 39296 35043 40397 36739 42748 35043 39812
31680 41931 40624 37024 35007 42226 34557 38833 33975 37257 41481 41932 32760 38891 35214 44105 36909 45714 36941 44028
40783 56081 41512 49791 43460 53404 47287 48922 50885 45376 44284 49450 45014 50862 43398 53723 43444 54110 43800 53723
36652 50401 37893 43790 38387 47336 40730 43963 38461 42421 38276 41118 39833 45767 35985 47269 35985 47269 37854 47269
30474 49144 31114 38074 32640 36389 37820 32364 36897 36896 37757 33438 37757 33438 30498 37055 33033 39220 30475 39220

