38135 37540 37404 38305 38373 37404 37336 38305 38339 37370 37302 37370 38339 37370 37336 38305 37336 38339
31490 31966 31694 31762 30250 29929 30754 29827 30318 31728 29839 31728 29861 29929 31694 31762 30284 31762
44986 45360 45156 45224 45054 45292 45190 45122 45156 45156 45122 45190 45088 45224 45122 45224 45122 45258
34626 34932 34762 34796 34728 34830 34830 34796 34762 34864 34762 34796 34728 34830 34728 34830 34796 34762
31650 31888 31752 31786 31820 31718 31786 31752 31786 31786 31786 31752 31820 31752 31786 31752 31786 31752
39438 39421 37236 39608 37270 39676 37304 39217 39642 39217 37236 39183 39642 39676 37304 39608 37270 39642
40783 41191 40885 41089 40885 41089 40953 40987 40987 41055 40953 41021 40953 41055 40919 41055 40919 41055
36652 37128 36924 36890 36788 36992 36856 36856 36856 36856 36788 36992 36822 36992 36856 36924 36822 36958
30474 30746 30610 32396 30644 30576 30576 32396 30576 30610 30542 32396 30542 32396 30576 30644 30576 30644
33934 34240 34036 34138 32571 34104 34104 34138 32639 34070 32571 34138 32571 34172 32571 34138 32571 34138
33567 34043 33771 31626 31456 33867 31558 33007 31558 33765 31558 32973 31456 33833 33771 33833 33771 33833
31680 32088 31850 31918 34675 33710 31816 34743 31884 31884 35037 30799 34641 31918 34641 31918 31850 31918

