34282 43809 36865 35422 35369 36882 38982 35422 34692 38252 35422 35742 35422 36152 35049 35458 35049 35778
36124 39812 37584 38061 35547 31648 30904 38314 37584 35547 36854 39044 35456 39044 33638 38314 34817 38314
34019 42355 35785 35226 34896 36515 35785 35479 35785 36686 33836 36939 33159 36939 35055 36209 35055 36209
35812 41848 35812 36209 36542 38002 37272 37272 37272 37272 36542 38002 35812 38002 35812 37272 35812 37272
35623 44383 36353 36353 39694 38543 37530 37083 37083 37813 36800 37813 35623 38543 39219 37813 39219 37813
35171 46315 37269 36631 36779 38091 36631 36631 40215 36631 35901 37555 35901 38821 36631 37361 36631 38091
36319 40569 37049 38511 33086 32885 36189 37779 36189 33086 35459 33816 36319 33816 36319 37779 36319 37779
31965 39995 33425 32695 31965 34028 33425 34155 33425 33425 32077 34155 32077 34155 33425 34155 33425 34028
48554 55854 50014 49284 49284 43293 43293 50014 43293 43293 49284 50014 49284 50014 50014 50014 50014 50014
32478 41238 33208 33731 33208 34668 33939 33731 33208 34090 33938 34668 33938 35398 33938 33731 33938 32630
39432 42352 39432 40162 39432 40892 40162 40162 40162 40892 39432 40892 39432 40892 39432 40162 39432 40162
31563 37817 32293 39369 34931 40099 39369 32293 33437 33437 32707 33023 32707 33023 34931 32293 30138 33023
34525 39834 30696 31546 33196 36396 35425 33884 35255 29824 34525 32276 34525 36396 29966 36715 29966 35985
34238 39348 34968 34968 35331 40776 40776 36696 37420 40046 35874 36514 36690 36514 40040 36696 40040 36696
37571 44245 35971 38301 37571 41082 37710 38823 42719 39031 37675 39553 38301 39761 37571 38823 37571 38823
37533 41913 38263 41440 41651 41440 44641 38993 43911 44641 41651 38993 41651 38993 37533 38993 37533 38993
29190 41513 29920 30547 31769 32110 31383 31380 34929 35017 30414 31380 31264 31367 31085 31380 31085 31380
40905 46379 40905 43095 35797 39966 33264 42365 39937 35590 32282 37410 39207 42365 39966 43095 39966 43095
42444 51146 42444 43962 43498 43346 44458 43904 44458 43728 41562 43846 43728 44634 41243 43904 41243 44634
44174 53297 48917 44904 44174 48187 48187 48187 48187 44904 44904 45634 44904 45634 44174 45634 44174 45634
28434 38528 30543 30477 31237 31679 30438 29232 30800 30219 30348 32879 32690 30949 32471 29232 29405 29232
30230 39138 34808 32927 30625 34387 32254 31918 33635 33218 35139 34176 35139 31541 33908 31918 33908 31918
31480 37961 32329 32210 31274 35048 32940 31567 35836 32735 35106 33027 32297 32297 32944 31567 32944 31567
46535 53105 47995 47265 47265 47265 47995 47995 47995 47995 47265 47995 47265 47995 47265 47995 47265 47995
33336 41359 32599 35526 35804 34789 34930 35526 34149 35750 33419 36256 33470 36986 35804 35526 35804 36256
33891 41921 33891 34621 33891 36081 35351 35351 34621 35351 33891 36081 33891 36081 33891 36081 33891 36081
42586 47696 43316 42586 42586 44046 43316 44046 43316 44046 42586 44046 42586 44046 42586 44046 42586 44046
34040 41250 37940 32060 34340 30870 34940 34980 33130 35940 33300 31940 33540 34460 34340 32790 31590 33390
31667 40427 31667 32397 32397 35317 33127 33127 33127 33127 32397 33857 32397 35317 32397 33857 32397 33857
31462 38762 32192 32231 32922 32653 32481 32922 32481 31923 34825 33652 34825 32653 32922 32922 32192 32922
33135 42612 32633 32599 32645 35358 36047 34595 33354 34176 33354 32772 35429 34595 34653 33006 31546 32276
44703 49083 44703 45433 61053 59572 45433 45433 61783 45433 61053 46163 61053 46163 44703 45433 44703 45433
52294 48012 39655 53024 43632 53024 40385 53024 40385 53024 43632 53754 39655 53754 39655 53024 39655 53024
29351 40412 30592 32985 29673 32727 32405 30199 30810 31576 30692 30404 31124 31025 30812 30577 30811 30577
40273 46113 40273 41733 40273 42340 41003 41733 41003 42340 40273 42463 40273 43070 41003 41733 41003 41733
34736 43069 36211 40267 35410 39318 34649 36985 37229 36196 35752 35207 35752 35207 35410 36926 34650 38588
44302 50142 44302 45762 44302 46492 45762 45762 45762 45762 45032 46492 45032 46492 44302 45762 44302 46492
35121 38771 35851 35851 35121 36581 35940 35940 35940 36581 35466 36581 35466 36581 35121 35940 35121 35940
47132 55892 48592 48592 47862 45844 43698 49322 43698 48592 42968 48592 53190 49322 47862 49322 47862 49322
40297 48327 41027 41757 36432 44793 41757 42487 35399 41426 34669 42487 34669 42487 34813 41757 34813 41757
38263 44103 38263 40622 38263 39580 41729 39723 38850 38850 38120 39723 38120 39723 38263 39723 38263 40453
29235 36657 31165 29965 33559 31998 33825 31165 33825 31165 29499 31165 33598 30538 33557 33363 33557 30435
46392 52232 47122 47852 50566 47122 51296 47122 51296 47852 47122 47852 50566 47852 50566 47852 47122 47852
29913 35183 29913 33355 30643 32173 30643 30643 34085 31373 33355 31373 33355 34015 30643 31373 30643 31373
35324 42217 36784 35324 36784 38567 38567 36054 39406 39297 38357 39297 38357 39297 36784 39297 36784 39297
28766 38256 29077 29860 31165 30481 30697 30274 29859 30746 29860 30694 29860 31273 29702 30274 29702 30274
39806 48566 40536 44259 40536 41995 42726 41996 40667 41996 41266 41996 41996 42726 40536 41996 40536 41996
44456 52486 46646 45916 44456 45186 45916 45916 44098 46646 44098 46646 44098 46646 45186 45916 45186 45916
32644 38870 33538 34249 31713 32116 33119 31261 33576 32263 31713 33193 31713 32956 33955 34104 33955 34104
32255 35860 31480 30750 31480 32985 31480 32985 31480 32985 30750 33715 30750 33715 32255 32985 32255 32985
33934 41094 35413 33511 34398 34382 33403 36873 35163 31784 35367 34710 33296 35440 37388 36124 37965 36124
33567 44481 33766 34229 34223 37940 34047 32814 34047 36192 33317 36922 34726 37723 31354 35757 31354 35757
31680 44478 32100 32410 40168 41628 35055 36092 33140 32980 32410 35053 34632 33140 40737 34323 40737 36092
34626 41196 38021 36816 38021 36816 38666 35356 38666 38020 38794 36816 38794 39202 38021 36086 38021 36086
31650 36760 32380 31650 33211 32380 32380 32380 32380 32380 32984 33110 34949 33110 32380 32380 32380 32380
39438 46074 39957 38186 38327 40168 42102 40168 42102 38917 40898 40898 40168 40898 40898 40168 40898 40168
40783 49543 41513 42243 41793 43703 42243 42973 42243 43983 41513 42973 41513 43703 41793 42973 41793 43703
36652 48018 38528 39553 37221 38504 37774 38112 37951 37635 37221 38842 37221 39572 37382 38112 37382 38842
30474 36537 31934 31204 31204 31257 31427 31427 31427 31934 30697 31427 30697 31427 30697 31934 30697 31934
38135 45196 35574 39595 37425 38626 33187 38994 37121 35593 34734 35593 36884 39356 38865 39595 38865 39595
31490 38372 32289 32220 30715 32648 30885 32950 32693 30719 29917 31308 32621 31893 30715 32950 30715 33680
44986 53016 45177 45135 44986 46595 45716 45716 45716 47176 44986 46446 44986 47176 44986 47176 45716 47176
32056 40086 33516 34424 32786 31500 32734 37168 32734 33516 30645 34246 30645 32230 32786 34246 32786 34246
33162 39002 39226 33892 34742 35352 34622 33892 33892 35352 33162 35352 33162 35352 39226 34622 39226 34622
30492 37787 33867 31416 30492 31955 37391 32682 31124 32287 31671 31952 31671 33017 30492 31952 30537 31648
29281 41513 30011 30011 31506 35092 30741 30275 32236 29804 30483 30534 30483 30534 30018 31005 30018 31005
34495 38403 31923 35955 43644 31890 46390 35955 46390 48705 35133 31550 31550 32057 43644 35955 43644 35955
34281 42802 36539 35011 38285 38729 36744 34301 36744 37999 36014 36709 37555 38982 39050 34301 39050 34301
39666 45506 39666 39666 40396 40311 40191 40396 40191 40311 39461 41126 39461 41126 40396 40396 40396 40396
29448 35086 29279 29288 28515 29439 28495 31638 29891 29030 29161 31190 29161 30835 28515 31638 28515 31638
37488 44058 38218 37488 38218 39678 38948 38218 38948 39678 38218 39678 38218 39678 37488 38948 37488 38948
30791 38928 32210 36162 32043 31522 35637 36892 34031 32357 33216 31290 32816 32251 32048 35952 34553 35952
36486 43056 37216 37216 37216 37469 34805 37946 34805 37549 34720 37469 34720 37946 37216 35527 37216 36739
33145 36045 35963 28385 35233 33875 35233 33875 34605 35963 35233 35963 35233 35963 35233 34605 35233 35335
34429 41729 34429 35889 35159 33778 35889 35159 34595 34007 34634 36619 34634 37349 35159 35889 35159 36619
42469 49039 43199 43929 42849 47162 43199 44659 43199 46432 42849 44659 42849 47162 42469 44659 42469 44659
36565 39940 36454 37295 35165 37295 36793 37295 36792 34435 36062 38025 36062 38755 36004 37295 36004 38025
39259 46559 40719 39259 40719 39989 40719 39989 40719 39989 40719 40719 40719 40719 40719 40719 40719 40719
34820 40104 32006 33910 32194 33910 31973 35145 31973 32517 34081 33910 34081 33910 34820 36280 34820 33800
31860 38525 34564 31593 32322 34463 32223 31192 32220 32621 32722 33052 32722 33052 31672 33320 31242 33003
35292 42563 32730 35292 36022 33241 31819 35965 35511 40769 35511 34752 36022 33184 36752 35965 36752 35965
31043 40849 32503 31773 32089 33549 31321 30876 30876 32586 31359 32781 30146 32336 32089 31606 32089 31606
39929 45926 39356 39929 40086 41389 41389 40659 41389 41389 40086 41389 40086 41389 40086 40659 39356 40659
31795 43233 31846 32538 30514 35265 33079 31286 33795 31958 33291 33217 33291 32016 33180 33255 33180 33255
33099 42581 31423 36019 33150 33333 33842 35289 32211 33092 35079 33821 34349 36019 32643 34559 32643 35289
39602 46172 40332 39486 41062 45026 44296 40332 40332 45026 39602 41792 39602 40216 41062 40332 41062 40146
41231 47801 41961 39169 41231 40629 41961 42691 41961 41961 41231 42691 41231 42691 41231 42691 41231 42691
35684 40064 36414 35684 35684 36688 36414 36414 36414 36688 35684 37144 35684 37144 36414 37144 36414 37144
39796 44906 39796 40526 40526 41256 41256 40526 40526 40526 39796 41256 39796 41256 40526 40526 40526 40526
28522 37906 31229 30522 31252 32025 30155 29159 30155 32372 29425 29817 29252 29683 29252 29159 29252 31295
33754 43244 34047 39969 36443 38054 34724 34484 36199 36914 35811 35944 35811 36674 36443 35944 36443 35944
37520 44820 38250 34808 38611 38250 35725 38980 39341 35538 39341 38980 39341 39710 38250 38980 31101 38980
34927 42861 36805 35657 40458 35657 36445 36387 42648 36445 41918 37967 41918 37117 36805 36387 36805 36387
33928 38316 34658 36817 33936 37547 34666 35388 34666 37547 37547 35388 37547 35388 33936 35388 33936 35388
33497 37877 34227 33497 34227 37410 37410 34227 34227 37410 33497 34957 33497 34957 34227 34227 34227 34227
30222 37964 29228 30557 29252 31389 30325 29624 30325 31162 30000 29958 30451 30434 31633 31034 30393 31764
28586 42854 33475 34890 33166 32634 31638 34558 32234 32301 31638 33342 32037 36771 32767 35288 31441 31372
30475 36738 30898 31449 30898 35051 33770 32542 33770 33770 34081 32665 34081 32665 30898 31935 30898 31935
41798 46908 41798 43258 41798 43258 43258 43258 43258 43258 42528 43258 42528 43258 41798 43258 41798 43258
44901 53524 45631 46361 45494 46954 45091 44361 45631 45091 44901 47091 44901 46954 46224 47091 45494 47091

