34626 36536 34979 35816 36803 36044 36494 41320 36687 35537 36389 37655 37033 37769 41023 35816 41126 35816 41126 35816
31650 33393 31871 32644 33117 31983 32581 31688 33384 32178 33117 31983 33117 31983 33117 31983 32153 31983 32153 31983
39438 41613 37342 37618 37326 37619 40169 40344 40301 39638 39821 39668 40386 37988 37350 37840 37350 37618 37350 37618
38135 39214 37455 33907 33062 32683 37838 38885 33613 34184 33571 33996 37479 33943 37526 32683 38406 32683 37526 32683
31490 33528 31919 31029 30332 30030 33909 32370 32321 31345 31135 30978 30357 31183 29724 30414 29724 30414 29724 30414
44986 47467 45115 46733 45920 46767 46043 46497 48122 45410 45476 46405 45476 46845 45156 46930 45028 46930 45168 46184
40783 43030 40806 42105 41176 42858 41475 41978 42005 41458 41298 41968 42029 42263 41513 42548 41852 42548 41398 42548
36652 38674 36751 37766 36380 37908 36786 37326 36741 37460 36259 37225 36675 37908 36705 37898 36705 37898 36701 37898
30474 31888 30625 30642 30388 32427 32942 32588 32806 30999 32745 30478 32745 30478 30564 31069 30642 31069 30388 31069
33934 34493 34092 37716 34755 36226 33648 35563 33694 34507 33584 38109 33584 38589 34755 35110 33982 33922 34755 33029
33567 35419 33775 32234 33893 32540 31966 34433 34125 34301 34031 33285 32935 34661 31710 34823 32883 34737 31582 34737
31680 33428 36815 33861 37229 34213 34822 31230 34802 33381 32088 35604 31883 30923 37066 31330 35016 34007 37229 31535

