34626 57586 40871 51235 44009 49900 47733 48311 48471 48655 46207 48671 43791 50355 39892 55398 45274 49900 41158 52988
31650 49853 39640 45117 42691 43192 43293 37428 41909 43814 42864 42594 47687 43192 41518 45743 37406 45743 40779 44097
39438 59559 41397 51578 46854 51209 50477 45602 46945 46649 46933 50745 45114 51101 46501 50443 48049 50443 46501 50443
38135 54679 40773 47561 37511 45542 39341 51930 41949 44116 38585 46447 39919 45552 37511 47346 39437 47346 37511 47346
31490 46272 37189 41846 34866 40776 40001 41446 39124 39027 36729 41692 35592 45278 34511 42826 34511 42826 34511 42826
44986 70858 50565 66170 50995 65323 54941 62512 58376 61743 51979 60585 50520 62044 47613 69418 47613 69418 47613 69418
40783 64238 47847 61946 48068 60134 51187 57110 53536 57570 48784 58029 48784 57160 44887 60134 44354 64311 44887 60134
36652 62122 42273 53126 40745 54170 46285 47031 43304 48070 42778 50373 40745 54170 40525 52572 40911 52103 40745 52572
30474 46667 38756 46921 41768 40175 39783 42483 38368 39795 37733 43564 37733 43564 34365 44533 34805 44721 34235 44721
33934 51492 41662 43106 38840 50852 39569 47414 42207 46517 40779 41155 40936 47288 37183 45899 37374 45899 44382 45899
33567 49389 39198 47720 38422 48807 41698 40979 44435 43262 44732 44750 39347 48807 40106 46070 37707 46976 35925 47012
31680 55114 38988 44863 38807 45807 41308 47611 41200 42949 40133 42630 36795 43611 38998 44895 38500 46714 38500 44895

