34282 50848 39472 36108 35940 41133 35681 39793 40277 39472 38937 36962 38937 37982 34292 40439 34292 37608
36124 46522 30406 39281 38800 34088 32124 40244 34128 33937 35651 41484 37464 41484 33556 40244 36275 40244
34019 49675 37615 35359 38538 38955 41218 36699 41218 39878 37441 39379 37198 39379 36275 38039 36275 38039
35812 47338 35812 38151 37152 39832 38492 38492 38492 38492 37152 39832 35812 39832 35812 38492 35812 38492
35623 51703 36963 36963 37015 40983 38303 38303 38303 40421 37015 39643 35623 40983 36963 39643 36963 39643
35171 55141 39967 37851 36511 39367 39756 37851 37480 37851 37656 39385 36511 41871 37851 39191 37851 40531
36319 45449 37659 38511 34306 38999 37409 38999 37409 34306 36069 35646 36319 35646 36319 38999 36319 38999
31965 46705 34645 33305 31965 38411 34645 35985 34645 34645 33241 35985 33241 35985 34645 35985 34645 38411
48554 61954 51234 49894 49894 44513 44513 51234 44513 44513 49894 51234 49894 51234 51234 51234 51234 51234
32478 48558 33818 37354 33818 38694 33985 34007 33818 38085 37354 38694 37354 39425 35158 34007 35158 33850
39432 44792 39432 40772 39432 42112 40772 40772 40772 42112 39432 42112 39432 42112 39432 40772 39432 40772
31563 42697 32903 40589 35541 41929 40589 32903 32491 32491 33317 34243 33317 34243 35541 32903 31358 34243
34525 42125 35726 33285 33086 32383 33285 35104 35385 33144 31186 34625 32854 33723 35726 38545 35726 37205
34238 43618 35578 35578 35941 39164 39164 38258 39455 38640 36484 37734 38115 37734 40650 38258 40650 38258
37571 50275 36041 38911 42719 38285 39555 40043 44059 40251 38285 41383 38911 41591 38582 40043 37571 40043
37533 45573 38873 38049 43181 38049 45861 40213 42991 45861 43181 40213 43181 40213 41651 40213 41651 40213
29190 48265 32854 33257 32008 34955 33302 33210 33435 35892 32095 35444 31426 37815 33170 33210 33170 33210
40905 52486 34179 44925 33976 40576 42826 43585 38630 36810 37290 38150 39817 38150 40576 44925 40576 44925
42444 56997 42257 45995 41619 44122 44122 45124 44122 44948 46720 45066 42782 46464 43375 45124 43375 46464
44174 58177 50137 45514 48797 48797 48797 48797 48797 50137 45514 46854 45514 46854 48797 46854 48797 46854
28434 46398 30738 28567 28991 31972 34460 31672 30874 31341 33420 32907 29577 33119 33691 32712 32275 32712
30230 49594 34604 31233 33765 38868 35960 33748 35482 35019 31797 34541 31797 34814 34142 33748 34142 33748
31480 45460 33226 32820 33343 35039 34160 33991 32750 31880 31410 34857 33517 33517 34290 34576 34290 34576
46535 58595 49215 47875 47875 40283 49215 49215 49215 49215 47875 49215 47875 49215 47875 49215 47875 49215
33336 49289 36338 37356 35777 37505 34173 37917 35796 37356 34456 38696 33300 40036 35777 37917 35777 38696
33891 48631 33891 35231 33891 37911 36571 36571 35231 36571 33891 37911 33891 37911 33891 37911 33891 37911
42586 51966 43926 42586 42586 45266 43926 45266 43926 45266 42586 45266 42586 45266 42586 45266 42586 45266
34040 52720 37160 33280 38420 36400 36080 34920 40260 37000 34460 35860 38420 35140 36660 34620 38060 34940
31667 47747 31667 33007 33007 40275 35154 34347 35154 36086 35154 35687 35154 38367 33007 35687 33007 35687
31462 45631 32802 35775 34142 35916 33571 34142 33571 34576 32231 35482 32231 35916 34142 34142 32802 34142
33135 47823 32288 32572 32248 36186 34503 34828 34747 34045 33355 37148 36186 35815 34103 35815 33726 33496
44703 52743 44703 46043 52911 60182 46043 46043 54251 46043 45641 47383 45641 47383 44703 46043 44703 46043
52294 46355 39655 53634 44242 53634 40995 53634 40995 53634 44242 54974 39655 54974 39655 53634 39655 53634
29351 50127 30205 31858 33728 36994 34270 31654 33990 32510 34639 32643 32930 32815 32205 30924 30409 33131
40273 50993 40273 42953 38278 44770 41613 42953 41613 44770 37315 44293 37315 44770 43908 42953 43908 42953
34736 47414 36821 36937 36443 35676 37818 38815 37303 37016 36421 40097 36421 40097 36443 38756 36136 36465
44302 55022 44302 46982 44302 48322 46982 46982 46982 46982 45642 48322 45642 48322 44302 46982 44302 48322
35121 41821 36461 36461 35121 37801 37160 37160 37160 37801 36076 37801 36076 37801 35121 37160 35121 37160
47132 63212 49812 49812 48472 45648 44823 51152 44823 49812 43483 49812 43309 51152 48472 51152 48472 51152
40297 54005 35574 37493 35030 39627 42421 44317 42977 34859 42750 44317 41637 44317 34813 42977 34813 42977
38263 48983 38263 41232 38263 40800 43559 40943 40943 42219 39603 40943 38120 40943 38263 40943 38263 42283
29235 46550 34594 30575 32981 33924 33247 34594 33247 32995 32067 34594 34728 34075 32165 33515 32165 33254
46392 57302 47732 49262 50566 47922 51906 47732 51906 49262 51906 49262 50566 49262 50566 49072 47732 49072
29913 40673 31443 33355 34427 35767 31253 31253 34695 32593 33355 32593 33355 37183 34427 32593 34427 32593
35324 45877 38004 35324 38004 39177 37268 36664 36664 40517 35324 40517 35324 40517 38004 40517 38004 40517
28766 45055 31622 31813 29804 34375 31307 32104 31307 32646 31813 32524 31813 35715 30922 32104 30922 32104
39806 57622 41146 45479 41146 43825 45166 43826 43707 43826 42486 43826 43826 45166 41146 43826 41146 43826
44456 59196 48476 47136 43248 45928 47136 47136 45928 48476 45928 48476 45928 48476 45796 47136 45796 47136
32644 45580 35076 34859 33383 32509 37620 32481 35131 32344 37292 33684 37292 32809 35570 35324 35570 35324
32255 40130 32090 34943 32090 33595 36283 33595 36283 33595 34943 34935 30750 34935 32255 33595 32255 33595
42469 54529 43809 45529 42849 46363 44189 46489 44189 47652 42849 46489 42849 46211 42469 46489 42469 46489
36565 46650 37905 37905 36385 41208 38404 39868 38012 35045 37905 39245 37905 36878 33817 37905 33817 39245
39259 54253 41939 39259 41939 43029 41939 40599 41939 43029 43533 41939 43533 41939 41939 41939 41939 41939
34820 47254 34080 33401 33098 35879 35421 36365 35421 35329 32260 35879 32260 35879 33008 34290 33008 35630
31860 45095 35784 32153 36035 36964 33343 31802 34284 32944 33941 34041 33941 34041 32202 34540 31454 34284
35292 46592 36379 36455 32536 35065 36632 37795 37972 39235 37846 36582 35140 35444 34128 37795 34128 37795
31043 48235 34536 32699 32699 38015 30891 34536 33180 33767 30304 32984 31840 36403 32699 35063 32699 35063
39929 51416 39929 39929 40696 42609 42609 41269 42609 42609 41269 42609 41269 42609 40696 41269 39929 41269
31795 49371 32456 36966 35513 38170 37471 35573 35738 34263 34302 33871 34302 35573 31424 34475 31424 34475
33099 52846 33234 38459 33023 33309 33486 37119 36592 36414 32532 35651 33347 38459 33083 36127 33083 37119
39602 51662 40942 37288 42282 44532 43192 40942 40942 43192 39602 43622 39602 39537 42282 41297 42282 39537
41231 53291 42571 39169 41231 41849 42571 43911 42571 42571 41231 43911 41231 43911 41231 43911 41231 43911
35684 43724 37024 35684 35684 37908 37024 37024 37024 37908 41981 38364 41981 38364 37024 38364 37024 38364
39796 49176 39796 41136 48577 42476 42476 41136 41136 41136 39796 42476 48577 42476 41136 41136 41136 41136
28522 46161 30682 31768 32472 32314 32701 31386 32701 32956 32624 34217 29862 32987 29862 31386 29862 31011
33754 51125 35208 37118 37053 37659 38393 35911 41854 37987 36776 39979 36776 39114 37053 38591 37053 38591
37520 50920 39386 33632 36238 38136 40381 40200 37578 34972 37578 40200 37578 41540 35877 40200 37488 40200
34927 48351 37415 36383 40458 38539 40192 37607 41225 40192 35932 38972 35932 38947 37415 37607 37415 37607
33928 42586 35268 36817 34546 38157 35886 36608 35886 38157 38157 36608 38157 36608 34546 36608 34546 36608
33497 45161 35416 35105 34837 38630 38630 35416 34837 38630 34147 36177 34147 36177 34837 35416 34837 35416
30222 45573 30406 31778 30874 33462 30863 31965 30863 30489 30553 32463 32257 32993 29898 34616 31363 32984
28586 51384 32062 32567 32403 39773 32858 38622 34064 35953 32858 36809 35012 39211 31739 36322 32371 33812
30475 43391 31508 33706 33650 32848 38478 33766 38478 34990 32795 33889 32795 33889 33650 33155 33650 33155
41798 51178 41798 44478 41798 44478 44478 44478 44478 44478 43138 44478 43138 44478 41798 44478 41798 44478
44901 60844 46241 47581 46104 48784 48784 47444 46241 48784 44901 48921 44901 48784 47444 48921 46104 48921
33934 50199 40693 36648 36737 38017 34623 38703 39696 37392 39539 35930 34590 37832 41407 37954 38513 37954
33567 50512 37698 36353 34833 38054 34034 34034 34034 38022 34798 39362 36067 38054 31354 37587 31354 37587
31680 48376 34051 31628 30642 39111 38287 37922 44076 31781 33020 36273 35242 34360 35297 34933 35297 37922
34626 51186 38080 39500 38080 38646 37306 35966 37306 39240 39821 39420 39821 41483 38080 37306 38080 37306
31650 41030 32990 36012 34672 32990 32990 32990 32990 32990 33594 34330 33821 34330 32990 32990 32990 32990
39438 49304 40567 44385 39712 38229 39712 40849 39712 40916 39712 42189 38372 42118 39712 40778 39712 40778
40783 56863 42123 43463 43042 46143 43463 44803 43463 47658 42123 44803 42123 46143 43042 44803 43042 46143
36652 55412 39332 39604 37340 40944 39604 39332 38680 40672 38264 40672 37340 42012 37992 39332 37992 40672
30474 42027 34278 31119 32666 34176 32647 32647 32647 32920 31307 32647 31307 32647 31354 33154 31354 33154
38135 45241 36184 37474 37731 36120 39200 39604 35588 36813 35473 36813 35296 35701 32778 40815 32778 40815
31490 46303 32360 31420 33089 33090 34782 34547 32995 34147 31655 33912 31748 32642 33089 33207 33089 34547
44986 59726 46397 46326 45057 49006 46626 46397 46626 48260 45286 47666 45286 49006 45057 49006 46326 49006
32056 43541 33324 31704 35492 32477 32296 38998 32296 34736 32670 36076 32670 34060 33396 36076 33396 36076
33162 49706 38909 34502 33162 37182 35842 34502 34502 37182 33162 37182 33162 37182 38909 35842 38909 35842
30492 47792 35087 45308 32323 32746 34158 34512 35434 32897 34094 33940 34094 34237 34465 33172 30350 32746
29281 41744 30621 30621 31036 35267 31961 31961 30307 31439 29898 33301 29898 32779 30467 33301 30467 30663
34495 45723 33143 37175 33442 34330 34782 37175 34782 35384 33442 36877 33520 34330 33442 37175 35753 37175
34281 49021 39224 38895 38895 38931 35621 37149 35621 37591 38488 37293 35050 38489 36604 37149 36604 37149
39666 50386 39666 39666 41006 46904 40801 41006 40801 46904 38851 42346 38851 42346 41006 41006 41006 41006
29448 45636 29929 29664 32075 32504 30787 33468 31860 31377 30520 32504 30520 30680 32075 33468 32075 33468
37488 49548 38828 37488 38828 41508 40168 38828 40168 41508 38828 41508 38828 41508 37488 40168 37488 40168
30791 47813 32048 35517 33787 32508 36857 32342 35982 35355 31358 33307 32467 33682 33348 37172 30728 37172
36486 48546 37826 37826 37826 37022 36025 39166 36025 37022 35330 38362 35330 39166 37826 36137 37826 37022
33145 42145 37793 30002 35825 30982 36453 34485 36453 37793 30347 37793 30347 37793 35825 35825 35825 37165
34429 52755 34429 36690 36538 35426 39047 35769 39048 34855 37708 38449 37708 39789 39100 37109 39100 38449

