40783 41347 40830 40971 40877 41159 40924 40971 40971 40924 40924 40971 40877 41018 40877 41065 40877 41065
36652 37310 36746 36840 36699 36981 36746 36840 36699 36887 36652 36887 36699 36934 36699 36887 36746 36887
30474 30850 30014 30568 30568 30568 32307 30568 32307 30568 32260 30568 32260 30568 30568 30615 30568 30362
38135 37683 38229 38276 38229 38229 37307 38229 38229 37307 38276 38276 38229 38229 38229 38229 38229 38229
31490 31630 31113 31584 32524 29891 29798 31678 34169 31678 29797 31631 29797 31678 31631 31631 31631 31631
44986 45503 45033 45127 45033 45268 45080 45127 45033 45127 44986 45174 44986 45221 45182 45174 45182 45221
34626 35049 34626 34767 36573 34908 34720 34673 34720 34767 34720 34767 34720 34861 34673 34767 34673 34767
31650 31979 31744 31697 31697 31697 31697 31697 31697 31744 31744 31744 31791 31744 31697 31744 31697 31744
39438 39577 39154 39579 39154 39532 37267 39532 39579 39107 39532 39532 39532 39579 37220 39579 37220 39579
33934 34357 33981 34075 33934 34169 34075 34075 33500 34075 32550 34122 32550 34122 33981 34122 33981 34122
33567 34225 33614 33755 33695 33849 32910 33755 32910 32910 33587 33004 32863 33869 31448 33802 33708 33802
31680 32244 30736 31821 31868 33781 34612 31868 31868 30783 31774 30783 31774 33687 31774 31868 31821 31868

