34282 59298 36113 37408 37621 39932 36981 41093 37196 40772 35404 38262 35404 39932 37247 42389 37247 39558
36124 50333 33806 39149 33167 40505 33711 42844 35237 33696 36301 44084 31973 44084 37418 42844 35762 42844
34019 57475 39565 36009 39188 45158 39565 37999 39565 40466 37310 41979 37198 41979 41178 39989 41178 39989
35812 53188 35812 38151 37802 39793 39792 39792 39792 39792 37802 41782 35812 41782 35812 39792 35812 39792
35623 59503 37613 37613 37613 43583 39603 39603 39603 43021 39041 41593 38796 43583 42214 41593 42214 41593
35171 64295 41917 42203 37161 41967 42156 39151 39444 39151 36773 41335 37161 45121 39151 41141 39151 43131
36319 47018 38309 34730 35606 34145 35305 40299 38709 35606 36719 37596 32687 37596 36319 40299 36319 40299
31965 53855 35945 33955 32998 41011 35945 37935 35945 35945 33891 37935 33891 37935 35945 37935 35945 41011
48554 68454 52534 50544 50544 45813 45813 52534 45813 45813 50544 52534 50544 52534 52534 52534 52534 52534
32478 56675 34468 35095 34991 34155 37763 35307 34991 37976 35041 37404 33163 37976 36458 35307 36458 36559
39432 47392 39432 41422 39432 43412 41422 41422 41422 43412 39432 43412 39432 43412 39432 41422 39432 41422
31563 45178 33553 41889 36191 43879 41889 33553 33238 33238 33967 35543 33967 35543 36191 33553 32658 35543
34525 53086 38608 31223 38608 39755 38405 34583 33046 36026 33046 37275 36125 39755 36618 40495 36618 38505
34238 48529 36410 36228 36228 41114 41114 40208 39124 39124 37134 39034 38130 39034 41300 40208 41300 40208
37571 56775 48050 39561 40230 40200 44960 41343 44709 41551 44014 43333 39561 43541 40230 41343 37571 41343
37533 49473 39523 38699 43181 38699 47161 41513 45171 47161 43181 41513 43181 41513 42475 41513 42475 41513
29190 59177 32615 32055 32369 39343 33127 35160 34426 35051 32811 38044 32836 41065 33775 35160 33775 35160
40905 58314 39002 46875 34400 41226 42489 44885 39981 38110 36424 40100 40467 40100 37117 46875 37117 46875
42444 66266 43205 44082 42269 49644 46072 46424 46072 46248 44902 46366 44082 48414 44025 46424 44025 48414
44174 56737 42672 46787 49447 48154 48154 48154 48154 51437 46164 48154 46164 48154 49447 48154 49447 48154
28434 59371 34587 30470 31285 34815 33591 33184 32325 38021 30788 36483 32865 36483 32327 35312 33185 35312
30230 55240 35904 32344 33725 37956 33770 39478 38019 34272 35121 36262 35121 37203 34963 35698 34963 35698
31480 52610 33470 33470 32944 35814 34641 33940 34700 33530 32710 33940 31540 36691 33179 35579 33179 35579
46535 64445 50515 48525 48525 40933 50515 50515 50515 50515 48525 50515 48525 50515 48525 50515 48525 50515
33336 57739 37638 39306 38553 40105 37195 40517 37195 41829 35205 41296 35205 43286 38553 40517 38553 41296
33891 55781 33891 35881 33891 40861 38871 37871 35881 37871 35542 40861 35542 39861 33891 39861 33891 39861
42586 56516 44576 42586 42586 46566 44576 46566 44576 46566 42586 46566 42586 46566 42586 46566 42586 46566
34040 60840 36810 36020 32070 39170 35530 35890 38860 39280 36940 37170 36950 37090 34060 37530 35970 39520
31667 55547 32892 33573 33657 41617 37341 35647 37341 35647 35351 37637 35351 41617 33657 37637 33657 37637
31462 51603 33452 33336 35442 37144 34221 35442 34221 35154 36554 37432 36554 37144 35442 35442 33452 35442
33135 53859 34574 37712 33314 39284 35637 35542 34429 35536 37584 41274 33640 37115 34753 37115 34706 37068
44703 56643 45319 46693 53561 60832 46291 46693 55551 46291 46291 48683 46291 48683 44703 46693 44703 46693
52294 50571 40621 54284 44892 54284 41645 54284 41645 54284 44892 56274 39655 56274 39655 54284 39655 54284
29351 59605 33657 35780 32447 36609 34597 33538 36574 39243 37889 39741 33334 37554 33643 36587 32240 36587
40273 57529 40273 45589 39578 45861 43599 44253 42263 45861 37588 47579 37588 45861 46163 44253 46163 44253
34736 53647 37243 39806 36597 37817 39864 38716 40996 37818 39865 40708 39865 40708 36597 40706 39006 41952
44302 60222 44302 48282 39747 50272 48282 48282 47029 48282 45039 50272 46292 50272 44302 48282 44302 50272
35121 45071 37111 37111 35121 39101 38460 38460 38460 39101 36470 39101 39479 39101 35121 38460 35121 38460
47132 64858 51112 51112 49122 46948 45191 53102 45191 51112 43201 51112 43959 53102 49122 53102 49122 53102
40297 51375 37597 45390 36330 41577 43721 46267 39664 36809 45149 46267 39664 46267 33700 44277 33700 44277
38263 54183 38263 41882 38263 42384 45509 42243 42243 43519 40253 42243 38120 42243 38263 42243 38263 44233
29235 53652 34945 30554 32007 36524 36345 34945 36345 36807 36345 36807 32172 36436 31068 33866 31068 35204
46392 62502 48382 50562 50566 48572 52556 48382 52556 50562 48382 50562 50566 50562 50566 50372 48382 50372
29913 46523 33432 33355 33433 33971 32746 32516 35345 33893 33355 34506 33355 34353 33433 33893 33433 33893
35324 49777 39304 35324 39304 39827 39827 37314 37314 41817 35741 41817 35741 41817 39304 41817 39304 41817
28766 55424 30756 30755 31754 35676 32955 34054 32537 37559 31118 33374 31118 37666 32222 34054 32222 34054
39806 65422 41796 43920 41796 45775 47766 45776 45657 45790 43786 45776 45776 47766 41796 45776 41796 45776
44456 66346 50426 48436 43898 47354 48436 48436 44980 50426 44980 50426 44980 50426 46446 48436 46446 48436
32644 49591 35726 35531 38013 39454 38373 36875 36186 36568 36625 38558 36625 37464 36186 36624 36186 36624
32255 44680 32740 30750 32740 32740 32740 34730 32740 32740 30750 36235 30750 36235 30750 34730 30750 34730
42469 60379 44459 46449 45124 48421 44839 48439 44839 48952 42849 48439 42849 51170 42469 48439 42469 48439
36565 53800 35695 38555 37685 39704 38330 40518 40545 36732 38555 40545 38555 37880 36705 38555 36705 40545
39259 59453 43239 39259 43239 43679 43239 41249 43239 43679 43627 43239 43627 43239 43239 43239 43239 43239
34820 55704 35958 34851 33748 34715 36134 37665 36134 38110 34144 35901 34144 35901 33403 35590 33403 37580
31860 52046 37830 32803 34344 40214 34693 35094 36234 34885 34241 36077 34241 36077 32852 35840 32104 37830
35292 53742 35447 37755 31486 45507 37015 39745 33255 38513 31486 36459 34739 38985 31486 39745 31486 39745
31043 56685 35205 36015 33349 36785 35249 38955 34480 33169 33394 39769 32490 39003 33349 37013 33349 37013
39929 50274 42106 35420 41346 43909 43909 41919 43909 43909 41919 43909 41919 43909 41346 41919 42106 41919
31795 58066 35856 37130 33527 38429 38630 35993 34690 32580 33325 35505 33325 37983 33251 35775 33251 35775
33099 63246 34636 41059 35650 35833 34599 39069 39820 36699 32794 37564 31631 41059 33848 37299 33848 39069
39602 57512 41592 41754 43582 42616 41592 41592 41592 43582 39602 45572 39602 41000 43582 42597 43582 40837
41231 52608 43221 39169 41231 42658 42462 45211 43221 42462 41231 47469 41231 47469 41231 45211 41231 47469
35684 47624 37674 41981 41981 39208 43971 43971 43971 39208 41981 39664 41981 39664 37674 39664 37674 39664
39796 53726 39796 41786 49227 43776 43776 41786 41786 41786 39796 43776 49227 43776 41786 41786 41786 41786
28522 57775 33661 32828 33772 41523 32777 33946 32777 33732 30787 37951 30512 35686 30512 33946 30512 39533
33754 59575 36508 42013 36332 43739 37734 37861 39026 43036 36066 43839 36066 41841 36332 41841 36332 41841
37520 47021 32277 33632 36705 38786 38334 41500 38878 35622 35714 41500 35714 43490 36798 41500 38788 41500
34927 52549 38065 37683 39093 42284 39983 38907 41875 39983 36917 39983 36917 40897 39862 38907 39862 38907
33928 47136 35918 36817 34939 38807 35918 37908 35918 38807 33928 37908 33928 37908 34939 37908 34939 37908
33497 49711 36716 33497 35487 39930 39930 36716 35487 39930 35447 37477 35447 37477 35487 36716 35487 36716
30222 57581 34243 32586 31327 35105 32370 33074 32370 34985 30387 35479 30840 33612 30298 33448 31582 38680
28586 61134 33362 33009 35972 36813 35352 35485 38007 36723 35532 38271 32611 38404 32698 40306 33451 36412
30475 51598 35221 32709 33321 36690 39778 35066 39778 36290 33321 35189 33321 35189 33321 34455 33321 34455
41798 55728 41798 44927 41798 44927 45778 45778 45778 45778 43788 45778 43788 45778 41798 45778 41798 44927
44901 68644 46891 48881 46754 50734 50734 48744 46891 50734 44901 50871 44901 50734 48744 50871 46754 50871
33934 52278 41343 39284 37359 39659 37976 40653 42961 36356 39602 36797 35240 38101 34246 39904 36236 39904
33567 59540 36136 36164 33344 41304 35334 35439 35334 37324 36098 39314 34104 44240 34357 39537 34357 39537
31680 55508 35351 32972 32459 41061 38915 35117 33749 35427 33360 37573 33360 36541 32380 35583 32380 35117
34626 57557 35447 40596 39380 40596 38606 36616 38606 39518 39380 40863 39380 41380 35447 38606 35447 38606
31650 45580 33640 36662 34672 33640 33640 33640 33640 33640 34974 38954 34471 35630 33640 33640 33640 33640
39438 58426 41217 45685 41012 37322 41012 37322 41012 41437 38746 39312 39022 43709 38746 41719 38746 41719
40783 64663 42773 44763 43042 48743 45477 46753 45477 49608 42773 46753 43487 48743 43042 46781 43042 48743
36652 62792 40632 41731 41402 45382 43392 40632 41402 42622 39563 42622 41402 44612 39058 40632 39058 42622
30474 44357 34164 32464 32464 32844 34417 33947 34417 34164 32041 33947 32041 33947 33449 34454 33449 34454
38135 50817 35349 37166 38381 36307 36770 40254 37285 36307 34317 41146 35661 37651 34253 42115 34253 42115
31490 55480 32650 31740 34389 39027 36301 37664 38352 34217 35015 35157 35329 38744 34389 35674 34389 37460
44986 66876 47697 46230 44986 50956 47697 47697 47697 50210 45707 48966 45707 50956 44986 50956 46976 50956
32056 50041 34524 34702 36792 34825 34045 40948 34045 36036 33970 38026 33970 35304 34046 38026 34046 38026
33162 55556 37646 35152 34864 39132 37142 35152 39636 39132 37646 39132 37646 39132 37646 37142 37646 37142
30492 54370 36387 39437 33328 40721 39219 36462 37871 34547 35881 35044 35881 36037 34396 34472 33191 35465
29281 53961 31012 31271 30469 36003 33261 33261 31193 35251 31738 36155 31738 34165 31117 35251 31117 32613
34495 53572 34443 38475 34742 38150 36732 38475 40193 36684 38177 37852 34170 36930 34742 38475 35687 38475
34281 55789 39874 36053 37551 41531 37550 38589 37550 49802 39243 38261 36841 40579 37254 38589 37254 38589
39666 55586 39666 39666 41656 37849 41656 41656 41656 37849 39666 43646 39666 43646 41656 41656 41656 41656
29448 51398 31384 30741 29728 35370 31546 35418 31550 31550 29997 35045 29997 33166 29728 35418 29728 35418
37488 55398 39478 37488 39478 43458 41468 39478 41468 43458 39478 43458 39478 43458 37488 41468 37488 41468
30791 52055 33613 36467 34758 35652 38157 34398 35479 36655 33489 36952 33428 35632 34098 38472 33787 38472
36486 48517 38476 38476 38476 39155 37325 40466 37325 39155 35739 39155 35739 40466 38476 40466 38476 37165
33145 51263 37409 30002 37125 35763 35419 35135 37753 37409 31647 37409 31647 37409 37125 37125 37125 39115
34429 58574 34985 40671 36419 41825 39031 36975 38109 41825 34377 40399 34377 42389 36419 38409 36419 40399

