33891 36971 35291 35011 34171 36411 37207 37207 36927 37207 36927 35571 34731 36131 34171 37767 34171 36131
42586 44546 43706 43426 42866 43986 43146 43426 43146 43426 42866 43986 42866 43986 42866 43986 43146 43706
34040 39720 32680 32520 35240 34280 33040 33320 33960 34720 34400 34920 34160 36040 33720 33600 31360 33400
31667 35027 32787 33627 32787 33907 33067 32787 33347 33067 32787 33067 32507 33627 32227 33347 32227 33627
31462 34262 32582 33576 31335 34399 34121 32791 32334 33296 32054 34383 32054 34383 31086 34399 31086 34399
33135 36776 33472 33328 32723 32403 33193 33561 32447 35649 31607 34770 31887 33096 31559 35512 31559 32309
44703 46383 45263 52152 49842 52152 45263 48641 45263 45263 44983 51592 44983 51592 46218 45823 44983 52152
52294 54534 53134 40495 43742 53134 40495 53134 39935 53414 39655 41055 39655 41055 44022 53414 44022 53414
29351 34704 32425 31591 32615 30774 31311 31031 31408 30794 30243 33885 29135 33282 30614 31045 30614 30936
40273 42513 41113 41393 40833 41953 40833 44454 41393 41113 41113 41673 41113 41673 40833 44734 40833 45014
34736 37595 37227 36136 36316 34118 35910 33566 35513 36604 36208 36604 35233 37232 36947 37451 36947 36416
44302 46542 45142 45422 44582 45702 45422 45982 45422 45702 44862 45982 44862 45982 44862 45702 44862 45702
35121 36521 35961 35681 35121 36521 35681 35681 35681 35681 35401 35961 35401 35961 35681 35961 35681 35961
47132 50492 48812 54140 47972 46624 54420 54700 54140 54420 53860 46344 47692 46904 48252 48812 48532 48812
40297 37613 41137 36727 35373 37847 41977 35653 41137 42257 41137 40945 41137 40665 41137 37287 41137 37287
38263 40503 38400 39663 38823 39520 38960 38960 39383 39240 38823 39943 38823 39520 38823 39520 38823 39520
29235 32616 31394 29964 30847 29885 30836 30556 30556 31676 30556 31064 30567 31956 31226 30804 29125 30804
46392 48632 46952 47512 47232 47792 47512 47792 47512 47792 47512 47792 47232 47792 47232 47512 47232 47512
29913 31873 30473 34475 33915 34755 33225 30753 30753 31033 30473 33225 33635 33505 33915 31033 33915 31033
35324 37564 36444 36444 36444 36164 36444 36164 36444 36164 36444 39236 36444 39236 36444 36164 36444 36164
28766 33033 31250 31036 29062 32242 29923 30237 30080 30478 29679 30115 29833 30202 29971 30777 30095 30446
39806 43166 41206 41486 40365 42325 41206 41205 40926 41485 40527 41765 40085 42045 40085 42325 40085 42325
44456 47536 40678 45856 39374 46136 46136 45576 45016 46136 45296 46696 45296 46416 45856 45856 45856 46136
32644 34631 29957 33605 33052 35199 33777 31241 34966 32951 33148 32683 33332 32951 33332 33497 30107 33497
32255 32710 33095 33095 33375 31870 31310 34280 31030 31590 31310 31870 31310 31870 31310 31870 31310 31590
34282 37602 35642 35962 35470 36617 35682 35642 35682 36617 35402 35922 35589 36337 35309 35922 35309 35922
36124 34051 32371 37804 33201 38084 30415 36856 31942 37136 29855 37416 32568 37804 34197 37696 34197 37804
34019 37099 35139 35616 35336 39733 36441 39173 36721 36721 36161 39173 35616 40013 34579 39733 34579 39718
35812 38052 36372 36932 36092 37772 36105 36932 36105 36385 35825 36665 36092 37772 36092 37772 36092 37225
35623 38983 37303 37023 39609 38143 41115 37640 37303 37303 37689 38580 39688 37863 39329 38809 37460 38580
35171 39953 37713 37131 36291 37691 36571 36851 35731 37131 36873 36851 37153 38467 36851 37605 36851 37131
36319 36969 37784 37439 32262 34367 34260 32715 35849 35850 35849 37439 37159 37999 31386 37439 31386 37439
31965 35045 33085 32805 32805 33925 33645 33925 33645 33645 33645 33925 33645 33925 32805 33925 32805 33645
48554 51354 49954 49674 49674 43513 49954 49954 49954 49954 49954 49954 49954 49954 49954 43233 49954 43233
32478 35838 34158 33878 36805 34718 34158 33598 32309 33305 33561 33130 33318 34718 34049 34367 33598 33878
39432 40552 39712 40272 39432 40552 39992 39712 39712 39992 39712 40272 39712 40272 39432 40272 39432 40552
31563 34217 33097 32403 32403 30228 32817 29948 32683 32817 32403 33377 32403 33657 32817 30228 32537 32683
34525 32703 30466 35925 32984 35716 35365 33824 33264 33544 32704 31373 32984 35436 32075 35226 32075 35506
34238 36198 35078 35358 34798 40546 35078 35638 35796 35614 34798 40266 34806 40266 34518 40266 34518 40266
37571 39119 37370 38971 37571 37789 35700 38691 38483 39251 37090 39043 38131 35076 37439 38971 37370 38971
37533 39213 38373 38373 38093 41830 41270 38093 41270 38093 41270 38653 41270 38653 37813 38653 37813 38653
29190 35831 31976 30590 31696 31430 31355 30870 30962 32816 31889 31833 32615 32595 32380 33253 32380 33533
40905 42596 32947 42585 33227 37454 34086 37174 41546 42025 40986 42865 33787 42585 33806 42865 40076 37454
42444 45804 41223 44684 41353 44684 41854 42193 42895 42498 42075 44066 43108 44508 42828 44684 42828 44684
44174 45854 44454 48297 48701 45574 45014 45014 45294 44734 45014 45014 48017 46123 45563 45294 45563 45294
28434 34344 33233 29834 28570 32618 30521 34807 32249 30241 34266 27547 30297 27774 31517 32683 29927 32683
30230 32868 33922 32855 33165 37334 33956 36672 34415 32788 37091 35079 37091 35079 33922 35827 34519 32663
31480 34560 32063 32343 31503 32237 32517 31397 34520 32484 32517 31957 33863 33160 32880 31677 32517 31677
46535 49055 47935 47375 47375 47655 46064 47935 47935 47935 47375 48215 47375 48215 47655 47655 47655 47935
33336 36976 33269 35016 34176 34479 35016 38469 35016 34017 34456 35581 34176 35856 34456 36158 34456 36158
42469 44989 43969 43869 44143 44429 44849 43969 44423 45129 44423 44249 44423 47212 43409 44149 43689 44529
36565 39084 36844 38245 36844 38525 38525 37516 37965 38245 33310 38245 33030 38245 36564 37124 36564 37124
39259 42059 40659 40099 40099 40939 40659 40659 40379 40659 40379 40939 40379 40659 40659 40659 43533 40379
34820 37243 32995 32369 31809 35990 35612 33636 36255 33883 34823 34724 32288 35004 35348 33554 35348 33458
31860 35530 31764 32543 32113 33418 31933 32362 32249 32493 31664 32723 33490 32044 32612 31862 32298 32543
35292 38932 36972 33479 35125 33759 35001 33406 34165 34448 36692 35001 34895 34191 35685 34191 35685 34191
31043 33282 33816 32759 30256 34096 30859 33003 31096 31139 30065 33229 31981 34322 31421 33283 33853 32723
39929 42449 41049 40489 40489 41609 41049 41329 41049 40476 40489 41049 40489 41329 40769 41329 40769 41329
31795 35844 35077 32216 34136 33206 33355 34022 32856 33038 32451 32645 33753 33059 35470 37290 32211 33604
33099 34967 33067 32823 35209 33421 32995 35619 36049 33203 34494 33813 34236 33067 33652 35619 33350 33024
39602 42122 40442 41002 39107 41002 40442 40162 40162 40442 40162 40722 40442 40722 40442 41002 40442 41002
41231 43751 42351 40289 42071 40849 42071 42351 42071 42071 42071 42351 42071 42351 42071 42631 42071 42631
35684 37364 35788 36244 36244 36348 36068 36068 35788 36068 35508 36524 35508 36524 36244 36348 36244 36524
39796 41756 40356 40916 40076 41476 40636 40916 40356 40636 40076 40916 40076 41196 40076 41476 40076 41196
28522 32722 30966 29922 30037 31977 31472 30485 29365 31209 29085 30150 28711 31417 30689 32312 29362 32312
33754 37394 36307 36287 38526 37499 34222 39841 36672 35567 36769 38891 37895 35784 35167 35714 37568 35994
37520 40320 38920 38920 35277 38920 38640 38920 35837 38920 35837 35945 35557 38920 35557 38920 35557 38920
34927 42698 35767 35767 38072 37195 36047 36047 36047 36047 35487 37475 40357 37195 41018 37475 35767 37475
33928 35608 34768 34768 34208 35328 34488 34768 34488 34768 34208 35048 34208 35328 34208 35328 34208 35328
33497 35177 33777 34617 33777 34448 34168 33608 35574 34337 38398 34448 38398 34448 33777 33888 34057 34168
30222 33029 31734 31661 29304 30672 31152 29792 32097 29864 29647 29335 29864 30112 31933 32325 31933 33042
28586 33862 36416 32537 31505 37020 32021 33554 34380 31519 33804 35384 33407 36533 34218 35501 34218 35500
30475 32688 31288 31595 31559 34541 34419 34261 31288 34261 31008 31875 33981 34261 31559 34541 30728 34541
41798 43758 42918 42638 42078 43478 42638 42638 42638 42638 42358 42638 42358 42638 42358 42638 42358 42638
44901 48124 46301 46444 45324 47004 46444 46444 45884 46724 45884 46724 45324 47004 45604 47004 45324 47004
33934 40035 38075 35397 36456 34153 35646 34121 36987 34528 33935 34805 33935 35085 40628 34774 34806 37204
33567 37487 37203 35453 35782 36423 35281 34267 34692 34148 34412 33868 35782 36593 33292 33594 33292 36593
31680 38059 35819 43067 36388 32689 31715 35922 35302 35819 35311 38330 35126 32129 35819 32025 35819 34734
34626 39232 37272 36026 38326 36306 36712 37294 36712 38886 36628 39166 37272 38240 38326 35746 37552 35746
31650 33610 32490 32770 32015 32210 32770 31930 33601 32210 33041 32490 33321 32210 33321 32210 33321 32210
39438 40392 38712 40838 40051 40838 39272 42042 38432 38712 38712 39853 38432 42602 38712 39417 38992 40838
40783 44143 41343 42743 42353 43303 42183 42463 42463 43058 42498 43771 42073 43338 41623 43023 42931 43023
36652 40572 38332 38332 36540 38841 37772 37575 37772 39949 37772 40358 36602 38415 37772 38892 37772 38892
30474 32714 30807 32820 31594 29930 32987 31647 32987 31886 31886 31367 31886 31367 31314 31594 31061 31594
38135 40246 38286 38006 38286 35146 38566 39255 35533 38286 35533 38566 38006 38566 38286 39255 38286 38975
31490 34374 31854 33027 30870 32929 32091 30207 32700 32228 34347 33309 30870 32230 30867 32935 31478 33450
44986 48066 45826 46386 45546 46665 46106 45826 45826 46106 48119 46666 48119 46946 45826 46666 45826 46666
32056 35136 33176 32772 32547 36938 32492 33456 33456 33332 32896 34296 32896 33736 33176 36658 33176 36938
33162 35402 34002 34002 33722 34842 34282 34562 33722 34562 39616 35122 39616 35122 33442 34842 33442 34842
30492 36976 35016 35303 30492 33164 31052 33807 31612 35296 30772 32172 31052 30694 30772 32884 30772 43808
29281 32714 32346 30474 30018 30754 30578 30082 32346 30474 30307 31034 30018 30754 30298 31034 30298 30474
34495 37277 35317 35073 34513 31304 35353 35073 34793 35353 35073 31770 48195 31490 48195 31490 48195 31210
34281 37852 35892 35961 34343 36732 35892 35121 37822 36172 36172 36172 34411 35892 34971 35401 39720 34691
39666 41906 40506 40506 40506 40786 40506 39946 40506 40506 40226 40786 40226 40786 40786 40506 40786 40506
29448 32125 28905 29376 31724 32170 29723 29429 29132 29210 28691 29572 28261 28798 31724 30216 31724 31890
37488 40008 38328 38608 38048 39448 38608 38608 38328 38888 38048 38888 38048 39168 38048 39448 38048 39448
30791 37257 35017 31440 35577 31283 35577 35297 32471 34293 33326 31970 34074 31970 35297 35297 35297 32191
36486 39006 37326 37606 33703 35917 35357 35357 37606 35357 33423 35390 33423 36197 33423 35917 33703 35917
33145 36853 35453 28945 33985 34265 35173 34265 34265 34545 33985 34545 33985 34545 35453 34265 35733 28945
34429 37229 35269 36389 34709 36389 35549 36109 37011 36109 34785 36949 37011 36389 34989 36389 34989 36669

