34626 40656 36717 37360 35439 38392 38185 35385 36513 36897 37372 39304 37372 39632 34942 41223 34942 41223 36840 41223
31650 36085 32212 32560 32540 32401 32401 31746 33588 32994 32910 32497 33735 35821 33296 35821 32116 35821 33296 35821
39438 44965 37311 45176 37460 44809 38571 40529 38214 39498 37301 41104 37965 39462 37520 45275 37520 45642 37520 45275
33934 37272 34057 35141 32874 35945 36567 35479 35771 32344 33463 32624 32281 37723 32874 34726 33924 34078 32874 34726
33567 38275 33684 35889 33123 34370 33926 34854 33323 34150 33986 34178 33767 36156 33379 33739 33379 37048 33767 34151
31680 42071 30806 33482 33400 32844 35167 36566 35770 42198 32498 32497 32195 31758 35663 31499 34935 32505 34935 31984
40783 46498 40842 43565 42692 44773 41816 43348 42549 42274 43340 43123 42393 43398 41428 45273 41428 44998 41428 45273
36652 41790 36686 39484 37300 39282 37057 37542 36874 37175 36756 38084 37300 38316 36777 39819 36777 40605 36777 40605
30474 34746 30856 30096 32605 33506 33795 31438 33450 32951 32024 31129 32024 31129 30336 30336 30336 30601 30336 30336
38135 42375 38209 40612 37456 39715 38081 38787 33343 34860 32548 34031 34697 34184 37484 34156 37484 39416 37484 34156
31490 37406 31945 31096 29968 31232 34956 33347 33224 32505 31974 32773 30837 32799 31761 33792 31761 31495 31761 31644
44986 51291 45091 48139 45342 48781 45708 47515 48819 46064 48401 47380 48401 48373 45091 48937 45091 48937 44986 48937

