34282 66982 46128 49522 43879 55861 46952 44664 41635 50835 44122 46662 43346 52627 39232 52514 39232 45755
36124 60773 39901 43527 38957 55166 42466 46545 45961 48156 41990 53236 36158 52626 39546 48846 39546 51709
34019 64075 43755 41215 39473 56455 46030 48570 46030 46030 43490 52438 40099 53650 42278 53650 42278 53650
35812 58138 40693 43432 40691 50519 45972 45572 45972 45972 43432 48112 38352 51052 38352 49784 38352 48513
35623 66103 48323 47268 44350 58483 48323 45783 48323 49928 48323 52468 40703 53468 41810 50863 38163 50863
35171 70995 47871 49441 45137 58031 43489 52178 44050 50411 40177 52856 44001 51981 45744 53145 45744 52951
36319 51418 41399 44889 38717 47429 38296 44889 46056 41365 40836 44326 38717 44326 38565 42727 39896 44889
31965 59905 39178 39585 41036 49618 42061 42061 42061 42061 39521 44601 39521 44601 39178 44665 39178 44665
48554 73954 58714 49453 52131 57073 56174 58714 52131 56174 44373 51993 44373 51993 52131 50757 52131 50757
32478 61023 45178 40200 40098 41859 39581 43190 41852 39343 38736 46148 39343 48688 40098 42899 40098 41046
39432 49736 46574 47052 42020 49592 42020 43194 42020 44512 46574 47052 46574 47052 46574 45734 46574 45734
31563 50153 45597 34913 36298 55689 36793 50609 39597 37685 32360 37453 32360 45597 34104 53149 34104 50609
34525 62457 41035 40044 36775 40802 39764 43005 44357 42304 40185 41744 39974 50816 36654 44564 42626 40553
34238 52929 46388 41858 41126 50384 41045 44398 43760 42764 38680 47844 37684 47844 43848 50384 43848 50384
37571 62275 44111 42305 43870 61300 53680 47523 44565 54132 44565 54516 43870 51907 47105 47731 44111 47731
37533 52773 43271 41789 48213 45811 49271 46731 49271 48261 48192 50801 48192 50801 48213 46869 47555 44329
29190 64834 43276 46765 40389 53126 46257 44254 42966 43592 43144 47822 46005 49914 45051 48356 45051 43933
40905 57456 47779 48132 38134 46688 45453 46830 43631 44315 42699 50571 39259 49773 41712 49370 40043 53111
42444 72866 48964 57882 48953 62296 52803 55342 55342 55342 50263 55577 53834 58117 49878 61454 45417 60048
44174 61076 48651 54334 47419 58634 55077 55077 55077 57617 49254 54883 49997 60157 48103 54334 48651 54334
28434 67621 42410 35965 36108 44715 38785 39744 44308 40591 37465 41215 38234 41180 38947 42617 37411 41713
30230 68173 41205 42710 40390 48700 41017 49640 43086 41676 40704 45062 40704 45062 39010 44686 39324 47603
31480 56788 41407 38867 37673 41748 39124 41290 38305 39979 38281 48159 41664 43396 41056 43255 40530 43255
46535 69395 54155 41483 41483 48214 56695 55104 55104 52564 51615 46563 51615 46563 54155 55104 54155 45674
33336 64889 47044 45900 43569 54819 42781 48960 42212 47429 43083 51500 41634 54040 44504 52877 41936 53886
33891 61831 41511 41511 38637 54211 41511 44051 38971 44051 38971 46591 36431 51671 36431 46591 36431 49131
42586 60366 50206 47666 42586 55286 47666 50206 45126 50206 45126 55286 45126 55286 45126 52746 45126 50206
34040 66620 41260 48600 40140 55660 40780 47360 42640 44780 44060 48560 40140 53600 43160 44800 41880 44440
31667 62147 38440 44283 39287 51987 43862 40980 43862 43862 43651 47417 38782 49447 37892 47714 37892 46402
31462 57103 39605 46372 37353 51452 39520 39562 43155 51452 42680 41767 37787 48623 37690 46275 37690 41622
33135 62338 40152 42214 39457 48733 40941 43295 43467 43886 42587 43641 38144 43676 41903 45835 39582 47017
44703 59943 49783 57171 57325 66462 49783 56749 51921 49783 47360 58113 47360 58113 56651 52323 56651 57171
52294 54421 44261 59914 47634 59914 44735 47275 50174 47275 47634 62454 47982 49815 47634 59914 46801 59914
29351 68096 45099 46869 41787 48211 44030 42225 45672 46741 43788 48831 39926 48764 42387 45812 43282 43030
40273 61929 47893 51769 43218 52650 49229 45353 42454 49574 39914 52650 39914 52650 43218 51769 42836 51769
34736 59697 42282 45126 42033 45889 43711 40907 41287 42013 43482 45545 43482 45925 40770 45488 40770 45528
44302 64622 49382 50669 45589 54462 54462 54462 48163 50669 45623 48129 49382 59542 46842 48129 46842 54462
35121 47821 38149 37661 36275 45281 41355 42100 42019 42100 37661 42741 37661 42741 37661 42100 37661 42741
47132 70908 59832 57292 47049 64912 54669 59832 54252 57292 51712 59832 49839 62372 52212 59832 52212 62372
40297 56875 40687 41714 41642 50847 43539 48858 44182 52676 45050 57444 39102 48619 38458 48858 42510 55537
38263 58583 40428 48423 40791 52592 47512 45883 45883 49699 40660 54292 40791 50052 40660 48423 40660 50810
29235 60479 41089 40441 34946 48546 37849 39930 37080 49580 36361 44676 34946 46006 36670 40750 37361 41056
46392 66902 53369 56742 47698 57858 52778 58186 55318 56742 52778 56742 47698 57858 51472 56742 51472 56742
29913 51473 36233 37533 37196 49743 37533 38068 37533 41985 34993 40777 39736 41863 37043 40073 37043 42047
35324 54073 45484 45457 42944 46453 41373 41371 42208 42917 40404 45457 40404 45457 42944 45457 42944 47997
28766 60426 40001 38402 41518 44400 38119 42406 42460 42563 39187 41518 38402 44213 37566 44213 37566 44213
39806 74416 54695 52506 49966 62665 52506 57586 49966 57586 47426 60126 49847 57586 44287 60125 44287 57586
44456 72396 54616 45594 54616 53768 50988 52076 50988 59696 49528 57156 49528 62236 57156 54616 57156 54616
32644 55091 37718 39959 37419 41815 41351 40070 44006 41654 37884 41654 37665 42118 40398 41024 37668 44797
32255 48530 39875 35830 38370 40910 34607 38370 34287 35830 33290 40265 35830 40910 35830 38370 33290 38370
42469 65329 51303 55360 53921 62752 50204 55132 50052 50089 47512 60212 47512 59151 48232 62752 47664 62752
36565 61084 41790 44257 38914 55074 41678 44947 42912 45660 50050 47527 43193 46422 38914 45188 42430 42984
39259 67657 48613 43075 39174 60037 48155 41714 48613 48058 46073 57497 46073 54957 47587 50695 47587 48155
34820 62854 45074 44953 39084 51220 41445 42681 49709 42583 41919 42930 39379 46653 42534 44903 42534 44903
31860 59196 37978 39224 38731 45603 41216 41668 38923 39875 39426 43855 41022 43912 39223 47347 39223 44008
35292 67149 40232 40524 39334 44070 40345 43807 40118 42684 38361 46182 39777 43654 40168 42368 42317 42368
31043 63835 44656 39476 40017 55789 41292 46744 40975 43832 40877 42487 42557 48651 34144 47682 34144 46372
39929 54674 44514 39515 44436 55169 47549 47549 47549 46976 45009 47549 45009 50089 39434 50089 41974 50089
31795 69082 39264 44041 40953 47992 42067 42137 42632 42907 39414 46938 39414 47029 41087 46146 41217 46146
33099 72046 45894 48322 40890 52365 43595 52779 47584 47421 40964 51913 40890 54004 42153 55170 40454 52779
39602 62462 44682 49762 44682 52950 46167 49346 44125 48777 42142 48707 44682 50262 47222 50262 47222 51247
41231 56458 44249 46888 39169 51378 46298 48851 44249 46298 44249 48838 44249 48838 41709 48838 48851 48838
35684 50103 47061 40308 40764 45388 47061 47061 40384 47061 37844 43304 37844 43304 40764 45388 40764 42848
39796 57576 44876 47416 49777 55036 44876 49956 52317 47416 54857 49956 54857 49956 52317 49956 52317 49956
28522 69760 41826 39990 36889 47165 40030 42047 40030 42530 36553 42198 36931 44328 36369 44998 35732 45520
33754 69998 41946 48159 44255 57453 48797 50861 45138 49671 44255 54751 44255 58076 44255 51231 44255 52260
37520 59937 39001 44877 39797 44877 41424 44877 41894 44877 42337 44877 42337 47326 36551 43964 36551 43964
34927 57499 47144 43863 41155 51243 41323 42499 45733 43863 41371 43623 42064 43623 44604 45087 44604 48703
33928 50986 40624 41548 40105 46628 39008 39008 39008 41897 39817 44437 39817 44088 40105 46628 40105 44088
33497 53561 40861 41117 42299 41883 40271 42810 39087 40523 36547 44334 36547 43657 36037 42977 36037 44334
30222 60789 40551 43539 36598 43724 39298 45674 41420 41054 38593 44292 40338 40966 36837 39756 36837 43424
28586 69536 49773 42303 40002 55560 42232 45834 47169 43515 40030 49808 39789 51091 41162 51429 43781 48314
30475 59056 40267 40328 39931 48499 45960 39930 41491 42868 38951 42868 37605 43296 37727 42868 37727 43420
41798 59578 49418 46878 44338 54498 46878 46878 46878 46878 46878 49418 46878 49418 44338 49418 44338 46878
44901 75244 52521 57464 47441 65084 54924 54924 52384 60004 49844 60004 49844 63221 49844 62681 49844 60141
33934 62199 44170 40310 39638 52088 36936 49923 43285 38941 37996 40235 36399 49513 39326 52463 39326 47308
33567 67240 45579 44054 39376 54214 47827 49608 44019 44419 45432 49388 37236 58893 38943 52254 38943 58492
31680 62118 43701 47127 37380 54222 40342 50125 39826 39828 43176 46920 36811 51837 42151 43907 42151 40245
34626 63057 42246 48398 41628 50075 50744 43006 48719 44786 46179 46979 42480 49260 42246 44826 42246 47480
31650 49430 38535 39270 37561 45201 39270 38289 39874 37581 39270 41328 37561 45201 39270 44104 37561 42594
39438 62635 46908 47971 43165 46190 47032 50157 47546 51936 47546 52697 54759 49156 46040 46908 53546 47971
40783 71263 46873 53483 48403 63643 50943 53483 56023 56007 48403 60151 47664 58563 48998 56023 47630 58563
36652 72211 53672 46812 40724 60698 48106 53364 47466 51475 43264 58752 44272 60984 44510 55370 40724 53541
30474 50031 37574 35989 35047 44614 37509 37495 37509 40125 37509 39794 37509 39794 34954 48347 34954 45807
38135 55767 42487 44810 41841 44639 44381 44593 43132 43971 42938 47326 37407 49308 40657 45819 40657 45819
31490 62728 41137 43203 40191 46683 41842 44190 41462 40146 38734 47721 41229 45223 41464 48093 41464 48093
44986 72926 51337 57686 47526 62766 52606 61497 52534 52606 50066 60602 50066 63142 49470 61497 49470 59630
32056 58081 40028 44252 40634 47649 39061 43365 39968 40039 37428 46923 38688 44564 36401 42357 36401 42357
33162 60506 42726 42792 42726 48402 43322 45266 42803 45862 37381 45862 37381 48402 42726 43322 42726 43322
30492 59202 43290 43547 39211 47068 41550 41859 43291 43915 37179 43193 39803 44413 45451 41999 45451 47221
29281 61111 40848 36694 36694 45096 37372 37687 37015 43445 38919 41522 36699 43808 36131 38728 35509 43642
34495 60722 44957 38456 39877 47571 43537 47347 43462 43387 40549 45032 40922 45404 47194 44210 47194 42044
34281 63123 47442 59072 44029 56457 50113 44444 46565 56532 51452 53992 53992 46980 53992 49713 51452 45888
39666 53684 44746 46064 44746 45246 44438 42206 46985 41997 44133 55215 44133 55215 44746 55215 44746 57755
29448 56048 38001 35549 34836 41236 37356 39788 38448 41398 35245 41275 36069 41275 35117 41024 35117 37892
37488 60348 42568 47648 45206 55268 47648 48869 45108 47648 42568 51409 42484 48869 42568 53949 42568 53949
30791 59267 39634 46877 38007 41517 39822 42051 40232 39605 37723 42990 38130 45751 39763 39100 39763 45061
36486 59346 44106 37422 39026 45524 40483 43909 40483 46646 37943 48505 37943 48505 39026 45965 39026 49186
33145 51218 48476 35056 43396 39196 37852 38225 40792 37827 39597 40816 39597 39597 48476 40765 48476 41728
34429 62011 41844 47129 41068 52209 45635 47129 43699 49638 43308 52209 39510 52209 45512 49669 45512 52209

