34626 34707 34653 34671 34644 34680 34671 34653 34662 34662 34653 34671 34644 34680 34644 34662 34653 34662
31650 31713 31677 31686 31686 31668 31686 31659 31686 31668 31677 31677 31686 31668 31686 31668 31686 31668
39438 39546 39501 39483 39483 39483 39501 39483 39483 39492 39492 39474 39483 39492 39492 39483 39483 39483
33934 34015 33961 33979 33970 33979 33979 33970 33979 33961 33952 33988 33952 33997 33961 33979 33952 33979
33567 33693 32814 33639 33612 33621 33621 33621 33639 32823 33630 32814 33621 32832 33612 33639 33612 33630
31680 31788 31725 31734 31725 31743 31716 31734 31716 31725 31716 31725 31716 31734 31725 31734 31725 31734
38135 38234 38189 38180 38171 38162 38171 38171 38180 38171 38171 38180 38180 38171 38171 38171 38171 38162
31490 31616 31526 31553 31967 29711 29711 31544 29693 31553 29702 31553 29702 31562 32399 31553 32399 31553
44986 45085 45013 45031 45004 45067 45022 45013 45013 45022 45013 45040 45013 45049 45013 45040 45013 45040
40783 40891 40801 40846 40810 40864 40828 40837 40837 40828 40819 40837 40810 40846 40810 40855 40801 40855
36652 36778 36706 36706 36679 36724 36688 36706 36688 36706 36688 36724 36688 36733 36688 36724 36688 36724
30474 30546 30501 30510 30510 30492 30492 30501 30492 30501 30492 30510 30492 30510 30501 30510 30492 30510

