34626 40476 38893 37876 38071 40460 41681 38774 39037 38198 36576 44464 41230 40460 41219 42142 37350 42142
31650 36200 33600 34250 35081 32950 34431 32300 35081 32950 33781 33600 34431 32950 34431 32950 34431 32950
39438 44832 38041 41768 41582 41357 42232 38853 41711 40932 40932 41357 41711 45192 40932 42490 41582 38853
33934 40214 40548 32364 37566 39614 35290 37033 39207 35075 31832 38861 32482 35193 41738 37863 35546 34874
33567 43281 38330 38043 35443 40573 35835 35254 37282 36487 36632 38658 35443 39997 35915 36554 36821 39383
31680 43438 38238 37152 33527 33235 34878 36193 36843 33836 42631 34291 34932 33885 35210 34229 34560 33579
40783 48583 42028 45333 43328 46633 44033 45278 44683 45278 43978 45991 44691 45928 42733 45928 43743 45928
36652 46818 41618 40552 38360 42734 39011 40784 39661 42563 39252 40959 39252 42734 39252 42084 39668 41611
30474 35817 31917 31492 31009 31885 32116 35284 32116 32880 31466 35677 31466 35677 33588 33074 32171 33074
38135 44316 36083 36733 34281 40614 35577 35378 37254 36347 39120 40416 38664 37582 34342 35378 35776 39246
31490 37769 34591 33471 33941 34159 33604 35296 34300 33596 31293 35241 32343 33886 32718 33604 32437 36040
44986 52136 46936 48236 46317 50836 47085 48267 46936 47586 46936 48886 46936 49536 45785 48886 46936 48886

