34282 49808 39728 41842 38864 44341 41832 37625 37186 41875 39483 40262 37903 42387 39934 44673 39934 42057
36124 45642 33817 39513 34255 41938 38091 35048 38301 41756 37041 44276 32851 46681 36965 45441 36965 44419
34019 48715 42238 37799 38193 49798 41897 40890 42321 40637 38370 44758 36933 43410 39718 47013 39718 45371
35812 46618 37798 40671 39411 44098 40852 39592 40852 40852 39592 40852 37072 41311 37072 42112 37072 43372
35623 50743 41923 43816 36883 46963 41923 40663 41923 40663 41923 45487 38143 44495 36883 43183 36883 43183
35171 54021 44233 40307 40211 46316 42390 44767 37980 41953 36720 44961 41471 43846 40211 46027 40211 46558
36319 44809 38839 39769 38281 35960 35736 39038 38509 34046 38509 37926 38281 37926 34725 38887 35509 35935
31965 45825 34485 35745 34485 40658 36941 36941 36941 36941 35681 38201 35681 38201 34485 38265 34485 38265
48554 61154 53594 45613 47011 49393 52334 53594 47011 52334 47011 46873 47011 46873 47011 53594 47011 53594
32478 47598 38778 34998 36258 37627 33956 37727 42965 38625 39185 36637 34998 39781 36258 38255 36258 38255
39432 44472 39432 43212 39432 44472 40692 40692 40692 41952 39432 43212 39432 43212 39432 41952 39432 41952
31563 42057 34931 35343 32411 46729 32953 44209 35757 33401 34873 33613 34873 36191 32411 45469 32411 44209
34525 45726 37117 36204 38377 38094 36204 33822 35366 35014 32563 38165 32846 35362 34525 36764 34525 38164
34238 43058 38018 38018 38480 42704 37574 39278 40555 38924 38109 41444 37121 41444 35498 42704 35498 42704
37571 49475 43779 41351 43284 44435 45192 42403 40725 46452 40725 43602 45239 44227 43979 42611 43779 42611
37533 45093 39431 44206 44171 45750 45431 44171 45431 45701 45030 46961 45030 46961 44171 46290 44171 45466
29190 47065 36655 34230 35663 40389 40785 35625 36636 39129 37727 39189 37987 38334 34626 36484 34626 37019
40905 51526 43016 45945 41756 41642 43016 40430 36545 40990 35844 40430 40997 41381 36187 41690 44685 40430
42444 55957 44617 48922 44058 52056 46637 47662 51527 47662 45378 49828 44788 51088 42857 48922 42857 49742
44174 57537 48503 51237 43579 50474 51237 51237 51237 52497 46694 49763 48717 53757 44263 51237 48503 51237
28434 45358 34686 32261 30944 34961 37859 39702 36628 37940 39081 36130 34160 37904 36103 34780 34923 36414
30230 48554 36719 38787 37334 37419 37358 37533 35596 36393 35909 39745 35909 39745 36713 42237 34631 40611
31480 44580 34441 33681 36873 40351 34004 36170 38570 37192 34441 35877 38014 37287 35701 37367 40499 37367
46535 57875 50315 40203 47795 41814 51575 49984 49984 48724 49055 42723 49055 42723 50315 49984 50315 41463
33336 48249 40944 39224 39729 43299 38077 42456 37642 39336 40026 42637 35833 41261 37185 41077 40644 43945
33891 47751 37671 37671 33891 43971 37671 38931 36411 38931 36411 40191 35151 42711 35151 40191 35151 41451
42586 51406 46366 45106 42586 48886 45106 46366 43846 46366 43846 48886 43846 48886 43846 47626 43846 46366
34040 50640 38340 40260 36980 40760 38700 38600 38680 37240 37040 38480 37160 41640 39260 38480 39440 38440
31667 46787 34187 37967 35479 43655 36707 38805 37355 36707 36707 39737 36095 43655 34835 40034 34835 37883
31462 44062 35242 34832 33513 39456 34751 35722 34235 36936 32975 35676 33491 37907 35099 37907 35099 36502
33135 46863 34170 37718 34880 38520 36743 35668 37067 35589 36048 38327 36829 38420 38174 36928 33900 37725
44703 52263 47223 63882 54765 54591 47223 47223 48081 47223 45561 54273 45561 54273 54091 48483 54091 63882
52294 45955 45422 56074 39655 56074 54814 54814 40915 43435 39655 57334 39655 44695 40421 56074 41681 56074
29351 48687 36635 36120 33703 37689 37186 35726 38467 37464 35550 36466 33806 38604 35928 39124 33169 37898
40273 50353 44053 38996 42833 47910 42793 42793 40313 39378 40313 46650 40313 46650 42833 45313 42451 45313
34736 46534 38287 39776 35881 44188 36340 38860 42184 38460 37772 40521 37772 41665 38287 39491 38287 40521
44302 54382 46822 48082 45562 49342 49342 49342 46822 49342 46822 49342 46822 51862 45562 49342 45562 49342
35121 41421 36381 36381 35996 40161 38516 38260 37256 38260 36381 38901 36381 38901 36381 38260 36381 38901
47132 62252 53432 52172 45404 50528 48269 46748 47852 45488 46592 53432 44072 54692 49652 53432 49652 54692
40297 53125 44476 36594 39308 43167 37139 40489 35743 38399 40568 39659 39308 39659 37072 46960 39308 47857
38263 48343 38359 43303 43831 46602 42696 42043 42043 43160 39380 45839 43831 45839 39380 43303 39380 44420
29235 45510 33862 35274 31676 37026 35736 33170 35124 34583 34347 40775 31676 35766 32599 34864 32599 34505
46392 56662 52896 51622 49982 51458 54156 54346 50198 51622 48938 51622 49982 51458 48912 51622 48912 51622
29913 39953 32433 36947 35763 42063 33693 33576 33693 39655 32433 39543 31511 38283 32203 34953 32203 35223
35324 45397 40364 41617 39104 41617 37533 37844 38368 40357 37844 41617 37844 41617 39104 41617 39104 42877
28766 44095 35369 33282 33440 41301 36902 35745 35484 33805 33910 35066 33282 35327 32755 37995 32755 37262
39806 56662 45203 46106 45203 51145 46106 48626 44846 48626 43586 49886 44727 48626 41727 49885 41727 48626
44456 58316 49496 41136 47490 48236 49496 48236 46948 52016 45688 50756 45688 53276 49933 49496 49933 49496
32644 44700 37082 40799 37738 38070 35009 36208 38343 37303 37304 37303 33908 37851 39052 39873 35168 38397
32255 39570 36035 33270 34530 35790 35960 34530 32010 37463 35960 36035 34669 36035 34669 34775 32010 34775
33934 49399 42525 36470 38089 42677 44018 42243 36283 37030 34882 40810 33763 41092 42261 43503 42261 42070
33567 49312 38933 38887 37853 42694 37854 41127 37619 40220 39032 42748 35180 43374 37462 40174 37462 42694
31680 47256 39615 39396 35078 45946 39097 39046 34881 36960 42488 42153 35203 38434 38613 36958 38613 43684
34626 50386 38406 40828 37891 43506 44344 38863 41600 43992 40340 41600 42439 42860 40247 40699 40247 45023
31650 40470 34170 35908 35001 36241 35430 34449 36034 34170 35430 34928 35001 36241 35430 34170 35001 38754
39438 48584 41576 44465 40145 44111 41278 43757 42851 42638 40812 41449 42072 40088 41534 43063 45951 42851
40783 55903 42638 47083 44563 52123 45823 47083 48343 48831 44563 47678 45872 49603 45158 48343 43898 49603
36652 54292 41692 41692 38164 46924 40624 44404 40314 44212 39008 44212 40432 48184 38281 45472 37748 44404
30474 41307 32375 32062 32360 33635 33056 35007 33056 34254 33056 36366 33056 36366 32741 36366 32741 34849
38135 44927 37913 39428 36721 41948 37981 36558 37916 39041 44590 39660 36300 39176 36107 41076 36107 41076
31490 45023 36991 37611 33287 41879 37264 37790 38965 37029 35581 37264 35619 40648 36803 38768 35666 38768
44986 58846 47506 51286 47806 53806 48766 51586 47806 48766 47506 51800 47506 53060 48766 52537 48766 52546
32056 45916 33669 37852 34625 38506 35887 36844 34021 35885 33164 37550 39364 37197 32561 35533 32561 35533
33162 48986 38644 37384 34422 40722 38202 41426 34422 39462 39362 39462 39362 40722 41349 38202 41349 38202
30492 46992 36952 34964 34683 37360 35289 36275 38756 40818 37708 36596 37409 39346 38495 34558 38495 36597
29281 40864 37063 34321 31633 41722 34218 32943 32681 38238 33010 37462 32958 40462 33235 34495 34321 39790
34495 44763 39293 37977 36773 38342 36763 40795 40432 40039 38556 38480 35802 39004 42074 36530 42074 35644
34281 52780 39871 39321 41440 42391 42217 46152 46352 41841 39102 42660 40135 39102 41886 39321 42700 43046
39666 49746 42186 42186 42309 38846 43366 40111 43366 37648 43366 49344 43366 49344 41371 50604 41371 50604
29448 44596 33577 31567 32290 36661 36446 32987 32263 33013 34757 35372 31565 35372 31297 34355 31297 33576
37488 48828 40008 42528 40009 46308 42528 42528 38353 42528 37093 43788 38748 42528 40008 45048 40008 45048
30791 46853 33932 40477 36082 40861 39217 36780 35087 32897 37082 36095 35075 35160 34643 36467 34643 34846
36486 47826 40266 35999 37746 42919 36481 37770 36481 41526 35221 40261 35221 41659 37746 41659 37746 39565
33145 41345 35045 29645 36925 32796 35045 35665 33423 32707 32525 38813 32525 35045 35045 36925 35045 32522
34429 51875 40945 40729 39020 38966 41795 40729 38905 39242 39716 38966 38456 38966 36949 41989 36949 42737
42469 53809 46629 50240 45321 51243 45369 50012 47492 46249 46232 52532 46232 53792 43975 51243 46629 51243
36565 45770 40764 39392 37825 45553 42192 42024 37485 41437 38020 45135 40005 45135 37710 44828 37373 43568
39259 53613 46053 41779 43136 47989 44299 46053 46053 47313 44793 46729 44793 45469 43533 45559 43533 44299
34820 46214 37394 38553 36923 39861 36995 38503 37194 35590 36305 39295 35193 37640 39024 37714 39024 37516
31860 45047 35404 35204 36700 37375 36334 35640 34249 36301 34789 34805 35304 34805 35304 37225 35304 37824
35292 45508 35831 36595 40332 37505 36587 37391 39573 35930 38873 41335 38107 38508 40332 37804 39017 37804
31043 47195 39416 35636 34595 39044 35494 39411 37302 38291 37398 37115 35855 40179 35586 40179 35586 39907
39929 50696 43792 42449 41876 47489 43709 43709 43709 43136 42449 43709 42449 44969 41876 44969 42532 44969
31795 48171 37986 39262 34553 38391 34365 40298 38960 35951 36851 39583 36851 38145 38095 41520 35251 41520
33099 50531 39529 37427 36199 41899 37708 42539 37447 42346 35395 42295 36199 39398 35466 43650 37653 42539
39602 50942 42122 44642 37765 43990 42327 45632 40285 43657 39025 43587 38177 43862 43382 43862 43382 44847
41231 52571 41689 43751 39169 50950 41689 45011 41689 41689 41689 42949 41689 42949 40429 46271 45011 46271
35684 43244 38204 37748 38204 40268 38204 38204 37748 38204 36836 39464 36836 39464 38204 40268 38204 39008
39796 48616 42316 43576 41056 47356 42316 44836 41056 43576 41056 44836 41056 44836 41056 44836 41056 44836
28522 44961 34291 33936 33377 38557 37176 35299 38072 33992 36139 36217 30847 35059 31519 35627 31519 37594
33754 50085 39493 42601 39451 49723 44533 44461 39283 42020 38647 45128 39451 44505 44588 42097 44588 43357
37520 50120 42560 42560 37237 39757 42921 37237 37684 38864 38497 38497 38497 38497 37683 38497 37683 38497
34927 47631 38093 39639 38772 43344 41652 38523 37192 38743 40000 42552 40784 42552 42044 41619 42044 43812
33928 42026 43339 38077 40597 40228 36448 40597 36448 39337 35977 40597 35977 38968 40597 40597 40597 39337
33497 44601 38733 37277 37210 36431 36431 37362 39214 37964 38987 36761 38987 40990 34757 38470 34757 39730
30222 44523 37033 36852 33721 35826 36771 32932 33319 32434 35884 36353 33835 35328 32809 35369 32809 36617
28586 50184 40548 36700 38472 43910 35881 39087 36524 36831 35706 38687 35682 39151 36966 41187 37985 39177
30475 42671 35551 35208 34499 37728 40421 39492 36371 37350 35111 36468 33765 36493 33851 36616 33851 35208
41798 50618 45578 44318 43058 48098 44318 44318 44318 44318 44318 45578 44318 45578 43058 45578 43058 44318
44901 59884 48681 51064 46161 54844 49804 49804 48544 52324 47284 52324 47284 54844 47284 53721 47284 52461

