42469 65509 51323 55440 54001 62892 50244 55212 50092 50149 47532 60332 47532 59271 48312 62892 47684 62892
36565 61304 41870 44337 38974 55214 41758 45047 42992 45740 50150 47627 43273 46542 38974 45308 42470 43084
39259 67837 48653 43115 39194 60157 48235 41754 48653 48138 46093 57597 46093 55037 47687 50795 47687 48235
34820 63114 45194 45053 39144 51360 41545 42781 49869 42683 41999 43030 39439 46773 42634 45003 42634 45003
31860 59456 38058 39888 38771 45723 43330 41768 39043 39955 39486 43995 41102 43992 39343 47467 39343 44108
35292 67409 44369 40564 39414 44210 40425 43927 40158 42784 38421 46302 39837 43774 40208 42448 42397 42448
31043 64095 44776 39536 40077 55949 41372 46884 41055 43932 40937 42607 42637 48811 34204 47802 34204 46492
39929 54834 44594 39575 37015 55289 47609 47609 47609 46234 45049 47609 45049 50169 39474 50169 42034 50169
31795 69402 39324 44141 41053 48132 42147 42257 42712 43047 39474 47078 39474 47189 41167 46286 41317 46286
33099 72630 45268 48462 40970 52525 43675 52939 47704 48500 41721 48468 40970 54184 42253 55350 40107 52939
39602 62642 44722 49842 44722 53090 46227 49446 44185 48857 42162 48787 44722 50362 47282 50362 47282 51347
41231 56598 44289 46948 39169 51478 46358 48911 44289 46358 44289 48918 44289 48918 41729 48918 48911 48918
35684 50223 47101 40348 40804 45468 47101 47101 40444 47101 37884 43364 37884 43364 40804 45468 40804 42908
39796 57716 44916 47476 49797 55156 44916 50036 52357 47476 54917 50036 54917 50036 52357 50036 52357 50036
28522 70080 43412 40070 36949 47345 40130 42167 40130 42650 36613 42338 37011 44488 36429 45158 35792 45660
33754 70278 45231 48279 44335 57613 48917 50961 45218 49811 44335 54931 44335 58276 44335 51391 44335 52420
37520 60137 39081 44957 39837 44957 41464 44957 41974 44957 42397 44957 42397 47426 36611 44024 36611 44024
34927 57679 47204 43943 41195 51363 41383 42579 45813 43943 41411 43683 42084 43683 44644 45167 44644 48803
33928 51126 40704 41608 40165 46728 39048 39048 39048 41937 39877 44497 39877 44168 40165 46728 40165 44168
33497 53701 40901 41177 42339 41983 40331 42870 39147 40563 36587 44414 36587 43737 36057 43017 36057 44414
30222 61049 40651 43619 36678 45505 39378 45814 41500 41174 38673 44392 40418 41066 36877 45747 36877 43544
28586 69856 49913 42403 40102 55740 42352 45974 47269 43635 40110 49988 39849 51271 41222 51589 43901 48454
30475 59256 40347 40408 39991 48639 46080 39990 41571 42968 39011 42968 37665 43396 37787 42968 37787 43520
41798 59718 49478 46918 44358 54598 46918 46918 46918 46918 46918 49478 46918 49478 44358 49478 44358 46918
44901 75484 52581 57564 47461 65244 55004 55004 52444 60124 49884 60124 49884 63381 49884 62821 49884 60261
34282 67242 46228 49642 43939 56041 47032 44784 41695 50975 44202 46762 43406 52787 39292 52634 39292 47190
36124 60993 40001 43627 39077 55346 42546 46665 46061 48256 42070 53376 36218 52786 39606 48986 39606 51849
34019 64315 43835 41275 39493 55204 46130 48690 46130 46130 43570 52558 39543 53810 42404 53810 42404 51690
35812 58318 40753 43492 40711 50639 46052 45672 46052 46052 43492 48232 38372 51172 38372 49904 38372 48613
35623 66343 48423 47348 44430 58663 48423 45863 48423 50008 48423 52568 40743 53648 41870 50983 38183 50983
35171 73771 47971 49561 45217 58211 43569 52318 44110 50531 40237 52996 44061 52121 45804 53285 45804 53091
36319 51578 41439 44969 38777 47529 38336 44969 38853 41425 38853 44426 38777 44426 38625 42787 39976 44969
31965 60125 39258 39645 41116 49758 42141 42141 42141 42141 39581 44701 39581 44701 39258 44765 39258 44765
48554 74154 58794 49513 52211 57193 56234 58794 52211 56234 44393 52073 44393 52073 52211 50837 52211 50837
32478 61263 45278 40260 40158 41979 39681 43290 41932 39423 38796 46268 39423 48828 40158 42979 40158 41146
39432 49836 46634 47112 42080 49672 42080 43234 42080 44552 46634 47112 46634 47112 46634 45794 46634 45794
31563 50313 45677 34953 36358 55829 36853 50709 39657 37765 32400 37520 32400 45677 34124 53269 34124 50709
34525 62737 41175 40104 36855 40922 39824 43085 45328 42384 40245 41824 41855 50936 36754 44664 42746 40633
34238 53089 46448 41918 41146 50504 41105 44478 43820 42824 38700 47944 37704 47944 43888 50504 43888 50504
37571 62475 44151 42345 43930 61460 53780 47603 44625 54252 44625 54616 43930 52027 47185 47811 44151 47811
37533 52893 43331 41829 48273 45891 48301 48301 49331 48301 48212 50861 48212 50861 48273 46949 40771 44389
29190 65134 43376 46865 40449 53306 46397 44374 42023 43624 43244 45906 43187 50074 44923 48496 44923 44073
40905 57656 47859 48212 38234 46808 45533 46930 43711 44355 42739 50671 39299 49893 41792 49490 40123 53231
42444 73106 49084 58022 49013 62456 52903 55462 55462 55462 50343 55697 53914 58257 49978 61594 45457 60188
44174 61236 48711 54414 47479 58694 55137 55137 55137 57697 49294 54963 50017 55607 48163 54414 48711 54414
28434 67921 42530 36025 36188 44835 38885 39864 44428 40691 37545 41115 38314 41280 40287 42697 37471 41793
30230 68453 41285 42790 40430 48800 41097 49780 43206 41736 40824 45727 40824 45727 39050 47106 39364 47683
31480 57008 41487 38927 37713 41868 39204 41370 38385 40331 38341 48259 41764 43476 41136 43315 40610 43315
46535 69575 54215 41503 41503 48314 56775 55184 55184 52624 51655 46623 51655 46623 54215 55184 54215 45754
33336 65149 47144 46000 43629 54999 42881 49100 42292 47549 43163 51660 41734 54220 44584 53037 42016 54046
33891 62051 41571 41571 38637 54371 41571 44131 39011 44131 39011 46691 36451 51811 36451 46691 36451 49251
42586 60506 50266 47706 42586 55386 47706 50266 45146 50266 45146 55386 45146 55386 45146 52826 45146 50266
34040 66920 41360 48720 40200 55840 40880 47480 42760 44920 44200 48680 40200 53760 43280 44960 41960 44560
31667 62387 38500 44383 39347 52147 43942 41060 43951 43942 41823 47537 38822 49587 37932 47834 37932 46502
31462 57303 39685 43255 40555 44901 39560 39622 43255 47303 42760 41847 37847 44550 37750 46375 37750 41702
33135 62618 40134 42314 39517 48873 41001 43375 43567 43986 42687 43761 38224 43816 41983 45935 40598 47157
44703 60063 49823 57231 57365 66522 49823 56829 51981 49823 47400 58173 47400 58173 56691 52383 56691 57231
52294 54561 44321 59974 47674 59974 44775 47335 50234 47335 47674 62534 48022 49895 47674 59974 46881 59974
29351 68416 45231 46989 41867 48391 44170 42325 45832 46901 43928 47347 40006 48944 42507 45972 43402 43170
40273 62089 47953 51849 43278 52770 49289 45393 42514 49654 39954 52770 39954 52770 43278 51849 42896 51849
34736 59917 42322 45206 42113 45989 43811 40947 41367 42073 43582 45645 43582 46065 40850 45588 40850 45608
44302 64782 49422 50729 45609 54542 54542 54542 48223 50729 45663 48169 49422 59662 46862 48169 46862 54542
35121 47921 38189 37681 36275 45361 41395 42160 42039 42160 37681 42801 37681 42801 37681 42160 37681 42801
47132 71128 59932 57372 47089 65052 54769 59932 54352 57372 51792 59932 49899 62492 52252 59932 52252 62492
40297 57075 40727 41794 47263 50967 43639 48998 44242 52796 52383 57564 49823 48759 38538 48998 49823 55657
38263 58743 40488 48503 40831 52692 47572 45943 45943 49779 40680 54392 40831 50132 40680 48503 40680 50930
29235 60759 41169 40541 34906 48726 37929 40030 37160 49720 36441 44796 34906 46166 36750 40850 37461 41156
46392 67062 53409 56822 47718 57958 52838 58246 55398 56822 52838 56822 47718 57958 51512 56822 51512 56822
29913 51653 36293 37593 37216 49863 37593 38128 37593 42065 35033 40877 39776 41983 37063 40153 37063 42107
35324 54233 45564 45517 43004 46553 41433 41431 42268 42957 40444 45517 40444 45517 43004 45517 43004 48077
28766 60686 40101 38482 41618 44540 38219 42506 42560 42663 39267 41618 38482 44333 37646 44333 37646 44333
39806 74656 54775 52606 50046 62845 52606 57726 50046 57726 47486 60286 49927 57726 44327 60285 44327 57726
44456 72616 54696 45654 54696 53848 51068 52136 51068 59816 49588 57256 49588 62376 57256 54696 57256 54696
32644 55291 37798 40039 37479 41935 41451 40150 44086 41734 37964 41734 37745 42218 40478 41124 37708 44897
32255 48670 39935 35870 38430 40990 34667 38430 34347 35870 33310 40345 35870 40990 35870 38430 33310 38430
33934 62399 44230 40370 39678 52228 37016 50043 43365 38378 38076 40315 36439 49593 39366 52603 39366 47428
33567 67520 45679 44154 39456 54394 47947 49748 44119 44539 45532 49528 37296 59093 39023 52414 39023 58672
31680 62378 43781 47247 37420 54382 40422 50245 39906 39908 43236 47040 36851 51977 42231 43987 42231 40345
34626 63257 42306 48478 41708 50155 50844 43106 48799 44866 46239 47059 42520 49360 42306 44886 42306 47600
31650 49570 38635 39330 37601 45341 39330 38349 39934 37661 39330 41428 37601 45341 39330 44164 37601 42654
39438 62419 46988 48051 43225 46290 47152 50257 47626 52016 47626 52817 54859 49276 46160 46988 53666 48051
40783 71503 46913 53583 48463 63823 51023 53583 56143 56147 48463 60311 49177 58703 49058 56143 47690 58703
36652 72491 53792 46892 40764 60878 48206 53504 47546 51595 43324 58912 44332 61184 44570 55530 40764 53681
30474 50191 39711 36009 35087 44734 37575 37575 37575 40205 37575 39854 37575 39854 34591 48467 34591 45907
38135 55947 42567 44890 41921 46546 44481 44653 43212 44051 43018 44416 37447 49428 40717 45879 40717 45879
31490 63028 41257 43303 40251 46803 41962 44290 41542 40226 38794 47881 41329 45323 41564 48213 41564 48213
44986 73146 51397 57786 47546 62906 52666 61637 52614 52666 50106 60742 50106 63302 49510 61637 49510 59750
32056 58301 40088 44352 40694 47769 39161 43485 40068 40159 37508 47023 38768 44724 36461 42477 36461 42477
33162 60686 42766 42852 42766 48522 43402 45326 42843 45962 37441 45972 37441 48522 42766 43402 42766 43402
30492 59442 43350 43505 39331 47208 41670 41939 43351 43571 37259 47767 39883 44493 45571 42079 45571 47341
29281 61371 40968 36754 36754 45236 37452 37787 37115 43605 38979 41642 36779 43968 36211 38848 35589 43762
34495 60982 45077 38516 39957 47691 43637 47467 43562 45503 40629 45152 41002 45504 47274 44330 47274 42144
34281 63363 47522 59192 44089 56617 50153 44564 46605 56632 51512 54072 54072 47080 54072 49853 51512 45988
39666 53804 44786 46124 44786 45329 44498 42226 47005 42057 44193 55295 44193 55295 44786 55295 44786 57855
29448 56268 38081 37919 34916 39620 37436 43659 38548 40640 35305 41415 36149 41415 35157 41124 35157 37972
37488 60528 42608 47728 45246 55408 47728 48969 45168 47728 42608 51529 42584 48969 42608 54089 42608 54089
30791 59507 39674 39902 38087 41637 39902 42151 40332 39705 37823 43090 38170 45851 39843 39160 39843 45161
36486 59526 44166 37482 39046 51846 40543 43989 40543 46726 37983 48625 37983 48625 39046 46726 39046 49286
33145 51378 48596 35076 43476 39296 37952 38265 40872 37907 39657 40916 39657 39657 48596 40825 48596 41768
34429 62231 41904 47229 41088 52349 45695 47229 43799 49738 43388 52349 39550 52349 45592 49789 45592 52349

