34626 60328 41506 53139 44880 58461 49585 49743 47215 50333 47304 54881 44734 50517 40705 55200 46154 53496 41758 55200
31650 52225 40602 46872 44434 45248 44810 38594 43137 45399 40737 44622 42812 45248 42695 47709 38589 47709 42273 45286
39438 62395 43168 59799 48033 52981 51350 47302 48395 48891 47872 52737 45244 55551 44572 64081 47989 64081 44572 64081
38135 57283 41959 48759 39659 47207 40256 56318 46495 45418 39326 48795 42668 53271 39659 49261 40449 49261 39659 49261
31490 48475 35728 42854 37032 41788 38287 42884 39524 40425 37620 42111 36096 44163 33453 44346 33453 44346 33453 44346
44986 74234 50063 70975 51243 67977 56240 62622 60465 60777 52893 62902 51243 64552 55304 72625 55304 72625 55304 72625
33934 53944 42428 45336 40129 53009 41955 47780 42700 42566 44939 42364 39993 49119 38457 48900 37636 48085 44989 48503
33567 51741 42099 49510 39468 46964 42887 41955 45787 46324 46985 41489 38721 46964 40555 48838 37028 51193 36686 46879
31680 57736 38952 47112 39573 47655 37922 42965 42320 37999 38771 44091 37798 50287 40048 45750 36764 49391 36764 45750
40783 67298 44240 64706 48723 64719 52654 59107 55200 59760 49949 60200 49744 59296 51446 62658 44742 67147 45423 62658
36652 65081 43144 52589 41667 56354 47741 48510 44171 49698 43592 52344 41667 56354 44537 54787 41667 54328 41667 54787
30474 48891 39903 48724 39014 46138 41408 45657 39808 41408 41057 42899 41057 42899 39625 46190 35780 46358 34069 46358

