34626 36921 36423 35041 36847 35124 36257 36423 36378 36423 34958 37013 34913 37058 36847 35124 36340 34958
31650 32231 31899 31982 32065 31816 31982 31899 31982 31982 31982 31899 32065 31899 31982 31899 31982 31899
39438 38028 37530 39853 37613 40019 37696 41223 39511 41140 37530 39428 37530 41306 37696 39853 37613 39936
33934 33520 30760 32587 33374 30926 33022 32836 32835 33666 31381 32399 32669 32276 33291 31547 33291 34432
33567 34729 33168 32018 34286 34406 34182 33085 32479 34157 32396 34157 32147 34323 34065 34323 34369 34323
31680 35860 35279 32261 35113 30131 34317 34483 32178 41408 35331 41408 35196 34566 35196 31093 37398 31176
38135 38079 37747 37581 37498 37747 37581 37747 37664 37664 37498 37664 37581 37664 37581 37747 37581 37664
31490 32098 30578 32154 30495 30321 31048 30086 30661 32071 32566 32436 30661 30321 30578 32154 30578 32154
44986 46365 45401 45567 45550 46033 45784 45633 45467 45401 45234 45484 45186 45567 45318 45567 45318 45650
40783 41779 41032 41530 41032 41530 41198 41281 41281 41447 41198 41364 41198 41447 41115 41447 41115 41447
36652 37814 37316 36281 36448 37482 37150 37150 37150 37150 36984 37482 36448 37482 37150 37316 37067 37399
30474 31138 30553 32592 30889 32675 32675 32592 32675 32592 30640 32592 30640 32592 30723 32592 30723 30889

