34626 116593 64577 76158 64859 98871 76481 68292 71580 76673 69734 84684 68960 84555 65801 77706 60837 84193
31650 91541 78590 57931 52626 83441 67299 59821 56555 59141 50872 69507 52626 81855 52626 70565 52626 70565
39438 124078 89200 77532 80463 79613 88492 87826 73496 83578 82091 95148 72717 94439 82091 82984 88492 75168
38135 110453 66311 71601 57207 73019 61142 69373 65307 64311 63083 78605 59887 75378 65178 69665 58920 74311
31490 146347 75672 75672 72429 95678 80811 80200 77787 77223 71426 94363 74638 85792 74638 88377 73604 87391
44986 133564 69286 85486 61186 105565 82575 82874 82874 76565 69286 91347 69286 99447 66674 94108 77536 96047
40783 139528 70702 97483 69633 115228 84093 89383 89383 107128 81581 113266 64310 105108 65099 110755 67181 107128
36652 180757 86234 82286 69290 116168 71839 91868 68575 91868 60429 119109 65942 116168 76796 111449 71839 108068
30474 93154 67411 57407 55998 80895 67157 75935 67835 59057 59735 70212 59735 70212 59311 72420 59311 72420
33934 118802 88271 61603 74130 87272 66778 80736 67274 74373 58423 90200 72754 90200 66030 86275 70576 87335
33567 167950 86749 89287 68611 131454 74210 93056 89432 82673 81332 87202 67488 117356 68720 109256 79031 115254
31680 137291 80075 79247 62567 101170 77644 74919 82193 78213 70424 85330 63460 91829 67323 80424 67323 80591

