34282 40869 36562 37402 35989 38122 36509 35761 35294 37243 37125 36723 36217 37082 36538 39552 36538 39552
36124 39077 34917 38724 34917 40136 35871 34668 33528 38056 32488 39096 35437 39244 32202 38204 32202 38576
34019 39835 35675 35632 35016 38275 40053 36450 40053 35930 37361 37139 36576 41093 34635 41113 34635 41093
35812 39972 36332 39191 37039 38932 37892 37372 37892 37892 37372 37892 36332 38932 36332 38412 36332 38932
35623 41863 38223 37703 37320 40303 41089 37703 41089 37703 41235 38223 36663 39263 37320 38743 36143 38743
35171 43553 39333 38291 37251 38943 36731 38485 36087 38291 36211 38547 39999 41645 39479 39005 39479 42383
36319 38889 37359 36809 39248 35287 34256 34255 36289 36289 36289 34226 32666 34226 37952 34767 37432 34767
31965 37685 33005 33525 33005 35085 34565 35085 34565 34565 34565 35085 34565 35085 33005 34565 33005 34565
48554 53754 50634 43393 50634 44953 50114 50634 50634 50114 44051 43913 44051 43913 50634 50634 50634 50634
32478 38718 35078 32989 34038 34705 35130 34038 34561 34185 36965 34290 33518 35911 34038 34558 34038 34558
39432 41512 39432 40992 39432 41512 39952 39952 39952 40472 39432 40992 39432 40992 39432 40472 39432 40472
31563 36137 34057 33123 36281 34057 33537 34057 33537 33537 30733 34577 30733 35097 33017 34577 33017 34057
34525 34786 31666 36085 31666 37636 36085 34324 33984 32334 33254 32714 31225 33975 34097 36146 34617 36666
34238 37878 35798 36276 37000 41706 36094 36318 37520 40666 36480 41186 35278 41186 34758 41706 34758 41706
37571 42145 38399 39131 37810 40691 36830 39443 42819 40691 38505 39963 43478 40483 38330 39651 38399 39651
37533 40653 38573 39093 37533 42790 38269 38573 43701 38573 40710 39613 40710 39613 37533 39613 37533 39093
29190 38573 33176 31270 30289 33605 31788 33088 31450 32926 32612 34307 31289 33781 31645 32044 31645 33893
40905 43859 40796 42985 40276 37235 40796 38550 33277 35285 33277 38550 33112 36730 39517 39070 42465 44025
42444 48626 43426 43743 44538 46136 44868 44101 45388 45908 44348 45388 41897 45908 41377 43977 41377 44387
44174 47294 46283 49017 44694 58290 45214 45214 45214 45214 45214 46803 45734 50057 49181 49017 46283 49017
28434 35829 31578 29634 29949 32166 30425 31782 31170 30629 36121 30606 31442 31646 30673 33907 29881 31646
30230 36301 38520 35132 34235 36468 34862 35545 33313 36763 36029 36988 36029 36988 35759 34811 35214 33179
31480 35861 32398 33289 32158 32397 32917 32520 32917 32632 34263 33672 34314 33900 32917 36902 32917 36902
46535 51215 48095 47055 47055 48095 48615 48615 48615 46504 47575 48615 47575 48615 48095 48615 48095 48615
33336 38629 34376 36090 34896 36639 34377 35585 35050 35079 34958 39818 34376 40338 38885 40338 37021 35599
33891 39611 35451 35451 33891 38051 35451 35971 34931 35971 34931 36491 34411 37531 34411 36491 34411 37011
42586 46226 44146 43626 42586 45186 43626 44146 43106 44146 43106 45186 43106 45186 43106 44666 43106 44146
34040 39920 32840 32360 35000 36520 34800 33520 33080 37200 35720 33520 34760 38000 35640 35280 35480 34680
31667 37907 32707 34267 35486 35827 34183 33227 32867 33747 33663 33747 33387 35307 32187 34267 32187 33747
31462 36662 33022 33055 31053 35871 33271 33502 32343 35871 31638 33456 33151 35582 33751 34207 33751 33542
33135 39672 32030 34444 34927 33416 32698 35215 33870 33534 32152 32209 34891 32320 32700 35735 33024 35382
44703 47823 45743 53112 46418 53112 45743 45743 45223 45743 45223 55169 45223 55169 45223 46263 45223 52592
52294 46542 53334 53854 39655 53854 53334 53334 40175 41215 39655 54374 39655 41735 43942 53854 39655 53854
29351 37052 31265 32472 29809 30574 31473 32988 31407 31543 31166 33548 29708 31823 33397 34270 32227 34270
40273 44433 41833 42353 41313 45694 41313 41313 41313 41833 41313 45174 41313 45174 41313 42353 41313 42353
34736 41547 33780 36816 36689 38081 35150 35150 36876 34691 36937 35952 36937 38377 37846 41408 37846 37561
44302 48462 45342 45862 44822 46382 46382 46382 45342 46382 45342 46382 45342 47422 44822 46382 44822 46382
35121 37721 35641 35641 35256 37201 36296 36161 35776 36161 35641 36681 35641 36681 35641 36161 35641 36681
47132 53372 45048 49212 53500 47504 44569 46984 44152 46464 43632 49732 53500 50252 48172 49732 48172 50252
40297 46017 37132 33634 37088 38727 41019 33678 40304 40159 37608 42825 33072 41199 37088 34595 33072 43417
38263 42423 38263 40343 38783 40720 39160 39823 38640 39964 39303 40343 39303 40200 38640 40343 38640 40720
29235 36917 31511 33010 30954 31325 34965 32757 33324 36967 32127 36005 30954 30805 32648 32036 32648 33076
46392 50552 46912 47952 47952 48472 47952 48472 48472 48472 47952 48472 47952 48472 47432 48472 47432 48472
29913 33981 31381 31473 31243 35955 31473 30953 31473 30953 30953 34425 33875 34425 32865 31993 32865 31473
35324 39484 37404 36364 36884 36364 36364 36364 36364 36364 36364 36364 36364 36364 36884 36364 36884 36884
28766 35215 31525 30846 31056 35381 31000 31993 30944 31525 30584 30789 30322 32668 30846 31840 30846 31417
39806 46046 41886 42406 40325 44485 41365 43446 41767 43446 41247 42405 40325 43446 40325 43965 40325 43446
44456 50176 46536 46536 40574 46016 46536 46016 45496 47576 44976 47056 44976 48096 41094 46536 41094 46536
32644 37106 31441 34012 34012 35545 30897 33439 35624 32728 33628 33084 34012 34151 30377 36173 32208 34697
32255 34390 33815 33815 32310 32830 34480 32310 31270 31790 31270 33815 33295 33815 33295 33295 31270 33295
42469 47149 44343 45903 44343 45589 45383 46055 46012 44029 45492 48092 45492 48612 44343 45589 44343 45589
36565 41964 37412 39374 35169 40934 39374 37203 39894 39165 33990 38854 33990 39374 34032 39165 38125 39165
39259 44459 41859 40299 40819 41859 41339 44573 41339 41859 40819 41339 40819 40819 43533 41859 43533 41339
34820 40225 33322 33495 33073 35023 36062 33024 33943 33567 36012 35891 35492 34014 35492 34509 35492 35791
31860 37377 33068 33169 31401 33384 32216 32961 32472 32942 32572 33263 32344 32743 32793 33632 32793 34552
35292 42052 35985 34375 37372 34071 36441 35921 35603 35921 35603 38412 36325 34425 37372 34591 33493 34591
31043 38119 34976 32603 32375 35541 33710 32874 33936 33686 33936 34930 32895 35970 32105 37303 32105 32874
39929 44036 41436 40969 40396 43049 41489 41489 41489 40916 40969 41489 40969 42009 40396 42009 40916 42009
31795 39444 35638 32850 31652 33235 35222 34951 34522 34636 34816 32308 34816 33761 34627 33778 31238 33778
33099 38567 33813 34087 31809 34446 32177 36739 36243 33167 37187 33888 31809 35310 33223 37259 33302 36739
39602 44282 40642 41682 40642 40627 40107 45436 40122 41162 40122 40627 40642 40627 41162 40627 41162 41147
41231 45911 42791 42271 39169 42289 42271 42791 42271 42271 42271 42791 42271 42791 42271 43311 42791 43311
35684 38804 36724 36268 36724 37308 36724 36724 36268 36724 35748 37244 35748 37244 36724 37308 36724 36788
39796 43436 40836 41356 40316 42916 40836 41876 40316 41356 40316 41876 40316 41876 40316 41876 40316 41876
28522 35390 31125 33549 30717 33577 30565 31605 30232 31120 30975 35184 30197 32202 30082 31605 30082 33432
33754 40514 37273 36647 40868 39659 36727 40761 37059 36688 36539 37728 40868 40559 37127 42506 37127 43026
37520 42720 39600 39600 35757 38876 39600 36865 36797 35757 36277 38876 36277 38876 35757 39600 35757 39600
34927 39087 35967 43058 38032 40384 42018 37635 42538 42538 41498 37115 41498 37115 40133 37007 40133 36487
33928 37048 35286 35488 34246 36528 34968 34968 34968 35488 34448 36008 34448 36008 34246 36528 34246 36008
33497 36617 34296 35057 34017 38550 36990 34017 36254 38030 38247 38030 38247 38030 34017 36990 34017 37510
30222 35132 31242 29994 32238 33819 31385 31739 31842 31407 30845 31096 29370 32489 30638 32551 30638 31053
28586 40013 35413 35389 33197 38552 33220 35455 34106 35811 31660 36462 30975 35302 33301 33500 35810 33165
30475 34848 31728 32248 32279 34941 33840 33870 31728 34390 31728 33870 31759 34941 31208 33075 31208 35461
41798 45438 43358 42838 42318 44398 42838 42838 42838 42838 42838 43358 42838 43358 42318 43358 42318 42838
44901 51004 46461 47364 45421 48924 46844 46844 46324 47884 45804 47884 45804 48924 45804 48541 45804 48021
33934 38926 35286 34250 35869 34543 34645 37803 34063 32983 33023 37285 33023 32883 35869 38323 35869 36890
33567 40847 35997 36528 35053 38970 37542 36687 35332 34474 35332 37193 35453 38753 34533 34994 34533 38343
31680 41748 38359 37539 37068 40026 31796 32270 36502 33708 40268 33145 35769 36141 37588 37022 37588 35462
34626 41112 37992 37868 39540 39680 37226 36448 37480 36706 37347 43034 39673 39160 37034 36186 37034 39612
31650 35290 32690 34041 33521 32690 34041 32170 33210 32690 33210 32690 33521 32690 33210 32690 33521 32690
39438 43272 39632 38333 40411 38853 40152 40057 39891 40411 38592 40577 40411 43242 39112 43242 39632 38333
40783 47023 41898 43383 43592 45463 44112 43383 43903 42863 43592 43978 43592 44423 42833 43903 42833 44423
36652 44868 39668 38732 37172 40961 38244 39252 38108 39772 37692 40708 38212 41748 37204 40292 37692 39772
30474 34647 31007 35251 31007 30410 31336 32047 31336 32034 30816 32554 30816 32554 31261 30930 31261 30944
38135 42886 35307 35827 33761 33761 36733 34338 36539 34407 37816 36282 38206 39766 38734 39824 38734 39824
31490 37923 30750 34090 31640 37007 32542 34090 35691 35077 33855 32908 31179 34469 35594 34330 31308 34330
44986 50185 46026 47586 45797 48255 46546 47357 46026 46546 46026 48106 46026 48626 45655 47586 45655 47585
32056 37776 31499 34152 33096 33160 33213 34656 34136 35696 33616 34656 32173 33160 30391 33547 30391 34067
33162 37322 39536 40056 36289 36282 35242 34722 33682 35762 36809 35762 36809 36282 40056 35242 40056 35242
30492 41601 32384 36260 31417 34109 31532 35718 32052 33092 30991 33612 31108 35527 34511 33260 34511 32858
29281 38990 34310 31361 28976 35870 34106 31415 33066 31674 29852 31674 30738 34631 30218 31674 31361 35350
34495 39917 47099 36055 37844 32984 35753 37095 38364 47619 33740 32170 46800 36277 35233 32467 35233 32170
34281 40492 37861 36361 44872 38412 38955 37729 36166 46432 37534 45912 45912 37429 36852 38249 45392 35574
39666 43826 40706 40706 40706 38401 40186 40186 40186 37451 40186 40411 40186 40411 40706 40411 40706 40931
29448 32610 31384 30777 31866 33679 29850 29384 30402 31314 29292 31480 29292 31480 29668 30922 29668 31031
37488 42168 38528 39568 38529 41128 39568 39568 39048 39568 38528 40088 38008 39568 38528 40608 38528 40608
30791 37038 32102 32871 33526 33582 36257 33399 34754 33412 30365 34504 33984 34504 32771 35737 32771 32351
36486 41166 38046 33779 33903 36877 35317 35550 35317 37359 34797 36357 34797 36357 37006 36357 37006 37959
33145 34195 36373 28905 34705 29945 31075 34185 34705 35225 35853 35853 35333 35225 35745 34705 35745 28905
34429 39629 35469 37029 36691 37037 35989 37029 35674 37549 34634 40770 34385 37037 35469 37549 35469 39026

