40783 41227 40820 40968 40894 41116 40931 40968 41005 40931 40894 40968 40894 41042 40857 41005 40857 41042
36652 37170 36800 36800 36689 36948 36726 36837 36689 36874 36726 36874 36763 36948 36726 36911 36726 36874
30474 30770 30585 30622 30622 30369 32334 30585 32334 32334 32334 30622 32334 30622 30548 30369 30548 30369
34626 34959 34737 34774 34663 34848 34811 34663 34774 34774 34737 34774 34700 34811 36580 34737 36580 34774
31650 31909 31724 31761 31761 31724 31761 31687 31761 31724 31761 31724 31761 31724 31761 31724 31761 31724
39438 39457 39198 39586 37180 39549 37254 39586 39623 39161 39549 39087 39586 39586 37180 39586 37217 39586
38135 37573 38283 38283 38209 38246 37351 38246 38283 37314 37277 38320 38283 37351 38283 38246 38283 38246
31490 31500 31130 31675 31638 29842 29879 31675 29851 31920 30302 31675 29814 31712 32558 32558 32595 32558
44986 45393 45060 45171 45023 45245 45097 45097 45060 45097 45060 45208 45060 45245 45397 45171 45397 45208
33934 34267 34008 34045 34045 34119 34045 34045 32614 34045 32540 34119 32540 34156 34008 34119 34008 34119
33567 34085 33678 31539 33604 33789 33678 33789 33715 33752 31465 32954 31428 33752 33715 33789 33715 33826
31680 32124 33549 31865 31828 33778 34619 34693 31828 30743 31791 30780 34545 33549 31791 31865 31791 33512

