34282 56230 34937 48414 37529 48764 39854 39421 40625 41811 38199 39603 38199 40316 35467 41985 35380 45369
36124 46965 33619 43046 34695 47825 36958 46815 40293 36166 37751 41948 34827 46022 31048 46815 34169 46815
34019 56318 35241 40943 37334 51545 42421 46391 42693 40922 40149 43405 39072 45483 37504 44245 34624 50670
35812 58736 36348 41100 37608 54032 45349 41415 44622 44708 42227 46804 37608 53219 37608 46804 37608 51765
35623 58430 37197 48614 37097 48011 38705 42504 38410 41652 37525 42537 39554 43817 39435 42504 39435 45354
35171 56262 37477 46149 37133 54423 40428 42927 40961 44254 42939 41214 41987 47794 36630 47111 37065 47111
36319 47531 36320 44039 33513 41882 32839 42906 36497 37003 40880 45527 39467 41023 39467 47119 39467 47119
31965 52428 32213 38812 31966 42791 37210 37460 36923 37210 35242 39428 35242 39428 32213 39838 32213 39838
48554 68838 43239 68503 51454 53334 47892 66902 53070 47892 46486 49823 46486 49823 51454 68482 51454 67779
32478 54128 33685 37814 34709 35444 37391 42433 41116 37403 39442 39433 35495 38929 33149 39624 33149 41800
39432 64671 40105 54238 40795 60989 46720 45148 43114 54238 42396 57920 42396 57920 40795 47703 40795 52436
31563 48658 33403 37600 36257 41979 42236 37313 37223 34753 43589 36569 43589 39206 38159 37313 38159 37313
34525 52720 33784 39988 32144 41808 33268 41654 34422 36710 34875 37469 35015 42287 31670 38922 31670 40042
34238 56153 36442 44918 40499 54798 43397 41080 41416 44246 40488 49522 40488 49812 40586 45718 40586 51958
37571 58883 37232 45542 40073 57134 43298 46537 44600 54480 42241 46316 48820 52209 39013 50812 39013 48392
37533 70819 40776 58905 47850 61014 52368 47248 46998 52368 48052 54477 48052 54477 45638 52519 45638 54990
29190 50888 32048 35890 32410 41014 33441 34541 38149 36526 36140 37103 33779 38076 30828 34541 30828 35352
40905 55147 37782 43203 36839 48271 43896 50420 36907 38966 38208 43517 37478 42109 38851 51262 38851 51262
42444 69616 41747 59263 45079 61925 49694 51027 50256 48020 46659 51376 46558 50193 40488 55292 42707 58064
44174 77834 49018 59000 47183 59744 57391 54503 54503 55697 49426 63739 47831 62901 48930 64077 48930 64077
28434 47684 28849 36307 33035 36104 33610 36167 35221 34405 34353 32220 33655 33725 32729 36380 31459 39067
30230 55238 36930 43096 34662 43109 39243 43775 35152 37898 34429 37695 34429 41323 34662 47027 34662 41846
31480 50578 33481 39494 35974 37586 36355 43577 39477 36006 34554 38029 36085 39664 32524 42041 32524 44138
46535 63872 48889 48048 47320 54562 47880 57877 57799 44842 57508 59234 57508 59234 48183 57877 48889 49466
33336 54678 33998 43448 37368 45503 39260 41498 37771 37698 35276 39741 35861 42410 37368 43465 37368 45225
33891 55588 34479 38368 33891 42742 38710 38477 41086 36365 40392 38744 37034 40078 34478 44286 34478 44019
42586 67128 47321 48869 42586 50969 46970 50747 45280 50969 42586 49664 42586 49664 42586 57678 42586 57678
34040 52223 32041 39888 32218 45554 38650 36589 37038 35555 35723 39330 33405 37413 33882 38060 33695 41374
31667 51940 33133 41083 32292 44748 38233 35540 37637 39806 36552 38858 36552 40975 32292 39862 32292 39862
31462 53811 33246 43449 33089 47909 36604 37692 35344 46033 33960 40218 33960 42405 33246 37692 33246 38104
33135 51300 32575 41805 36086 42290 37956 38822 37859 35921 36289 47411 33924 36742 35646 38822 35646 40901
44703 73317 44703 60302 55779 63411 54369 51512 59931 54369 55105 61348 55105 65636 55968 62884 44703 65128
52294 65037 39834 59025 43209 62142 53014 52866 42550 59025 39655 61920 44587 55909 41689 59026 41689 59026
29351 48090 30679 34304 33333 36594 33573 30584 33596 34611 33216 33607 32171 34912 31448 33729 31950 35026
40273 68243 36195 57369 42534 55552 54700 45405 41775 49737 42081 52238 42081 55552 42534 52238 42534 52238
34736 56127 37590 46289 35316 53724 40279 42525 41371 40614 38619 43732 38619 42558 34146 49569 34146 48497
44302 61825 44302 61710 46927 61797 52737 51447 49218 55966 48489 58663 48020 61288 39976 51447 44302 58663
35121 57600 38238 41602 36275 49970 43489 48838 42603 43489 39479 47263 41602 47263 36172 44884 36172 44884
47132 70474 49320 57312 45535 56773 48580 57367 48207 53209 46874 57313 49067 54116 45535 63709 45535 62003
40297 55273 42455 63518 36115 62850 45897 39987 39114 43558 37934 39617 37031 46287 35607 49863 35607 54390
38263 65427 38263 47951 39708 56342 49564 49465 46065 47389 41983 54473 43352 47254 39708 49465 39708 50854
29235 50136 30719 34478 32570 40748 32874 33579 33158 36047 32600 34123 30669 33665 31800 33579 30669 33940
46392 76400 52024 66776 50259 67531 57914 60481 57550 56727 51717 63099 50259 69595 50566 63099 50566 66561
29913 53075 31040 38286 33490 47821 36244 34217 37210 35805 35251 37650 35251 35081 31040 35251 31040 39413
35324 62056 36534 48907 38144 50123 49460 43397 46953 48370 45745 49578 45745 49578 37070 47641 37070 47055
28766 46580 29203 38970 31460 37295 33371 32383 33687 35580 32684 36422 34103 36735 29683 34727 29683 36422
39806 71178 40995 52272 40995 54303 49078 51034 48925 51569 46204 51455 49796 54942 40995 55784 40995 55784
44456 72279 45051 62100 41009 48568 49754 54386 52870 53408 49066 54199 49066 57113 40934 56766 45051 56766
32644 48251 33550 41363 33872 36036 32317 32481 36440 37679 35984 36528 38621 39207 33215 34651 30639 42732
32255 50434 32266 36324 40659 38940 34901 35835 35436 32127 35297 37212 30750 39079 30750 37702 32196 37702
42469 72266 43239 52978 45124 62884 45568 52219 46490 48102 46914 58419 46914 56187 45124 59218 45124 59218
36565 52338 37608 43516 36071 45136 37859 45098 36699 38833 36002 42269 36433 43133 36124 47143 36124 47143
39259 62157 40816 44732 43533 62461 47698 41562 45950 57797 44830 58108 44830 58108 43533 50000 43533 53794
34820 54362 33019 42127 34528 44696 36713 37492 37628 35753 38038 38929 35234 41254 31451 37492 31451 39104
31860 50541 31102 37377 33652 41125 34459 33527 36243 35701 36462 34812 36462 34812 36294 39519 36294 39519
35292 47851 38545 38588 37624 44839 36912 42481 37775 40067 35482 41510 33565 41788 39746 42431 39746 39522
31043 50914 30865 38714 33110 39465 38075 36966 38724 37989 34759 35223 33470 38066 32291 37197 32662 38824
39929 64009 41715 43446 36296 47929 43941 45597 46490 41482 39511 43162 39511 43162 37189 46437 37189 46437
31795 48565 33993 36263 31565 37752 35010 38519 37804 34629 34445 36126 34445 35289 32963 36824 32963 38030
33099 51327 33284 41060 32493 41222 33452 39429 37964 36220 34659 39555 32344 37709 33040 42416 33696 42639
39602 64952 40504 41814 41089 50828 46236 45734 43529 49668 40107 49868 40107 52955 41089 48616 41089 48993
41231 63436 42488 46949 39169 52880 50051 46007 40049 50051 40615 53418 40615 53418 39546 52828 39546 52828
35684 57778 42975 40836 42975 48022 48462 48871 48871 42706 40836 46854 40836 46854 42975 46854 42975 48431
39796 65269 42140 46900 47918 56273 44936 52344 54749 52040 53161 53401 52000 49774 47918 52344 47918 51738
28522 46358 30712 41525 32527 40089 35507 31278 32415 38511 33083 33286 32297 33527 30567 35767 30567 37822
33754 56168 34894 47788 37507 47714 43303 43558 38140 42887 38798 48719 38878 47967 38714 43558 34893 45220
37520 56646 39142 35923 33604 40707 44960 43005 37754 44082 37596 43316 37596 45304 34757 43139 34757 43139
34927 57402 35893 47614 40261 53942 46557 43024 41386 49425 40038 48872 40038 48872 39140 54700 35893 54700
33928 55645 35057 43938 34779 53056 39612 43771 37857 46686 41253 40767 41253 46496 34779 40767 34779 45572
33497 54938 38286 44869 36258 42666 42926 40566 44785 38359 39588 41379 39588 41379 36258 40798 36258 43811
30222 49156 30180 34156 30718 38465 32222 33804 34596 35707 33877 32700 33670 33025 30086 35799 30086 37594
28586 50368 32334 36538 31847 43540 35206 34618 35517 34953 32714 35226 38525 37328 33278 38709 33038 38709
30475 50383 36417 40980 32654 52537 40630 34461 35265 39843 35028 36228 35382 36228 32552 34461 32938 34461
41798 68552 42853 57281 43096 46745 47777 54423 54423 47777 43096 51852 43096 51852 43096 58336 43096 57281
44901 73419 47636 60392 45029 59334 47450 49569 48121 52792 49666 51424 45957 59688 46222 62693 46222 62693
33934 53616 35324 43888 36737 46932 38871 40989 36013 37874 37386 39150 33937 41170 37296 44854 37296 46487
33567 51428 34101 39684 34519 48052 35466 36808 37665 38612 33605 40431 35181 43027 34192 38688 34192 43143
31680 57388 32808 37921 33347 51579 34574 40489 37116 36955 37641 37340 33993 48422 34832 41333 35197 41333
34626 59961 35858 47520 37769 51093 44153 43700 40801 47288 38995 45557 38995 48658 37520 45521 37520 45521
31650 51911 34214 35808 35373 37238 36559 33139 35410 39748 40634 38783 41176 41153 33778 35519 33778 35519
39438 62017 38302 49232 41673 46765 41006 45066 45672 44738 41502 43801 44811 48136 37743 43846 37743 47608
40783 66891 42478 54350 44728 59012 47649 52504 48852 50090 50386 51477 45610 52733 45511 56728 45511 56728
36652 64687 36805 46631 39516 52479 42747 40715 40787 44020 40765 42003 39581 46208 38617 44473 37352 46751
30474 48594 30886 36856 32477 35628 38527 34876 36952 35998 39451 34206 39451 35891 32938 37158 32938 37433
38135 56937 38467 41491 33649 40676 37597 45013 41402 39033 41650 42419 35316 43346 33774 45013 33774 41704
31490 48180 31945 37979 33897 39955 33922 39974 35197 38588 33639 39316 34064 41693 35545 38169 35545 38169
44986 73781 45464 57543 46610 62319 49558 58664 50819 49905 47476 57052 47476 60457 45464 60859 45464 63035
32056 52577 30938 35856 34297 38813 36211 41013 34017 35733 33138 37751 33221 41785 33137 43659 33137 42607
33162 54391 37586 41335 33162 47711 38310 42316 42495 43950 40516 43731 40516 44841 40122 42316 40885 42316
30492 56756 30720 38885 32226 36881 39716 34382 37973 35177 36991 37166 37152 37166 33744 34382 33744 34550
29281 45145 29696 33339 30012 40778 34354 31943 32147 32304 31728 34349 32089 38741 30012 31943 30807 40524
34495 52779 45781 47062 36671 43875 32674 45823 37190 35826 38977 38138 35909 38138 36911 48544 35865 48544
34281 56226 34235 41943 41468 48876 46767 44256 39964 39489 36749 42054 44176 42241 38523 44256 37883 47016
39666 63051 41163 49693 42921 50973 51864 43266 44047 47458 51464 45961 51464 45961 42921 47548 42921 51550
29448 48039 32276 34436 30410 40338 31896 36137 33252 34225 32050 33577 32050 33339 30209 36137 30209 33904
37488 61484 39133 45574 39222 52418 45266 39947 42705 46066 43549 45177 43549 42525 39222 42525 39222 45857
30791 53278 31521 38044 35816 37931 35182 39195 34630 35508 33707 36526 35489 36526 33839 35614 35020 39195
36486 54165 35933 37864 36551 41594 38189 40097 39529 35033 37861 44067 37861 43499 36551 40458 36551 40303
33145 48618 35674 42940 35159 36681 35717 33721 37173 39700 36634 39183 36634 35563 37345 43781 37345 43781
34429 56469 35473 39816 39138 51171 42850 42891 37427 41179 38313 47039 36673 48318 35807 45809 35807 48318

