33891 47790 35737 43451 36213 42600 39355 44030 38809 42732 38740 39800 39457 42224 34267 42019 34267 44887
42586 60050 49960 52676 46611 54247 49456 49123 48337 49018 46611 54247 46611 54247 45890 56964 45672 54402
34040 46760 33898 39791 35986 42167 37227 41595 34083 37535 34324 39403 34659 39719 33889 39902 32668 41421
31667 44659 34242 41127 36275 40051 37600 37896 37653 38897 36101 40991 34606 38590 33180 38694 33180 40800
31462 45451 34695 39427 34711 41373 38135 37560 35971 39796 35149 39639 35149 41373 32985 41373 32985 41373
33135 41950 33671 43194 34195 39718 38988 36020 37708 34468 35914 37732 33933 40039 33333 36908 35453 38942
44703 63034 47409 58239 54388 64072 58762 51710 61454 58762 58915 55080 58915 53810 46533 59058 54388 62636
52294 55916 43507 54028 39876 55916 52064 51970 47991 52064 50748 55916 43917 55916 41255 55916 41255 55916
29351 39253 29911 35627 33198 35857 33341 32528 33517 35546 33643 35167 33045 35697 34720 36202 31052 36395
40273 58672 46113 54327 41268 55577 46028 42821 41621 48650 41268 51938 41268 51938 45760 55154 45760 55154
34736 49227 37586 44761 37849 41806 41423 38394 40540 39056 41509 42708 43013 39833 36799 43757 36799 43845
44302 62469 46778 52652 45983 58779 51002 54110 45920 57425 50420 56351 49430 56351 47151 51875 47151 51875
35121 49523 41534 46249 41266 49523 44840 45734 41691 44840 39273 48619 40625 48619 40270 45528 39116 45528
47132 59182 51438 54876 45139 56593 51217 53717 49142 51217 51046 52666 47829 56593 45515 60176 46096 60176
40297 45172 36184 46556 36948 56488 52480 36979 36444 55054 40223 40587 36808 42607 36664 47633 37139 47633
38263 53955 39137 51125 39663 53690 45524 50320 45122 50669 39689 52150 44119 52150 39663 48878 41458 52150
29235 44990 31589 42223 32700 36220 31536 33419 38076 34653 37877 37465 33192 34493 31359 35031 32770 35031
46392 65684 53017 59964 54566 60408 54650 60526 54417 57918 52617 64088 48426 60408 51500 61225 53017 61225
29913 47036 33576 44636 36229 46927 39680 41203 40363 37165 39108 36393 36229 42346 31974 39990 31974 40765
35324 53354 39102 45486 39789 45013 44929 40563 40563 42778 39789 45359 39789 45359 39905 45013 39905 45013
28766 39826 31671 36842 32791 39579 34889 33765 34226 36575 33779 35516 34190 36463 31730 36996 31206 35640
39806 56131 43390 51637 44225 53920 45747 48840 45648 49625 44396 51368 44225 51711 44225 53920 42876 53920
44456 62689 42473 56299 50535 57490 53025 50850 49409 52933 50185 56960 50185 56801 47656 56578 43582 59489
32644 44492 37252 40476 39000 35590 38900 35573 34943 38912 34786 41399 36957 36246 32461 41715 33865 41715
32255 45482 32647 39567 38024 36511 33816 35629 32245 35712 37098 36086 37098 37557 34453 36511 34453 35845
34282 48343 36134 50260 41647 43936 40052 41097 42055 41444 37279 42532 38880 42958 36106 44169 35935 44169
36124 40378 35589 43566 36961 42355 35778 45548 41246 43010 37997 38694 36004 40377 32326 44254 35314 44122
34019 48422 36411 47538 37020 44936 42445 45172 43347 43293 41673 47105 37475 46914 35519 48124 35519 45296
35812 50499 38567 44498 36963 49348 43073 43512 42608 44525 37332 45101 36963 49348 39988 49348 39988 47571
35623 50234 39991 47451 39863 46046 44105 42912 40809 41586 40242 44990 39863 44676 44928 46649 41191 46055
35171 53904 37519 45808 37954 48996 44199 43877 41810 40424 39103 46533 42486 47262 38651 45396 41441 44508
36319 45985 39920 46324 34047 39892 39207 43324 40014 38337 36886 42177 38405 42053 35692 40532 35692 42400
31965 45076 33728 38243 33779 41371 38206 38811 38022 38206 37760 40072 37760 40072 36228 41371 36228 40556
48554 59185 46392 54769 46445 55133 48610 59466 52377 48610 48160 49934 48160 49934 43464 56289 46980 55333
32478 46538 35998 38382 40123 36399 35087 41404 44299 34605 34243 36989 34421 40817 34866 39047 34295 37965
39432 55601 45934 53242 43575 55601 48917 44257 45934 48917 47900 51546 47900 51546 43575 53742 43575 55601
31563 44508 44029 41024 33607 51428 33542 36633 44070 33542 37616 35840 39846 37618 39744 49840 33829 45967
34525 45327 34637 42253 36964 37086 35772 35099 36790 37438 36460 37065 35932 42598 37077 36360 40929 38746
34238 48279 37180 45863 39812 48330 41078 45047 42307 40262 41192 45359 40500 48330 36733 48330 35582 48330
37571 50627 39031 48356 42891 56601 43931 46273 48565 43349 44739 45897 45683 47837 39057 47700 49676 47700
37533 60887 46318 52191 40803 48771 45376 48359 45052 52345 44232 49884 44232 49884 48744 49687 47008 49397
29190 42430 33471 37957 33887 37430 37605 38657 35564 37636 34154 35656 35539 37094 33335 40440 33483 40440
40905 54257 34999 47085 40177 41644 39335 45240 38410 38494 37290 44626 43619 43055 37695 44626 37598 41644
42444 59855 41379 55277 45240 52584 49323 52307 50043 49493 50278 51750 46807 54080 40651 56347 40651 56347
44174 62289 45240 61084 44204 60382 53708 51858 55279 52642 52026 55895 52026 56894 47147 59316 47147 63103
28434 40995 30928 37982 33203 33763 38146 39141 35945 32503 33983 37886 34575 37016 33346 35474 34888 35474
30230 41654 35352 42208 37499 39839 36482 39025 39372 36218 39004 38895 39004 38895 34200 41909 33277 44004
31480 43235 34150 38645 34981 37816 38970 39034 37447 35821 35642 35821 38891 35714 36669 41121 33452 37844
46535 65619 52664 56628 53114 50077 51223 56695 56242 55676 54068 46712 54068 46712 51057 50077 51057 50077
33336 47010 34880 42211 40407 41664 40930 40084 40390 37909 40484 40536 39015 41664 37418 41024 35087 40547
33934 46099 36597 37810 37070 43160 37106 39230 36995 37236 40101 40786 37873 43210 35793 41301 39940 44546
33567 44215 37255 40803 37046 41242 38044 37925 39185 40734 38486 40793 38161 43626 34761 39531 38635 40602
31680 50506 38353 43102 42034 38103 35382 37343 41087 39239 34142 38483 38002 37353 34597 45629 33935 48956
34626 51647 39219 47043 38120 51135 42443 40230 43866 43331 39956 45552 39839 45544 38120 51135 39950 51135
31650 44629 35027 41252 40659 38667 39951 33369 38031 35940 37220 37394 39884 37394 38955 41525 39487 41525
39438 52222 40264 47896 44261 47346 46065 47032 44022 42556 42174 44612 42474 44947 42174 54598 44928 46726
40783 57512 41613 53511 45353 54585 48579 50342 49879 48719 46475 51723 47313 52400 44959 53926 43501 54838
36652 51685 39357 46099 38065 49366 40404 45037 39428 45101 40155 42818 40084 49366 39376 48903 38065 47193
30474 50398 32301 39930 32466 37713 39939 38511 38930 38546 38477 37882 38477 37882 33983 39305 33089 39305
38135 49041 36514 50796 35572 41887 36683 44722 43341 38923 35730 47165 35492 43223 36376 47246 35493 41218
31490 42154 33867 39660 32423 37966 38084 42427 34722 38196 33490 37579 35626 38846 32693 40312 34601 39273
44986 63436 46116 57987 48187 59489 50739 54995 53023 51978 50127 55489 50127 56530 47282 58922 47282 59456
32056 45203 34352 42297 34518 43466 35647 37170 36986 36245 36219 41522 34230 35441 32849 43714 32849 45698
33162 46762 42839 40706 36174 43750 38647 41373 37536 40898 40530 45937 39838 45937 41515 43750 42459 44415
30492 48799 31431 42963 33165 41634 36387 38325 36471 38913 37106 38832 37366 38832 34907 41831 42581 38052
29281 36770 32080 36770 32594 36921 34118 34234 32544 32517 34389 32326 33714 34617 32955 39652 32955 37460
34495 45379 33523 57855 36087 39140 35244 58439 36431 40602 40353 38359 32668 38280 32730 38297 32730 37704
34281 48342 35565 46575 41741 46001 41479 43910 40556 42514 40562 46180 52383 40773 43336 45154 40991 48510
39666 57938 43378 45541 44128 44807 49096 42644 49575 41538 47948 50455 47948 50455 46172 54503 46172 54503
29448 39107 33640 38165 31130 36928 33608 35784 38872 35489 34411 34341 31943 36756 30526 33472 30526 34421
37488 52862 39701 47138 40764 49502 45005 41922 41673 45518 41132 43574 40764 47643 44568 49502 40848 49502
30791 46253 32046 35862 33411 36926 35094 35035 37120 36026 34986 39284 35808 36935 34813 39158 31667 38846
36486 51451 37941 40873 37202 51021 43126 40890 39899 43126 42696 42051 42696 40040 33259 49699 38238 44860
33145 41800 35984 36189 32699 35667 30770 40070 35726 35123 35710 37714 32122 37714 34112 42979 36934 36558
34429 53608 36721 46259 37554 44306 45853 42544 42339 43717 40700 42062 36731 44306 35675 44456 35675 46284
42469 62131 47396 59287 45853 62212 47897 50338 48777 47991 49429 56300 49429 60471 46213 62118 46307 59238
36565 44998 38745 41763 39543 44559 42902 40192 45470 41903 41015 46894 41015 48044 37818 47415 34539 47415
39259 53579 44491 50052 42108 51704 55877 49154 43485 55877 49112 47186 49112 54085 46283 57072 39019 56832
34820 43604 32796 40478 36551 40010 38195 37992 37491 39874 36177 37163 36948 38964 34042 38541 34042 39926
31860 42609 36143 39941 34092 38046 36104 34932 35754 35190 35947 36921 36765 34885 35687 38893 32512 39492
35292 48414 36257 44870 38019 37454 37309 40952 35884 39858 34632 36842 40999 39586 39589 40788 39589 40788
31043 43455 34750 41625 32286 38907 36326 37014 35035 38129 37081 37327 34862 36901 33335 38781 35361 39365
39929 56303 37818 43830 37683 50688 48629 49511 45376 45476 41745 44229 41745 44541 36742 49842 36742 49842
31795 42922 31778 39265 35806 40538 36415 34488 38072 36953 36645 37337 38105 38923 36900 41326 32188 39797
33099 44665 36108 39966 35938 39235 38216 40380 38314 36766 35205 38825 35437 37807 33275 40581 33275 40277
39602 55842 41017 52581 42313 51263 47979 44571 42649 46726 41092 47863 43670 48955 41017 52940 41017 52940
41231 54539 40901 48460 44815 52325 49265 45530 44719 49265 44155 49950 44155 49950 40337 51399 40337 51399
35684 49674 40018 42227 38821 46081 43611 43873 41478 43611 38821 49877 38821 49877 40440 46081 40440 43686
39796 56116 41298 52386 48933 55680 47641 50063 53824 47641 50725 50740 50725 52968 44563 55680 44563 54614
28522 45753 31314 37466 35141 36637 34309 34063 32531 34065 33463 34214 32958 33973 32985 37454 32089 37454
33754 50708 36180 48301 41357 48856 42014 42409 41899 38905 38370 41940 37526 45768 41057 48169 37579 49234
37520 52909 35508 47248 35991 43548 41312 45692 39013 43320 38907 45358 42317 40836 33982 41772 33982 41772
34927 49251 40948 44223 39877 51983 47032 46353 43768 45145 42052 48528 39877 45753 40832 48528 40735 48528
33928 47842 38595 46171 42146 46361 44001 43626 42876 41093 42698 46783 42698 43461 42146 46361 42146 46361
33497 52602 38799 48889 40515 45414 39416 41459 40930 44831 39376 39527 39376 39527 38988 42134 35787 44893
30222 42966 32056 35698 31913 37132 36230 36178 35165 34466 33321 34840 33477 39191 33968 39526 33968 39205
28586 42559 37245 43471 36384 38877 41653 35011 35419 35217 37899 37498 35666 38089 33048 36654 33048 39984
30475 42541 34345 42975 34660 41987 36928 38156 41370 37020 39412 38450 33479 40708 32050 43279 33976 43279
41798 58939 45799 54938 42630 58107 47212 51470 51470 47212 46536 52146 46536 52146 43617 52394 43617 54938
44901 63122 49315 58736 46886 58228 53081 54438 51920 54241 50704 53251 47955 57493 47650 58228 45698 58228

