34626 58500 38459 49806 38843 50594 45383 40315 45847 46017 42597 48477 41732 49716 38314 49355 37411 49355 37411 49355
31650 50642 34053 42483 39416 39978 38631 35973 38993 39053 40580 40853 39416 40930 40580 41200 36802 41200 37135 41200
39438 60504 38010 53603 41468 50516 44980 43958 43264 45262 44369 47046 44667 50317 38422 52695 38010 52001 38422 52001
38135 55545 34431 52305 37373 56642 38999 42611 44702 40108 43013 44664 35088 46110 35205 56642 33037 56642 35205 56642
31490 47005 32458 39586 33220 40565 37139 41052 39463 35074 36512 40235 34773 41438 32637 41062 32637 43149 32637 40263
44986 71984 46375 66815 46509 64372 54728 61145 53445 49599 50313 61358 50313 62881 46822 65415 45434 65415 46957 64372
40783 65259 41593 55195 45683 60976 50404 53805 54091 50573 46385 54292 47492 56909 44361 60880 46539 61321 45003 60880
36652 63106 38387 48393 38859 54221 42135 46298 41886 47188 40246 41743 39769 50178 39608 54114 39608 54114 38799 54114
30474 47408 32211 37386 40597 40820 38286 34265 39442 41002 40817 35521 40817 35521 31071 39424 31071 42888 37745 42888
33934 52307 38519 43188 39802 51570 41931 44249 39005 37586 39655 40725 37151 42903 39802 52628 34770 44635 39802 51570
33567 50172 34771 42442 36925 47191 39984 38229 38433 37200 39042 43066 38751 44059 34294 45821 34481 44885 36659 44885
31680 55988 39664 42101 35707 50775 37823 48540 44416 35414 36581 39622 36674 36504 35784 49761 31383 51994 33383 49296

