34282 56438 42278 44902 40394 48931 43872 40044 42645 45445 39272 42812 42484 46467 41567 44743 41567 45117
36124 53070 39006 42063 35561 44987 39621 41925 40341 39677 38910 41447 38528 48653 36424 45643 36424 43691
34019 54835 40675 38905 38703 54898 44957 43950 45381 43187 42794 47818 36933 51093 40738 48104 40738 49451
35812 51208 38818 41122 37582 45899 42892 41722 42892 42892 41122 43492 37582 46432 37582 45164 37582 44663
35623 56863 44473 42703 39829 51553 44473 42703 44473 42703 44473 50645 41599 51186 41650 46243 41650 46243
35171 61161 45985 46565 44743 50131 41524 48337 41671 45791 37867 45669 44743 46591 46369 50107 46369 47561
36319 45258 39859 41809 36407 38510 36756 41809 38449 35576 39978 40476 36407 40476 36255 40417 38994 37465
31965 51435 36098 37275 37956 44228 38981 38981 38981 38981 37211 40751 37211 40751 36098 40815 36098 40815
48554 66254 55634 47143 49051 52453 53864 55634 49051 53864 49051 48913 49051 48913 49051 47677 49051 47677
32478 53815 41328 37420 37788 37239 35895 39767 42363 36036 35748 39697 36525 40003 37788 39661 37788 39661
39432 46512 44264 44742 39710 46512 41202 41654 41202 42972 44264 44742 44264 44742 44264 43424 44264 43424
31563 46137 36461 36873 33988 50299 34483 46759 37287 34605 30820 35143 30820 38231 32921 48529 32921 46759
34525 46384 36675 37734 37897 40523 36125 39524 44518 37916 32724 39686 39157 38912 37515 38683 36396 40593
34238 46769 39689 39548 39500 45764 38735 41318 41450 40454 37910 43994 36914 43994 36149 45764 36149 45764
37571 54575 39991 42881 38614 55140 49830 44443 42255 49512 42255 50666 40662 47287 40314 44651 39991 44651
37533 48153 40961 44716 46015 50261 46961 46721 46961 46721 45540 48491 45540 48491 46015 47310 46015 46486
29190 54839 39205 41261 35307 44113 39928 44399 43326 40930 42853 42718 39598 43352 38051 42966 38051 41985
40905 50312 44699 46316 42373 42273 44546 42980 40603 43030 40399 42980 42017 43282 42017 44750 36963 42980
42444 63626 45926 52492 45588 56136 48953 50722 50722 51542 47183 52888 45808 54658 46730 56064 43877 52668
44174 61617 50033 51254 45109 53024 52767 52767 52767 54537 47714 51803 49227 56307 45793 51254 50033 51254
28434 56071 41271 39137 34612 40442 35478 39289 34785 35921 36555 37955 33616 37421 37633 39087 34709 39087
30230 52600 36669 42216 39491 42355 41178 36886 44815 37923 37527 42705 37527 42705 41150 46258 36780 40599
31480 50190 38546 37377 37990 45305 36044 38210 40610 39659 35971 37274 37814 40316 37741 37375 37741 37375
46535 62465 51845 40713 48305 44364 53615 52024 52024 50254 50075 44253 50075 44253 51845 52024 51845 42594
33336 54879 43194 41755 41259 48504 38305 42674 39132 40903 39545 45341 37784 45617 42352 44606 43194 47725
42469 58399 49676 52280 45831 54303 46389 52052 48512 47779 46742 55592 46742 59360 45152 54303 48159 54303
36565 51380 38149 43478 36604 49684 37956 45199 39832 39944 40113 48195 40113 48195 36604 47409 40529 44598
39259 57693 47073 42799 44666 50539 46339 46436 47073 46436 45303 48769 45303 46999 46339 48109 46339 46339
34820 52844 40454 41103 39638 40691 37933 41778 37605 39622 41185 40214 39415 40361 38684 39868 38684 43672
31860 49186 35574 36845 37344 41931 39262 37793 38366 37118 37116 39587 37116 39587 37344 38789 37344 40884
35292 51322 41260 35040 37417 39035 39086 38277 41411 41007 41411 41562 37771 41058 39237 39844 38124 39844
31043 53825 42476 37166 36985 45164 36314 41624 36314 41248 38754 41293 36985 43749 32458 43062 32458 43794
39929 48514 45322 44174 42896 50549 45239 45239 45239 44666 43469 42500 43469 46436 42896 47009 43552 47009
31795 55821 37178 38836 36766 48552 38195 39815 39890 37781 39401 41434 39401 39590 36991 39853 37367 39853
33099 59726 38496 40594 36677 43420 38481 46619 42964 43936 38372 44739 36677 45072 36463 48240 37623 46619
39602 55532 43142 46682 43142 47560 43857 47162 41815 45697 41372 45627 43142 46412 44912 46412 44912 47397
41231 57161 42709 44771 39169 54010 42709 46541 42709 42709 42709 44479 42709 44479 40939 48311 46541 48311
35684 46304 39224 38768 39224 42308 39224 39224 38768 39224 36998 40994 36998 40994 39224 42308 39224 40538
39796 52186 43336 45106 49007 50416 43336 46876 50777 45106 52547 46876 52547 46876 50777 46876 50777 46876
28522 52611 37107 35992 33796 40235 35919 41026 36516 37538 38196 39736 33963 39100 33794 41803 35551 43063
33754 56715 39125 44907 39747 51551 44275 43688 44023 44281 42155 47821 39747 51006 40779 50643 40779 52413
37520 45261 36411 37444 38257 47016 36372 44961 38814 46588 40027 43876 40027 40027 34241 40027 34241 40027
34927 50569 44834 40783 41294 48132 39013 39543 38179 40783 43182 44592 41294 44592 43064 43659 43064 46362
33928 45596 37544 39238 37795 42778 37468 37468 37468 40357 37507 42127 37507 41008 37795 42778 37795 41008
33497 48171 39243 38807 37720 38033 37961 38892 41254 38984 39497 38801 39497 43030 35267 39490 35267 41260
30222 54860 37466 36118 36618 38661 35264 37133 37633 36476 34623 37449 33992 39640 33702 38429 33702 40159
28586 57834 44074 42081 39117 48630 37878 43896 40048 39028 42791 42878 41285 44339 40755 43543 38720 42968
30475 49398 37428 37248 39329 40788 41339 42878 37187 39390 35478 39018 37738 38895 37008 39018 37008 37248
41798 54188 46477 45338 43568 50017 45338 45338 45338 45338 42937 47108 42937 47108 43568 47108 43568 45338
44901 66004 50211 53614 46671 58924 51844 51844 50074 55384 48304 55384 48304 58924 48304 57291 48304 55521
33891 53361 39201 39201 33891 48051 39201 40971 37431 40971 37431 42741 36162 46281 35661 42741 35661 44511
42586 54976 47896 46126 42586 51436 46126 47896 44356 47896 44356 51436 44356 51436 44356 49666 44356 47896
34040 57320 40500 43060 37240 48730 41050 44790 40790 37900 40880 42030 36350 42480 39520 45310 38580 42150
31667 52907 37807 40517 36977 45827 38747 41865 38885 38747 38747 40847 37115 44057 35749 43094 35749 41197
31462 49403 36855 37382 35043 43523 39421 37252 39888 39983 38118 38886 37651 41464 38324 39735 38324 38542
33135 52154 37007 38364 38603 41155 37144 40215 38504 40367 37669 38500 36083 42594 35615 41985 37788 41944
44703 55323 48243 65922 55785 56631 48243 51381 49611 48243 46071 55803 46071 55803 55111 50013 55111 65922
52294 49031 46442 57604 46094 57604 55834 55834 47864 44965 46094 59374 49457 46735 46094 57604 41719 57604
29351 56085 41225 38100 35351 42099 39020 39296 39743 40524 39432 40475 37078 43824 37202 42387 37202 41054
40273 55769 45583 48689 40908 54476 46919 43813 40144 46494 38374 52706 38374 52706 40908 48689 42678 48689
34736 51227 40327 41931 40118 43523 40213 39354 40607 38957 38895 45078 38895 40484 40385 43129 40385 48797
44302 58462 47842 48359 46072 51382 51382 51382 45057 48359 45057 46589 47842 54922 46072 46589 46072 51382
35121 43971 36891 36891 36275 42201 39815 39790 41249 39790 36891 40431 36891 40431 36891 39790 36891 40431
47132 62438 55982 54212 46424 53588 50819 48278 50402 46508 48632 55982 46424 57752 50672 55982 50672 57752
40297 49175 45730 38634 38115 46227 39689 43642 40998 41459 38353 43229 38115 43229 40838 51040 38115 50917
38263 52423 38263 45343 44851 50159 43716 43573 43573 45200 39890 48389 44851 48389 39890 45343 39890 47254
29235 49368 35230 37824 35589 41617 37055 35411 37389 44218 40216 40056 35589 39847 36498 37414 36498 37055
46392 60742 52336 53662 51512 54008 55876 55876 52238 53662 50468 53662 51512 54008 49932 53662 49932 53662
29913 44543 33846 35223 36426 45123 35223 35616 35223 42205 33453 36927 38196 37243 36273 36993 36273 36753
35324 48457 42404 43147 40634 43147 39607 39061 39898 41377 38864 43147 38864 43147 40634 43147 40634 44917
28766 50215 37235 35322 34858 40074 37241 38556 37877 35845 36107 36412 35322 37572 35016 39750 35016 41370
39806 62782 46886 48656 46886 55735 48656 52196 46886 52196 45116 53966 46767 52196 42747 53965 42747 52196
44456 63926 51536 43284 51223 50070 47908 49766 47908 55076 47218 53306 47218 56846 52993 51536 52993 51536
32644 45620 38664 39360 34618 40419 39983 38248 40893 38574 35548 38574 36149 40401 38248 42423 36443 43080
32255 43140 37565 34290 36060 37830 32520 36060 32520 34290 32520 37565 35689 37830 35689 36060 32520 36060
33934 54499 40837 42199 37786 47819 36819 45303 40205 38560 37902 43870 35101 42538 37786 47073 37786 42688
33567 56460 41807 40706 38435 47284 40204 44513 40169 39849 41582 44910 36296 48474 37166 46094 37166 47284
31680 52868 43243 39808 39405 50026 38708 43488 37094 39653 43308 41488 34290 41332 40143 38708 40143 41977
34626 55357 39936 45318 38677 47180 46636 39479 42973 44638 41203 45060 37715 48441 38524 42516 38524 45475
31650 44040 35190 36960 36021 39811 36960 35979 37564 35190 36960 37478 36021 39811 36960 40284 36021 40284
39438 56006 44890 46024 41137 43331 44890 46307 44891 42554 42342 43050 44112 43969 42058 43969 48501 44891
40783 62023 45333 49633 46688 56713 49647 49633 51403 47863 47877 54183 45320 53173 46688 51403 47178 53173
36652 59712 43732 43732 39184 53768 44256 48042 43917 46855 41417 47272 41962 53284 39301 49210 39647 48151
30474 46334 37119 33082 34127 37544 35967 37047 35967 34415 34415 38235 34415 38235 33579 38406 33579 35944
38135 48837 39443 41213 37767 38761 40531 38375 40466 42863 41858 45987 37830 42236 40632 42606 40632 42606
31490 53089 37802 41279 37881 39149 39008 40340 38836 37191 35671 40042 38679 41483 37614 40763 37614 40763
44986 64456 49027 53836 46756 57376 50445 56107 51618 50296 49379 55212 49379 56982 50296 56107 50296 54860
32056 47841 37718 40402 35653 46304 36812 38745 41259 38140 39489 40856 35608 41371 38526 37932 38526 37932
33162 53576 41186 37939 36634 43782 40242 42956 41263 42012 38775 42012 38775 43782 41186 40242 41186 40242
30492 48194 40269 37998 37362 39910 38349 37295 36579 41758 39275 37498 36579 39345 41045 41611 41045 45151
29281 50108 39103 36361 32625 39746 36258 35493 33360 41010 34383 38350 34809 41516 35586 37045 36361 40741
34495 50883 40337 36797 36797 43772 41949 43345 39612 41553 37490 41030 37842 41554 44114 39590 44114 38194
34281 53751 39450 41361 42460 45961 47372 46779 44074 42421 41852 50912 42942 42671 43926 44323 44230 40564
39666 53826 43206 42392 43206 41396 43593 41436 43593 39178 41823 50874 41823 50874 43206 52644 43206 52644
29448 48758 33632 32077 32614 37386 35402 35242 36154 35402 33363 39479 35671 39479 33577 39747 33577 34812
37488 53418 41028 44568 41028 49878 44568 45019 42798 44568 41028 46789 39258 45019 41028 48559 41028 48559
30791 49274 34191 43027 34736 39407 41257 37511 40505 35476 35225 37838 38878 42605 34111 40519 34111 35614
36486 52416 41796 37529 38256 40904 38495 40829 38495 43566 36725 43805 36725 43805 38256 42035 38256 45336
33145 46445 39057 30155 38455 35346 37595 36685 36031 34747 36031 38519 36031 37595 41995 38455 41995 33542
34429 53695 40224 43279 39530 46255 43325 43279 39790 41792 37354 48025 37917 46255 42432 45049 42432 46255

