34626 36885 36253 34942 36669 35100 36253 34705 36253 36906 36174 36876 36174 36955 36748 34863 36748 34942
31650 32203 31808 31887 31887 31808 31887 31729 31887 31808 31887 31808 31887 31808 31887 31808 31887 31808
39438 37980 37427 39754 37348 39675 37506 39171 39329 40958 39675 39171 40958 39329 37348 39329 37427 39754
40783 41731 40862 41178 41020 41494 41099 41178 41257 41099 41020 41178 41020 41336 40941 41257 40941 41336
36652 37758 36968 36968 36353 37284 36810 37047 36731 37126 36810 37126 36889 37284 36810 37205 36810 37126
30474 31106 30711 30790 30790 30537 32418 32418 32418 32418 32418 30790 32418 30790 30379 30537 30379 30537
38135 38035 37482 38451 37482 37482 37561 38372 37482 37482 37403 37482 37324 37561 37403 38372 37403 38372
31490 32046 31256 31885 30396 30052 30131 31885 30554 32088 30554 31885 32293 31964 29832 30036 29832 30036
44986 46313 45144 45381 45451 45539 45372 45609 45372 45223 45144 45460 45144 45839 45223 45381 45223 45760
33934 33480 34092 33549 34171 35967 33567 34171 32740 31369 32582 32055 32582 31527 34092 34329 34092 35967
33567 34673 33804 33888 32056 32065 33061 34041 33996 34046 33917 33967 32135 34204 31512 34041 31512 34204
31680 35808 31996 30990 37137 33988 35097 35176 31996 41143 31917 34139 34629 33727 35018 32075 35018 32154

