34282 46832 35433 35942 36847 38083 34981 39093 34952 38772 34899 36262 34899 36932 35408 39389 35408 36558
36124 42672 30005 38581 35886 32688 31424 39094 37866 36327 35301 40084 33953 40084 33762 39094 35337 39094
34019 45475 36565 35009 38188 40963 35380 35999 35380 39178 36741 37979 37198 37979 35575 36989 35575 36989
35812 44188 35812 36469 36802 38782 37792 37792 37792 37792 36802 38782 35812 38782 35812 37792 35812 37792
35623 47503 36613 36613 40214 39583 37790 37603 37603 42432 36800 38593 35623 39583 36613 38593 36613 38593
35171 50241 38917 37151 36161 39150 40223 37151 37761 37151 36161 38335 36937 40121 37151 38141 37151 39131
36319 42649 37309 38511 33606 38299 36709 38299 36709 33606 35719 34596 36319 34596 36319 38299 36319 38299
31965 42855 33945 32955 31965 37011 33945 34935 33945 33945 32891 34935 32891 34935 33945 34935 33945 37011
48554 58454 50534 49544 49544 43813 43813 50534 43813 43813 49544 50534 49544 50534 50534 50534 50534 50534
32478 44358 33468 35455 33468 37644 33468 34617 31480 34615 36654 37644 34247 37117 34458 34617 34458 33150
39432 43392 39432 40422 39432 41412 40422 40422 40422 41412 39432 41412 39432 41412 39432 40422 39432 40422
31563 39897 32553 32390 35191 33380 33380 32553 32141 32141 32967 33543 32967 33543 35191 32553 30658 33543
34525 41545 31384 33704 32036 37436 33914 34404 35515 32444 32424 34694 32424 37436 31384 37495 31384 36505
34238 41168 35228 35228 35591 38114 38114 37216 37940 37940 36134 37034 36950 37034 40300 37216 40300 37216
37571 46845 35971 38561 42719 37935 38230 39343 43709 39551 37935 40333 38561 40541 38230 39343 37571 39343
37533 43473 38523 41700 43181 41700 45161 39513 44171 45161 43181 39513 43181 39513 37533 39513 37533 39513
29190 45153 31298 32335 32289 34268 31045 32160 31767 34842 30406 32160 31076 32667 31345 32160 31345 32160
40905 46314 40905 43875 35523 40226 37930 42885 37930 36110 36940 37100 39467 42885 40226 43875 40226 43875
42444 52447 41557 44248 43498 43072 43072 44424 43072 44248 42082 44366 44248 45414 42557 44424 42557 45414
44174 55377 49437 45164 44174 48447 48447 48447 48447 45164 45164 46154 45164 46154 44174 46154 44174 46154
28434 42751 32088 29064 31727 33263 30773 32224 30365 31812 31054 31857 32950 30588 32991 29963 30185 29963
30230 46625 33904 35045 31145 37917 32774 32698 35911 34669 30142 34956 30142 33764 37492 32698 37492 32698
31480 41610 34929 32470 31534 35747 33460 31827 31700 31180 30710 33807 32701 32817 32701 31827 32701 31827
46535 55445 48515 47525 47525 39933 48515 48515 48515 48515 47525 48515 47525 48515 47525 48515 47525 48515
33336 44739 33070 36306 35453 36105 34929 36517 34929 36790 33939 37296 33939 38286 35453 36517 35453 37296
33891 44781 33891 34881 33891 36372 35382 35871 34881 36372 33891 36372 33891 36861 33891 36861 33891 36861
42586 49516 43576 42586 42586 44566 43576 44566 43576 44566 42586 44566 42586 44566 42586 44566 42586 44566
34040 45680 35030 32710 33100 32410 34490 34450 35010 34090 33400 36290 34180 34420 32260 33700 32290 34690
31667 43547 31667 32657 32657 38525 34454 33647 34454 33647 34454 34637 34454 36617 32657 34637 32657 34637
31462 41362 32452 35075 33442 34866 34835 33442 34835 33876 30771 34432 30771 34866 33442 33442 33557 33442
33135 42632 33413 34325 34681 32796 33754 34467 33615 31540 32362 33845 32702 35115 34913 33786 31806 32796
44703 50643 44703 45693 61313 59832 45693 45693 62303 45693 61313 46683 61313 46683 44703 45693 44703 45693
52294 49832 39655 53284 43892 53284 40645 53284 40645 53284 43892 54274 39655 54274 39655 53284 39655 53284
29351 42560 29918 33505 33378 31668 31747 31609 31583 32418 34821 33115 31334 32760 31505 32884 31240 31254
40273 48193 40273 42253 40273 42600 41263 42253 41263 42600 40273 43243 40273 43590 43208 42253 43208 42253
34736 43564 36471 38166 34998 35326 37118 37765 35268 36316 35400 38697 35400 38697 34998 37706 34695 36274
44302 52222 44302 46282 44302 47272 46282 46282 46282 46282 45292 47272 45292 47272 44302 46282 44302 47272
35121 40071 36111 36111 35121 37101 36460 36460 36460 37101 35726 37101 35726 37101 35121 36460 35121 36460
47132 59012 49112 49112 52452 46364 43958 50102 43958 53442 42968 53442 53450 50102 52452 50102 52452 50102
40297 53926 41287 42277 36952 45573 41721 43267 42277 42711 42400 43267 41287 43267 34813 42277 34813 42277
38263 46183 38263 40882 38263 40100 42509 40243 40243 41519 39253 40243 38120 40243 38263 40243 38263 41233
29235 42000 31945 30225 29759 32524 32547 31945 32547 31945 30739 31945 30567 31572 29146 33883 29146 30955
46392 54502 47382 48562 50566 47572 51556 47382 51556 48562 47382 48562 50566 48562 50566 48372 47382 48372
29913 37523 29913 33355 30903 34422 30903 30903 34345 31893 33355 31893 33355 36483 30903 31893 30903 31893
35324 43777 37304 35324 37304 38827 36568 36314 36568 39817 35324 39817 35324 39817 37304 39817 37304 39817
28766 40855 31272 31113 31212 32262 30746 31054 30537 33099 31113 31734 31113 34350 30222 31054 30222 31054
39806 51686 40796 44779 40796 42775 43766 42776 41187 42776 41786 42776 42776 43766 40796 42776 40796 42776
44456 55346 47426 46436 44456 45446 46436 46436 44878 47426 44878 47426 44878 47426 45446 46436 45446 46436
32644 41730 36756 34509 36598 32376 33639 31781 34356 31994 34568 32984 34568 32219 31987 34624 31987 34624
32255 37680 31740 30750 31740 33245 31740 33245 31740 33245 30750 34235 30750 34235 32255 33245 32255 33245
33934 43156 40343 37591 37671 37778 33923 37653 40529 40267 38356 35230 35486 36220 39471 36904 38225 36904
33567 48465 35162 34749 34483 39240 33334 33334 33334 36972 32344 37962 36067 39240 33953 36537 33953 36537
31680 43508 33351 33902 39862 42668 39966 36872 33660 31757 32670 35573 34892 33660 41257 34583 41257 36872
34626 44591 37380 38800 37380 37596 37767 36929 37767 37422 37574 38800 37574 42367 37380 37919 37380 37919
31650 38580 32640 31650 33471 32640 32640 32640 32640 32640 33244 33630 35209 33630 32640 32640 32640 32640
39438 48912 40217 43685 39012 40428 39012 40428 39012 39437 39012 41418 38022 41418 39012 40428 39012 40428
40783 57498 41773 42763 41793 44743 42763 43753 42763 44763 41773 47598 41773 44743 41793 43753 41793 44743
36652 51918 39048 38614 36634 39544 38554 38632 37624 39622 37564 39622 36634 40612 37642 38632 37642 39622
30474 41594 33928 31464 33250 33476 31947 31947 31947 32316 30957 31947 30957 31947 29797 32454 29797 32454
38135 42227 35834 40115 37381 39146 38500 39254 35123 36113 35123 36113 36758 34651 39125 40115 39125 40115
31490 42012 32389 32480 32389 33948 33664 33470 31687 33560 30697 32348 32859 32673 32389 33470 32389 34460
44986 55876 45697 45976 44986 47956 46126 45976 46126 47210 45136 46966 45136 47956 44986 47956 45976 47956
32056 42946 34036 34944 33046 32002 31246 37948 31246 34036 33532 35026 33532 33010 33046 35026 33046 35026
33162 46556 39486 34152 35002 36132 35142 34152 34152 36132 33162 36132 33162 36132 39486 35142 39486 35142
30492 42665 34387 35314 33117 32547 32048 33462 32047 32755 31057 35094 31057 31688 30492 32472 33117 33537
29281 39151 30271 30271 31506 35872 31261 30795 32496 34011 29607 31054 29607 31276 31506 31785 31506 31785
34495 41523 32443 36475 44164 32930 47170 36475 45154 30801 35653 35728 33170 32930 44164 36475 44164 36475
34281 49171 38874 35271 38545 37531 37032 34623 37032 39318 35550 36261 37842 35612 36254 34561 36254 34561
39666 47586 39666 39666 40656 40831 40451 40656 40451 40831 38851 41646 38851 41646 40656 40656 40656 40656
29448 41086 29688 27704 28831 31297 29766 32418 29015 30677 28348 30059 28348 31562 28831 32418 28831 32418
37488 46398 38478 37488 38478 40458 39468 38478 39468 40458 38478 40458 38478 40458 37488 39468 37488 39468
30791 43100 32524 35167 33087 35167 36157 31467 32962 34655 31106 32257 32424 32771 32009 36472 32358 36472
36486 45396 37476 37476 37476 35671 35325 38466 35325 38329 34980 38329 34980 38466 37476 35787 37476 37339
33145 38645 36743 28385 33419 30632 35753 32518 35753 36743 35753 36743 35753 36743 33419 35125 33419 36115
34429 44329 34429 37928 36188 34376 37928 35419 36307 33386 34959 37399 34959 38389 38750 36409 38750 37399
42469 51379 43459 44601 42849 47942 43611 45439 43611 46952 42849 45439 42849 47942 42469 45439 42469 45439
36565 42800 36714 37555 35685 37555 37704 37555 37312 34695 36322 38545 36322 39684 36322 37555 36322 38545
39259 51453 41239 39259 41239 45513 41239 40249 41239 45513 43533 41239 43533 41239 41239 41239 41239 41239
34820 44084 32705 36505 32748 32754 35269 35665 35269 35466 31715 32754 31715 32754 32851 36800 32851 34580
31860 40555 35186 34144 34089 36111 31987 31452 33234 33141 31807 33540 31807 33540 31852 33840 33032 34131
35292 45423 33510 35755 35523 33501 32245 36745 34773 37605 34086 35532 33328 33964 36513 36745 36513 36745
31043 43685 33836 31802 32349 34329 33249 31396 32349 32259 33066 33561 31439 33376 32349 32386 32349 32386
39929 48266 40844 39929 40346 41909 41909 40919 41909 41909 40919 41909 40919 41909 40346 40919 40844 40919
31795 44374 32106 34677 31927 34878 34876 32326 34518 31428 33952 33737 33952 33316 34566 33775 34566 33775
33099 47759 32148 37059 35542 33597 34174 36069 32922 34648 35542 34125 32997 37059 33163 35079 33163 36069
39602 48512 40592 36857 41582 43832 42842 40592 40592 42842 39602 42572 39602 38837 41582 40597 41582 38837
41231 50141 42221 39169 41231 41149 42221 43211 42221 42221 41231 43211 41231 43211 41231 43211 41231 43211
35684 41624 36674 35684 35684 37208 36674 36674 36674 37208 41981 37664 41981 37664 36674 37664 36674 37664
39796 46726 39796 40786 40786 41776 41776 40786 40786 40786 39796 41776 39796 41776 40786 40786 40786 40786
28522 39621 31266 31418 31772 33325 34033 30747 34033 32256 33043 32703 29512 32686 29512 30747 29512 32335
33754 46575 35782 40229 36703 38672 37693 34861 36459 38507 35811 36890 35811 37714 36703 36841 36703 36841
37520 47420 38686 34808 35255 38510 36245 39500 36245 35798 36344 39500 36344 40490 38510 39500 31101 39500
34927 45201 37065 35917 40458 40284 39492 36907 40875 39492 38304 40698 38304 37897 37065 36907 37065 36907
33928 40136 34918 36817 34196 37807 35186 35908 35186 37807 37807 35908 37807 35908 34196 35908 34196 35908
33497 39437 34716 33497 34487 37930 37930 34716 34487 37930 33497 35477 33497 35477 34487 34716 34487 34716
30222 41302 29839 31077 29089 32194 30835 30404 30835 33157 30197 32151 30628 31943 30087 34680 29624 32284
28586 46134 31362 35460 36345 32026 32158 35598 33014 33397 32158 34548 34352 37811 31389 36588 31671 32412
30475 42271 31158 31709 31231 32148 34290 33066 34290 34290 33362 33189 33362 33189 31231 32455 31231 32455
41798 48728 41798 43778 41798 43778 43778 43778 43778 43778 42788 43778 42788 43778 41798 43778 41798 43778
44901 56644 45891 46881 45754 47734 45871 44881 45891 45871 44901 47871 44901 47734 46744 47871 45754 47871

