34626 190593 96240 117477 83795 130786 94821 89534 88114 105742 73646 104002 80803 121242 84956 107033 84956 109546
31650 150741 103335 74826 67424 135241 88741 78755 74826 74750 67424 102655 67424 119741 67424 98273 71654 98197
39438 205549 110000 101723 98600 120756 124792 89756 103769 109293 79991 133360 99032 107380 107380 118071 122880 105256
33934 200202 89461 90208 107576 137764 92572 137518 93820 104276 73213 121330 79560 117347 107576 141315 107576 124507
33567 302756 125369 113132 96822 173174 99288 129936 110232 124427 110232 144045 89116 169006 97511 158254 97511 155319
31680 229874 117963 123026 81380 150047 113622 121477 111093 113622 87170 113726 90476 140180 82107 119670 82107 100551
38135 175441 83488 87552 85874 102471 84133 84570 93488 87230 84583 123585 72698 117971 85874 95553 85874 95553
31490 249947 106452 105653 90247 135760 104384 105840 105512 116782 107721 149474 106593 119884 103632 122092 87991 122092
44986 214964 90217 122486 73374 152665 106464 119874 104374 90665 83784 135747 83784 151247 75390 124947 75390 137165
40783 228328 107048 118283 87283 166328 112993 118283 133783 135328 87283 146846 86212 150828 86510 135328 79199 150828
36652 271287 106144 97999 87915 190998 113498 128168 95055 128998 83390 155373 81513 175498 89995 162313 89995 143668
30474 152354 86449 70098 85598 102543 85515 91544 89335 76466 89335 88316 89335 88316 71119 102543 71119 87043

