34282 47029 39188 44472 39084 41803 38762 42818 38762 40682 41324 40948 38389 41109 38338 40682 38709 40682
36124 42342 37686 38973 38348 43332 38061 40256 38061 41216 35003 42176 32551 44281 34723 44519 34723 42372
34019 45115 38395 39355 37859 45626 39919 42441 40879 40879 38959 40792 37893 41764 36475 41693 36475 42971
35812 43918 38158 39652 36772 42400 39652 39652 39652 40612 38692 40612 36772 40613 37198 40613 37198 40613
35623 47143 41383 40423 43034 44315 43303 40423 41383 45516 40423 41383 44171 48011 42074 43520 37543 42343
35171 49821 43627 40921 39011 43616 38807 43473 42587 40920 39447 43973 40747 42850 41125 47016 41125 47016
36319 42409 40409 36426 37381 40489 37609 38569 38569 37056 34507 37386 40409 35995 35995 36426 35995 38569
31965 42525 35805 34845 34845 38685 35741 36701 35741 35741 35741 37661 35741 37661 34845 38685 34845 37725
48554 58154 53354 52394 52394 47593 46771 53354 46771 46771 46771 53354 46771 53354 46771 46633 46771 46633
32478 43998 43852 33458 38828 40434 38690 36441 35481 32780 36264 36092 32918 35467 36318 41394 34716 41394
39432 43272 40392 42312 39432 43272 41352 40392 40392 41352 40392 42312 40392 42312 39432 42312 39432 43272
31563 39657 43669 34443 38041 44629 41749 36777 39001 41749 37081 43669 37081 43669 33071 43669 33897 43669
34525 41095 37837 39325 34475 41156 37476 33562 34234 34826 36486 39098 31946 36363 38797 39306 38797 38676
34238 40958 37409 38441 37209 45306 37118 39076 39129 36449 37880 44346 36521 40904 37156 44346 35489 44346
37571 46545 40785 42371 40603 42705 43762 41411 46616 40785 39825 43123 40242 42497 40785 42371 40785 42371
37533 43293 46061 47021 39453 44550 42630 45101 42630 45101 42630 46061 42630 46061 38629 43590 38629 43590
29190 44733 36315 36202 34527 38524 37587 36447 36024 38256 35332 36606 35712 38233 33925 36112 33032 36246
40905 50756 40649 41710 39689 45197 39383 35844 39790 37970 41357 43732 42317 41201 36806 38371 41459 46157
42444 52057 44177 50124 43393 50124 46401 46822 48028 46822 47010 47782 44002 49948 42257 50124 42257 50124
44174 55137 50337 50337 42679 57320 47054 47054 48014 52257 47054 53217 49377 49523 47603 53761 47603 48014
28434 42361 37313 33641 32604 36161 32849 34749 37313 32895 34683 38273 33438 35370 34692 36161 34409 36161
30230 46265 36347 38435 35533 39189 36029 38205 39314 35740 34423 38479 34423 38479 37708 40587 35682 36617
31480 41280 39114 34678 37521 39324 34724 34784 38330 34935 34726 36691 37474 37441 37218 33824 35228 38364
46535 55175 51335 49415 49415 42783 48784 51335 51335 51335 49415 52295 49415 52295 50375 40863 50375 41823
33336 44349 36669 39096 39144 41424 38684 38590 38409 39457 37449 41844 35709 40509 40018 39730 37176 38770
42469 51109 45501 50732 45249 52652 46209 46689 47120 47169 47120 47649 47120 52652 44035 52652 44541 48229
36565 42470 37888 37545 34174 40811 37670 42444 43173 37545 36747 42325 35750 42325 38274 38891 36642 38891
39259 51213 45453 48333 42139 45019 44059 44059 46413 44059 45453 45019 45453 48333 44493 49293 44059 48333
34820 43724 39666 36730 37793 36537 38382 36438 38028 38238 38211 36729 34061 36904 37394 36928 37394 41244
31860 40225 33852 36473 35151 37470 36570 34988 35610 37530 35100 36423 36024 35809 35064 38128 34565 40123
35292 45093 36957 38575 37310 44338 38373 37311 37715 36451 35794 39081 36605 38271 36047 36956 36047 36956
31043 43295 38576 35615 34655 39084 36859 36136 34589 37831 32296 36712 35198 36179 35097 38949 35198 38271
39929 47996 44156 43664 42236 45689 43196 44729 43769 43196 41849 43769 41849 44729 42236 44729 43196 44729
31795 43954 35727 37781 35370 37985 38928 34897 38346 34784 40022 37308 39624 37308 37234 40115 36198 39418
33099 47309 38487 36285 35062 39820 36602 41910 36902 38823 35443 40438 36266 45234 37490 41910 36580 39970
39602 48242 42482 44402 37863 44307 42387 40467 39385 42482 39596 42387 38636 42387 42482 44307 42482 44307
41231 49871 45071 43009 41089 44929 46270 43009 46270 46270 45310 43009 45310 43009 41089 46031 41089 46031
35684 41444 38156 37604 37604 39068 38108 38108 37196 38108 37196 38564 37196 38564 37604 39068 37604 38564
39796 46516 41716 43636 40756 45556 42676 43636 41716 42676 40756 43636 40756 44596 40756 45556 40756 44596
28522 40404 35381 36736 34369 37975 36484 37537 37755 35008 36795 37277 30328 36444 33549 34262 33261 34262
33754 46185 39553 47880 39170 43619 39367 43921 37650 40208 38094 44803 37447 42128 42689 40474 37887 41434
37520 47120 42320 42320 36929 41596 41360 42681 38557 37597 41360 37597 41360 38557 41360 42320 41360 42320
34927 44931 41805 37807 39432 44612 38479 41184 41812 40224 39432 43272 38472 43652 39432 43272 39171 43272
33928 39926 39697 39697 35126 40657 36037 36808 36037 38737 35077 37768 35077 40657 35126 39697 35126 39697
33497 39257 36462 37337 36910 40750 39790 38014 38974 36377 35417 40750 35417 39790 37870 38830 35616 39790
30222 40912 34858 33939 33737 35526 34850 33329 34064 33902 34151 34992 32991 35780 31691 34068 31691 34820
28586 45684 41367 36646 36660 43096 36956 37668 37697 36925 37032 41814 37191 42459 35895 42567 40583 40234
30475 41971 34211 34089 36824 35928 37110 36315 34008 36480 35765 36234 35355 40397 34762 34968 33251 34968
41798 48518 45638 44678 42758 46777 44678 44678 44678 44678 43718 44678 43718 44678 43718 44678 43718 44678
44901 56284 49701 50524 46684 52444 47701 47701 48604 48661 48604 48661 47299 50581 47644 52444 46684 52444
33891 44451 38691 37731 34851 42531 37731 37731 36771 37731 36771 39651 35352 41571 34851 40611 34851 41571
42586 49306 46426 45466 43546 47386 44506 45466 44506 45466 43546 47386 43546 47386 43546 47386 44506 46426
34040 45200 36720 35040 38960 42960 38920 38760 36840 38200 38840 39120 36200 40520 37040 39480 37200 37800
31667 43187 35507 38387 35507 41255 36383 38375 37427 38375 37415 36467 34547 41255 33587 37427 34166 38303
31462 41062 35302 37656 37465 37656 36504 37032 33814 38951 34823 36696 34487 37656 37801 37656 37801 37656
33135 42302 37838 36405 34545 37428 38524 40259 36527 36513 35787 40797 34607 35696 34638 37982 35044 37024
44703 50463 46623 47316 62243 62682 46623 52413 54872 46623 64163 53373 64163 53373 53912 48543 53912 62682
52294 49622 45782 42535 45782 55174 42535 55174 40615 56134 39655 44455 39655 44455 46742 56134 46742 56134
29351 42050 38148 36011 36556 38515 34930 38448 35993 37164 36251 37335 33910 39090 34390 37716 33262 35578
40273 47953 43153 39056 42193 40398 42193 46494 44113 44686 43153 39634 43153 39634 42193 45450 42193 46410
34736 43177 39036 39536 38578 40669 38118 40055 36571 42073 38003 39294 36571 39022 38407 40899 38407 40496
44302 51982 47182 48142 45262 49102 48142 50062 48142 49102 46222 50062 46222 50062 46222 49102 46222 49102
35121 39921 38001 37041 35696 39921 37616 37616 37041 37616 36081 39280 36081 39280 37616 38001 37041 38001
47132 58652 52892 58220 55302 49688 47312 48689 46769 47312 46602 47768 49595 49688 50972 57222 51932 57222
40297 53566 36661 39447 35872 43287 41839 37693 36190 45905 36832 47825 33634 45679 40634 41367 40323 41367
38263 45943 39080 43880 44191 45762 44339 44339 42103 45299 39080 43880 44191 45299 44191 42920 41459 45299
29235 41610 35415 36739 36703 36933 34426 34407 33364 34925 33276 35196 34352 33965 34352 38127 33720 38127
46392 54262 52486 50422 46118 51382 50422 51192 48998 51382 50232 48998 46118 51382 51526 50422 49272 50422
29913 37253 33413 38343 32563 40263 37383 37195 32793 33753 31833 38343 34816 38343 32223 36243 32223 35283
35324 43597 39164 41677 39164 41677 39757 38204 39164 40717 39164 40717 39164 40717 38587 41677 38587 41677
28766 40495 33794 33199 33565 35276 35082 37022 35904 36062 31939 35485 32605 35977 33219 35117 33670 34526
39806 51326 44606 45566 42087 48445 46396 46407 43646 47367 42567 48327 42087 47485 45382 48445 45382 48445
44456 55016 47190 49256 42774 50216 50216 48296 46376 50216 47336 52136 47336 51176 49256 49256 49256 50216
32644 41400 35640 36376 36186 37857 37146 39084 38123 36848 35141 36763 33507 36351 37632 40153 34928 41113
32255 37470 35135 33630 33630 34590 32670 36320 31710 33630 36320 34590 36320 34590 32670 34590 32670 33630
33934 42886 41439 41537 37028 44017 43716 41206 36058 36005 35436 41838 35045 46846 36068 40033 40702 36022
33567 47985 41048 40213 36373 40954 39489 37132 39452 38347 38492 41446 36373 40972 36155 39052 36155 42930
31680 43148 35942 40799 38000 36085 37897 40024 38393 38260 35114 40105 34508 36519 35468 36709 35468 36709
34626 44291 43818 39426 43560 42320 44197 38323 41683 39555 41683 41360 38466 42320 42786 46117 38531 46117
31650 38370 34530 35490 36321 35101 35490 32610 35490 33570 36592 34530 35632 34141 36592 37854 35490 37854
39438 48552 41336 45545 43752 41659 40211 40093 43571 42792 41894 43217 41832 47362 41894 45695 41084 41941
40783 57078 42703 47503 44258 49423 45583 46543 46543 47138 44623 48098 44002 48098 43663 52278 44673 48463
36652 51468 43788 41035 39532 46144 40444 41888 41404 42304 40492 44448 38928 44768 40492 45184 40908 44284
30474 38607 35307 32422 31011 34055 32736 33095 32736 32736 31776 37227 31776 37227 34094 34314 33101 34314
38135 41927 39578 37973 35521 37587 36481 36618 41320 37587 35521 37376 36360 39442 35521 36618 34561 40176
31490 41592 36451 37344 34182 36075 35182 36263 35107 36169 35592 38733 34363 35786 35303 36471 33987 38210
44986 55546 47866 49786 47557 53626 48826 50437 47866 48826 47866 50000 47866 50960 47866 50746 47866 50746
32056 42616 32819 37413 35393 35144 33679 35391 33780 33479 35037 37816 33021 36054 35393 35453 35393 35702
33162 46286 42336 36042 35082 38922 37002 37962 35082 37962 33292 39882 39566 39882 34529 38922 41376 38922
30492 44489 38131 34547 34432 36747 37879 38805 34332 35292 37948 36291 34863 39127 35853 36357 41218 35930
29281 38761 35863 33874 32529 39910 34420 35064 34386 34036 32863 35099 32529 38743 33018 38950 33018 38950
34495 41163 34869 47944 39584 35926 39807 50824 38016 38997 41152 37940 33621 37940 34581 35104 34581 35104
34281 48781 41101 42114 45752 41742 39822 39613 39952 38371 39582 42866 48632 39362 38371 45312 48632 38862
39666 47346 42546 42546 42309 48069 42546 39811 41731 42546 41381 40251 41381 40251 41731 40963 41731 40963
29448 40696 31942 31572 31889 34297 31889 33556 34194 33970 31680 33122 32866 37023 31889 34296 31889 32473
37488 46128 40368 41328 39408 44208 41328 41328 37453 42288 36493 42288 39408 43248 39409 44208 39409 44208
30791 42710 34548 35173 34570 35675 37158 35300 37808 35842 38101 35634 39937 36215 37263 36260 36346 34337
36486 45126 39366 40326 32682 39905 39199 37501 36717 39199 39366 41368 39366 43039 34783 39905 38406 40159
33145 38345 35465 30305 34319 38573 33545 34947 38573 33876 34319 38573 35279 39533 33545 34408 38312 30305
34429 44029 41600 41149 39116 37503 40971 38974 38040 42700 35594 44427 34506 38908 36349 39934 36349 39934

