34626 55210 37884 47643 38501 48802 47766 40847 41805 44511 39240 46690 39240 47743 38071 52892 37942 52892 37942 52892
31650 47795 33693 40858 38376 38097 38695 35178 37892 37490 39241 39533 38376 38905 39131 39135 35906 39135 36313 39135
39438 57102 36996 49549 39742 48611 43788 46531 47420 43739 42978 42957 44601 46607 37895 45900 37068 45308 37895 45308
38135 51155 34019 46359 35903 45923 40354 41775 42395 38883 36618 42707 34578 45455 33645 45923 32834 45923 33645 45923
31490 44361 31515 38070 32722 36902 35765 39618 37691 38477 36068 36438 36700 44379 32282 39148 32282 41232 32282 39148
44986 67935 46167 63519 46280 61465 53245 58485 51940 48907 49515 58577 49515 59871 46547 62240 45367 62240 46661 61465
40783 61589 45458 53034 44424 57948 48967 51852 52095 48989 45545 52356 49950 54491 43976 58018 46282 58437 44522 58018
36652 55352 38191 46552 38314 51702 41714 44692 39646 45031 39573 40766 38254 47990 37303 51611 37303 51611 38254 51611
30474 44741 31645 40411 39702 40818 39495 33247 38240 39362 39408 34690 39408 34690 30841 38478 30841 41422 37278 41422
33934 49366 38261 41613 39342 48981 45069 42816 38030 36935 37986 39604 35858 41390 43856 50347 34691 42320 39342 48981
33567 50693 34455 41629 36090 42831 38876 37198 37579 39543 38096 41696 38049 42155 33658 43653 35685 44996 36276 42857
31680 46438 41072 43338 38992 48965 36191 38739 42838 38286 43048 41190 37179 50432 35556 41733 33212 42912 36989 43631

