34282 58908 36083 37348 37561 42993 36921 41033 37136 40712 35388 38202 35388 39842 37187 42299 37187 39468
36124 50003 33746 39089 34796 40385 33651 42724 35177 33606 36271 43964 31973 43964 37328 42724 35702 42724
34019 57115 39475 35979 39158 43131 43131 37939 43131 40376 36296 41859 37198 41859 41118 39899 41118 39899
35812 52918 35812 38151 37772 39733 39732 39732 39732 39732 37772 41692 35812 41692 35812 39732 35812 39732
35623 59143 37583 37583 37583 43463 39543 39543 39543 42901 38981 41503 38796 43463 42154 41503 42154 41503
35171 63845 41827 42143 37131 41847 42066 39091 39354 39091 36743 41245 38240 44971 39091 41051 39091 43011
36319 46778 38279 34730 35546 40239 38649 40239 38649 35546 36689 37506 33656 37506 36319 40239 36319 40239
31965 53525 35885 33925 32938 40891 35885 37845 35885 35885 33861 37845 33861 37845 35885 37845 35885 40891
48554 68154 52474 50514 50514 45753 45753 52474 45753 45753 50514 52474 50514 52474 52474 52474 52474 52474
32478 56285 34438 35065 34961 34095 37733 35247 34961 37886 35011 37311 33103 37886 36398 35247 36398 36529
39432 47272 39432 41392 39432 43352 41392 41392 41392 43352 39432 43352 39432 43352 39432 41392 39432 41392
31563 44938 33523 41829 36161 43789 41829 33523 33178 33178 33937 35483 33937 35483 36161 33523 32598 35483
34525 52726 38518 31163 38518 37535 38375 34523 32986 35925 32986 37185 36065 39635 36558 40405 36558 38445
34238 48289 36380 36198 36198 41024 41024 40118 39064 39064 37104 38974 38100 38974 41270 40118 41270 40118
37571 56475 48020 39531 40170 40110 44900 41283 44679 41491 43984 43243 39531 43451 40170 41283 37571 41283
37533 49293 39493 38669 43181 38669 47101 41453 45141 47101 43181 41453 43181 41453 42475 41453 42475 41453
29190 58727 32525 31995 32309 39223 33067 35070 34306 34907 32811 37924 32806 40915 33732 35070 33732 35070
40905 52212 38972 46785 34370 41196 42459 44825 39921 38050 36394 40010 40437 40010 37027 46785 37027 46785
42444 65906 43175 44022 42239 45982 45982 46364 45982 46188 44842 46306 44022 48324 43995 46364 43995 48324
44174 56527 42672 46727 49417 48094 48094 48094 48094 51377 46134 48094 46134 48094 49417 48094 49417 48094
28434 58921 34497 30440 31225 34665 33531 33124 36469 37961 30728 36423 32835 36423 32237 35192 33095 35192
30230 54880 35844 32314 33695 37866 33710 39418 37929 34212 35121 36172 35121 37113 34903 35608 34903 35608
31480 52280 33440 33440 32884 35694 35400 33880 34610 33440 32650 33880 31510 35372 33119 35519 33119 35519
46535 64175 50455 48495 48495 40903 50455 50455 50455 50455 48495 50455 48495 50455 48495 50455 48495 50455
33336 57349 37578 39216 38493 39985 37105 40397 37105 41739 35145 41176 35145 43136 38493 40397 38493 41176
33891 55451 33891 35851 33891 40771 38811 37811 35851 37811 35482 40771 35482 39771 33891 39771 33891 39771
42586 56306 44546 42586 42586 46506 44546 46506 44546 46506 42586 46506 42586 46506 42586 46506 42586 46506
34040 60360 36720 35960 32040 39080 35440 35800 38800 39160 36880 37080 36920 37000 34000 37440 35880 39400
31667 55187 32802 33543 33627 43375 37251 35587 37251 35587 35291 37547 35291 41467 33627 37547 33627 37547
31462 51303 33422 33336 35382 37054 34191 35382 34191 35094 36554 37342 36554 37054 35382 35382 33422 35382
33135 53499 34574 37622 33284 39164 35607 35512 36765 35476 37554 41124 33610 37055 34723 37055 34676 37008
44703 56463 45259 46663 53531 60802 46261 46663 55491 46261 46261 48623 46261 48623 44703 46663 44703 46663
52294 50361 40561 54254 44862 54254 41615 54254 41615 54254 44862 56214 39655 56214 39655 54254 39655 54254
29351 59125 31445 35720 32417 36549 34507 32756 34226 39123 37739 36674 33274 36053 33583 36467 32210 36467
40273 57289 40273 45529 39518 45771 43569 44193 42233 45771 37558 47489 37558 45771 46103 44193 46103 44193
34736 53317 37213 39746 36537 39861 38199 38656 39873 37329 39805 40618 39805 40618 36537 40616 38946 38267
44302 59982 44302 48222 39747 50182 48222 48222 46969 48222 45009 50182 46262 50182 44302 48222 44302 50182
35121 44921 37081 37081 35121 39041 38400 38400 38400 39041 36440 39041 39479 39041 35121 38400 35121 38400
47132 64528 51052 51052 49092 46888 45101 53012 45101 51052 43141 51052 43929 53012 49092 53012 49092 53012
40297 51075 37567 45330 35183 41487 43661 46177 39634 36719 45119 46177 39634 46177 33700 44217 33700 44217
38263 53943 38263 41852 38263 42324 45419 42183 42183 43459 40223 42183 38120 42183 38263 42183 38263 44143
29235 53232 34855 30524 32007 36404 36285 34855 36285 36747 36285 36747 32082 35935 31038 33776 31038 35114
46392 62262 48352 50502 50566 48542 52526 48352 52526 50502 52526 50502 50566 50502 50566 50312 48352 50312
29913 46253 33432 33355 33403 33881 32686 32456 35315 33833 33355 34416 33355 34263 33403 33833 33403 33833
35324 49597 39244 35324 39244 39797 39797 37284 37284 41757 35711 41757 35711 41757 39244 41757 39244 41757
28766 55004 30726 30725 31664 35010 32895 33964 32477 33860 31118 33076 31118 36970 32162 33964 32162 33964
39806 65062 41766 43830 41766 45685 47646 45686 45567 45686 43726 45686 45686 47646 41766 45686 41766 45686
44456 66016 50336 48376 43868 47294 48376 48376 44950 50336 44950 50336 44950 50336 46416 48376 46416 48376
32644 49291 35696 35471 37923 39334 38313 36845 36126 36508 35587 38468 35587 37374 36126 36564 36126 36564
32255 44470 32710 30750 32710 32710 32710 34670 32710 32710 30750 36175 30750 36175 30750 34670 30750 34670
42469 60109 44429 46389 45124 47603 44809 48349 44809 48892 42849 48349 42849 51080 42469 48349 42469 48349
36565 53470 35665 38525 37625 39644 38240 40488 40485 36672 38525 40485 38525 37790 34936 38525 34936 40485
39259 59213 43179 39259 43179 43649 43179 41219 43179 43649 43567 43179 43567 43179 43179 43179 43179 43179
34820 55314 35958 34791 33718 34625 36074 37605 36074 35333 34114 35811 34114 35811 33373 35530 33373 37490
31860 51656 37740 32773 34284 40064 34633 35064 36144 34795 34181 35742 34181 35742 32822 35780 32074 37740
35292 53412 35357 37695 31426 37202 36925 39655 33195 38088 31426 36369 34649 41779 31426 39655 31426 39655
31043 56295 35115 35985 33319 36695 36816 38865 34420 33109 33154 37239 32460 38883 33319 36923 33319 36923
39929 50034 39929 39929 41316 43849 43849 41889 43849 43849 41889 43849 41889 43849 41316 41889 39929 41889
31795 57616 35826 37070 33527 38279 38540 35903 37410 32550 34169 35415 34169 37863 33191 35715 33191 35715
33099 62766 34576 40939 35560 35683 34539 38979 39730 36609 32734 38149 31631 40939 33397 37179 33397 38979
39602 57242 41562 41694 43522 45772 43812 41562 41562 43812 39602 45482 39602 40910 43522 42537 43522 40777
41231 52398 43191 39169 41231 42598 42402 45151 43191 42402 41231 47409 41231 47409 41231 45151 41231 47409
35684 47444 37644 35684 35684 39148 37644 37644 37644 39148 41981 39604 41981 39604 37644 39604 37644 39604
39796 53516 39796 41756 49197 43716 43716 41756 41756 41756 39796 43716 49197 43716 41756 41756 41756 41756
28522 57325 33601 31790 33712 41403 32687 33826 32687 33672 30727 37801 30482 35596 30482 33826 30482 39443
33754 59185 36448 41983 36302 43649 37674 37771 38996 42916 36006 43749 36006 41691 36302 41691 36302 41691
37520 46781 32247 33632 36705 38756 38304 41440 38818 35592 35654 41440 35654 43400 36768 41440 35564 41440
34927 52279 38035 37623 39093 42224 39923 38847 41845 39923 36887 39923 36887 40807 39832 38847 39832 38847
33928 46926 35888 36817 34939 38777 35888 37848 35888 38777 33928 37848 33928 37848 34939 37848 34939 37848
33497 49501 36656 33497 35457 39870 39870 36656 35457 39870 35387 37417 35387 37417 35457 36656 35457 36656
30222 57161 34183 32894 31389 34985 32568 32984 32568 34895 30387 35359 31569 33522 30268 33358 31522 38560
28586 60684 33302 35573 35912 36753 35292 35365 37917 36633 33686 38151 32581 38284 32668 40186 33421 36292
30475 51298 35131 32679 33291 36600 39718 35006 39718 36230 33291 35129 33291 35129 33291 34395 33291 34395
41798 55518 41798 44897 41798 44897 45718 45718 45718 45718 43758 45718 43758 45718 41798 45718 41798 44897
44901 68284 46861 48821 46724 50644 50644 48684 46861 50644 44901 50781 44901 50644 48684 50781 46724 50781
33934 51978 41313 39194 36737 39599 37916 40563 42931 36266 39602 36737 35210 38011 41407 39814 36206 39814
33567 59120 36106 36074 33314 41154 35274 35349 35274 37234 36038 39194 34044 44090 35493 39447 35493 39447
31680 55148 37051 33015 32399 40971 33949 32805 33689 35337 33330 37513 33330 36421 32290 35553 32290 32805
34626 57257 39320 40506 39320 40506 38546 36586 38546 39488 39320 40803 39320 41320 39320 38546 39320 38546
31650 45370 33610 36632 34672 33610 33610 33610 33610 33610 34974 38894 34441 35570 33610 33610 33610 33610
39438 58096 41187 45625 40952 37292 40952 37292 40952 41377 38686 39252 38992 43619 38686 41659 38686 41659
40783 64303 42743 44703 43042 48623 45417 46663 45417 49518 42743 46663 43457 48623 43042 46663 43042 48623
36652 62372 40572 41641 41342 45262 43302 40572 41342 42532 39503 42532 41342 44492 39028 40572 39028 42532
30474 47854 34134 32434 32434 32784 34387 33887 34387 34134 32011 33887 32011 33887 33449 34394 33449 34394
38135 50547 35319 37166 38351 36247 36740 40224 37255 36247 34287 41086 35601 37561 34223 42055 34223 42055
31490 55090 32590 31710 34329 38578 36181 37544 36382 34127 33327 35067 35269 38624 34329 39029 34329 40989
44986 66546 47637 46200 44986 50866 47637 47637 47637 50120 45677 48906 45677 50866 44986 50866 46946 50866
32056 49741 34464 34672 36732 34765 34015 40858 34015 35976 33910 37936 33910 35214 34016 37936 34016 37936
33162 55286 37646 35122 34864 39042 37082 35122 39606 39042 37646 39042 37646 39042 37646 37082 37646 37082
30492 51582 36327 39377 33328 40601 45451 36372 37841 34460 35881 34954 35881 35947 33918 34412 33161 35405
29281 53571 30982 31241 30409 35943 33201 33201 31133 35161 31708 36035 31708 34075 31087 35161 31087 32523
34495 53182 34383 38415 34682 38060 36642 38415 40133 36624 38117 37762 34140 36810 34682 38415 35597 38415
34281 55459 39844 36023 37491 41411 37490 38529 37490 49712 39183 38201 36781 40489 37224 38529 37224 38529
39666 55346 39666 39666 41626 37789 41626 41626 41626 37789 39666 43586 39666 43586 41626 41626 41626 41626
29448 51038 31354 30711 29717 35250 31516 35328 31490 31490 29937 34955 29937 33076 29717 35328 29717 35328
37488 55128 39448 37488 39448 43368 41408 39448 41408 43368 39448 43368 39448 43368 37488 41408 37488 41408
30791 51554 32502 36407 34668 35592 38097 34338 35449 36595 33489 36862 33428 35542 34068 38412 33757 38412
36486 48247 38446 38446 38446 39065 37265 40406 37265 39065 35709 39065 35709 40406 38446 40406 38446 37105
33145 50933 37319 30002 37065 35733 35359 35105 37693 37319 31587 37319 31587 37319 37065 37065 37065 39025
34429 55785 34955 40641 36389 41705 39001 36915 38079 41705 34377 40309 34377 42269 36389 38349 36389 40309

