34626 113593 54156 71177 50612 79621 56221 55835 52158 67242 52223 66726 52223 65826 50546 62797 50546 62797
31650 89141 57035 40904 41057 65741 50141 54145 52330 50141 43926 59129 44324 57941 43021 61189 43021 61189
39438 120778 54059 64974 60879 67818 70792 58083 55192 55263 52997 71560 50578 67169 68172 59369 68172 67169
38135 99173 47797 49920 47089 68876 51405 53799 57017 57276 47338 69650 49984 77385 48378 53799 48378 51468
31490 130775 60152 53292 52632 74344 53339 62690 55217 61231 51318 67104 54138 68044 52070 56674 52070 56674
44986 130264 59317 68386 57974 95665 67565 82717 65774 67565 57974 81747 57974 86447 57974 86447 57974 86447
33934 115502 50239 57086 59080 81606 53848 68018 54053 55093 43479 64700 45926 71084 55236 68330 55236 72125
33567 163150 59331 62554 48332 101554 61011 68469 56169 55161 46954 70354 48369 91579 46954 72567 50189 85954
31680 133391 65568 61900 50223 89691 57406 67581 58488 51002 50898 61381 50636 81116 56320 62880 56320 62880
40783 135928 61093 71983 55610 104728 65728 77821 71983 71508 64183 87166 56383 90793 55312 92755 55312 92755
36652 175657 62722 64886 50768 97568 66368 87991 58568 73397 50768 77521 47890 93594 52490 75652 60290 75652
30474 90754 50311 40049 45567 58111 47263 53367 50735 53112 50735 57516 50735 55395 43858 63288 43858 50649

