38135 51132 35384 37166 38416 36377 36828 40289 37320 36377 34352 41216 35731 37756 35256 42185 35256 42185
31490 55935 32720 31775 38078 39167 36441 37804 37047 33515 33472 35262 35399 38884 38078 35779 38078 37565
44986 67261 47767 46265 44986 51061 47767 47767 47767 50315 45742 49036 45742 51061 44986 51061 47011 51061
34626 57907 35517 40701 39450 40701 36291 36651 36291 39553 39683 40933 39683 43409 35517 38676 35517 38676
31650 45825 33675 36697 34672 33675 33675 33675 33675 33675 34974 39024 34506 35700 33675 33675 33675 33675
39438 58811 41252 45755 41082 37357 41082 37357 41082 41507 39878 39382 39057 43814 41903 41789 41903 41789
33934 57049 41378 39389 37359 37240 38046 40758 42996 36461 39602 36867 35275 38206 34246 40009 36271 40009
33567 60030 36171 36269 33379 41479 35404 35544 35404 37429 33379 39454 34174 44415 34427 39642 34427 39642
31680 55928 35421 33042 32529 41166 38985 35222 33819 35532 33395 37643 33395 36681 32485 35618 32485 35222
40783 65083 42808 44833 43042 48883 45547 46858 45547 49713 42808 46858 43522 48883 43042 46921 43042 48883
36652 63282 40702 41836 41472 45522 43497 40702 41472 42727 39633 42727 41472 44752 39093 40702 39093 42727
30474 44637 32500 32499 32499 32914 34452 34017 34452 34199 32076 34017 32076 34017 33449 34524 33449 34524

