34626 39182 37532 36001 38581 36276 36707 36982 36982 38357 35726 39131 37532 38210 38581 36276 37807 35726
31650 33575 32475 32750 31995 32200 32750 32475 33581 32750 33306 32475 35319 32475 33306 32475 33306 32475
39438 40332 38682 40813 40011 41363 39232 38682 38682 38682 38682 38957 38682 38957 39232 39382 38957 41088
33934 39985 35071 35647 40888 34118 35621 33246 37232 33568 37507 35050 34075 35050 33018 35024 32421 32507
33567 37417 36833 34969 35028 36518 34932 35801 34135 34388 34528 34113 36042 36243 34593 36243 34753 36243
31680 37994 36069 36102 38000 33105 36069 31056 35552 36069 41306 36913 35347 36619 36363 36722 35794 36722
40783 44083 42618 43258 42618 43258 42158 43028 42433 42983 42478 44016 42478 42983 41883 42983 41883 42983
36652 40502 39543 37625 37003 38375 38302 40388 38302 38020 37752 40863 37278 38375 37137 40663 38027 39127
30474 32674 31617 33360 31849 32976 32426 33527 32426 32426 31321 33381 31321 33381 31299 33381 31299 31849
38135 40191 39091 38541 34958 39091 38541 35233 35508 33977 38266 33977 38541 38816 34153 39091 34153 38816
31490 34299 30992 31401 30649 32239 33697 34073 32670 30789 33697 35993 30850 32381 30992 31307 32341 32414
44986 48011 45810 46911 45467 46635 46636 46086 48924 46361 46086 46636 45811 46911 46086 46911 45535 47186

