40783 41155 40814 40907 40845 41031 40876 40907 40907 40876 40876 40907 40845 40938 40845 40969 40845 40969
36652 37086 36714 36776 36683 36869 36714 36776 36683 36807 36652 36807 36683 36838 36683 36807 36714 36807
30474 30722 30567 30536 30536 30536 32291 30536 32291 30536 32260 30536 32260 30536 30536 30567 30536 30314
38135 37507 38197 38228 38197 38197 38197 38197 38197 37259 38228 38228 38197 38197 38197 38197 38197 38197
31490 31924 31583 31552 32460 29750 29750 31614 29827 31614 29765 31583 29719 31614 31583 31583 31583 31583
44986 45327 45017 45079 45017 45172 45048 45079 45017 45079 44986 45110 44986 45141 45017 45110 45017 45141
34626 34905 34626 34719 34626 34812 34688 34657 34688 34719 34688 34719 34688 34781 34657 34719 34657 34719
31650 31867 31712 31681 31681 31681 31681 31681 31681 31712 31712 31712 31743 31712 31681 31712 31681 31712
39438 39385 39500 39531 39531 39500 39168 39500 39531 39500 39500 39500 39500 39531 39168 39531 39168 39531
33934 34213 33965 34027 33934 34089 34027 34027 33996 34027 32534 34058 32534 34058 33965 34058 33965 34058
33567 34001 33598 33691 33524 33753 32862 33691 32862 32862 32831 32924 32831 33691 31416 33722 33660 33722
31680 32052 31773 31773 33469 33717 34564 31804 31804 30719 31742 31804 31742 33655 33469 31804 33469 31804

