33891 39656 34657 37856 34854 37504 36157 36002 35931 35463 35902 36342 36199 37348 34047 37263 34047 38452
42586 49829 45644 46771 44255 47423 44191 45297 44971 45254 44255 47423 44255 47423 43323 48550 43865 47487
34040 37023 32375 36326 32508 33657 32179 34005 34537 32470 31780 34053 34176 34220 33341 34481 32591 35504
31667 37056 32735 35591 33578 35145 33755 33459 34102 33715 33068 35022 32886 34539 32295 34582 32295 35274
31462 36817 32804 36195 33512 36474 35374 35089 36108 36282 33952 36384 33707 36613 31338 36474 31338 36474
33135 36876 32082 34738 34413 34540 34822 32992 32539 31867 32520 35821 33677 33617 32523 35312 31702 35883
44703 52305 45826 50160 61491 66443 54238 51360 65909 54238 64856 47837 64856 48020 61491 50656 61491 66443
52294 46398 41252 44801 39655 56297 44801 44761 40424 44801 39655 46398 39658 46398 39655 58209 39655 58209
29351 36004 29116 32978 31002 33741 32374 31365 34066 32678 33281 32535 29732 30426 29935 32478 31346 33627
40273 48687 41022 46883 40875 46118 42158 43429 42531 43245 42384 44609 42384 44609 40875 48417 40875 48417
34736 39238 40786 37157 36758 36865 36960 36937 39868 39138 35590 41869 38815 39335 35569 37424 35569 36552
44302 51836 45329 50112 44999 50306 48388 48370 47382 49744 46839 49299 46839 49299 45483 45920 45483 45920
35121 41094 37781 38434 36392 41094 38615 38986 37846 38615 36843 40343 36843 40343 37932 39437 36778 39437
47132 49110 48919 59060 53396 49583 45562 46842 44944 45562 45490 48492 54457 50121 53552 52543 53793 52543
40297 40736 35383 44130 37435 41393 39149 42735 37436 40460 38638 40966 37435 35721 37503 40595 47000 40595
38263 44773 38542 43157 42409 42556 40555 44011 43113 41676 38771 42840 42806 42840 39193 42556 40335 42840
29235 34214 28822 33028 28682 33269 29064 34516 30166 31722 34620 32190 31597 33304 29355 31358 29566 31358
46392 54505 47086 52132 48345 52519 49600 50959 48998 50955 48974 50466 48345 52519 50954 57229 47845 57229
29913 35003 30643 37038 31779 37052 34716 31675 35994 36233 35473 36754 34536 37757 34137 36154 34137 35893
35324 44272 36460 43095 36949 42079 40778 37066 37066 41972 37127 40956 37127 40956 38572 42079 38572 42079
28766 33049 29795 31869 30040 35448 32677 30928 30616 30551 31569 30941 30858 34567 30543 30914 30563 32944
39806 50081 41293 44713 41640 45660 42271 43555 42230 43881 41710 44604 41640 44744 41640 45660 39958 45660
44456 52018 39841 50257 46977 49497 47661 47108 46124 47437 46832 49642 46832 49576 45784 49483 45784 50690
32644 36921 32512 36007 32584 34642 35391 32943 31757 34907 31321 34023 33016 34004 35048 33853 31926 34616
32255 37741 33042 34407 33767 32963 31500 35305 30787 32286 33383 32963 33383 32963 33791 32963 33791 32597
34282 40115 34865 38421 35290 38032 36489 37386 39347 37055 37892 37828 36544 39619 34953 38195 35329 38195
36124 40149 30591 40531 34796 42335 37584 39068 32238 37705 31799 39608 33447 41415 34025 41653 32667 42196
34019 40366 35013 41331 36721 37607 36521 39080 36612 36873 35917 38710 36516 38965 34642 38640 34642 38553
35812 41905 36892 39415 36290 39723 38825 39006 38632 39427 37995 39665 36290 41563 36290 41563 36290 41494
35623 41684 37435 42207 37382 39925 42319 38628 37774 38097 37539 39054 40736 39107 40083 40518 39994 39420
35171 41156 36146 39785 37006 43199 39080 39019 38717 39806 36325 41216 36441 41432 37528 39181 36615 38216
36319 39485 37311 36130 39212 39233 38962 38293 37830 35341 37766 36002 34685 36252 33312 35320 33312 36755
31965 38673 32697 36373 32718 37714 37114 36265 37038 37114 36929 36788 36929 36788 32718 37714 32718 37376
48554 56814 43725 47057 43746 55133 44725 53080 46287 44725 44539 45192 44539 45192 44539 47105 44049 47431
32478 38616 33939 36488 34633 36250 35166 37452 34005 34892 33820 34943 33431 36250 34162 35658 33787 36292
39432 46137 40411 45158 39432 46137 43365 40662 40411 43365 41225 44344 41225 44344 39432 44595 39432 46137
31563 36933 33199 35486 29579 43516 40405 34992 33393 40405 33295 41891 34220 41793 36500 42857 32504 42857
34525 37613 32953 38730 29978 38873 36669 33630 34236 33511 31988 33590 31126 34914 32439 36046 31547 34914
34238 40060 35240 39058 36963 40612 37010 38720 37871 37487 37194 39380 38115 40612 35532 40612 34577 40612
37571 43964 37116 42045 37571 39988 43341 41181 45382 44215 42785 45712 43991 41709 38188 41773 48456 41773
37533 43919 39076 49225 38935 41831 43152 44435 42512 45623 42172 46184 42172 46184 38811 46569 43874 46569
29190 36461 31658 31974 29664 34304 32471 33597 33777 32294 31075 32395 33878 32706 32939 34101 31272 34550
40905 45024 35865 45386 37088 42890 35487 42666 42908 36255 33881 43486 37088 37451 39183 43486 34396 43492
42444 49665 41866 46630 41755 45416 45773 46431 46390 46531 44966 47468 43079 47283 40467 48210 40467 48210
44174 51687 44616 50454 49073 58352 50366 49599 49575 47686 48226 49035 44660 49035 45407 56125 45407 50454
28434 33273 27912 31878 30021 31581 30310 34281 33304 30267 31971 29292 31440 30647 31110 32754 32259 32754
30230 36109 33263 37019 33569 36302 34426 33337 36318 34150 37292 37363 37292 37363 32517 35927 33657 34989
31480 36086 34629 37117 31872 34845 32999 37044 35669 33245 33307 32750 32432 38538 32788 37910 30609 37910
46535 54449 49077 50720 49263 42213 47547 49817 49629 50325 49659 41276 49659 41276 48410 41553 48410 42525
33336 39009 34304 37018 37798 35986 34574 35329 34714 34525 34098 36855 37798 37316 35029 35653 35029 35412
42469 49870 44620 50814 44715 49048 45785 46112 46683 45824 46954 46099 46954 48262 44168 51988 44168 47834
36565 41805 37897 41626 37310 40881 39410 39375 35273 38780 34621 39284 34144 39065 36594 40919 36951 40919
39259 45939 40352 41674 37774 43937 43160 41112 41012 43160 45846 43178 45846 47170 44673 48624 41641 48524
34820 39705 32392 34681 32620 34350 36924 37099 35885 34071 35464 33738 34551 33678 35223 34225 35223 33688
31860 37282 31610 35824 32288 34136 32575 32813 32270 32575 33964 32510 33340 33374 33996 34116 31541 35859
35292 40175 36224 36651 36886 38722 35229 36384 33769 34009 37669 36032 36532 35401 37280 34250 34454 34250
31043 34687 33058 34834 33280 32393 31164 35009 32898 35010 36173 32044 32337 38337 34089 33053 34924 34601
39929 46721 41366 42411 35735 44392 49436 43904 42189 41894 40682 42872 40682 44155 47888 44866 47888 44866
31795 36809 30423 34103 34243 36924 33091 34409 35083 32997 35245 34818 34038 31641 32038 34179 31881 34946
33099 38250 34041 36474 35519 34589 32119 35997 33821 33555 33335 33150 35081 34222 33260 36080 33260 34642
39602 46337 40189 44984 38379 43560 42459 40592 39053 42557 38619 42411 38343 42411 40189 44516 40189 44516
41231 48244 42301 44127 42718 49634 42720 41807 41585 42720 41351 42191 41351 42191 39654 46373 39654 46373
35684 41753 37529 38130 37079 39728 38704 38813 37820 38704 36718 38959 36718 38959 37176 39728 37176 38959
39796 46564 40419 45017 39977 46383 43049 44054 41262 43049 39977 44334 39977 45258 39977 46383 39977 45941
28522 33376 29287 34111 30105 31339 28944 32010 29642 32016 29553 28949 28312 30977 29695 31634 29170 31634
33754 42076 35614 38002 39187 39414 38945 37642 39835 36232 37883 36805 38708 37282 37937 38813 39296 39255
37520 43903 34357 42717 33906 40426 41533 33276 38085 37085 37620 38605 37589 39365 32630 41872 32630 41872
34927 40869 41009 38066 38307 43097 42470 44187 42977 44284 41009 43305 37708 42486 41009 43305 41009 43305
33928 39698 35156 38470 34542 39690 36285 37022 35819 38536 35745 36913 35745 38278 34542 39084 34542 39084
33497 39294 34633 38244 36684 40913 38785 38496 38649 35914 35396 40166 35396 39748 37102 39532 34447 40697
30222 33321 30354 32661 29652 34686 33203 30626 33295 32006 31017 30704 31990 30868 28470 32606 28470 32432
28586 41065 32486 37706 33076 35413 33150 32253 37119 33648 32185 34180 30851 33290 33902 33706 33902 33213
30475 35662 31159 36734 32599 33948 32947 35725 36069 34818 35256 33605 33397 33272 32599 35494 34437 35494
41798 48908 43458 47248 42143 48563 42833 44599 44599 42833 42553 44469 42553 44469 42553 46192 42553 47248
44901 52380 46732 50560 45645 50349 48778 48942 47732 48860 47228 46105 45886 48181 45962 50349 45152 50349
33934 42040 39467 36539 37216 40011 34653 38243 36060 37726 35125 34261 35125 35266 41568 36657 38103 34747
33567 39280 33845 34944 36175 37576 34360 37842 35410 36057 35120 37705 36175 37676 33207 37095 35280 37576
31680 41910 34776 37216 36151 31175 31712 37911 36680 37337 33035 35580 41079 31950 40703 37973 40703 38588
34626 42855 35712 38947 36409 40936 37478 38576 39695 38086 38774 40289 41516 40640 40291 43134 36893 43134
31650 37034 33052 35632 35873 32678 35093 31766 33874 33282 35430 33398 35905 32678 35166 36568 34901 36568
39438 46149 38372 45920 40488 43410 40376 42109 42037 40050 39166 42357 39129 42584 39166 47053 40765 47052
40783 47721 41127 46062 43246 46507 44782 44747 44555 45216 43079 46085 43246 45949 41997 46234 42258 46234
36652 42892 37534 41233 38388 40611 37865 38815 37754 40187 37425 38232 37485 40611 37468 40419 37848 42307
30474 35659 30936 32661 30587 31447 32405 33618 31986 31712 31798 35056 31798 35056 31731 31887 31845 31887
38135 43489 38056 37865 35416 39165 39241 36279 39924 33667 34007 38386 35416 35413 38391 36279 38276 39963
31490 33603 32220 36886 33818 34860 32622 33634 34549 31165 32771 33065 31302 35220 30636 32700 30819 32924
44986 52639 45774 50378 46623 50363 47373 47608 48282 47411 46624 49364 46624 49796 45491 50987 45543 50987
32056 37511 33010 35967 30599 34757 33768 37895 34396 33233 33495 34750 32564 38984 32262 38598 32262 39421
33162 38802 34425 36290 34411 37553 35437 42072 34976 36370 33162 38460 35206 38460 33504 43400 33504 37829
30492 36099 31050 37101 30572 36358 33166 33706 34295 34631 35212 34808 35212 33725 30971 34332 33576 35260
29281 34144 29820 32401 29221 36115 31010 31483 30848 31732 31414 35481 30901 34165 29245 33266 29245 36097
34495 35210 31515 50162 34791 33888 31147 36742 32720 31997 31426 33520 35020 33126 35046 33494 35046 33100
34281 40114 35804 38692 45002 39309 38658 36110 39113 36901 36107 41883 47380 37261 40401 39056 38857 39014
39666 46413 41206 43177 40702 38162 42658 44441 43624 43039 43399 44696 43399 44696 40702 47417 40702 47417
29448 33392 29834 30844 29465 31053 28943 29679 29615 30409 31071 31026 29257 29778 28789 31371 28789 33744
37488 43866 38387 41491 38882 42508 40606 39308 36463 40819 36238 39993 38882 41717 37963 42472 37963 42472
30791 39992 34604 33853 33121 32122 32730 32552 34330 31921 33116 37027 33390 33637 32318 33303 31752 36027
36486 42691 37089 40910 32350 38224 38032 36192 36632 38032 36030 37253 36030 39578 33452 38224 35812 39632
33145 34684 34323 32568 33726 30599 31409 33086 33578 32126 31072 35040 33578 35040 34604 37223 34705 32721
34429 40285 35379 39335 34754 35718 39108 37514 35968 38280 35214 39309 34754 39001 35039 38307 35039 39065

