34282 39428 34282 35548 34635 35462 35356 34851 35437 34883 34868 35452 34868 35452 34282 34851 34282 35452
36124 39463 36354 37983 32903 30899 32940 38016 31982 36662 32818 38138 35456 38138 30971 38016 29731 38016
34019 39676 34035 35188 34145 39020 38607 34632 38671 35529 37809 35476 33216 35476 34298 35300 34298 35817
35812 41187 35812 36442 36233 38118 37366 37126 37196 37076 36634 37638 35812 37858 35812 37126 35812 37126
35623 40973 35785 36345 38835 36670 37035 36553 36966 37037 39262 36577 36800 36555 38835 37237 38835 37237
35171 40453 35259 36545 36277 36422 36029 36087 38111 35920 37682 36676 35259 37535 35570 36691 35570 37389
36319 38811 36320 38511 32512 32156 35343 37863 36023 32286 35342 33126 32066 33126 36319 37863 36319 37863
31965 38014 32024 33849 31965 33300 33033 33254 32965 33033 31994 33110 31994 33110 32024 33110 32024 32983
48554 55841 48597 50529 42430 42163 42163 51085 44467 42163 42924 50262 42924 50262 48597 51085 48597 52072
32478 37957 32518 33684 32596 33703 33335 33660 33137 32694 33201 33852 33201 34166 32636 33660 32636 32465
39432 45348 39432 41194 39432 42902 41140 40295 40295 42902 39432 42003 39432 42003 39432 40295 39432 40295
31563 36301 31650 40271 34968 40543 32249 31737 35476 32070 35302 32009 35302 32009 34968 31737 29495 32912
34525 36970 34525 33595 34525 35979 32965 33748 32750 33403 34525 34127 34525 35369 34525 36459 34525 35849
34238 39376 34456 35502 34537 38297 37727 35842 36627 38475 36409 35340 36409 35340 34537 35842 34537 36562
37571 43212 37572 38573 41837 39107 38480 38866 42181 38741 41513 39388 38333 39409 37571 38866 37571 38866
37533 43166 37639 38404 43181 38404 39228 38134 43676 39228 43181 39723 43181 39723 43376 39723 43376 39723
29190 35838 29291 30204 30567 31839 30369 30445 30429 31587 31516 30043 30187 29506 29190 30445 29190 30445
40905 45126 40905 43107 32056 39965 38295 42059 32382 41634 31972 37089 36051 42044 39328 42605 39328 42605
42444 48815 42444 44180 42520 42183 44439 43700 44570 40894 43727 43999 43727 44570 42506 43858 42506 44570
44174 50802 44174 46603 45052 49324 49324 48647 48647 46041 44449 47231 44449 47231 45052 47231 45052 47231
28434 32704 28468 34045 29249 32265 29976 28073 28022 32265 29158 28314 28886 33692 28414 28685 28434 28685
30230 34407 34229 32927 29954 34292 34064 31131 31956 32146 33743 30556 33743 32212 30353 31347 30353 31347
31480 35467 31717 32244 31243 31101 31221 31285 31944 33718 31496 32190 33366 31549 30386 31285 30386 31285
46535 53520 46885 48005 46719 39770 47528 48520 48502 47528 47638 48226 47638 48226 46719 48520 46719 48520
33336 38342 33336 35160 32196 33232 37071 34390 37312 37333 37113 34885 37113 35539 32196 34871 32196 35332
33891 38979 33891 34941 33891 35041 34254 34666 34054 34254 33891 34417 33891 34729 33891 34729 33891 35478
42586 48979 43065 42586 42586 44003 43524 44500 43218 44003 42586 44156 42586 44156 42586 44500 42586 44500
34040 36662 31890 31674 32778 31508 34598 31980 31194 32860 32338 31368 32778 31368 32778 31902 32844 31902
31667 36423 31667 32278 31814 33501 33321 32514 33181 32507 32901 32908 32901 33552 31814 33055 31814 33055
31462 36187 31607 32231 31881 33785 32851 32400 32556 33129 32231 33020 32231 33454 31881 32400 31607 32400
33135 38112 33135 32281 32005 31859 32008 33888 32234 32091 31732 31837 32263 32650 33303 32092 31039 31931
44703 51412 44703 46703 61152 60842 46703 45834 62283 46703 61152 47834 61152 47834 44703 45834 44703 45834
52294 60143 52294 53982 39655 53738 53738 52973 52973 53738 52538 54417 39655 54417 39655 52973 39655 52973
29351 33603 29351 30800 29740 30946 29406 29267 31084 29523 30158 31067 30378 31311 28282 29511 28626 29511
40273 46319 40273 42894 40273 42899 41562 41476 40402 42899 40273 42765 40273 43028 40474 41476 40474 41476
34736 38566 33178 40458 36137 39219 38023 35897 36601 36647 35956 39481 35956 39481 36137 36731 35956 38668
44302 50951 44302 47361 44302 48233 46866 44781 45345 46609 45174 46473 45174 46473 44302 44781 44302 46473
35121 40391 35679 36640 35121 37083 36058 36827 36385 37083 36198 36564 36198 36564 35121 36827 35121 36827
47132 48268 47433 49518 47295 45134 45272 49394 45185 48419 44872 47845 53122 47983 47295 49394 47295 49394
40297 40040 40298 37031 35607 38136 33793 41551 40895 38483 40894 41849 40894 41849 40297 41455 40297 41455
38263 44006 38263 40881 38263 39662 41411 39901 39077 38816 38120 39773 38120 39773 38263 39901 38263 40890
29235 33627 29392 30192 30567 30652 32697 29855 32936 29777 29233 29507 28564 29798 29282 30450 29282 29854
46392 53572 46449 49258 47118 47963 51947 47687 48356 49159 47061 49258 47118 49258 47118 48883 46449 48883
29913 34402 29913 33355 30177 33811 30292 30372 30372 31268 30177 30751 30177 33318 30177 31164 30177 31164
35324 43516 35326 35324 35326 39252 37073 35608 35942 40306 35324 39536 35324 39536 35326 39536 35326 39536
28766 32484 28790 29725 28766 29520 29368 28931 28983 30601 28476 29481 28476 30475 28790 28931 28790 28931
39806 49224 39923 44426 39923 41081 41307 41433 40443 40911 40290 41666 41307 41927 39923 41433 39923 41990
44456 51129 44596 46598 44456 45487 45499 46402 45348 45569 44456 46449 44456 46391 44514 46402 44514 46402
32644 36288 30443 34290 29801 30870 32077 33342 32101 32055 29801 31620 29801 32508 32727 33563 32727 33563
32255 37096 32288 30750 31766 32578 31073 32288 30783 32578 30750 32611 30750 32611 32255 32288 32255 32288
33934 41322 33934 37228 34246 34042 32959 34700 35041 33899 31132 33979 37862 34867 34319 35588 34450 36027
33567 37692 33567 33814 33787 33064 33050 34123 33238 33820 33108 34076 33108 35533 31354 34645 31354 34645
31680 42444 31696 32401 35705 31180 33333 35563 32619 37123 31998 35579 31998 32317 35216 35563 35216 35563
34626 41012 34626 38504 34626 37691 38513 35439 38455 37857 37642 36736 37642 39896 34626 36310 34626 36310
31650 36401 31752 31650 32598 32455 32455 31752 31752 32455 32957 32557 31757 32557 32149 31752 32149 31752
39438 45360 39502 43649 37331 40320 38138 40341 38159 40320 37320 41223 37256 41223 37320 40341 37320 40341
40783 46907 40846 42380 41793 42889 41506 42809 41569 43257 41024 42631 41432 43291 41793 42809 41793 43532
36652 42155 36688 39766 36652 37026 36804 37258 38307 37578 36661 37525 36652 38042 36786 37258 36786 38139
30474 35048 30666 30630 30691 32708 32962 30640 32593 31035 30846 30668 30846 30668 30717 31506 30717 31506
38135 42744 38213 39936 38135 38290 32806 39116 37243 38290 36701 38367 33747 38397 38145 39723 38145 39723
31490 34599 31569 30123 31851 31566 33323 32499 32533 31548 32025 32803 32712 32302 31851 32499 31851 33056
44986 51740 44986 46050 44986 46745 44977 45770 45223 45673 44439 46308 44439 47226 44986 47696 45098 47696
32056 36871 32261 34401 32367 31348 33532 32609 33018 32775 30695 32881 30695 33229 32367 33297 32367 33297
33162 38140 33162 34299 33162 34891 34067 33626 33626 34891 33162 34798 33162 34531 33162 34763 33162 34763
30492 35482 30546 33440 30492 32132 32983 31227 30435 32132 33719 31365 33719 32430 30492 31003 30492 32366
29281 33561 29297 30034 29281 34029 29522 29569 31569 29090 31506 29153 31506 29153 29281 30159 29281 30221
34495 34610 34563 36557 30595 31458 34257 35728 34358 31436 30427 30685 30528 31022 30595 35728 34197 35728
34281 39428 34388 35035 39352 35571 36632 37954 36853 39427 36099 38488 43832 35568 38664 38349 38664 38349
39666 45619 39666 39666 40017 41079 40651 40262 40057 41079 38851 41452 38851 41452 40017 40262 40017 40262
29448 32823 29497 29288 29497 28990 27296 30584 27874 28682 27592 31043 27592 29272 29497 30584 29497 30584
37488 43116 37676 37488 37895 39833 38500 37686 38093 39094 37895 38479 37895 38479 37488 37874 37488 38291
30791 39310 30801 32014 33301 34573 34771 35932 31503 31817 31173 31084 32424 31517 30791 34992 34177 34992
36486 41963 36619 37670 35209 36918 34735 37175 35049 36605 35162 37003 35162 37284 35209 35353 35209 37099
33145 38843 33456 30002 33617 33280 33321 31663 31911 34426 32248 33456 32248 33456 33617 34479 33617 35638
34429 39598 34429 35875 34752 35055 35875 35029 35093 36760 34929 36260 34929 36798 34752 35329 34752 36029
42469 49020 42504 44658 42849 47419 44340 44667 44556 46327 44067 43996 44067 47204 42469 44667 42469 44906
36565 41088 36633 37348 36565 37348 38145 37003 37071 38162 36633 37786 36633 37871 36565 37003 36565 37786
39259 45152 39435 39259 39537 40440 40630 39522 39712 40440 40207 40703 40207 40703 39537 40703 39537 40703
34820 39029 34820 33814 35214 33156 35976 35049 36043 32411 31858 33764 31858 33764 34820 35049 34820 35590
31860 36647 31951 31581 30834 33071 31542 32332 31399 31818 32916 32250 32916 32250 31745 32624 31745 31825
35292 40593 35710 35292 35626 32716 34194 35348 31858 39892 31296 33650 31296 32088 35839 37008 35839 35491
31043 34095 31112 32409 31269 32093 30605 31302 30102 32231 30461 31616 30047 31987 31269 31973 31269 31973
39929 45924 39929 39929 40385 41197 41197 40323 40533 41197 40139 41381 40139 41381 40385 40323 39929 40323
31795 36178 31807 31525 31681 32878 34208 32507 30015 31923 33774 33357 33774 32790 33183 32507 33183 32507
33099 35735 31143 35247 30860 31969 32671 33647 31218 31356 30919 33658 30919 34599 30995 33545 30995 34092
39602 45546 39645 36857 39951 43373 42528 40404 40404 42528 39602 42009 39602 38335 39951 40404 39951 38419
41231 47419 41320 39169 41231 40716 42439 42351 41438 42439 41231 42646 41231 42646 41231 42351 41231 42646
35684 41039 35917 35684 35684 36982 36561 36656 36656 36982 41981 37533 41981 37533 35917 37533 35917 37533
39796 45767 39796 41461 39956 41001 41001 40930 40930 40186 39796 41320 39796 41320 39956 40930 39956 40930
28522 32809 28590 30341 29294 29597 28908 29575 28874 29100 28812 29880 28719 30180 28719 29575 28719 29546
33754 39386 33939 35626 33843 40386 35556 34144 36838 34964 35303 35181 35303 35791 33843 35122 33843 35122
37520 43153 37548 33632 38044 37556 39243 38755 36051 37556 36797 38470 36797 39515 33826 38755 37711 38755
34927 40169 35154 35962 40458 35962 39464 36470 41667 39464 40944 38265 40944 37505 34927 36470 34927 36470
33928 39021 33994 36817 33928 37294 35351 35056 34940 34947 37857 34471 37857 34471 33928 35056 33928 35056
33497 38623 33688 35105 34145 37169 37169 34715 34715 37169 33497 34906 33497 34906 34145 34715 34145 34715
30222 32752 30286 30326 29348 29785 29312 28433 29013 28441 28266 28610 29719 28640 31342 29143 28764 29611
28586 40360 28673 34784 31391 32476 30544 32974 31530 28799 29907 29535 32037 29776 31701 33472 31701 30027
30475 35051 30531 31601 32549 35048 33064 31336 32605 32963 32549 31285 32549 31285 32549 31238 32549 31238
41798 48071 41798 44742 41798 42408 42351 43908 43908 42351 42103 43851 42103 43851 41798 43851 41798 44742
44901 51485 44912 46868 44827 45966 43968 44143 45408 44072 44901 45844 44901 45603 45107 47199 44827 47375

