33891 36861 35511 35241 34431 36321 37697 37427 37697 37427 35241 37697 34701 36051 34431 36321 34701 36051
42586 44476 43666 43396 43126 43936 43396 43396 43126 43396 42856 43936 42856 43936 43126 43936 43126 43936
34040 39580 32730 34570 31670 34970 32510 33680 33610 35030 35040 33110 36940 33030 33010 33870 35040 37850
31667 34907 32747 34364 32747 33827 33017 33287 33287 33557 33017 33287 32747 34634 32747 35296 32747 34364
31462 34162 34158 33082 33119 36072 33082 32812 32554 33929 32554 33082 32284 34583 33659 32392 33659 32392
33135 36636 32997 34571 34037 33484 31769 36631 32349 36091 33075 33130 31809 33484 32598 32613 32598 34523
44703 46323 45243 52382 50092 48611 45513 45513 45243 45243 48071 51572 48071 51572 45243 48881 46188 48881
52294 54454 40195 53374 43982 41005 40465 40735 40195 40465 53104 53644 39655 53644 43982 53374 43982 53374
29351 34840 31425 32680 29570 32051 32410 32812 30651 33851 31644 32627 28586 32051 32604 30955 32410 31840
40273 42433 41353 36026 40813 41893 41353 41083 41353 41083 36026 41623 41560 41623 41290 41893 41290 41893
34736 37495 37177 39608 37095 36913 34312 36130 36718 37522 36178 36834 35473 34539 36907 38953 36907 38953
44302 46462 45382 45652 44842 45922 45382 45922 45382 45652 45112 45922 44842 45922 45112 45652 45112 45652
35121 36471 35931 35661 35121 36471 35931 35661 35661 35931 35391 35931 35661 35931 35661 35931 35661 35931
47132 50372 48752 54080 47942 46814 54350 54890 54080 54620 48482 54890 48212 46814 48482 46544 48752 48752
40297 37513 36163 37227 41107 37767 41917 35893 41377 42457 36322 42727 41107 40885 41377 37227 41377 36163
38263 40423 38390 39883 38803 39470 42035 38930 39343 39200 38803 39883 38803 39470 38803 39470 38803 39883
29235 32486 31934 30595 30837 30624 30454 31326 30516 31596 30516 30455 30837 31866 30174 31866 31110 30994
46392 48552 47202 48012 47202 47742 47742 47742 47742 47742 47472 48012 47202 47742 47202 47742 47472 47472
29913 31803 30921 30993 32635 35245 33445 30993 30723 33445 33895 30993 33895 33445 32635 35245 34165 34975
35324 37484 36404 36404 36674 36134 36404 36404 36674 36404 36404 38977 36404 38977 36404 36404 36404 36404
28766 32903 30386 31536 30246 32442 30185 30560 30863 31144 30179 30814 30483 32442 29506 30386 31119 30386
39806 43046 41426 41426 40886 42235 41155 41696 41037 41847 40886 42117 40886 42235 40886 42235 41156 42505
44456 47426 39864 45806 39324 46076 46076 45806 45266 46346 45806 46616 45536 46616 45806 46076 45806 46076
32644 34521 33171 33555 33012 33717 31308 30327 35196 33987 32736 32893 33552 32901 33552 33717 33282 33717
32255 32640 31560 33335 33605 31830 31290 34250 31560 31560 31290 31830 31290 33335 33335 31830 31290 33335
34282 37472 35852 37565 35690 37087 36277 35582 35632 39009 35799 36392 35529 36122 35529 36172 35799 38417
36124 33941 34707 38014 37474 38014 30635 37346 32162 33386 36934 37616 32528 37886 32051 38014 33181 38284
34019 36989 35099 35909 35306 39903 36651 36921 36651 36921 38818 39363 35364 39903 35846 36449 34829 39898
35812 37972 36628 37162 36082 37702 36085 36355 36355 36355 36622 37432 36082 37702 36082 37165 36082 37165
35623 38863 37243 37243 39569 38989 37783 40379 38179 37783 40416 39040 40198 38053 40146 38719 40146 38719
35171 39803 37643 37331 37373 38647 36791 37525 35981 37061 37373 37331 36715 39159 37373 38647 37373 38647
36319 36889 32782 33775 31076 34307 34220 37399 36079 34220 35809 37399 33497 34307 37399 37669 37399 37669
31965 34935 33855 33315 33045 33855 33855 34125 33855 33855 33855 34125 33855 34125 32775 34125 32775 34125
48554 51254 49904 49904 49634 43453 49904 50174 50174 49904 49904 50174 49904 50174 49904 43453 49904 43183
32478 35718 32520 34098 36755 34908 37243 34368 36338 33487 34289 34577 33288 34638 36433 34368 34368 34098
39432 40512 39702 40242 39432 40512 39972 39702 39702 39972 39702 40242 39702 40242 39702 40512 39432 40512
31563 34137 33327 32373 32373 33162 33057 33597 32643 33057 32373 33597 32643 33597 32787 32643 32787 32913
34525 32623 32907 33764 33234 35636 31413 34655 33504 33494 35335 34044 33234 35436 33715 35706 35326 34044
34238 36128 35048 35318 34778 40476 35048 35588 36046 35048 34778 40476 34778 40206 34778 35858 34778 35858
37571 40271 37669 39191 37571 37321 39191 38921 38651 39191 37399 39253 38111 37321 38651 39191 38651 39191
37533 39153 38343 38343 38343 38343 38073 41250 41520 38073 41520 38613 41520 38613 38073 38613 37803 38883
29190 36691 31843 31303 31926 32962 32156 31304 32196 33006 31579 32025 31077 32293 31615 32692 31658 33679
40905 42476 34046 42036 33727 36525 40586 42795 41496 40856 41496 42795 34688 36525 34046 37654 34046 37654
42444 45684 43254 44874 43524 44604 43736 42673 41746 43105 41877 42988 41489 43375 43078 42532 43078 42532
44174 45794 44714 45254 45803 45524 45254 45254 45254 44984 44984 44984 47997 44984 45533 45254 45533 45254
28434 34204 33713 30100 33173 33443 29965 31998 32719 30461 29377 32718 32271 35793 30370 32268 31003 35658
30230 32738 34759 31328 30764 35068 31266 32684 37157 33644 36303 32853 36033 32853 33375 36737 33689 33330
31480 34450 34470 32187 31473 33370 32997 32830 33803 32634 32727 32187 33803 32434 34470 31917 34470 31917
46535 48965 46294 47615 47615 47885 46024 48155 47885 47885 47345 48155 47615 48155 46024 47885 46024 47885
33336 36846 33666 35496 34416 36036 34956 35496 34956 35766 34416 38919 34416 35349 34686 36648 34686 36648
33934 39935 35056 35617 40868 34083 35596 33211 37197 33543 37467 35015 34060 35015 33003 34994 32401 32482
33567 37347 36798 34929 35008 36463 34892 35761 34095 34348 34498 34078 36022 36193 34573 36193 34738 36193
31680 37929 36039 36062 37980 33065 36039 31011 35522 36039 41271 36878 35332 36579 36338 36682 35769 36682
34626 39132 37512 35976 38556 36246 36702 36972 36972 38322 35706 39096 37512 38180 38556 36246 37782 35706
31650 33540 32460 32730 31975 32190 32730 32460 33561 32730 33291 32460 35299 32460 33291 32460 33291 32460
39438 40272 38652 40788 39971 41328 39192 38652 38652 38652 38652 38922 38652 38922 39192 39347 38922 41058
40783 44023 42603 43213 42603 43213 42133 42998 42403 42943 42458 43981 42458 42943 41863 42943 41863 42943
36652 40432 39498 37590 36988 38335 38272 40333 38272 37980 37732 40808 37258 38335 37112 40603 38002 39082
30474 32634 31587 33340 31824 32946 32406 33507 32406 32406 31301 33356 31301 33356 31284 33356 31284 31824
38135 40136 39056 38516 34943 39056 38516 33858 35483 33947 38246 33947 38516 38786 34128 39056 34128 38786
31490 34224 31723 31371 30619 32204 33662 34038 32640 30759 33662 35953 30830 32346 31453 31277 32311 32369
44986 47956 45795 46876 45442 46605 46606 46066 48889 46336 46066 46606 45796 46876 46066 46876 45525 47146
32056 35026 33406 33676 32497 33676 33002 33273 33406 33812 32866 34082 32227 33946 32497 37138 33406 33676
33162 35322 34512 34242 33702 34782 34512 34512 33702 34512 39576 35322 39576 35322 33432 35052 33432 35052
30492 36866 35358 35533 30540 34837 31302 34027 31572 31842 31032 36056 31302 30934 31032 35263 30762 35533
29281 32584 33850 29815 29988 30964 30964 30292 32223 31234 30258 31504 30320 30964 30258 30964 30258 30694
34495 37167 48945 31170 34483 35817 31440 35293 31710 35293 35293 35547 35023 31504 48135 31440 48405 31234
34281 37742 35852 36171 35091 36932 35631 35852 35091 37974 35631 36122 35631 36122 36662 34381 36392 34921
39666 41826 40746 40746 40476 41016 40746 39936 40476 40746 40476 40746 40476 40746 41016 40476 41016 40476
29448 31995 30430 29886 29355 32465 28440 31395 28865 28979 28277 29512 29620 29512 28115 32465 28115 32465
37488 39918 38568 39108 38028 39378 38568 38838 38298 38838 38298 39108 38028 39378 38028 39378 38028 39378
30791 37147 35257 32075 35527 32326 35527 35527 32411 31662 32187 32370 34024 32056 35527 35797 35527 32457
36486 38916 37836 37836 33943 35877 35607 35337 37836 35607 33673 35607 33673 35610 33673 36147 33943 36147
33145 36743 35933 29195 34225 34765 35663 34495 34495 34765 34225 34495 34225 34495 35663 29195 35663 29195
34429 37129 35239 36319 35239 36319 35509 36049 36981 36319 34969 36859 34969 36589 34969 36589 34969 36589
42469 44899 44199 44359 44113 44359 46280 46550 44923 46550 43701 45909 44383 44359 43009 44359 43009 44359
36565 38964 37074 37344 37344 38725 37344 36952 33260 38725 33260 38725 32990 38995 37074 38455 37074 38455
39259 41959 40879 40339 40339 40879 40609 40879 40609 40609 40339 41149 40609 41149 40609 40609 40609 40609
34820 37123 33475 33770 32788 36046 33353 37030 34310 35503 32788 36710 32518 35845 32788 33574 33231 34071
31860 33874 32488 32753 31115 33342 32380 32063 32211 32433 36562 32973 31981 33770 32902 32973 32781 33618
35292 38802 37452 34166 35345 34941 34385 33626 36912 33844 37182 33896 35345 34671 35615 35883 36912 36153
31043 33152 34333 32393 33024 34242 30359 34016 30585 32933 33339 33473 32349 34286 33024 33203 30766 33429
39929 42359 41279 41009 40469 41549 41009 41549 41009 40436 40739 41279 40739 41279 41009 41279 41009 41279
31795 35694 32681 34972 34086 37200 32585 31687 33490 34520 34782 32855 35083 32233 34262 35092 31882 34638
33099 34817 33124 32619 34086 33542 36235 34370 35917 32854 33553 34783 34726 33537 34229 33204 34229 33394
39602 42032 40412 41222 39087 41222 40682 40142 40412 40412 40952 40682 40952 40682 40412 41222 40412 41222
41231 43661 42311 42581 42041 40789 42581 42581 42581 42581 42311 42581 42311 42581 42311 42581 42311 42581
35684 37304 36038 36038 36224 36308 36038 36038 35768 36038 35768 36308 35768 36308 36494 36764 36494 36578
39796 41686 40336 41146 40066 41416 40606 40876 40606 40606 40336 41146 40066 41146 40066 41416 40336 41146
28522 32572 30617 30142 29810 30935 32839 30395 29855 31456 30247 30617 29540 32762 30257 32995 30527 34189
33754 37264 35104 40396 37798 36184 35374 36647 40321 35374 37357 39051 37087 39051 35127 36184 35127 36184
37520 40220 38870 36067 35257 39140 35797 38870 36067 38870 35797 39140 35527 39140 35527 39140 38600 39140
34927 42618 36007 37425 38052 37425 36007 36277 36007 36007 38052 36277 37782 36277 38052 36277 38052 36277
33928 35548 34738 34738 34198 35278 34738 34738 34468 34738 34198 35278 34198 35278 34198 35278 34198 35278
33497 35117 33767 34847 33767 34408 35254 33868 38537 34307 38638 34408 38638 34408 34307 33868 38453 34577
30222 32899 30282 32132 29804 30592 30094 30136 29534 29554 31611 31092 30074 30427 28826 33232 29971 33232
28586 33702 33902 32289 33617 35356 37475 32391 31891 36236 34982 39294 31445 34254 32822 35356 30962 37475
30475 32905 31518 31555 33941 34481 31788 34481 31555 34481 31555 31825 34211 34211 33941 34481 33941 34481
41798 43688 42878 42608 42068 43418 42878 42878 42878 42878 42608 42878 42608 42878 42608 42878 42608 42878
44901 48004 46251 46384 45304 47464 46654 46384 46114 46654 45844 46924 45574 47194 45574 47194 45574 47194

