34626 38339 36711 36535 38167 36559 36868 37067 37067 37123 35581 38226 38354 38362 37852 39021 35450 38403 38167 38706
31650 34028 32269 33409 32393 35678 33752 33712 33712 33239 33837 32422 32393 32422 33661 32910 32393 32592 32393 36166
39438 42401 37624 38417 38993 41874 40789 38076 38304 42094 40370 38756 38038 40906 38012 38418 37624 38417 38012 38417
38135 39957 34339 33819 37878 34043 38082 39341 33622 33631 37907 37093 38290 33564 33269 33994 34518 33994 33269 33994
31490 34163 30566 31232 32479 30914 32904 32017 32700 32767 30434 32300 33990 30678 30421 33017 30421 33017 30421 33017
44986 48365 45716 47826 46218 47942 45661 49492 49257 49134 45900 46919 45709 47110 45407 47944 45407 47944 45407 47944
33934 35146 38917 36115 33832 37963 33645 34991 34466 36987 33868 34888 34148 39256 33421 35037 34942 35037 34942 35037
33567 35234 33452 34337 33488 34160 33748 33801 33488 34742 33866 34827 34199 34160 33444 34373 32942 34373 34199 35540
31680 37396 37516 35106 35413 32231 34594 35560 35246 41971 35511 42234 35258 35533 38013 36479 37539 36479 37539 36479
40783 43849 41084 43548 42727 43312 41873 43036 42449 42976 41829 42803 41829 42924 41320 43312 42414 43625 41320 43312
36652 39409 37386 38327 37100 38420 37293 39381 36758 38030 37294 39668 37105 38420 36672 38767 36298 39065 37105 38767
30474 32762 31116 32557 33430 32710 32359 31262 32174 33250 31579 31704 31579 31704 31029 31924 31141 32196 31029 32196

