34282 43249 37568 38102 37520 39799 37412 35761 40402 38792 38486 38953 37314 39109 37258 38792 37359 38792
36124 39372 36117 40264 36117 43049 36711 38906 34208 39596 33255 40286 36117 42121 35427 42359 35427 42359
34019 41875 37045 37735 36566 38849 36780 40281 37470 37470 36090 38850 37256 40230 35665 39540 35665 39115
35812 41488 37348 38572 36502 40798 38572 38572 38572 39262 37882 39262 36502 40642 36658 40642 36658 40642
35623 43903 39763 39073 41684 41833 41143 39073 39763 40250 39073 39763 43091 41143 40994 41630 37003 40453
35171 44831 40195 40001 36767 41633 42363 39311 43574 40001 36767 39092 36767 40303 41394 44565 42799 44565
36319 40249 39599 35076 39588 38869 35589 37489 37489 35976 37489 35766 36799 36137 33696 35076 33696 37489
31965 39555 34725 34035 34035 36795 36105 36795 36105 36105 36105 36795 36105 36795 34035 36795 34035 36105
48554 55454 52004 51314 51314 45973 52004 52004 45421 52004 45421 52004 45421 52004 45421 45283 52004 45283
32478 40758 36618 35928 38855 37401 36618 38855 34359 36585 36534 36000 36534 37401 35279 36827 35238 35928
39432 42192 40122 41502 39432 42192 40812 40122 40122 40812 40122 41502 40122 41502 39432 41502 39432 42192
31563 37497 42049 33633 33654 42739 40669 35427 31243 40669 31243 42049 31933 42049 34047 42049 33357 34323
34525 39474 35395 37975 34986 38996 33896 34956 35465 39026 34396 34744 34775 36366 33465 37686 33235 37056
34238 39068 36308 37361 37340 43416 36308 37996 38030 36434 37340 42726 35981 42726 36434 42726 34928 42726
37571 43845 39705 41021 39010 39839 39010 40331 36290 38459 38320 41503 39010 40182 39705 41021 39705 41021
37533 41673 39603 39603 38913 43470 42090 44561 42090 44561 42090 45251 42090 45251 38223 40293 38223 40293
29190 40953 34604 34582 33336 36364 33000 34604 34404 34288 33510 35255 35592 35803 35169 34981 31952 35671
40905 45899 40547 37580 39857 43307 38033 34224 38710 36890 39149 44066 41237 38270 35726 40123 40379 43997
42444 50666 43097 47964 46258 47964 45718 47098 46408 47788 45028 48478 42922 48022 43508 47964 43508 47964
44174 52977 49527 49527 46519 55700 46244 46244 46934 50907 46244 51597 48837 48173 46793 52411 46793 46934
28434 37928 32711 32337 34313 34736 31208 32859 32710 31105 33333 32758 32959 36056 31491 36056 32778 36056
30230 38574 35938 36502 34243 36627 31986 37130 36565 35248 36691 35373 36691 35373 34183 40014 32866 38634
31480 37561 38325 33785 35458 34287 33104 37412 33597 34977 34897 35341 35854 35551 34685 38102 32414 38102
46535 52745 49985 48605 48605 49295 47704 49985 49985 49985 48605 50675 48605 50675 49295 49295 49295 49985
33336 40839 36834 37476 34952 38169 36193 37021 38027 37297 35957 38856 36009 38079 38938 37389 36096 36699
33891 41481 37341 36651 34581 40101 36651 36651 35961 36651 35961 38031 35961 39411 34581 38721 34581 39411
42586 47416 45346 44656 43276 46036 43966 44656 43966 44656 43276 46036 43276 46036 43276 46036 43966 45346
34040 40730 35970 37670 37370 36650 37420 37250 35570 38600 35150 37430 32690 38020 33780 34600 34990 37000
31667 39947 34427 36497 34427 37187 35117 34427 35723 35117 34427 35117 33737 36497 33047 35807 33047 36497
31462 38362 34222 33905 32159 36179 35886 36082 36761 37061 31851 33694 34529 35489 37394 35489 37394 35489
33135 42052 34004 38614 34306 34675 34270 35048 34450 34805 37978 36753 33005 35942 37228 34538 34026 37320
44703 48843 46083 46506 61703 61602 46083 49871 53792 46083 63083 45831 63083 45831 53102 47463 53102 61602
52294 47732 44972 41725 44972 54364 41725 54364 40345 55054 39655 43105 39655 43105 45662 55054 45662 55054
29351 39772 34734 32182 35769 34839 33009 34008 34701 33113 33423 37597 32459 36079 34595 35632 32318 33457
40273 45793 42343 43033 41653 44413 41653 45684 43033 42343 42343 43723 42343 43723 41653 44370 41653 45060
34736 43417 36402 38186 38077 36866 37444 41744 43066 40993 39271 39050 42376 40485 36924 42263 36924 38876
44302 49822 46372 47062 44992 47752 47062 48442 47062 47752 45682 48442 45682 48442 45682 47752 45682 47752
35121 38571 37191 36501 35426 38571 36806 36806 36501 36806 35811 37930 35811 37930 36806 37191 36501 37191
47132 55412 51272 56600 49202 47798 45692 46799 45419 45692 45252 46418 48785 47798 49892 51272 50582 51272
40297 47887 35770 38367 37598 41127 36038 36883 35110 37418 38288 45395 33094 43249 41493 39747 33784 39747
38263 43783 38810 41713 43381 41570 40190 41023 43025 40880 38810 41854 40190 41854 39500 41570 40919 41854
29235 36172 32265 32886 30554 32346 35633 36966 33323 31523 32141 33576 30669 32115 34186 33865 34185 33865
46392 51912 47772 49152 48462 49842 49152 49842 49152 49842 49152 49842 48462 49842 48462 49152 48462 49152
29913 34823 32063 36115 31753 36805 35275 32061 31983 32673 31293 35275 34276 37263 34735 34893 34735 34203
35324 41977 38084 40597 38084 40597 39217 37394 38084 39907 38084 39907 38084 39907 38317 40597 38317 40597
28766 37736 33417 32216 31776 36741 33732 33439 33281 33230 31733 34275 31493 32852 32256 32224 31901 32906
39806 48086 43256 43946 41277 46015 43256 44636 42566 45326 41757 46016 41277 45325 44302 46015 44302 46015
44456 52046 42804 47906 41424 48596 48596 47216 45836 48596 46526 49976 46526 49286 47906 47906 47906 48596
32644 38430 34146 35296 35622 36565 35479 31358 34090 37680 31181 35307 34290 31774 36552 37439 33578 37768
32255 35580 34325 32820 32820 33510 32130 35510 31440 32820 35510 33510 35510 33510 32130 33510 32130 32820
33934 40654 40748 35383 37686 39814 35450 37193 39447 35195 32032 37265 32722 41136 41858 38143 35626 39571
33567 43881 38690 38323 35563 40973 37599 35494 37562 36727 36872 39772 35563 40357 36035 36874 35930 39703
31680 43958 38438 38489 33647 33515 35078 38404 37043 33632 42831 34531 35132 34205 35370 39179 34680 39179
34626 40836 38973 38076 38013 40700 41881 38934 39237 38398 36696 40010 37940 40700 38013 42293 37470 42293
31650 36480 33720 34410 35241 33030 34551 32340 35241 33030 36052 33720 35362 33030 34551 33030 34551 33030
39438 45312 38321 40906 41862 41597 42552 39013 41951 41172 41172 41597 41951 45472 41172 39526 41862 39526
40783 49063 42163 45613 43448 46993 44233 44923 44923 49158 43543 46208 43732 49848 42853 46303 43863 46303
36652 47418 41898 40792 38520 43174 39211 41104 39901 42883 39412 41164 39412 43174 39412 42484 39828 41971
30474 36177 32037 31612 31209 32886 32196 34107 32196 32960 31506 35877 31506 35877 33628 33234 32291 33234
38135 44756 36203 36893 35817 38830 35777 35538 37454 36507 39280 40616 38784 37822 34462 35538 36016 39366
31490 37812 34831 35004 34141 35741 33844 35536 33327 34158 31447 35268 32543 34126 32918 33844 32637 36320
44986 52576 47056 48436 46477 51196 47205 48547 48547 47746 47056 49126 47056 49816 45825 49126 47056 49126
32056 39646 34816 35793 32227 33474 32599 39119 35607 33456 34227 36196 32211 35560 32227 36246 32227 34180
33162 38682 41256 35232 34542 37302 35922 36612 34542 36612 33162 37992 41019 37992 33852 37302 40566 37302
30492 37267 32720 35006 34497 35221 34829 33094 33252 34208 35877 34632 35542 37237 33410 34531 37025 46283
29281 40993 34783 32524 31489 35991 35646 33214 33146 32249 32543 35698 31420 35094 31938 37060 31938 37060
34495 37923 32979 46324 44254 34306 38187 50410 35276 37647 39532 34230 32271 34007 32961 33540 32961 33484
34281 42362 37532 38421 40300 39636 38734 37980 39437 37021 38714 39636 39428 37532 37021 39746 47282 40129
39666 45186 41736 41736 40921 46449 41736 40841 40921 41736 40841 39171 40841 39171 40921 39883 40921 39883
29448 34686 31604 30606 32062 31711 32524 30700 30853 32080 30432 31919 30868 31919 32062 32676 32062 34760
37488 43698 39558 40248 38868 42318 40248 40248 36643 40938 35953 40938 38868 41628 38869 42318 38869 42318
30791 38568 34993 33553 35434 34055 37627 36937 36000 34305 30982 34745 38317 35120 33868 35311 33866 34930
36486 42696 38556 39246 31872 38442 38039 35622 36177 38039 38556 37440 38556 40879 34243 37752 37866 38729
33145 35645 33575 29765 34137 37223 32195 35905 37223 32256 36533 37223 35843 37913 32195 35905 32885 29765
34429 41329 40520 39259 35245 35934 39621 37879 36704 38569 35627 40639 35342 39417 38241 38569 38241 39259
42469 48679 43849 49112 44979 50492 46063 45457 49235 46063 49235 46299 49235 50492 45814 47823 43159 46989
36565 39500 40744 36465 33588 42124 39864 40744 41283 40705 35360 40705 39847 40705 33941 40744 39213 40744
39259 46159 42709 41329 41329 43399 42709 42709 42019 42709 44913 43399 44913 42709 44223 42709 43533 42019
34820 42163 34664 34713 36097 35357 38615 35848 35697 35753 34568 36590 34220 36590 35903 34813 35903 35453
31860 38045 32772 36199 33320 35850 34221 35075 32972 34911 33814 34803 34304 34459 33814 34944 34318 36449
35292 42123 37812 36955 34664 44958 34478 35488 37391 34831 36145 37461 39214 36651 35218 35336 34664 35336
31043 40329 36686 34809 33575 36924 36378 34246 37171 36481 36604 36686 35745 37376 34287 35071 33305 36111
39929 45566 42806 41309 41426 43496 42116 43379 42689 42116 40736 42116 40736 42116 41426 42116 42116 42116
31795 42633 35658 35595 35683 38383 37038 35405 35497 34880 35493 36072 34024 36160 33862 39058 36273 37063
33099 41117 34016 35771 34195 37300 35533 39309 36980 36663 34355 36186 36794 37689 33926 39309 33198 37639
39602 45812 41672 43052 37323 42687 41307 39927 40982 41672 40982 41307 41672 41307 41672 42687 41672 42687
41231 47441 43991 41929 40549 43309 41239 41929 41239 41239 40549 41929 40549 41929 40549 44681 40549 44681
35684 39824 37076 37064 37064 37988 37298 37298 36608 37298 36386 37754 36386 37754 37064 37988 37064 37754
39796 44626 41176 42556 40486 43936 41866 42556 41176 41866 40486 42556 40486 43246 40486 43936 40486 43246
28522 37306 31318 36712 33019 34828 34864 37273 31583 32660 35352 33874 29675 33744 32329 36002 32590 36002
33754 42724 38473 40936 41212 41189 37747 42301 39407 41331 37739 41976 45524 39428 40036 41968 38763 42658
37520 44420 40970 40970 34165 40246 40280 37715 37477 36787 37477 36787 36787 37477 33804 40970 33804 40970
34927 42501 41838 43908 38892 41652 41163 43908 43218 43908 41163 38475 38202 41652 41838 38475 40473 38475
33928 38068 38887 35998 34618 39577 35308 35998 35308 38197 34618 36688 34618 39577 34618 38887 34618 38887
33497 37637 35652 36257 34272 39400 38710 37330 37624 35567 34877 39400 34877 38710 34187 38020 34877 38710
30222 37444 35258 32491 32366 33179 31941 32631 32714 33569 32531 32765 32938 34144 33147 34012 33147 36697
28586 42254 34469 37133 33142 41255 36487 35522 33452 35282 34425 39522 34123 40299 36681 36566 36681 40813
30475 36378 34380 32928 35744 37001 33557 36311 36407 34860 35717 34308 32195 36311 36434 37001 34380 37001
41798 46628 44558 43868 42488 45938 43868 43868 43868 43868 43178 43868 43178 43868 43178 43868 43178 43868
44901 53044 48351 48904 46144 50284 46351 46351 47524 47041 47524 47041 46489 48421 46834 50284 46144 50284

