34626 66209 42636 61517 46563 58242 55526 52510 50094 55629 46447 56262 50609 56262 43637 64567 43221 60200 46969 60670
31650 56815 42465 50268 52010 49225 43770 40851 44023 48466 42680 48336 52010 49225 43482 51510 40878 51510 46845 48382
39438 67878 49201 62048 45287 56758 54543 49269 56463 50207 49690 52851 43880 58776 46262 67258 49201 67258 46144 67258
38135 62317 44251 52324 39423 50426 41378 60548 51987 47934 46805 52240 44231 59384 38803 52565 42404 52565 38803 52565
31490 52734 36914 48476 37977 46673 40344 43532 44260 41712 39521 47101 42563 46456 36335 48336 36335 48336 36335 48336
44986 80755 51359 76805 52638 71763 58244 66905 64498 64899 54772 67378 52755 69395 56842 78822 56842 78822 56842 78822
33934 61477 44938 48448 41082 57181 45161 54815 46164 44408 42416 46247 42640 52659 40327 53072 40798 52310 42031 52310
33567 58829 40606 48475 43429 53289 47053 43842 48399 45069 50003 44695 40308 53336 42000 53546 36155 55708 43905 55708
31680 56778 44053 54281 41057 51230 39631 44571 44486 40740 42989 47937 43002 46313 36685 48957 37729 54331 37729 48957
40783 73209 44877 70041 53194 69778 55075 62969 58414 63990 51844 68126 52142 63424 48098 67536 45492 70844 46456 67536
36652 70801 44829 59609 43447 60577 50374 53739 45849 52098 45166 58133 43447 60577 40502 59070 43130 58628 43447 59070
30474 53946 44152 50561 42041 45974 44546 46235 42589 44546 41711 46370 41711 46370 41779 45306 38026 46934 35933 46934

