34626 200593 100240 122477 87795 136786 98821 93146 92114 110742 76646 109002 83803 127242 90374 112033 90374 114546
31650 158741 108335 77826 70424 142241 92741 81755 77826 77750 70424 107655 70424 125741 70424 103273 74654 103197
39438 216549 115000 105723 103600 126756 130792 93756 108769 114293 82991 139360 103032 112380 112380 123071 128880 110256
38135 184441 87488 91552 89874 107471 88133 87570 97488 91230 88583 129585 75698 123971 89874 99553 89874 99553
31490 263947 111452 110653 94247 142760 109384 110840 110512 122782 112721 157474 111593 125884 108632 128092 91991 128092
44986 225964 93217 127486 75374 159665 110464 124874 108374 93665 87784 141747 87784 158247 77390 129947 77390 143165
40783 240328 112048 123283 90283 174328 117993 123283 139783 141328 90283 153846 89212 157828 89510 141328 82199 157828
36652 286287 111144 101999 91915 200998 118498 134168 100055 134998 86390 163373 85513 184498 93995 170313 93995 150668
30474 160354 90449 73098 89598 107543 89515 95544 93335 79466 93335 92316 93335 92316 74119 107543 74119 91043
33934 211202 93461 94208 112576 144764 96572 144518 97820 108653 76213 111142 83560 124966 112576 148315 112576 129511
33567 319756 131369 118132 97110 182174 106390 135936 115232 130427 115232 152045 93116 178006 101786 166254 101786 163319
31680 242874 123963 129026 85380 158047 119622 127477 116093 119622 91170 119726 94476 147180 85433 125670 85433 108807

