42469 66229 53044 57641 50418 66030 55863 55684 56154 52209 56154 57641 56154 68960 48632 66092 50404 62693
36565 65609 45555 45110 42247 56732 47750 50494 43312 45110 45110 47750 45111 47750 42747 48364 42807 48364
39259 68557 48813 48458 43583 53835 48555 52459 51453 48555 48813 53738 48813 60637 50727 60637 43875 57997
34820 67881 44686 46413 41527 47600 44240 44981 46386 45130 48588 47720 42610 46266 43622 48511 43622 48807
31860 60496 42414 46653 42167 50734 46400 42613 42967 45203 43464 45656 46702 44955 44013 50337 42213 46653
35292 68449 47844 44852 41706 48310 44801 47177 45507 45126 42867 45722 47227 46531 49817 45723 41149 45723
31043 65135 47896 44559 42957 58030 42616 47896 44015 43087 38982 47309 37878 48367 38511 52298 41351 52750
39929 55474 44914 42455 45209 56327 50489 53129 50489 49194 45209 50489 45209 53129 42864 53129 42864 53129
31795 67248 44281 42659 42357 52543 46843 48168 45938 44364 50164 50507 50164 50579 43148 50884 43373 50124
33099 73910 46694 52665 49436 55654 47033 58710 50985 51361 43453 52461 42942 56105 45207 56754 45182 56302
39602 63362 47522 52802 43827 54387 49107 45730 49073 49177 44882 50762 47522 50762 47522 54387 47522 54387
41231 57158 51791 49042 44449 54518 49238 49729 51310 49238 48670 51878 48670 51878 44449 51878 44449 51878
35684 50703 40684 40964 47261 45788 43148 43148 40684 43148 40143 49901 40143 49901 40964 45788 40964 43604
39796 58276 45076 50356 52517 55636 47716 50356 57797 47716 55157 50356 55157 52996 55157 55636 55157 52996
28522 71360 45520 46629 38765 51713 44463 47927 44427 45770 42719 46461 39585 48952 39184 53552 42434 53552
33754 71398 49153 56679 55078 63828 53218 51553 52092 53604 49984 60191 48810 58531 48711 56196 48711 58836
37520 60937 44625 45368 39997 45494 51081 44264 45277 44264 42637 47917 42637 47574 44625 50720 44625 50720
34927 58399 44479 44263 43995 54483 50084 49275 47444 44263 42559 49203 48378 49203 44140 49203 42846 49203
33928 51686 44737 44737 38486 47377 47479 41848 47479 42097 44839 44488 44839 47377 38486 47128 38486 47128
33497 54261 43701 46341 42499 47374 41587 47104 47374 48118 39387 44414 39387 46003 41182 41757 43701 44734
30222 62089 43442 42422 44731 46953 44377 45373 42611 41571 41466 45853 41943 46018 43149 49552 43149 45914
28586 71136 51018 48217 45635 54778 46594 55694 52227 48350 45075 53260 44618 53142 47259 58379 47259 53481
30475 60056 41104 40728 38640 49199 45510 43919 44531 46559 39251 46008 39802 49199 42452 46560 42696 46560
41798 60278 52358 49718 44438 57638 49718 49718 49718 49718 47078 49718 47078 49718 47078 49718 47078 49718
44901 76444 58101 60604 50044 65884 60604 60604 55324 63244 55324 63244 52339 65884 52684 65884 50044 65884
33934 63199 47099 41569 41533 50860 44021 45927 46325 44807 39302 45966 39116 45915 41533 50548 43276 47560
33567 68640 49945 51067 41633 63693 51249 50160 51212 51206 48572 48851 40434 60720 39947 55440 44049 60510
31680 63418 47831 48088 41776 58174 40742 43285 42866 43541 39301 44014 39292 55177 48032 46957 45392 44051
34626 64186 46219 49825 42801 57362 47826 46021 44477 50721 44863 49760 43961 52400 42801 48080 42546 52211
31650 50130 45830 42210 43041 48541 42210 37981 42210 40621 39952 43261 40401 46955 40401 46585 42210 46585
39438 63219 51971 50090 55228 52923 50272 52305 50586 52589 50818 50727 49402 53316 50818 49027 50272 48745
40783 72463 51249 59263 50986 64543 53983 56623 56623 55552 51343 60536 47930 65553 48703 61903 47632 61903
36652 73611 59552 49526 48992 61806 48844 53648 50622 54272 47628 60679 43029 61568 47212 61984 48992 59521
30474 50831 40111 41027 40535 48515 40535 43175 40535 40525 38133 45629 38133 45629 37471 48939 37954 48939
38135 56667 47849 50049 42241 45139 45978 47533 43597 43216 45978 47268 39601 47456 44306 49270 43597 44952
31490 64228 42912 48975 41682 47487 43382 47620 46022 45082 44839 45889 44181 47111 42151 48184 43562 46766
44986 74026 52906 59257 50266 65360 55546 62197 55574 55546 52906 61302 52906 63942 50294 63616 55696 60826
32056 59181 45224 45256 38835 48249 41728 44449 42806 41577 44147 50063 37828 47160 41728 49478 41728 45609
33162 61406 45566 41082 45566 49002 43722 46362 45643 46362 43092 51642 43645 51642 42926 49002 42926 49002
30492 58487 45395 40131 40819 54772 46051 43408 47398 50251 43339 43749 44866 48284 45057 47679 45979 49824
29281 60548 45691 41861 37099 53143 41809 44087 38912 44245 41652 45903 36272 48436 39326 47294 39326 46675
34495 62022 48944 41248 43888 49344 49216 51882 48096 44859 50234 48020 45557 48272 48197 46704 48197 46330
34281 64323 46970 52687 42929 55401 52050 47425 49405 46771 50849 53763 42930 48885 46771 48175 47644 50413
39666 54284 47586 49004 47586 45649 42908 49725 47586 46462 47073 55615 47073 55615 50226 54899 50226 54899
29448 57148 47982 40383 37101 43852 39741 42594 40115 40837 39096 44228 39538 44670 37101 46843 37101 44001
37488 61248 46729 48048 48046 55968 48048 49369 45408 50688 42768 52009 48046 54649 48046 55968 42768 55968
30791 60467 38648 42487 41047 44757 44624 42182 43367 42427 44627 46395 44627 48658 43304 46828 40732 44562
36486 60246 44406 47046 38366 57606 47046 47046 47046 47046 38527 47190 38527 51745 39126 54966 41766 52326
33145 50923 51087 35282 42861 42842 41675 41999 39609 40867 39897 40867 38641 40992 48141 43705 44548 37922
34429 63111 48859 52909 41452 52909 51215 50138 45557 51038 43247 49143 42196 52909 46987 50269 46987 52909
33891 62931 47091 44451 36531 57651 44451 44451 41811 44451 41811 49731 41811 55011 36531 52371 36531 55011
42586 61066 53146 50506 45226 55786 47866 50506 47866 50506 45226 55786 45226 55786 46464 55786 47866 53146
34040 68120 49080 50080 48200 50760 46160 47960 46560 50200 48600 52760 45840 52920 46480 53240 44160 55880
31667 63347 44458 50147 42227 52787 44783 48313 47423 49542 44262 46278 41393 51558 44384 52182 44384 50147
31462 58103 44037 42741 40583 46774 42164 48648 46007 50711 41354 51046 39819 50423 40869 45381 40869 45381
33135 63738 42989 50083 42751 52444 44010 45535 46607 43772 43366 49392 41327 46602 46561 47994 41607 46979
44703 60543 49983 52356 56851 69402 49983 52893 52221 49983 59491 58413 59491 58413 56851 55263 50200 57471
52294 55121 47201 53837 50474 60214 47575 50215 50474 47575 47834 52855 47834 52855 50474 62854 50474 62854
29351 69696 49783 44434 45018 55422 48280 45626 48388 52786 48198 53613 43829 51869 41986 56683 44108 54819
40273 62729 45776 52169 45235 57894 49529 47335 43518 49974 43518 55254 43518 55254 46158 51311 46158 53250
34736 61542 41449 48166 45073 47310 44841 46851 45471 45758 42267 47944 43925 45708 44899 56888 44899 50806
44302 65422 52222 54862 46942 57502 54862 60142 48463 57502 48806 60142 49582 60142 49582 50969 49582 50969
35121 48321 43041 40401 42119 48321 44759 44759 40401 44759 37761 47680 38349 47680 41555 43041 40401 43041
47132 72008 62972 55169 55052 70892 57392 60449 55169 57392 55002 65612 54635 70892 57692 62972 60332 62972
40297 57875 45170 63626 40349 54389 45216 52879 42989 49319 49683 63324 43132 60684 55706 51447 51256 51447
38263 59383 43368 53960 42057 53092 50452 55432 48823 50452 48471 55379 49231 53092 40991 51410 44819 53092
29235 61879 41684 45000 40502 49446 44382 43378 43090 44197 40532 45276 46582 48133 43449 44196 37810 53197
46392 67702 56209 57142 47798 60998 55718 59592 55718 58358 56952 59591 47798 60998 53569 58358 54675 58358
29913 52373 41813 37795 39783 50343 42423 43915 38178 40473 35538 42501 39783 45103 38943 43648 38943 44987
35324 54873 45884 48397 45884 48397 44313 43244 45884 45757 45884 46953 45884 46953 45485 48397 45485 48397
28766 61726 41572 42697 41809 47297 43141 43899 47507 46880 40160 44030 40160 46800 39378 47453 40501 43924
39806 75616 54496 55646 50247 63565 53006 58286 51436 60926 47607 63566 50247 61710 50366 63565 50366 63565
44456 74053 60296 55573 55573 62088 59430 55016 52468 53814 45894 65576 45894 62936 58213 57656 54371 60296
32644 56436 40633 37282 37134 51358 42054 40853 47101 48718 44461 44694 37955 43493 41509 45750 37627 46078
32255 49230 40665 38670 38670 41310 36030 42495 34587 38670 36030 41310 36030 41310 36030 41310 36030 38670
34282 68282 48337 57912 45162 56761 47162 47904 48926 52442 45430 54388 45141 56067 45058 55593 47858 55593
36124 61873 42055 43947 41371 53299 48656 50056 47861 51296 43217 52186 40180 54635 39671 52170 39671 49450
34019 65275 46795 49435 40898 57090 46530 51810 49170 49170 43890 54450 45056 58564 44984 56420 44984 53780
35812 59038 43633 46372 40791 56398 46372 48712 46372 49012 43701 51352 43701 54292 43433 54292 43433 54292
35623 67303 51463 56427 48507 59406 56743 48823 51515 54769 48875 54769 43595 56743 40903 60888 40903 57409
35171 74891 53554 52681 45537 58931 49048 55518 53093 51010 45102 53845 45027 56873 45997 58737 48079 55951
36319 52218 45449 44826 41657 44372 42649 45289 40674 43776 39857 47466 40767 42715 40296 44826 40296 45289
31965 61005 42525 40090 39885 50445 42461 45101 42461 42461 42461 47741 42461 47741 41436 50445 41436 47805
48554 74954 61754 59114 59114 57673 55171 61754 47662 55171 47662 61754 47662 61754 47662 55033 55171 55033
32478 62223 48318 43532 41731 46355 43951 49339 41154 42459 38383 43245 39218 46459 42594 47820 44370 42383
39432 50240 49514 47352 46874 49992 44712 44960 49514 44712 49514 47352 49514 47352 46874 48674 46874 49992
31563 50953 40725 37753 34952 56389 38085 42458 37840 38085 32805 49876 34952 49876 36431 49876 37257 49876
34525 63857 44906 47725 43877 43593 42445 43405 43005 41656 42896 43572 41184 48264 42336 44974 48107 50670
34238 53729 45809 44967 41526 50984 43169 47438 44060 42353 41420 48344 40437 50984 43985 50984 39882 50984
37571 63275 47435 50771 46462 58208 52162 48131 53968 54732 47710 50702 46810 57234 47435 52090 47435 51742
37533 53373 44629 53741 48513 49909 48461 48461 45990 52211 45990 51101 45990 51101 48513 49909 49571 47269
29190 66334 47809 43197 39805 56660 48390 49773 48924 45122 47223 52861 43781 51206 42482 50715 42482 53086
40905 58456 46064 51790 42099 50221 42778 48401 44183 44851 41707 48262 45297 52771 41655 53406 43488 48262
42444 74066 54650 63564 48433 63564 56874 58582 56177 58582 56874 61222 50188 61457 47548 63564 47548 63564
44174 61876 55966 54734 47719 58934 53367 53367 54734 56007 52094 53232 52737 57923 56241 50592 56241 54734
28434 69121 46057 41138 42406 48968 44609 49873 43914 43914 40035 48472 39130 46445 43345 45985 45795 45985
30230 69573 41919 44501 41618 49081 46584 52404 46326 43493 46879 45186 46879 45186 41731 45186 41599 45198
31480 57888 46159 42048 41340 53063 44804 45610 42574 45507 40117 45273 44804 43861 40409 48250 42640 42685
46535 70295 59735 54455 54455 49503 55504 58144 55504 59735 54455 60784 46863 60784 57095 48714 57095 48714
33336 66189 47544 49176 47544 55719 49176 50901 49176 50532 45409 54940 46654 55629 46738 59159 44152 59159

