34282 36172 34812 35302 34792 35322 34792 34685 34792 34982 34792 34812 34792 34982 34546 35132 34546 35195
36124 32841 31222 36974 32516 38412 36634 32197 31222 37144 31052 37314 36464 38242 29722 38072 29722 38242
34019 35889 34529 34529 34699 38898 38218 38218 38218 38048 38048 35039 35176 38558 34359 38558 34359 38558
35812 37172 35982 38491 35989 36395 36492 35885 36492 36492 35715 36492 35982 36832 35982 36225 35982 36395
35623 37663 36473 36303 37020 37153 37139 36303 37139 36303 39339 36473 36015 36813 38078 36643 38078 36643
35171 38303 36773 36191 39265 37477 35681 36385 35705 36191 35511 36869 39265 36555 36433 36555 36433 36361
36319 37849 32212 36829 31872 37169 38189 33555 33385 36999 32931 36999 32042 36999 32042 33367 32042 36999
31965 33835 32305 32475 32305 32985 32815 32985 32815 32815 32815 32985 32815 32985 32305 32815 32305 32815
48554 50254 49234 42343 49234 42853 49064 49234 49234 49064 49234 42513 49234 42513 49234 49234 49234 49234
32478 34518 33328 31680 32988 35524 35354 32988 34688 32177 35915 32190 32818 35524 32988 34858 32988 34858
39432 40112 39432 39942 39432 40112 39602 39602 39602 39772 39432 39942 39432 39942 39432 39772 39432 39772
31563 32923 32243 32073 31903 32243 32487 32073 32243 32487 32073 32073 32073 32073 32073 32243 32073 32073
34525 33954 34525 35035 32424 34836 35035 33104 34865 33104 34695 33655 33005 34666 34695 34396 34695 34566
34238 35428 34748 34748 34578 39606 34578 34918 34918 39266 34578 39436 34578 39436 34408 39606 34408 39606
37571 39271 37911 38081 37571 38591 42078 38081 42078 38591 38081 38251 42078 38421 37741 38251 37911 38251
37533 38553 37873 38043 37533 41390 37703 37873 37703 37873 40710 38213 40710 38213 37533 38213 37533 38043
29190 33056 30151 29870 31839 30302 30615 32627 29792 29417 29792 32974 31786 34262 30462 30040 30462 31596
40905 41276 39746 41585 39576 36344 39746 41892 40826 34102 40656 41755 39746 41585 40656 42062 34102 41925
42444 44484 42418 41293 42954 43634 40953 41122 41246 41357 40783 43294 40847 43464 42614 43634 42614 43804
44174 45194 45233 44854 45233 45024 44514 44514 44514 44514 44514 45403 44684 44514 45233 44854 45233 44854
28434 31097 29828 27680 28020 32133 29691 29181 31886 29521 29567 31963 29658 29351 28868 33183 28868 31793
30230 33901 34189 32666 34548 34538 31636 32549 34869 34359 33938 33615 33938 33615 31510 30434 31224 34073
31480 33350 31289 33225 30714 31347 33624 31820 32160 31289 32863 31517 29814 31459 32160 31177 32160 31177
46535 48065 47045 46705 46705 47045 47215 47215 47215 45454 46875 47215 46875 47215 47045 47215 47045 47215
33336 35546 34016 32903 33846 35268 34016 33590 33846 37139 34016 37139 33676 37139 33499 37309 32456 34356
33891 35761 34401 34401 33891 35251 34401 34571 34231 34571 34231 34741 34061 35081 34061 34741 34061 34911
42586 43776 43096 42926 42586 43436 42926 43096 42756 43096 42756 43436 42756 43436 42756 43266 42756 43096
34040 34410 31150 31330 33770 33080 32460 32460 31840 31660 32800 32540 32460 32340 33640 32290 31260 32580
31667 33707 32007 32517 32177 33027 32433 32177 32433 32603 32263 32347 32942 33324 31837 32517 31837 32347
31462 33162 31972 33488 30026 32723 32043 33148 33318 32723 33148 31684 31873 32553 31802 31854 31802 32142
33135 33210 31803 32344 31850 34402 32190 33815 32020 32174 32020 34232 31664 33630 31773 33985 31959 32793
44703 45723 45043 51712 45718 51712 45043 45043 44873 45043 44873 45213 44873 45213 44873 45213 44873 51542
52294 53654 52634 52804 39655 52804 52634 52634 39825 52804 39655 52974 39655 52804 52634 52804 52634 52804
29351 30727 30684 29683 30031 29748 30201 30201 31411 27896 30380 32197 31166 30573 27685 30233 29408 32022
40273 41633 40783 40953 40613 44294 40613 40613 40613 40783 40613 44124 40613 44124 40613 40953 40613 40953
34736 36437 36677 35416 35767 33465 34847 34847 36162 37942 35992 35815 35992 33642 36507 35526 36507 35356
44302 45662 44642 44812 44472 44982 44982 44982 44642 44982 44642 44982 44642 45322 44472 44982 44472 44982
35121 35971 35291 35291 35121 35801 35461 35461 35291 35461 35291 35631 35291 35631 35291 35461 35291 35631
47132 49172 45234 47812 52800 45404 53480 45234 53310 45064 53140 47982 52800 48152 47472 47982 47472 48152
40297 42167 40807 32542 40467 36627 41147 40977 35323 41317 40637 41487 40467 41487 40637 41317 40467 41317
38263 39623 38263 38943 38433 38970 38460 38773 38290 38943 38603 38943 38603 38800 38290 38943 38290 38970
29235 31015 29295 29915 28926 31136 29414 30085 33235 31795 33919 30184 28926 30966 32227 30273 32227 33575
46392 47752 46562 46902 46902 47072 46902 47072 47072 47072 46902 47072 46902 47072 46732 47072 46732 47072
29913 31103 30253 30423 33525 30593 30423 30253 30423 30253 30253 30423 33525 30423 30253 30593 30253 30423
35324 36684 36004 35664 35834 35664 35664 35664 35664 35664 35664 35664 35664 35664 35834 35664 35834 35834
28766 30976 29131 29446 29524 29550 30753 29237 29955 29483 29653 29498 29274 31148 29446 29498 29446 29667
39806 41846 40486 40656 40486 41335 40315 40996 40434 40996 40264 41166 40486 40996 40146 41165 40146 40996
44456 46326 45136 45136 38824 44966 45136 44966 44796 45476 44626 45306 44626 45646 38994 45136 38994 45136
32644 33421 30741 32715 32545 32406 32406 31896 32406 32624 32066 32624 32066 34199 29557 34539 32066 34369
32255 31940 32765 32765 32765 31430 30920 31260 30920 31090 30920 32765 32595 32765 32595 32595 30920 32595
42469 43999 43037 43319 43037 43489 43189 43301 42979 42979 42809 43319 42809 46162 43189 43489 43037 43489
36565 37764 37245 37245 32080 37755 37245 36574 37415 37415 36404 37075 36574 37245 36064 37415 36064 37415
39259 40959 40109 39599 39769 40109 39939 40109 39939 40109 39769 39939 39769 39769 39939 40109 39939 39939
34820 36910 35380 35770 31974 32314 31676 31974 32144 34142 34810 32736 34640 32484 34442 32342 34442 32342
31860 32672 30972 31472 30972 32308 31014 31818 31422 31542 31522 31142 31001 31142 30944 32401 30944 34124
35292 37502 33209 32869 35972 33021 33039 33209 35213 34171 35043 36312 35972 33209 35972 33191 36142 33191
31043 33423 32876 31553 32196 33216 29926 32063 33937 31893 29675 31893 32366 32233 31949 33216 31949 32876
39929 41459 40609 40269 40099 40949 40439 40439 40439 40439 40269 40439 40269 40609 40269 40609 40439 40609
31795 35097 33492 32116 31908 32645 35395 33340 34169 30609 33397 33492 33397 32868 31101 32815 32626 32815
33099 33373 31374 31523 35508 32145 36522 34289 34946 31862 31335 32202 35508 31714 31333 34459 31503 34289
39602 41132 39942 40282 39942 40112 39942 39772 39772 40112 39772 40282 39942 40282 40112 40282 40112 40452
41231 42761 41741 41571 41401 40189 41571 41741 41571 41571 41571 41741 41571 41741 41571 41911 41741 41911
35684 36704 36024 35854 36024 35908 36024 36024 35568 36024 35398 36194 35398 36194 36024 35908 36024 35738
39796 40986 40136 40306 39966 40816 40136 40476 39966 40306 39966 40476 39966 40476 39966 40476 39966 40476
28522 31072 29202 29202 29032 29665 28815 29155 28645 29712 28475 31634 28862 29325 28695 29155 28695 30982
33754 35964 34264 34897 38136 36509 35927 38839 35877 36657 35877 34967 38136 34774 38136 35829 38136 35999
37520 39220 38200 38200 35057 38200 38200 38200 38200 38200 38030 38200 38030 38200 38030 38200 38030 38200
34927 36287 35267 35097 36173 35267 35437 36585 35437 35437 35267 36415 35267 36415 35097 35607 35097 35437
33928 34948 34268 34438 33928 34778 34268 34268 34268 34438 34098 34608 34098 34608 33928 34778 33928 34608
33497 34517 33667 34007 33667 34008 33668 33667 38067 33838 37897 33838 37897 33838 33667 33498 33667 33668
30222 31100 29450 30402 30477 30825 29404 29031 30530 28823 33481 28689 30647 28617 30729 30118 30729 31242
28586 36843 33751 29266 30858 30116 30984 32998 30954 30666 32236 29776 30851 32644 31028 32998 31508 32998
30475 32005 30815 31155 33371 31325 30678 32820 30815 32990 30815 32820 33541 31032 30815 31325 30815 31155
41798 42988 42308 42138 41968 42648 42138 42138 42138 42138 42138 42308 42138 42308 41968 42308 41968 42138
44901 46804 45411 45751 45071 46124 45444 45444 45274 45784 45104 45784 45104 46124 45104 46091 45104 45921
33934 35416 30942 31068 30602 34440 31472 35703 33013 33760 32673 34270 32673 34270 30602 35873 30602 37651
33567 35947 34077 32204 34003 32884 32204 34587 34451 34683 34281 35118 33097 35820 31694 34587 31694 35023
31680 36061 30056 33704 31172 32014 31275 31105 34752 34981 32190 31976 34811 30226 34361 34922 34361 33844
34626 38132 36942 35306 36942 35646 36344 36772 35306 37452 35136 38226 36942 37410 37886 35136 37886 35306
31650 32840 31990 32160 32160 31990 32160 31820 32160 31990 32160 31990 32160 31990 32160 31990 32160 31990
39438 39072 37882 40118 37712 39948 38052 39353 37712 37882 37542 39353 37712 41492 37712 41492 37882 40118
40783 42823 40953 41633 41293 42313 41463 41633 41803 41463 41293 41633 41293 41973 41123 41803 41123 41973
36652 39032 37332 37332 36626 38012 36992 38088 36822 36782 36992 37672 37162 38012 37408 37842 37408 37672
30474 31834 30984 31666 30307 29710 32767 30647 32767 32600 32597 31154 32597 31154 30561 29880 30561 30901
38135 39036 37846 38815 37846 37846 38016 38645 33312 37846 37676 37846 37506 38016 37676 38645 37676 38645
31490 35526 33826 32340 32951 30742 30677 32340 31259 31371 31512 30507 30959 31317 30072 33761 30072 33761
44986 46856 45326 45836 45815 46176 45645 46155 45645 45496 45326 46006 45326 46476 45496 45836 45496 46006
32056 33926 32396 32736 32396 32906 31487 32332 32736 32672 32566 33076 32566 33076 32566 32736 32566 32736
33162 34522 33502 33502 33332 34182 33842 33672 33332 34012 33162 34012 33162 34182 33332 33842 33332 33842
30492 32192 31002 38787 30678 33855 30832 34916 31002 31342 30492 31512 30662 35086 30662 31994 30662 32334
29281 31491 30131 29961 28535 29924 29858 29924 32016 29924 28365 29924 29688 30094 29518 29924 29961 29924
34495 32503 32978 35005 30973 30534 34353 35345 31313 31313 30600 30770 34353 32094 30973 35345 30973 35345
34281 36642 34791 34961 34621 35962 34621 34791 34621 35622 34791 35452 34081 34961 34251 34081 34791 34961
39666 41026 40006 40006 40006 40176 39836 39836 39836 40176 39836 40346 39836 40346 40006 40176 40006 40176
29448 31542 30915 31425 27600 28565 29326 31255 28565 31085 28225 31425 28225 31425 27770 28905 27770 29216
37488 39018 37828 38168 37828 38678 38168 38168 37998 38168 37828 38338 37658 38168 37828 38508 37828 38508
30791 36047 30647 31471 34687 31157 34857 30817 35027 34517 34857 34687 31471 30817 30817 30817 30817 34687
36486 38016 36996 36996 33203 35477 33373 36996 33373 34967 33203 35307 33203 35307 36656 35307 36656 35307
33145 34845 33995 28555 33655 28895 33995 33485 33655 33825 33655 33825 33655 33825 33995 33655 33995 28555
34429 36129 34769 35279 34599 35619 34939 35279 34769 35449 34429 35789 34769 35619 34769 35449 34769 35789

