34626 136593 49023 69697 46766 63121 57986 52635 51538 57639 45799 60670 45799 63120 49023 59597 49023 59597
31650 107541 57721 44772 39409 57041 48450 50945 45074 46941 37521 55831 38426 57041 41750 48299 47621 48299
39438 146149 47132 55720 51400 58339 55178 57560 55178 52205 51992 59401 52771 68039 59472 57939 59472 57939
38135 126841 44074 39265 46074 57853 47686 48364 46785 60950 41781 65854 51881 60950 47042 58335 47042 58335
31490 174347 56478 45439 48870 74422 59106 65874 53941 62819 45768 63383 45768 63524 48870 59816 48870 61790
44986 155564 63917 54340 47430 79165 69065 63917 62574 69065 52474 67647 52474 77747 47430 75286 55086 75286
33934 140802 49530 60312 44099 69664 59628 64983 53651 50897 53651 60860 43973 68967 46042 64234 45917 64234
33567 210956 51364 60494 41454 84174 53874 59769 51554 61619 42713 71719 41190 72430 42314 63867 42314 63867
31680 159674 56195 61000 47023 66012 54205 57225 55470 51078 45370 58725 41987 75647 47023 58881 47023 57225
40783 163528 58070 60983 49812 82728 62528 71083 60983 69834 50883 86355 50883 86355 49812 79221 49812 81183
36652 190287 58632 65468 45268 76398 66298 61911 55368 66298 55368 68613 45268 78713 47168 61911 47168 66952
30474 109154 47111 47959 40658 48383 49912 50167 49997 47534 37688 57549 37688 57549 50758 50674 50758 50674

