38135 37617 38299 38299 38217 38258 37371 38258 38299 37330 37289 38340 38299 37371 38299 38258 38299 38258
31490 31552 31142 31695 31654 29862 29903 31695 29867 31936 30326 31695 29826 31736 32582 32582 32623 32582
44986 45437 45068 45191 45027 45273 45109 45109 45068 45109 45068 45232 45068 45273 45409 45191 45409 45232
40783 41275 40824 40988 40906 41152 40947 40988 41029 40947 40906 40988 40906 41070 40865 41029 40865 41070
36652 37226 36816 36816 36693 36980 36734 36857 36693 36898 36734 36898 36775 36980 36734 36939 36734 36898
30474 30802 30597 30638 30638 30385 32342 30597 32342 32342 32342 30638 32342 30638 30556 30385 30556 30385
33934 34303 34016 34057 34057 34139 34057 34057 32626 34057 32544 34139 32544 34180 34016 34139 34016 34139
33567 34141 33690 31559 31980 33813 33698 33813 33806 31565 33765 34358 32021 33862 33731 33813 33731 33862
31680 32172 33561 31885 31844 33798 34635 34717 31844 30759 31803 33229 34553 33561 31803 31885 31803 33520
34626 34995 34749 34790 34667 34872 34831 34667 34790 34790 34749 34790 34708 34831 36596 34749 36596 34790
31650 31937 31732 31773 31773 31732 31773 31691 31773 31732 31773 31732 31773 31732 31773 31732 31773 31732
39438 39505 39218 39602 37196 39561 37278 39602 39643 39177 39561 39095 39602 39602 37196 39602 37237 39602

