34282 59654 36810 53409 41233 48506 42139 43698 41875 42804 42786 48042 41393 43387 34685 48467 34685 55462
36124 49828 35866 46825 40029 52491 37892 45178 44316 37944 41808 43276 37033 50605 35098 51116 35098 49417
34019 59751 37021 45527 38306 52696 47213 47527 47527 45370 44586 49081 40598 50899 37552 54899 37552 52779
35812 62317 38592 46032 37889 56878 48915 49132 48076 49459 45306 48521 37889 55938 37889 52576 37889 56878
35623 61990 41799 50366 37328 54338 42481 44374 42140 51313 43958 51323 40169 47406 37328 50549 37328 50549
35171 59687 38115 52163 41120 54782 41920 50325 44340 41718 44065 42331 40695 50587 38137 51616 38137 53205
36319 50429 38392 47833 37280 51305 36113 43659 45001 41226 43097 44289 37280 50266 35993 45077 35993 51304
31965 57514 34493 47509 37825 44612 39306 38666 38974 39306 37030 40942 37030 40942 34493 49929 34493 49929
48554 73033 47114 78355 49282 64469 49631 55638 56791 49631 47213 56451 47213 56451 49282 65350 49282 65350
32478 57427 36661 40145 35626 39703 38115 43021 49160 37187 38147 42599 39391 44921 35626 43983 35626 43983
39432 68614 47294 64356 43094 68614 54756 49202 50588 56551 47294 63610 47294 63610 47294 57628 47294 57628
31563 51624 35665 42772 37418 44237 39046 54743 38558 38382 36490 41067 36490 45270 35650 41943 35650 40680
34525 53253 32144 44531 35495 44357 41473 43359 40303 44479 38393 41825 42610 44357 32478 42746 32478 42491
34238 59578 43760 50862 40798 58942 46161 47512 47267 47880 41167 53579 40976 53915 37133 58942 37133 58942
37571 62474 39664 49940 43623 64122 47096 52914 45689 53423 50321 49172 52118 55874 40151 53276 39664 53276
37533 75139 41412 56114 45186 58553 53195 45686 51492 51606 47428 56243 47428 56243 45186 53744 43247 58553
29190 53990 34248 39067 34481 43155 38308 38622 36920 43226 37788 41846 38964 41752 32684 39314 32684 39470
40905 58508 40766 48727 39356 49230 45344 47452 39942 41830 38483 45134 45460 46945 39720 51044 40248 46710
42444 70191 43601 65447 47295 64366 58983 56690 58039 54090 51843 54003 47372 60207 40492 64775 42988 63369
44174 82578 44659 72050 50602 71792 56046 52706 52706 58459 47521 60677 54320 64329 44659 72050 44659 72050
28434 50354 31691 39932 35578 37663 37841 36848 36437 34672 40117 35788 38381 36692 36210 38704 34563 39763
30230 54789 34279 48104 37315 45713 43022 36015 41910 41452 37906 45359 37906 45359 36571 47949 35352 46241
31480 50402 36332 39551 38279 37825 38768 39386 37875 38803 36005 39774 40916 40071 37545 45162 34796 45162
46535 67765 49256 49873 47442 61797 57865 60715 65335 49911 59222 50559 59222 50559 49256 63977 49256 55725
33336 58011 39225 50367 39675 49108 43522 43973 41699 39950 43305 46329 44089 47211 39742 47591 40150 47867
33891 58975 35248 47262 36119 48931 42897 43262 41910 40920 41964 40673 39617 44926 34569 45910 34569 51086
42586 71222 51268 56173 46794 61974 52538 54382 49908 52538 49851 61974 49851 61974 45794 64202 45794 59578
34040 51857 33857 45868 34965 47321 41142 40937 38243 42424 40087 46083 37002 44845 36034 43662 36008 49584
31667 55107 33362 44761 37974 46792 41139 42451 40339 42504 38362 40479 36997 47476 32389 42618 32389 43758
31462 53411 35125 49171 38600 53188 39146 43802 36109 51198 36147 41255 35020 49451 33044 47404 33044 42269
33135 54429 33593 47133 37364 48839 39474 42740 40461 37013 39882 40935 39408 47261 34374 45144 33688 46505
44703 77786 49586 70026 56830 72397 64983 55577 61237 64983 63828 62252 63828 62147 56654 66750 56654 70026
52294 69002 41846 62051 46956 69002 55100 54929 43002 62051 39655 65398 46436 65398 42881 69002 44967 69002
29351 49580 34974 40601 33800 40885 36230 33005 37269 36014 36000 37809 34593 39689 36140 40401 36140 39293
40273 72403 43523 64562 41776 60364 51350 46206 43460 56082 44449 60364 44449 60364 41776 60466 48899 60466
34736 59551 35821 46900 37126 47267 40865 43530 45203 39772 40007 44575 40007 51446 35821 54048 35821 55738
44302 65595 46662 64626 47336 59975 52974 47749 46967 63687 46124 52236 54886 66047 46409 52236 46409 60906
35121 61114 39430 46047 36823 56750 45951 51081 43872 48425 42615 49161 42615 49161 40098 52219 40098 53904
47132 74770 52927 67160 46117 66017 53987 54123 54185 49316 52644 64635 51539 62294 46952 66299 46952 70674
40297 58643 35991 54312 38974 65617 53559 51118 40799 56431 50944 46841 45709 48077 40092 57647 50559 49260
38263 69415 38986 58906 44773 59188 54213 51214 49660 53588 40952 58678 44773 58678 39956 53941 39956 59585
29235 50875 29705 42087 36871 44696 34753 35302 34186 42113 32876 41412 36871 41579 32800 44861 33751 41463
46392 81056 52291 70734 51056 69942 59551 66855 61868 59551 55479 69681 51056 68678 52251 69681 52251 69681
29913 56311 33085 43384 35353 45611 37954 37017 38350 47809 39287 39409 40030 39409 35353 42766 35353 41746
35324 65840 38740 50802 38699 54078 51897 48409 48409 47794 43973 51412 43973 51412 41337 51412 41337 56299
28766 49422 29848 41904 34204 40811 37612 35060 38580 37796 35681 38924 35004 37930 30833 38913 30833 37984
39806 75519 43353 61604 47781 65279 50528 56109 50349 54206 47204 57351 45113 58722 41866 62887 41866 60406
44456 76686 47029 53181 50170 55466 55116 55937 54414 56752 60091 60979 60091 66348 50228 60635 50228 64061
32644 51194 32466 44057 40054 40087 41327 38045 39955 37211 37298 38644 40054 41433 35340 44723 35340 44723
32255 53508 34173 42207 43878 44175 38922 42583 36822 39342 36662 36330 42207 40786 37434 39194 32421 39194
42469 76671 43300 63441 45914 69687 51634 58051 51428 49148 47218 64730 47218 70117 47089 69687 45293 69687
36565 55528 38840 56898 34483 49345 45149 43289 41372 40064 42825 49684 41622 46529 34006 55216 36929 55868
39259 65947 45260 58969 44320 66948 53073 46981 46981 52930 41596 60620 41596 60188 43533 56694 43533 56262
34820 57676 31912 45318 37329 45191 39978 43987 41756 42595 40124 42877 38726 40967 33170 43811 33170 43811
31860 53448 35112 41506 33816 43806 39875 38611 39241 38965 39927 38346 38730 38296 36440 41781 36440 44191
35292 50769 36592 44177 38183 47467 40066 41017 39354 42299 36281 43701 37096 47684 35757 43277 36020 43277
31043 54018 33032 41220 37313 43402 35537 41438 38611 43524 39776 37549 40088 41511 36335 39881 36335 41941
39929 67911 40606 61093 36600 56920 45200 52064 47514 52148 38698 46952 38698 49850 45792 57599 38664 57599
31795 54148 31854 41159 34029 39816 35845 38332 38305 38348 37828 39329 37828 40914 33314 44063 34266 44063
33099 52758 33182 48768 34319 42693 37124 46555 40252 41826 36870 42591 34319 42023 40597 46555 37955 46555
39602 68912 40645 59070 41321 59481 50988 55074 47593 52829 41867 47674 41946 51152 42155 54119 42155 54119
41231 67303 40623 51827 39169 59584 53498 46362 41858 53498 45127 57349 45127 57349 39605 57349 41276 57349
35684 61300 47453 47858 41858 54816 51437 51910 58894 51437 54098 48670 54098 48670 40267 54816 40267 53255
39796 69247 42506 58497 52490 68460 45739 58323 59569 53953 54763 59546 53531 59546 50297 62517 50297 62517
28522 49184 29990 41496 35456 38030 37390 34779 32760 37067 34606 34901 33791 35936 33628 40034 33628 39165
33754 59591 37201 57604 38118 55598 45931 49800 44896 47678 41466 48500 38118 50463 37075 48995 37075 51849
37520 60099 34723 46525 37977 44994 41956 44298 41834 47108 38209 44553 38209 44422 34656 44553 34656 44553
34927 60903 43566 53767 40375 57146 47837 46660 44199 50496 38970 50569 41013 50569 41864 57093 41864 59907
33928 59038 37697 53693 35024 56366 44297 45850 42268 46857 44688 48201 44688 48460 35024 56366 35024 54015
33497 58288 38413 49648 45620 55095 46680 47085 46866 44015 40857 50024 40857 53746 36690 51054 36690 50623
30222 52083 29911 40789 34385 38678 37084 34327 35141 36390 41889 37875 35353 37993 30871 38741 30871 40148
28586 53440 32168 45068 35189 45792 36996 38817 40159 36458 41016 42448 37976 41323 34112 40076 38472 42969
30475 53455 33462 46070 35386 57846 48365 44129 42418 42532 42145 41288 38815 49509 34780 44434 34780 52049
41798 72732 45094 59700 43298 61591 45753 53438 53438 45753 44534 54094 44534 54094 43298 60919 43298 59700
44901 77896 48272 64595 48593 69064 51402 50610 52933 54337 50431 56839 46450 65874 46450 67618 46450 67566
33934 52550 36367 45638 40517 55264 43709 46483 38798 38597 39462 42469 35278 45681 40517 51597 40517 49286
33567 59294 34720 43813 36086 47264 41106 39832 39762 38941 40514 41248 39842 48940 36552 44982 36552 50978
31680 60887 35753 50698 36236 53589 37716 58328 46868 37859 37507 42107 37657 40200 34263 42681 34263 42462
34626 64181 39353 56100 40149 56828 46638 44940 46491 46571 44005 50267 43465 48499 41104 55012 41104 48807
31650 55075 34614 45011 41034 42909 41000 37211 37383 41486 37140 44429 41034 44083 42663 48748 41545 45988
39438 65797 38575 54841 42261 53479 46832 45836 44999 46835 45915 49812 46283 53449 40583 53220 41905 53478
40783 70969 41643 58559 47849 65687 51779 56843 60823 49847 47692 57306 48634 60671 45207 59219 46543 63881
36652 68631 38696 50841 44418 55886 42791 48797 41759 49894 40896 43261 40062 53581 39751 49776 37138 54853
30474 52292 33090 46458 38175 40608 41984 37012 40162 40842 40717 36817 40717 36817 36430 46568 36430 41618
38135 60408 35074 44937 38702 50475 40708 43912 46989 40325 43427 47709 40658 50591 36028 50246 36028 50246
31490 51119 32794 42438 33997 40112 39451 43283 39842 38487 35983 41783 35319 41789 32349 42410 32825 42410
44986 78282 46699 71944 46864 68894 53655 61256 55784 50674 51557 65680 51557 67558 52781 65856 52781 70355
32056 55783 32641 45074 33012 41956 38328 40586 39302 39125 35385 40056 38048 41956 35324 42691 35324 42691
33162 57708 39729 42830 42326 52272 43062 43746 43254 47124 46618 49898 46618 50614 41089 47808 41089 47808
30492 60218 31377 43804 35234 41687 42536 37084 48161 38394 39119 41553 38646 39136 36747 39782 36747 41842
29281 47897 30478 42473 37555 38746 35419 33440 33726 36189 38787 35102 35342 39348 32394 39526 33877 45407
34495 55998 48734 44084 37991 46565 37708 52454 42284 38380 36823 46868 35126 48005 35626 44057 35626 44001
34281 59654 36707 48097 39018 51267 42497 46085 46021 46787 47026 46893 45958 52188 41762 48711 47429 52164
39666 71498 43430 56470 43430 56526 55406 49306 54400 49492 48513 54407 48513 54407 43962 55187 43962 54568
29448 50969 30211 37433 32432 38800 33939 35306 36384 34549 36839 37551 34270 37551 30768 35090 30768 41858
37488 65233 39390 54905 44536 59170 51052 46549 45041 47405 44064 49529 39492 47525 43551 56875 43551 56875
30791 56529 36035 44280 36209 39803 38753 37063 37416 39604 34771 42371 40471 42215 35476 36950 35476 40145
36486 57466 39110 43294 36229 44891 38132 42340 39681 41703 36939 46025 36939 45250 36825 41882 36825 46055
33145 51583 36607 42516 35674 41739 33212 39726 38247 40725 37263 39049 42721 35941 34865 45442 34865 41073
34429 59911 37146 50507 38379 48221 46205 46829 44400 45359 42982 55061 37396 48221 40415 50279 40415 53999

