34626 155593 51146 75397 51146 68821 56821 56435 51591 63726 49599 63726 49599 66112 51146 63598 51146 63598
31650 122741 63421 46672 40326 62741 52250 54745 48775 50741 39421 61531 40326 62741 43650 52099 51421 52099
39438 167049 46978 61420 57100 66908 58978 59969 58978 55617 55792 65101 56571 73739 65172 61739 65172 61739
38135 143941 47874 41165 49874 63553 54198 52003 51488 66650 43681 71554 55681 66650 49874 62135 49874 62135
31490 200947 62178 49239 52670 83922 66706 73474 59641 70419 49568 70983 49568 71124 52670 65516 52670 67490
44986 176464 67717 56240 51230 84865 72865 67717 66374 72865 54374 71447 54374 83447 51230 80986 56986 80986
33934 161702 52956 66012 48908 77264 65328 70683 58853 54697 58853 64660 44566 76517 49842 69934 49717 69934
33567 243256 51984 66194 45204 93674 55286 65469 55826 67319 46729 79319 48106 81930 46114 69567 46114 69567
31680 184374 61895 66700 50823 73272 58005 62925 61170 56778 49170 64425 43887 83247 50823 64581 50823 62925
40783 186328 61870 64783 51712 90328 66328 76783 64783 75534 52783 93955 52783 93955 51712 86821 51712 88783
36652 218787 62432 71168 47168 83998 71998 67611 59168 71998 59168 74313 47168 86313 49068 67611 49068 72652
30474 124354 50911 51759 44458 53827 53712 53967 53542 54815 41544 63249 41544 63249 56458 54474 56458 54474

