34626 41188 36775 37528 35539 38616 38372 35466 36728 38800 37472 39514 37472 39960 34976 41483 34976 41483 37657 41483
31650 36559 32272 35981 32627 32482 32482 31756 33731 33138 32980 32588 33958 35912 31797 35912 32166 35912 31797 35912
39438 45557 37340 45547 37505 45141 38735 39946 38339 39678 37329 41282 38065 39722 37571 45657 37571 46063 37571 45657
40783 47110 41959 43862 42756 45201 41932 43623 42744 43742 42231 43374 42126 43679 41434 45754 41434 45449 41434 45754
36652 42341 36690 39790 37370 39678 37208 37637 37006 37369 36351 38236 37370 38493 36790 40158 36790 40952 36790 40952
30474 35201 30897 30182 31593 33649 33886 31541 33505 33007 32245 31018 32245 31403 30725 30567 30725 30787 30725 30567
38135 42936 38217 40878 37487 39990 38178 38948 36328 34980 32558 34285 34799 34461 37518 34430 37518 39708 37518 34430
31490 34749 31963 31266 30001 31397 32951 33547 33404 31005 32050 33032 30962 33061 31790 33815 31790 32405 31790 35554
44986 51965 45102 48444 45380 49187 45785 47786 49013 46179 48550 47636 48550 48736 45102 49360 45102 49360 44986 49360
33934 41501 34070 33807 36737 36292 36675 35643 34621 31589 33565 31898 35336 37934 39290 35962 34455 34412 34455 35962
33567 38779 33697 36081 35305 34691 33625 34992 33384 34580 34039 34329 33797 36366 33445 33993 33445 37365 33797 34449
31680 42626 30830 33675 33441 31099 30594 36851 35970 41727 32586 32591 32250 32191 35725 35570 34990 36684 34990 36107

