34626 110593 61209 73158 65937 94671 73481 69527 74834 70385 61938 80484 66560 80852 60370 74706 59447 80593
31650 86741 74990 55531 55154 79241 64899 57421 54755 56741 49672 66507 50826 77655 50826 67565 50826 67565
39438 117478 85000 74532 76863 76013 84292 74814 70496 79978 78491 90948 69717 90239 78491 84363 84292 76013
38135 102988 64004 60908 55407 65568 65568 67102 62907 62391 60083 78681 57487 73972 62778 66665 56520 71311
31490 126875 72072 81284 72917 79995 74966 72824 74187 79102 77504 87495 71038 77571 71038 84977 70004 74892
44986 126964 67486 82486 68570 101365 79575 96217 79874 74165 67486 87747 67486 95247 64874 90508 75136 92447
40783 132328 67702 93283 66633 109828 80493 85783 85783 102328 78581 107866 71378 100308 63283 105955 64781 102328
36652 170557 82034 78686 66890 110168 69439 87668 66175 87668 58144 112509 62942 110168 73796 106049 69439 102668
30474 88354 64411 55607 53598 76695 64157 72335 64835 56657 57335 67212 57335 67212 50458 69420 56911 69420
33934 112202 84071 59203 70530 81764 63778 76536 64274 71373 56249 86000 69754 86000 63030 82075 67576 87461
33567 158350 82549 83854 63924 122079 70014 88856 85232 79073 77732 82402 65088 111356 68056 103856 74831 107079
31680 124170 78394 75647 60853 95770 67947 71919 78593 74613 65307 73683 61060 87029 64323 76224 64323 76991

