34626 40932 40302 37126 39706 37626 39625 37432 37224 38400 38560 39932 40480 39560 40206 37626 38287 40513
31650 35150 33150 33650 32895 32650 33981 34481 34481 33650 33981 33150 32895 33150 33981 36974 33981 36974
39438 43032 40032 38753 40532 40457 41032 40032 41311 40032 40032 41311 40032 40532 41032 41590 40532 38753
33934 38746 32767 36997 41788 36565 36746 36625 34503 35065 39307 32641 35315 32513 33322 36497 34125 38064
33567 40567 38495 36769 37176 36354 34354 36168 35935 36951 35878 38942 36942 36354 32854 36354 36676 36354
31680 41488 38213 37902 38900 33801 41398 33150 38091 34370 42277 35128 31892 39781 41657 38419 35110 38419
40783 46783 43293 45283 43293 45283 43283 44378 44378 44783 43283 45591 43283 48638 44032 48638 44032 48638
36652 44568 41568 42939 38000 42568 39652 40084 39652 39652 38652 40675 38500 42568 39838 41084 39568 41261
30474 34474 32967 32974 33938 34427 33326 31816 33326 33326 32221 32974 32221 32974 31974 34506 31974 32974
38135 42666 35876 34327 36504 37150 39134 40666 37004 35327 39166 35327 39666 36746 35908 35327 34457 34827
31490 37643 31892 33033 33917 33469 33392 34191 36336 38058 31747 33738 32405 34691 31892 33815 32439 34456
44986 49985 47135 48486 45942 49486 47986 47217 47486 47486 46986 47986 46486 48486 46986 48486 46635 48986

