34626 168593 87440 106477 74995 117586 86021 81573 80346 94742 79491 108042 74203 108042 76156 96033 76156 98546
31650 133141 92335 68226 60824 119841 79941 72155 68226 68150 60824 91655 60824 106541 60824 87197 65054 78953
39438 181349 99000 92923 87600 107556 111592 81039 92769 98363 73391 120160 90232 96380 96380 107071 109680 94256
38135 155641 74688 97601 77074 91471 75333 77970 84688 78430 75783 110385 66098 104771 77074 86753 77074 86753
31490 219147 95452 94653 81447 120360 93384 94840 94512 93102 96721 131874 95593 106684 92632 108892 91551 108892
44986 190764 83617 111486 68974 141965 97664 108874 95574 84065 74984 122547 74984 135847 70990 113947 70990 123965
33934 176002 80661 79353 96576 122364 83772 122118 85020 93276 72441 108130 76016 104147 96576 125915 96576 111307
33567 265356 112169 102132 97346 153374 88542 116736 99232 111227 99232 126445 86185 149206 81074 140654 81074 137719
31680 201274 104763 109826 72011 132447 100422 108277 100093 100422 78370 100526 81676 124780 73614 106470 73614 89551
40783 201928 96048 107283 80683 148728 101993 107283 120583 122128 80683 131446 79612 135428 79910 122128 72599 135428
36652 238287 95144 89199 79115 168998 102498 114968 84471 115798 76790 137773 72713 155698 81195 144713 81195 128268
30474 134754 77649 63498 76798 91543 76715 82744 80535 69866 80535 79516 80535 79516 64519 91543 64519 78243

