34282 48768 39328 41362 38624 43621 41512 38362 36866 41315 37502 39862 36322 41747 36594 44193 36594 41577
36124 44762 33497 39113 32533 41378 37851 34628 37981 41356 36801 43716 32771 46041 36645 44861 36645 43919
34019 47755 41918 40738 38113 42784 41417 40410 41841 39654 37930 44278 36933 46426 39558 46373 39558 44731
35812 45898 37638 40511 39331 43538 40532 39352 40532 40532 39352 40532 36992 40911 36992 41712 36992 42892
35623 49783 41523 43416 36803 46243 41523 40343 41523 40343 41523 45007 37983 43935 36803 42703 36803 42703
35171 52901 42445 40394 39891 45596 41990 44207 37740 41633 36560 44481 41071 45513 39891 45387 39891 45998
36319 44169 38679 39449 38041 35695 35576 38798 38269 33806 38269 37526 38041 37526 34485 38647 35349 35695
31965 44945 34325 35505 34325 40098 36621 36621 36621 36621 35441 37801 35441 37801 34325 37865 34325 37865
48554 60354 53274 45373 46691 48913 52094 53274 46691 52094 46691 46553 46691 46553 46691 53274 46691 53274
32478 46638 38378 34838 36018 37227 33716 37407 36675 38145 38945 37988 34838 39317 36018 38826 36018 38826
39432 44152 39432 42972 39432 44152 40612 40612 40612 41792 39432 42972 39432 42972 39432 41792 39432 41792
31563 41417 34691 35103 37959 46169 32713 43809 35517 42629 34553 33373 34553 35871 32331 44989 32331 43809
34525 42344 37477 38065 37977 34263 35964 33342 34966 36014 33794 37845 32606 38816 34045 33654 38657 35346
34238 42498 37778 37778 38320 42224 37414 38958 40315 38684 37869 41044 36961 41044 35418 42224 35418 42224
37571 48675 43619 41111 39863 43955 44792 42083 40485 45972 40485 42222 45079 43747 43899 42291 43619 42291
37533 44613 39191 43070 44011 45430 45191 44011 45191 45541 40710 46721 40710 46721 44011 43070 44011 44250
29190 45865 36255 33910 35316 38765 40225 35225 35048 36988 35003 43180 37667 39721 34412 36004 34412 36539
40905 48594 42776 45625 41596 41242 42776 40030 36305 40670 35764 40030 40264 40821 35867 41210 44445 40030
42444 54917 44297 48597 43818 51416 46881 51047 51047 47182 47233 49348 44628 50528 43448 48362 42697 49182
44174 56897 48263 50997 43339 50074 46534 46534 46534 52177 46534 49443 48637 53357 44123 50997 48263 50997
28434 47267 34206 32021 30624 34561 35963 39222 36148 34331 38761 35650 33920 37584 35863 34471 33880 36094
30230 47514 36319 41524 37094 37486 37156 37133 39191 35087 36656 38113 36656 38113 38399 41837 35200 40131
31480 43700 34495 36192 34953 36191 33684 33840 38250 34505 32740 35557 37614 36807 35381 36542 40179 36542
46535 57155 50075 40123 47715 41414 51255 49664 49664 48484 48895 42483 48895 42483 50075 49664 50075 41303
33336 47209 40624 38824 39489 42579 37677 39440 39353 39910 36496 41997 36647 41800 39694 41997 40244 43385
33891 46871 37431 37431 33891 43331 37431 38611 36251 38611 36251 40292 35071 42151 35071 39791 35071 40971
42586 50846 46126 44946 42586 48486 44946 46126 43766 46126 43766 48486 43766 48486 43766 47306 43766 46126
34040 46620 37940 38500 36800 42380 38300 38640 37960 39080 36120 38520 36840 38680 41700 39100 38960 40300
31667 45827 34518 37567 36022 43015 38295 38374 37115 36387 36387 36387 35935 43015 33414 40692 33414 37483
31462 43262 35002 37192 32724 38976 33321 36353 35243 36616 35168 35436 37719 37507 32505 37507 32505 36182
33135 44835 34122 37318 35720 37848 35971 35348 36667 39267 35648 37987 35394 39054 35209 36528 34925 36663
44703 51783 47063 63562 61503 62382 47063 47063 54572 47063 54572 54033 54572 54033 62683 48243 62683 63562
52294 45555 45262 55834 39655 55834 54654 54654 40835 43195 39655 57014 39655 44375 40181 55834 41361 55834
29351 47130 33569 36633 34570 37516 34543 37553 37827 36784 34570 35384 34997 35784 36824 38484 35536 38614
40273 49713 43813 41427 42633 47510 42633 42633 42633 39138 42633 46330 42633 46330 42633 44993 42633 44993
34736 45654 38415 39456 35768 40546 36180 38540 41704 38140 37532 40121 37532 39892 38415 39615 38415 38435
44302 53742 46662 47842 45482 49022 49022 49022 46662 49022 46662 49022 46662 51382 45482 49022 45482 49022
35121 41021 36301 36301 35916 39841 38276 38020 37096 38020 36301 38661 36301 38661 36301 38020 36301 38661
47132 61292 53032 51852 45244 51464 47869 46508 47452 45328 46272 53032 54820 54212 49492 53032 49492 54212
40297 50019 37240 36274 39068 42687 37614 40169 35583 45391 40248 39099 39068 46571 36752 38555 39068 47377
38263 47703 38263 42983 43671 46122 44259 41803 41803 42840 39300 45439 43671 45439 39300 42983 39300 44020
29235 44470 32927 34874 30773 36306 35336 32770 35287 40677 34107 36516 30773 35126 32980 34464 32980 35851
46392 56022 51746 51302 46338 51058 54106 54106 49878 51302 54159 51302 46338 51058 48752 51302 48752 51302
29913 39233 32273 36787 35683 41583 33453 33256 33453 39255 32273 39223 31191 38043 32043 34633 32043 34983
35324 44917 40044 41377 38864 41377 37293 37684 38128 40197 37684 41377 37684 41377 38864 41377 38864 42557
28766 43135 34218 32962 33120 39115 36422 35345 35084 33619 33904 34666 32962 38301 32515 37203 32515 36100
39806 55702 44963 45706 44963 50425 45706 48066 44526 48066 43346 49246 44407 48066 41567 49245 41567 48066
44456 57436 49176 40896 43874 47996 49176 47996 46628 51536 45448 50356 45448 52716 49453 49176 49453 49176
32644 43820 33647 38338 31230 45013 38466 35888 37943 36903 37058 36903 31624 37451 38732 39473 34848 37997
32255 39010 35795 33110 34290 35470 35800 34290 31930 37303 35800 35795 34509 35795 34509 34615 31930 34615
42469 53089 46389 49920 45241 52321 45209 49692 47332 46009 46152 52052 46152 53232 46304 52321 46389 52321
36565 44890 40444 39152 37809 44993 36065 41624 37245 41117 37860 44655 36630 44655 36629 44428 40052 43248
39259 52973 45893 41619 42896 47589 43979 45893 45893 47073 44713 46409 44713 45229 43533 45159 43533 43979
34820 45174 36914 38153 36683 38109 36835 35633 40265 37423 35825 38895 34707 37663 38544 37314 38544 37116
31860 44007 35084 35199 36380 37194 34951 35400 34632 34485 33418 36264 34984 35134 34984 36745 34984 41166
35292 44548 33691 36355 40012 38664 35074 36911 39253 35530 38713 40855 37787 38108 40012 36928 38697 36928
31043 46155 36496 35396 34355 39619 35174 38851 36982 37891 36983 36715 35535 39619 34898 39619 34898 37494
39929 49976 43552 42289 41716 47009 43469 43469 43469 42896 42289 43469 42289 44649 41716 44649 42372 44649
31795 46971 37746 35460 34180 40317 35245 38033 34480 39640 36451 37166 36451 37505 37695 40960 37053 40960
33099 49331 36818 37231 35045 38982 37434 41899 36887 41866 36689 43432 35045 40470 35306 42930 37173 41899
39602 50222 41962 44322 37685 43462 42087 45392 40045 43337 38865 43267 37937 43462 43142 43462 43142 44447
41231 51851 41529 43591 39169 50470 41529 44771 41529 41529 41529 42709 41529 42709 40349 45951 44771 45951
35684 42764 38044 37588 38044 39948 38044 38044 37588 38044 36676 39224 36676 39224 38044 39948 38044 38768
39796 48056 42156 43336 40976 46876 42156 44516 40976 43336 40976 44516 40976 44516 40976 44516 40976 44516
28522 43761 33811 33616 33057 37837 36776 34819 37672 34394 35819 35577 31628 34419 31279 35067 31279 37552
33754 49045 39253 46957 38971 45599 43973 44061 37790 41380 35430 44328 38971 45696 44348 40879 44348 42059
37520 49320 42240 42240 37077 39437 42601 37077 37444 38704 38257 38257 38257 38257 37443 38257 37443 38257
34927 46911 41065 43425 38692 43024 39831 38363 37112 38292 41412 40664 40704 40664 41884 41299 41884 43024
33928 41466 37926 37997 40357 39828 36288 40357 36288 39177 35737 40357 35737 38648 40357 40357 40357 39177
33497 44041 38653 37037 37130 36191 36191 37122 38894 37804 38907 36441 38907 40670 34677 38310 34677 39490
30222 43483 35356 36452 32098 34125 36371 32612 32919 32794 31973 34832 33428 36609 32489 34324 32489 37509
28586 48984 40148 36300 37407 43350 35561 38527 36124 36271 35386 39560 35282 38424 35430 40547 37585 38617
30475 41951 37598 34888 35378 37248 39941 39172 36051 37030 34871 36068 33525 36173 33691 36296 33691 34888
41798 50058 45338 44158 42978 47698 44158 44158 44158 44158 44158 45338 44158 45338 42978 45338 42978 44158
44901 58924 48441 50664 46081 54204 49484 49484 48304 51844 47124 51844 47124 54204 47124 53161 47124 51981
33934 48599 42205 36230 37849 37719 40025 41763 36043 34731 34482 38590 33683 37092 42021 42943 42021 41510
33567 48112 38613 38487 37613 41974 39667 40647 37219 39740 38632 42188 35020 42574 37302 39614 37302 41974
31680 45788 37803 42688 34918 45306 38777 38726 34481 36288 42817 41593 34497 42825 36711 36652 36711 35110
34626 46149 38166 40508 37740 43640 43131 38463 41280 43512 40100 41280 42119 42460 37541 40379 37541 44543
31650 39910 34010 35748 34841 35681 35190 34209 35794 34010 35190 34528 34841 35681 35190 34010 34841 38514
39438 46471 41256 44986 39863 43711 40878 43357 42531 42318 40572 41209 41752 43733 39604 42743 45551 48785
40783 54943 42558 46683 44323 51403 45503 46683 47863 48271 44323 47278 46702 49043 44918 47863 43738 49043
36652 53172 41372 41372 38004 46264 40304 43844 40074 43732 38768 43732 40192 47384 38121 44912 37588 43844
30474 40587 32055 31902 31960 33235 34787 34687 34787 34014 33607 36046 33607 36046 32581 36046 32581 34609
38135 44127 37673 39268 36401 42614 37581 36318 37516 42143 40882 39260 36060 38696 35867 40836 35867 40836
31490 43743 36591 37390 33531 37348 36784 37390 34612 35181 35181 36883 35139 39040 34230 37813 35186 37813
44986 57966 47346 50886 47646 53246 48526 51186 47646 48526 47346 51320 47346 52500 48526 51977 48526 52066
32056 45036 35032 37452 34385 39430 35264 36444 33701 36919 33004 37070 33379 36557 32321 35133 32321 35133
33162 48266 38404 37224 34342 40242 37882 41186 34342 39062 39042 39062 39042 40242 41109 37882 41109 37882
30492 46192 35122 34460 34931 36960 34809 36115 38596 36651 34809 37572 37249 38946 38095 34318 38095 36277
29281 39984 36743 34001 32418 41162 33898 33526 32521 37758 35366 36982 32718 39982 31538 34095 34001 39310
34495 43803 38813 37737 36453 38022 36363 40395 40112 39559 35720 38080 35482 38604 41754 36050 41754 35244
34281 51900 38051 39001 41280 41831 39470 45672 46192 43435 38782 39492 42460 38782 41566 39001 42460 42486
39666 49106 42026 42026 42309 38446 42676 40031 42676 37408 43286 45036 43286 45036 41211 45036 41211 46216
29448 43556 33257 31327 31970 36261 36046 33954 32023 32613 34597 34812 31325 34812 31057 36369 31057 33256
37488 48108 39848 42208 39849 45748 42208 42208 38113 42208 36933 43388 38668 42208 39848 44568 39848 44568
30791 45893 33852 40077 35762 36995 38897 35898 39926 32653 36842 35615 35851 34699 34323 36067 34323 34286
36486 47106 40026 35759 37666 42439 36241 37530 36241 41206 35061 39781 35061 41259 37666 41259 37666 39165
33145 40545 34645 29565 36685 32396 34645 35505 33183 32387 32285 38493 32285 34645 34645 36685 34645 32362
34429 50995 36789 40329 38940 38486 41555 40329 38587 39611 36946 42177 38376 38486 36789 41509 36789 42946

