38135 38245 38195 38185 38205 38185 38195 38185 38195 38175 38185 38185 38195 38195 38195 38185 38195 38195
31490 31630 31550 31570 31560 29737 29717 31570 29707 31560 29707 31560 29717 31580 31550 31570 31550 31570
44986 45096 45036 45056 45006 45076 45046 45026 45036 45036 45026 45046 45016 45056 45026 45056 45026 45066
40783 40903 40813 40873 40813 40873 40833 40843 40843 40863 40833 40853 40833 40863 40823 40863 40823 40863
36652 36792 36732 36722 36692 36752 36712 36712 36712 36712 36692 36752 36702 36752 36712 36732 36702 36742
30474 30554 30514 30524 30524 30504 30504 30504 30504 30514 30494 30524 30494 30524 30504 30524 30504 30524
34626 34716 34666 34676 34656 34686 34686 34676 34666 34696 34666 34676 34656 34686 34656 34686 34676 34666
31650 31720 31680 31690 31700 31670 31690 31680 31690 31690 31690 31680 31700 31680 31690 31680 31690 31680
39438 39558 39508 39488 39488 39508 39508 39508 39498 39498 39498 39498 39498 39508 39508 39488 39498 39498
33934 34024 33964 33994 33974 33984 33984 33994 33984 33974 33954 33994 33964 34004 33964 33994 33964 33994
33567 33707 33627 33647 33647 32849 33647 32839 33667 32829 33637 32829 33647 32849 33627 32849 33627 32849
31680 31800 31730 31750 31730 31750 31720 31750 31740 31740 31740 31750 31730 31750 31730 31750 31730 31750

