34626 49998 34626 40841 40464 39618 38895 36603 38753 38551 35992 40916 35992 43066 34626 40841 34626 40841 34626 40841
31650 43206 31899 37319 34672 33608 33608 31899 31899 36932 34974 37181 34577 33857 32864 37181 32864 37181 34987 37181
39438 50556 40798 46435 37757 37478 42032 39865 42083 41584 36275 42011 37575 43781 37731 43781 37757 43781 37731 43781
38135 47475 38324 36947 35102 35628 35086 40337 34851 35060 33532 40087 35754 40158 32435 35643 38159 35643 38159 35643
31490 40808 31679 32388 30504 34775 31428 33564 31857 31401 31338 32216 32355 32896 31679 33419 30504 34775 31679 34775
44986 61413 44986 46977 44986 48840 47040 47503 47639 47047 45732 48201 45732 50434 44986 50652 44986 50652 44986 50652
40783 55674 40936 45591 41793 45914 42681 45710 42833 45353 41369 45276 41717 46882 40936 46882 40936 46882 40936 46882
36652 50036 36739 41606 36359 40930 40389 38125 39912 38905 38204 38775 36359 40031 36977 41394 36977 41394 36977 41394
30474 40446 30370 31202 31001 31998 31522 31083 30623 31269 30221 31672 30221 31672 31001 35663 31064 35663 31064 35663
33934 44627 33934 39656 39290 38521 34695 35799 34288 34110 35616 33905 34606 36064 38504 36064 37554 40072 38504 40072
33567 42804 33567 36118 34208 38447 33713 32466 33779 35324 33157 35946 33591 34902 33356 38028 33356 36000 33356 38028
31680 41627 31718 37933 40618 37695 30113 37939 33963 38182 32454 35140 34676 33227 40618 32454 40618 32454 40618 32454

