34626 45784 36223 40786 38285 42993 38819 38076 38786 44527 37432 41526 38142 42042 35658 48217 35677 48217 35677 48217
31650 39564 32651 36278 35371 33161 35881 32879 34710 37373 35371 33973 35371 33161 35371 36392 33312 36392 34938 36392
39438 49302 38432 44611 38361 43106 43955 44466 37387 40167 36892 41937 37016 41654 38468 49566 38468 43105 38468 43105
38135 40414 38475 39620 35201 36232 37184 36715 36603 34602 40136 39087 36201 41507 35944 36232 37894 36232 35944 36232
31490 35900 30904 34630 31468 33337 33910 32948 32925 35570 32338 34218 31774 35593 30317 35747 30317 35898 30317 35747
44986 56239 45565 52915 46944 52823 48254 49501 48364 47317 46612 51424 46612 52059 45752 53811 45173 53811 45808 52823
33934 40867 34963 38591 35523 37736 40474 38672 32941 37503 34714 37986 33858 36659 35648 36721 38201 37782 35602 37704
33567 41963 35397 36575 33168 39666 36268 34219 35108 34483 35362 37737 35317 39368 35976 40102 36069 39929 35976 39169
31680 44774 32625 37431 41371 32871 32237 34100 37018 39395 37327 39977 36617 38026 35481 34280 36270 37548 33101 37548
40783 50985 41468 46789 43818 50983 45556 46210 46329 43847 43118 46760 43802 47504 41989 48797 41989 48797 43131 48797
36652 45821 37099 41710 38225 42645 39364 40049 37690 40003 37379 39769 38774 42348 36890 42600 36890 42600 36681 42600
30474 35870 30732 38477 32938 32026 34555 35061 33939 33703 34512 32282 34512 32282 30179 35062 32831 36484 32938 36484

