34626 60907 41601 48250 41541 49027 46251 44446 47927 47996 43603 49605 42701 53928 41541 47867 41601 49093
31650 47925 39710 40950 41781 46021 40950 36721 40950 39046 39322 41371 39456 44435 39456 44695 40950 44695
39438 60270 52870 52268 45742 51407 48067 50415 49011 50699 48928 51407 45813 51111 48928 51783 48067 47666
38135 53832 46274 45818 40981 43564 44403 46273 42337 42271 44403 48728 38656 45566 43692 47695 42337 42078
31490 59835 41022 47085 40364 45414 42479 43231 43488 42877 42620 47903 42291 44591 40576 46261 41987 44876
44986 70561 51961 57367 49636 62840 54286 59992 53999 54286 51961 59097 51961 61422 49349 59992 51961 58936
40783 68683 45796 57058 49726 61708 52408 54733 54733 53662 50083 58016 50797 62718 47758 59383 46687 59383
36652 67482 57032 47800 43627 61336 47269 51443 49047 52510 46368 57529 42084 58418 45952 58347 47732 56686
30474 54032 39964 39265 34343 43610 39404 43747 39404 39402 36635 44054 36635 44054 36211 47364 34292 47364
33934 60049 44773 40309 39958 48655 40766 44667 44750 43547 38357 43446 38171 44025 39958 48343 41701 44565
33567 64230 47740 51515 42588 60228 49044 47955 49007 49919 46682 46331 39489 57645 37478 52605 38456 55801
31680 59323 45941 45993 40516 55654 42944 41395 41291 43202 42168 44028 40309 52657 46457 43616 44132 45012

