34282 61368 37001 54701 41837 49611 43469 44484 42499 43414 40938 48815 39610 44193 34885 49445 34885 56758
36124 51261 36036 47574 40554 53706 42398 46155 45064 38642 42386 44161 36964 47151 35287 44887 35287 50488
34019 61469 37188 46219 38532 53772 48152 48487 48487 46184 45347 49885 41361 52087 37576 56357 37576 54237
35812 64107 38816 46760 38029 58301 45895 49872 44999 48693 42042 49379 38029 57297 38029 53708 38029 58301
35623 63771 42217 49909 37443 55602 42945 47248 42581 46197 44522 52102 40476 48202 37443 51556 37443 51556
35171 61401 38314 53377 40838 56281 43216 51297 49831 46696 44526 42762 41068 51693 39253 52675 39253 54423
36319 54589 38532 48718 37576 52424 36575 44502 45232 40878 43729 41047 37576 43069 36289 46302 36289 52423
31965 59166 34513 48486 38005 45328 39841 39127 39486 39841 37411 41557 37411 41557 34513 51069 34513 51069
48554 75133 47471 80220 49776 65999 50242 56570 57793 50242 47576 57438 47576 57438 49776 66578 49776 66578
32478 59079 36944 41035 35907 40587 38892 43650 45265 37901 38494 43389 35966 45868 35907 44638 35907 44638
39432 70585 46540 66040 43682 70585 55613 49950 51163 57707 44982 65437 44982 65437 46540 58945 46540 58945
31563 53108 35971 43501 41322 45365 39556 40268 39225 39116 37111 41681 37111 46090 35927 43007 35927 41574
34525 54156 32144 40026 35930 51990 38761 42738 40835 38910 38768 41836 35116 45631 36194 49501 34093 49998
34238 61290 43933 51985 40948 60550 47022 48409 48836 48741 42968 54825 41370 55183 37274 60550 37274 60550
37571 64271 39919 50800 38041 65479 47660 53965 45989 54537 40927 50501 52692 57173 40406 54337 39919 54337
37533 77299 41730 57632 45616 60236 54166 46404 52157 52724 47675 57126 47675 57126 45616 54474 43800 60236
29190 55542 33360 43406 32442 44049 39127 39274 37473 40295 38130 40424 38706 42735 32778 40017 32778 41475
40905 60189 40977 53617 39644 50537 45842 48352 40575 42518 39018 45877 45995 48176 40152 52187 40316 47782
42444 72209 43682 67979 51286 65859 55857 62003 58725 55071 56267 54921 47843 61419 41220 66200 44566 64794
44174 79075 44989 73712 50602 73557 56867 53302 53302 59526 48061 62106 54894 65793 44989 73712 44989 73712
28434 51797 31875 40546 35525 39879 38528 37361 37931 36823 40878 36102 38796 37006 36394 37472 32236 40037
30230 56366 35481 49287 37955 45699 43903 36495 42860 42748 38480 46703 38480 46703 36485 49124 35466 49096
31480 51851 36592 44704 38671 42980 36111 47375 38243 43274 36362 40520 41724 41030 37954 45806 35205 45806
46535 69712 49440 54152 47503 63572 58631 61781 66714 50652 60079 51575 60079 51575 49440 65263 49440 57090
33336 59678 39539 51307 39426 50653 44244 44784 42481 40539 43787 47211 44843 49421 37242 48916 40541 48153
33891 60670 35340 48166 36444 49947 43376 43782 42322 41282 42509 41131 40246 45671 34615 46722 34615 52248
42586 73267 51855 57091 46794 63395 53321 55179 50119 53321 50342 63395 50342 63395 46011 65464 46011 60528
34040 58502 32342 49008 36662 48329 43340 41357 43780 40250 41485 44018 36934 45791 34814 44217 34610 43964
31667 56692 33477 45651 38400 47815 39607 43658 37859 39607 38603 44505 37093 48417 32606 44869 32606 47778
31462 54946 35372 50220 38641 47114 39517 44311 36610 47391 36447 41774 35444 46324 37200 48339 37200 43000
33135 55993 32709 48270 38235 49915 39781 43392 41951 37932 37714 41961 40013 48337 34796 45958 34001 47530
44703 96895 49916 72018 57140 74477 65925 56593 61890 65925 64656 63565 64656 63635 56998 68466 56998 72018
52294 70985 42049 63564 47269 70985 56144 55962 43228 63564 39655 67137 42166 67137 43287 70985 45529 70985
29351 52489 35127 41458 34239 39879 36438 33323 36913 34668 39640 38560 37014 41421 34442 41082 34763 37730
40273 74484 43743 66114 42149 61915 52156 46607 43876 57208 44932 61915 44932 61915 42149 61741 49076 61741
34736 61259 35844 50300 42518 52946 42414 41031 43657 43408 40165 47152 40165 49742 35844 55382 35844 57221
44302 67479 46822 66083 47541 61342 54177 48598 47593 64997 46693 52917 55786 67517 46552 52917 46552 62028
35121 62869 39834 46534 37604 58211 46737 52202 44506 49368 43121 50109 43121 50109 40693 53417 40693 55172
47132 76919 53319 68513 46409 67574 54800 54876 55040 49745 53395 65817 52160 63318 47227 67593 47227 72264
40297 60329 39364 55377 39535 67000 54128 52080 41085 57640 45123 47923 39535 49241 40636 59049 50924 50456
38263 66846 39283 56761 45007 60494 55085 52090 50344 54635 41029 59973 45007 59973 40080 55002 40080 61210
29235 51872 29723 43103 37136 45983 35412 35985 34411 42889 33551 42224 37136 42655 33105 39203 34121 42531
46392 83386 52562 72366 51454 71617 60523 67956 62997 60523 56176 71242 51454 70267 52365 71242 52365 71242
29913 57929 33299 44310 35410 46800 38497 37460 38920 48707 40045 40231 40512 40231 35410 43634 35410 44805
35324 67732 38970 52018 38977 55451 53145 49138 49138 48743 44608 52329 44608 52329 41793 50896 41793 52515
28766 50558 29932 41522 35411 43048 38185 34380 38432 38387 36333 38884 35323 38732 31019 39637 31019 42756
39806 77688 44003 62834 48320 66999 51252 57211 51062 55177 47704 58535 45520 60000 42046 64445 42046 61797
44456 78889 47203 54234 50555 66474 55960 56713 55185 57609 54008 62121 54008 67853 50617 61754 50617 65411
32644 52663 32111 44743 40469 38337 42076 38594 40452 37826 37812 39141 41399 41787 35684 45576 36614 45576
32255 55046 34405 42981 44765 45337 39729 43637 37516 40213 37345 37202 42981 41959 37885 40259 32534 40259
42469 78875 43332 64673 46039 71265 52075 58934 51863 49601 47369 66065 47369 71816 47222 71265 45305 71265
36565 57125 39050 58090 37125 51510 45849 44035 42013 40534 43564 48807 42279 47266 34198 56612 37010 57225
39259 67841 45376 60150 44655 68444 54098 48247 47495 53945 41931 61688 41931 61227 43872 57957 43872 57496
34820 59332 32092 46368 37299 46993 39049 40458 42260 43437 43669 41978 39962 41790 33346 44493 33346 44685
31860 55249 35255 42184 34016 44554 40672 39124 39231 38820 40648 39421 39451 38706 36749 45446 36749 44951
35292 52227 36731 44806 37681 48479 42109 42645 39915 56137 37162 44321 37691 48432 36164 44426 38323 44426
31043 55567 33276 41852 37645 44919 35950 39291 36827 41803 40382 37947 40608 41827 36615 44284 36615 42825
39929 69862 41028 51875 36751 58163 45921 52884 48027 48483 38919 48124 38919 50781 37853 58837 38955 58837
31795 53680 31952 44669 36695 40692 36720 38618 38683 38739 38328 40066 38328 41023 34751 44891 34589 44891
33099 58579 33434 49785 34951 43666 37427 47507 39890 40043 36033 43352 34951 45812 41121 47507 38301 47507
39602 70892 40715 60386 41437 61124 51829 56319 48343 53789 42230 48549 42104 52231 42327 55399 42327 55399
41231 69237 40722 52716 39169 57293 54500 46848 42040 54500 45529 58611 45529 58611 39635 58611 41419 58611
35684 63061 47823 48711 42374 56139 48200 52581 60012 48200 54892 49578 54892 49578 40633 56139 40633 54738
39796 71238 42689 59761 48077 70398 46141 59576 55635 54910 55224 60881 53957 60881 50504 64053 50504 64053
28522 50595 32515 42475 34629 38858 35796 35916 34532 39107 33012 35331 32357 36541 33917 39551 33917 40011
33754 61300 37302 58698 40339 56925 46670 50586 47582 48739 45622 49618 40339 51628 39570 53519 39570 55361
37520 61828 34933 44342 38411 46288 45735 45343 42535 48342 38842 51094 38842 51094 34860 45218 34860 45218
34927 62652 43840 55050 40433 64178 48589 51296 40675 51427 43013 52498 41430 52498 42023 58289 42023 62361
33928 60734 37999 55029 35146 57882 44878 46889 42711 47730 45034 49399 45034 49442 35146 57882 35146 55372
33497 59964 38476 50740 46022 56555 47708 47888 47907 44726 41492 51141 41492 54863 37026 51989 37026 51917
30222 53579 29818 39740 32910 42986 37364 36297 36947 36010 43405 36463 37301 38689 30742 39446 30742 44962
28586 54976 32314 45915 34757 46942 38012 39407 40887 40285 37631 43258 38264 42177 34552 41689 33995 42316
30475 54993 34584 47108 36006 56895 49257 44715 43064 43368 42773 42152 35934 50486 38346 45399 38346 50706
41798 74822 44840 60910 43400 62851 46723 54927 54927 46723 45421 55628 45421 55628 43400 62212 43400 60910
44901 80136 48499 66062 48852 70707 51850 51131 53485 55110 50814 57781 46564 67427 46564 69154 46564 69099
33934 61303 37495 46512 40771 58967 44345 47279 39397 38957 39932 43091 35726 46738 40771 52738 40771 50297
33567 56131 35035 44743 36550 48340 42327 40406 40237 42470 41039 42003 40232 48082 36268 45904 36268 49170
31680 56620 35815 51870 35339 54593 38677 59721 47744 38183 37837 49618 36642 43876 34482 43427 34482 46302
34626 66027 39672 57389 41823 62997 49301 45363 47063 51593 43090 55585 44085 54241 38740 52846 38740 58428
31650 56656 34814 45913 39287 43955 41846 41783 37995 42354 37457 45518 39287 45208 43407 49860 42213 47021
39438 67687 38918 59818 42517 56734 47494 46785 49648 46947 48585 50800 46431 54569 44843 54329 43285 53221
40783 73007 41661 59758 47701 70995 50468 57928 58304 50458 48158 58381 48919 62014 45466 60464 46659 65372
36652 70604 38806 51865 45503 59541 43136 49691 42514 50862 41255 46048 40632 54799 40056 50664 37239 56156
30474 53795 33405 47610 38832 43683 41755 43335 39811 41755 41621 37280 41621 37280 36821 47718 36821 42480
38135 62145 35314 54682 39177 56919 41119 44377 47805 40909 44146 48796 36729 51707 36322 51300 36322 51300
31490 52586 32914 43143 36424 42641 40198 44080 39810 38931 36384 43344 39222 46121 32590 43373 33435 43373
44986 80531 46814 73775 46991 70509 54240 62533 56620 51058 52001 67267 52001 69230 53075 67266 53075 72119
32056 57384 32878 45953 33780 42747 38614 41426 39867 43368 35686 42016 38591 42747 35568 43515 35568 43515
33162 59364 36583 47967 42777 53562 43729 44461 43632 48065 44775 51272 44775 51791 34750 48797 34750 48797
30492 61948 35650 44967 35660 41129 43508 40753 48636 38961 39890 42468 40409 40024 37141 38086 37141 42916
29281 49274 30588 39505 36567 39694 35841 34134 36550 36972 34187 35697 35758 40130 32611 40254 34187 46537
34495 57605 49040 45055 38452 47546 38080 53666 43025 38939 37136 48020 37015 48696 35953 45076 35953 45016
34281 61368 36870 49031 39482 52462 43173 50574 45362 47521 42602 56771 46663 52734 41034 53377 47672 53376
39666 73552 43684 57756 43684 58056 56037 50307 49614 50204 48650 55836 48650 55836 44603 55836 44603 55966
29448 52432 30752 38831 31377 40302 36934 36934 40912 34784 33682 40805 35629 40805 29653 35594 29653 42639
37488 67109 39519 56081 44889 60636 51969 47251 45552 48076 44509 50433 39628 48293 43961 58275 43961 58275
30791 58151 31518 42690 36578 42051 38285 37293 41085 39632 35430 43292 40341 39269 33956 37611 33956 41542
36486 59117 39287 43999 36620 45675 38885 40540 40539 42513 37612 46669 37612 45841 36962 42703 36962 47158
33145 53065 32441 43270 35845 42229 33665 40171 38804 31861 37577 39521 43367 36760 35278 46273 35278 41518
34429 61633 37142 55495 38487 53859 46759 47666 43073 46302 43910 56493 37683 53859 40595 51349 40595 55359

