34282 35652 34612 35062 34672 35002 34672 34612 34672 34802 34672 34672 34672 34742 34542 34932 34542 34932
36124 30445 31062 36774 29731 38132 36514 32077 31062 36904 30932 37034 37824 38002 31192 37872 31192 38002
34019 35449 34409 34409 34626 38498 37978 37978 37978 37848 37848 34799 35016 38238 34279 38238 34279 38238
35812 36852 35942 38411 38281 36195 35675 35805 35675 35805 35675 36332 35942 36065 35942 36065 35942 36195
35623 37183 36273 36143 35753 36793 39139 36143 39139 36143 39139 36273 35935 36533 35753 36403 35753 36403
35171 37703 36533 35951 36403 37117 35561 36145 35625 35951 35431 36597 36403 36275 36273 36275 36273 36081
36319 37489 32092 36709 31832 36969 32092 33475 33345 36839 33119 36839 31962 36839 31962 33207 31962 36839
31965 33395 32225 32355 32225 32745 32615 32745 32615 32615 32615 32745 32615 32745 32225 32615 32225 32615
48554 49854 49074 48944 49074 42613 48944 49074 49074 48944 49074 49074 49074 49074 49074 49074 49074 49074
32478 34038 33128 31560 32868 32080 33180 32868 33391 31977 33261 31950 32738 33388 32868 32998 32868 32998
39432 39952 39432 39822 39432 39952 39562 39562 39562 39692 39432 39822 39432 39822 39432 39692 39432 39692
31563 32603 32083 31953 31823 32083 32367 31953 32083 32367 31953 31953 31953 31953 31953 32083 31953 31953
34525 33594 34525 34915 32424 34745 34915 32944 34785 35045 34655 33415 32885 35305 34655 34615 34655 34615
34238 35148 34628 34628 34498 39366 34498 34758 34758 39106 34498 39236 34498 39236 34368 39366 34368 39366
37571 38871 37831 37961 37571 38351 41918 37961 41918 38351 37961 38091 41918 38221 37701 38091 37831 38091
37533 38313 37793 37923 37533 41230 37663 37793 37663 37793 40710 38053 40710 38053 37533 38053 37533 37923
29190 32536 29831 29710 30472 31486 29710 32387 29574 29217 29574 29970 30654 33942 31236 29840 31236 31356
40905 40796 39626 41425 39496 36144 39626 41612 40666 41295 40536 41555 39626 41425 40536 41742 41295 41685
42444 44004 42218 42067 42834 43354 40753 41013 40883 41117 40623 43094 40727 43224 42574 43354 42574 43484
44174 44954 44174 44694 44304 44824 44434 44434 44434 44434 44434 44564 44564 44434 44304 44694 44174 44694
28434 28404 29628 27560 27820 29491 29491 29101 28080 29497 29407 29231 29498 29231 29101 29367 29101 29101
30230 33421 34069 32506 33080 29994 31556 32269 32395 34199 33818 32825 33818 32825 31430 30194 34624 32381
31480 32910 31169 30909 30674 31227 33464 31740 32000 31169 32703 31357 29614 31299 32000 31097 32000 31097
46535 47705 46925 46665 46665 46925 47055 47055 47055 45334 46795 47055 46795 47055 46925 47055 46925 47055
33336 35026 33856 34116 33726 35148 33856 33390 33726 36859 33856 36859 33596 36859 33299 36989 33466 34116
33891 35321 34281 34281 33891 34931 34281 34411 34151 34411 34151 34541 34021 34801 34021 34541 34021 34671
42586 43496 42976 42846 42586 43236 42846 42976 42716 42976 42716 43236 42716 43236 42716 43106 42716 42976
34040 36260 32650 31130 34960 33330 32220 32040 32180 32110 33780 32300 32220 32100 33480 32090 33340 32340
31667 33227 31927 32317 32057 32707 32187 32057 32057 32187 32187 32187 31927 33124 31797 32317 31797 32187
31462 32762 31852 33328 29946 32242 31963 33068 33198 31982 33068 31564 31833 32112 31722 31694 31722 31982
33135 32810 31723 32244 31770 32364 32030 33655 31900 31974 31900 32234 31584 31261 31733 33785 32030 32513
44703 45483 44963 48191 45638 48061 44963 44963 44833 44963 44833 45093 44833 45093 44833 45093 44833 48191
52294 53334 52554 52684 39655 52684 52554 52554 39785 52684 39655 52814 39655 52684 52554 52684 52554 52684
29351 30087 28059 29493 29871 29468 30001 30001 28888 28821 30260 28469 30966 31057 30363 30001 29208 31702
40273 41313 40663 40793 40533 44134 40533 40533 40533 40663 40533 44004 40533 44004 40533 40793 40533 40793
34736 36037 36477 35256 34294 33225 38150 34784 36002 36289 35872 35575 35872 33522 36347 35246 36347 35116
44302 45342 44562 44692 44432 44822 44822 44822 44562 44822 44562 44822 44562 45082 44432 44822 44432 44822
35121 35771 35251 35251 35121 35641 35381 35381 35251 35381 35251 35511 35251 35511 35251 35381 35251 35511
47132 48692 47782 47652 52720 48042 53240 47782 53110 47652 52980 47782 52720 47912 47392 47782 47392 47912
40297 41727 40687 32422 40427 36387 40947 40817 35203 41077 40557 41207 40427 41207 40557 41077 40427 41077
38263 39303 38263 38783 37743 38770 38380 38653 38250 38783 37743 38783 37743 38640 38250 38783 38250 38770
29235 30535 29135 29755 28824 29734 29214 29885 33115 29214 30113 29864 28824 29604 32187 30113 33163 33375
46392 47432 46522 46782 46782 46912 46782 46912 46912 46912 46782 46912 46782 46912 46652 46912 46652 46912
29913 30823 30173 30303 33485 30433 30303 30173 30303 30173 30173 30303 33485 30303 30173 30433 30173 30303
35324 36364 35844 35584 35714 35584 35584 35584 35584 35584 35584 35584 35584 35584 35714 35584 35714 35714
28766 31083 28971 29286 29024 29727 29940 29077 30593 29233 29493 29416 29154 28814 29913 30199 29913 29467
39806 41366 40326 40456 40326 40975 40195 40716 40314 40716 40184 40846 40326 40716 40066 40845 40066 40716
44456 45886 44976 44976 38624 44846 44976 44846 44716 45236 44586 45106 44586 45366 38754 44976 38754 44976
32644 34074 30661 33034 31906 32166 32166 31776 33424 29815 33164 29815 31906 33294 32036 33294 33164 33294
32255 31660 32645 32645 32645 31270 30880 31140 30880 31010 30880 32645 32515 32645 32515 32515 30880 32515
42469 43639 42881 43119 42881 43249 42957 43141 43011 42859 42881 43119 42881 43249 42827 43249 42881 43249
36565 37284 37085 37085 35854 37475 37085 36374 37215 37215 36244 36955 36374 37085 35984 37215 35984 37215
39259 40559 39909 39519 39649 39909 39779 39909 39779 39909 39649 39779 39649 39649 39779 39909 39779 39779
34820 36430 35260 35570 31854 32114 34767 31854 31641 33942 34650 35440 34520 32244 34322 32182 34322 32182
31860 32152 30852 31352 30852 32108 30814 30733 30733 31382 30473 30982 30754 30982 30784 32188 30784 33884
35292 36982 33009 32749 35812 32901 32879 33009 35053 33971 34923 36072 35812 33009 35812 33031 35942 33031
31043 32863 31823 31433 31433 32896 31433 31823 34183 31693 29979 31693 31303 31953 31563 32896 31563 32636
39929 41099 40449 40189 40059 40709 40319 40319 40319 40319 40189 40319 40189 40449 40189 40449 40319 40449
31795 33594 33315 31916 31748 33889 35115 31786 32164 32200 33197 33332 33197 32748 32596 32575 32466 32575
33099 32813 34009 33206 31061 31394 34162 34009 34626 30929 31383 31544 31061 33879 31253 34139 31383 34009
39602 40772 39862 40122 39862 39992 39862 39732 39732 39992 39732 40122 39862 40122 39992 40122 39992 40252
41231 42401 41621 41491 41361 39949 41491 41621 41491 41491 41491 41621 41491 41621 41491 41751 41621 41751
35684 36464 35944 35814 35944 35748 35944 35944 35488 35944 35358 36074 35358 36074 35944 35748 35944 35618
39796 40706 40056 40186 39926 40576 40056 40316 39926 40186 39926 40316 39926 40316 39926 40316 39926 40316
28522 30472 29042 29042 28912 29265 28615 28875 28485 29432 28355 30592 28782 29005 28631 28875 28631 30702
33754 35444 34144 34697 36708 36149 35727 34404 39301 33568 35595 34534 36708 34534 38096 35629 38096 35759
37520 38820 38040 38040 34977 38040 38040 38040 38040 38040 37910 38040 37910 38040 37910 38040 37910 38040
34927 35967 35187 35057 36133 35187 35317 36465 35317 35317 35187 36335 35187 36335 35057 35447 35057 35317
33928 34708 34188 34318 33928 34578 34188 34188 34188 34318 34058 34448 34058 34448 33928 34578 33928 34448
33497 34277 33627 33887 33627 34147 33757 33627 37987 33887 37857 34017 37857 34017 33627 33757 33627 33887
30222 31909 29250 30742 30397 29036 30871 28871 30787 28663 30787 31842 30527 29581 30609 29379 30609 31002
28586 36243 32504 29106 30698 29756 30784 32678 30834 29366 32116 29496 30698 32896 30828 32678 32374 32678
30475 31645 30735 30995 33251 31125 30735 32700 30735 32830 30735 32700 33381 30872 30735 31125 30735 30995
41798 42708 42188 42058 41928 42448 42058 42058 42058 42058 42058 42188 42058 42188 41928 42188 41928 42058
44901 46331 45291 45551 45031 45804 45284 45284 45154 45544 45024 45544 45024 45804 45024 45811 45024 45681
33934 34936 34194 33702 34813 34160 31392 35463 32893 33640 32633 34030 32633 34030 34813 35593 34813 37451
33567 35387 33957 32004 33008 32524 32004 34347 34251 34403 34121 33367 32977 33570 31614 34347 31614 34663
31680 36212 29976 33544 35042 34243 41916 35431 32200 41347 32070 41477 34731 30106 31450 32330 31450 33724
34626 37732 36822 35146 36822 35406 36304 41142 36304 37212 36174 37986 36822 37210 36952 35016 36952 35146
31650 32560 31910 32040 32040 31910 32040 31780 32040 31910 32040 31910 32040 31910 32040 31910 32040 31910
39438 38592 37682 39958 37552 39828 37812 39273 37552 37682 37422 39273 37552 39533 37552 39533 37682 39958
40783 42343 40913 41433 41173 41953 41303 41433 41563 41303 41173 41433 41173 41693 41043 41563 41043 41693
36652 38472 37172 37172 36506 37692 36912 37302 36782 37432 36912 37432 37042 37692 36912 37562 36912 37432
30474 31137 30864 30994 30227 29630 31456 32520 31456 32520 31456 30487 31456 30487 30481 32650 30481 30741
38135 38596 37686 38655 37686 37686 37816 38525 33232 37686 37556 37686 37426 37816 37556 38525 37556 38525
31490 32709 31409 32140 30600 31706 30437 32140 31059 31211 31233 30307 30719 31037 29952 33481 30036 33481
44986 46976 45246 45636 45655 45896 45525 45915 45525 45376 45246 45766 45246 46196 45376 45636 45376 46066
32056 33486 32316 32576 32316 32706 31407 32172 32576 32432 32446 32836 32446 32836 32446 32576 32446 32576
33162 34202 33422 33422 33292 33942 33682 33552 33292 33812 33162 33812 33162 33942 33292 33682 33292 33682
30492 31792 30637 33355 30518 33615 30752 34676 30882 31142 30492 31272 30648 34806 30622 31874 30622 32134
29281 30971 29931 29801 28043 29724 29698 29724 29438 29724 27913 29724 29568 29854 29438 29724 29801 29724
34495 35233 34193 34885 34063 30350 34193 35145 31113 34453 30480 30610 34193 31954 34063 35145 34063 35145
34281 36202 34671 34801 34541 35682 34541 34671 34541 35061 34671 35292 33961 34801 35292 34801 34671 34801
39666 40706 39926 39926 39926 40056 39796 39796 39796 40056 39796 40186 39796 40186 39926 40056 39926 40056
29448 29936 27900 31225 27480 28445 29166 31095 28445 28030 28185 28160 28185 28160 27610 28705 27610 29056
37488 38658 37748 38008 37748 38398 38008 38008 37878 38008 37748 38138 37618 38008 37748 38268 37748 38268
30791 35607 30607 31311 34567 30997 34697 30737 34827 34437 34697 34567 31311 30737 30737 30737 30737 34567
36486 37656 36876 36876 33123 35317 33253 33253 33253 34927 33123 35187 33123 35187 36616 35187 36616 35187
33145 34445 33795 28515 33535 28775 33795 33405 33535 33665 33535 33665 33535 33665 33795 33535 33795 28515
34429 35729 34689 35079 34559 35339 34819 35079 34689 35209 34429 35469 34689 35339 34689 35209 34689 35469

