34626 81343 54474 59887 47709 65236 53120 52087 55183 55695 53316 55892 48028 61814 47898 55634 47898 60467
31650 64021 48710 45375 41631 59446 42203 44436 45375 45721 45375 53285 41631 59446 45375 55130 38459 53544
39438 85303 57330 56111 51961 60686 59694 54864 52075 54950 47739 57543 55332 59100 53986 63446 58250 56111
33934 82549 51581 46415 48592 66333 48374 62133 51488 47347 44144 60078 45979 61666 44017 66708 44017 59765
33567 104655 52924 57536 48559 72529 52054 68274 54194 60110 55607 61494 44147 74349 48178 65699 48178 75248
31680 88728 53185 57114 45274 67970 47682 52591 47785 53369 47397 54451 44764 59389 47420 54659 47420 52979
38135 76663 47013 45665 49981 54621 51523 50698 49135 51078 51078 54491 41477 55453 46632 51982 46632 51982
31490 90323 51827 53378 46547 55931 53864 54365 54287 53895 49038 59896 55509 56872 49007 55085 48584 55085
44986 95311 57442 67861 56870 77011 58711 75742 60674 58711 54136 74847 54136 79422 53540 75742 53540 71690
40783 95683 52902 63658 54806 81958 59083 63658 68233 59614 54508 76431 53437 72808 55103 68233 48862 72808
36652 109428 65882 54535 46815 77715 53468 67609 50615 63628 50615 68499 50377 82156 50615 68260 50615 67609
30474 73349 49786 39955 41898 50210 46483 48097 46483 45635 45635 48267 45635 48267 40636 50210 40636 46483

