34626 39932 37832 36376 39730 36726 38237 37500 36174 38882 37960 39656 39730 38660 39306 36726 38182 39463
31650 34100 32700 33050 32295 32350 33050 32700 33881 33050 33531 32700 32295 32700 33531 32700 33531 32700
39438 41232 39132 41188 40611 41888 39832 39132 39132 39132 39132 39482 40261 39482 39832 39907 39482 41538
38135 41016 39616 38916 38566 39616 38916 39616 34022 34427 38566 34427 38916 39266 38916 39616 38916 39266
31490 39910 31292 31851 32180 34003 34222 31642 33705 31522 34222 33371 34039 33209 31292 31757 33449 33089
44986 48292 46736 47436 45686 48286 47086 46386 46736 46736 46386 47086 46036 47436 46386 47436 46386 47786
33934 40735 38635 36097 41188 34643 35996 35575 37757 33943 38107 35575 34300 35575 33243 35474 35368 32882
33567 38467 37358 35569 35872 37790 33454 35268 36343 35605 35014 37742 36886 37790 34893 37790 35522 37790
31680 38969 36519 36702 38300 31466 36519 32300 37191 36519 42721 34078 31284 34428 36738 37219 36169 37219
40783 44983 42843 43933 42843 43933 42533 43478 42883 43583 42533 44541 42533 43583 42183 43583 42183 43583
36652 42318 40218 38150 37400 38975 38752 38794 39518 39499 38052 41688 37750 38975 37512 41563 38818 39802
30474 33274 32067 32224 32224 33827 32726 32726 32726 32726 31621 32224 31621 32224 31524 33756 31524 32224

