34626 69507 46425 55000 46941 64607 53001 48230 55709 51260 54162 54935 49262 58610 46941 53775 49069 64092
31650 57375 52040 46350 44009 56821 42675 42121 46350 45796 42022 49471 43506 55235 42022 47582 41694 47582
39438 75403 60710 60222 53842 55407 58508 54344 49813 57028 57028 54776 50875 62260 57028 57814 58579 53346
40783 84883 49846 66508 51808 73858 59158 62833 62833 61762 56197 68816 51680 74868 51808 70183 50737 70183
36652 91124 62853 55736 52064 72156 49868 60893 55797 60893 51768 71029 50640 71918 51352 70497 53132 68243
30474 66182 45286 46764 43173 55692 45710 49385 45710 42412 42035 47069 42035 47069 41611 54114 41611 54114
38135 67208 48185 47480 46381 49349 47088 54124 47611 47478 51153 55731 42706 54763 48446 55992 43803 49089
31490 79321 49122 55185 47908 53784 49310 50344 50767 52327 51049 57459 54912 55391 47665 55993 47054 51942
44986 85411 56011 63361 52336 73640 59686 69442 60749 59686 56011 68547 56011 72222 53399 69442 59836 67036
33934 73549 49320 45709 46708 60033 49196 53748 47512 46583 43719 55175 42288 58228 46708 58106 48451 60158
33567 84870 56391 58312 45410 74099 58494 58603 58457 57116 54782 55194 45533 70170 45221 62820 52369 70424
31680 77028 54041 53628 44210 64232 53259 53672 48041 52840 53459 51725 48097 63457 45404 51561 46328 55079

