34282 40449 35869 35922 35379 37392 35922 35432 34942 35593 34684 36412 34684 36412 35379 35922 35379 38912
36124 38747 32918 38084 33751 34028 37104 38084 31713 37416 29995 34745 33408 38574 32142 38084 34337 38084
34019 39475 35065 35052 34999 40628 38893 36045 38893 39158 38403 36469 39052 36959 34575 36045 34999 40138
35812 39732 35812 38641 36302 38752 37282 36792 37282 37282 36792 37772 36302 38752 36302 37772 36302 38262
35623 41503 37320 38812 36113 39053 37290 37093 37290 38790 36800 37583 40135 38563 37320 37093 37320 37583
35171 43103 38397 37131 36927 39285 36641 37325 35967 39892 35477 37771 36641 41163 36641 37621 37131 37621
36319 38649 36809 39491 37372 33135 33135 37299 33667 33096 35709 34076 36809 33586 36809 37789 36809 37789
31965 37355 32945 32945 32455 34905 33925 33435 33925 33925 33925 33925 33925 33925 32945 33925 32945 33925
48554 53454 50024 49534 50024 43793 43303 43303 50024 43303 49534 43303 49534 43303 50024 50514 50024 50024
32478 38358 33948 33491 33458 34928 34438 33981 33948 33620 33981 34928 36385 35137 33458 33458 33458 33948
39432 41392 39432 40412 39432 40902 39922 39922 39922 40412 39432 40902 39432 40902 39432 39922 39432 40412
31563 35897 32957 30158 35671 32957 32957 32543 32957 32957 30153 33937 30153 33937 32957 32543 32957 32543
34525 34456 31026 35505 32074 36416 33404 33684 32914 32144 30535 30813 31584 36416 31516 31724 31516 35436
34238 37668 35218 35218 36450 41036 35218 35708 36124 40056 35634 40546 36450 40546 34728 36198 34728 41036
37571 41845 37230 38551 37720 40021 34730 38833 42239 39041 42239 39813 42868 38982 37720 39323 37720 39041
37533 40473 38513 38513 37533 42180 38023 38513 43671 38513 43181 39003 43181 39003 37533 39493 37533 39003
29190 38017 30974 33119 33437 34228 31465 30660 30840 33295 32720 31374 31779 31864 31734 30660 31734 30660
40905 43499 40216 35028 41395 41885 33087 42865 34436 41885 33946 37910 35023 36090 40216 42865 40216 42865
42444 48266 42876 44894 43988 43767 44228 44404 44228 41807 43738 44718 41807 42297 40849 42787 41493 42787
44174 47114 44174 45154 44174 47947 45154 45154 45154 45154 44664 45154 45154 45154 44174 45644 44174 45644
28434 37284 29958 32625 32044 33211 31676 34509 30801 28814 33430 33211 30719 33211 30810 28762 33114 33701
30230 39058 37596 31700 36729 37058 34825 36768 35611 33318 35121 32754 35121 33507 34482 37258 34482 32969
31480 34333 32579 31817 31548 32528 32797 35832 33105 32797 33184 32542 31817 32307 35737 36322 35737 31817
46535 50945 48005 47025 47025 47515 48005 48005 48005 48005 47515 48495 47515 48495 47515 48005 48005 48005
33336 38239 33461 35296 33246 35789 33919 35786 33737 35190 33247 39118 34087 39608 33246 36276 33246 36276
42469 46879 42959 44773 44283 47422 44773 45263 44773 46442 44435 46932 44435 46932 43829 44919 43829 44919
36565 41604 36802 32890 37041 38525 38764 37545 36802 38525 36802 38764 38413 38764 36802 38035 36802 38035
39259 44159 40729 39749 40729 40729 44023 40729 44023 40729 40729 40729 40729 40729 43533 41219 40729 41219
34820 39805 32831 32533 31802 34900 33570 33080 35340 33039 34769 34609 32838 33374 34658 35645 34658 35303
31860 36135 33820 32840 31791 33852 33129 31092 33128 32582 32148 33278 32148 33278 34168 34010 34168 34010
35292 41662 35315 32717 36272 33697 33829 35766 35483 36762 34993 34335 34755 36003 32853 32954 32853 33981
31043 37729 31376 32836 31525 34789 30396 34125 32339 33552 30886 32762 31849 34473 31795 31866 34779 33493
39929 43766 40909 40419 40419 41889 41399 40909 41399 40909 40419 41399 40419 41399 40336 40909 40336 40909
31795 38994 31870 34809 30590 35789 31645 30816 34356 31719 31531 31569 31531 32021 30929 33416 30929 33265
33099 38117 33630 36298 32497 33898 34379 35549 32912 33063 33553 33252 32497 33366 32687 36039 31523 35549
39602 44012 40582 41072 40582 45286 44306 40092 40092 40017 39602 44796 39602 38327 40582 40582 40582 40646
41231 45641 42211 41721 41721 41129 41721 42211 41721 41721 41721 42701 41721 42701 41721 41129 41721 41129
35684 38624 36174 35718 36174 36698 36174 36174 36174 36208 35718 36698 35718 36698 36174 36698 36174 36698
39796 43226 40776 40286 40286 41756 40776 41266 40286 41266 39796 41266 39796 41266 40286 41266 40286 40776
28522 35537 29657 29581 29992 30190 30415 29240 29925 33442 29435 30593 28571 31805 29539 30868 29539 30905
33754 40124 35077 35714 36547 42326 36839 35714 36202 36448 35959 38751 36547 36987 35908 35714 36839 36204
37520 42420 38990 34122 35207 38500 38681 38990 36187 38500 36187 38990 36187 38990 38500 38990 38500 38990
34927 38847 35417 42418 38002 35907 41928 36397 42418 35907 41438 37055 41438 37055 40948 36397 35417 36397
33928 36868 34676 34418 34186 35888 34418 34908 34418 34908 34418 35398 34418 35888 34186 35398 34186 35398
33497 36437 33987 33987 38707 37910 36930 33987 33987 37420 35154 37420 35154 37420 33987 36930 33987 36930
30222 37213 29214 29537 29454 30434 31201 30110 31450 30710 30960 30278 29654 30392 31226 30600 31226 29387
28586 39207 33773 33772 35140 38209 31522 34351 34660 34621 33190 33819 30052 34182 31821 31036 31514 31036
30475 34578 33780 31638 33841 34331 34821 31945 34821 33780 34331 33780 31699 32434 34270 31945 31148 31945
41798 45228 42288 42778 42288 43268 42778 42778 42778 42778 42288 43268 42288 43268 42288 43268 42288 42778
44901 50644 46724 46724 45254 47704 46724 46234 45744 47214 45744 47214 45254 47704 45744 47351 45744 47351
33934 38656 33235 34160 34246 35630 32791 36643 34923 35343 32993 36090 33678 35210 35289 35894 35289 35700
33567 40427 34114 34964 33712 38700 34148 33314 34239 35979 32334 35219 33749 37993 33640 36017 33640 34784
31680 41358 33150 33150 34003 38521 42866 36352 35862 31525 32660 33098 43356 37256 35400 33640 35890 33640
34626 40842 37412 36096 35968 37800 37902 35116 37257 38030 37412 38030 37412 37076 36096 36096 36096 36096
31650 35080 32630 32140 32215 32140 32140 32140 32140 32630 32630 32630 33120 32630 32140 32630 32140 32630
39438 42912 42112 38213 39771 37723 39482 39503 39771 38294 38012 39417 38012 39274 38992 40908 38992 40908
40783 46663 42283 42743 42283 44808 43502 42743 43992 43561 42253 46578 42358 43233 41868 43723 41868 43723
36652 44418 37632 38612 37142 40498 37604 39518 37114 38018 37068 39102 37170 39592 37142 39102 37632 39102
30474 34394 33428 31454 31454 31267 31437 31454 31437 31201 33428 31437 33428 31927 32938 31944 32938 33049
38135 42556 39115 39605 32920 39126 38636 38754 35398 38636 34984 36610 38146 34287 33307 38754 33307 39115
31490 37503 30268 32470 33900 33067 32369 33450 35021 32893 31107 30892 31637 32134 31040 32960 31040 32960
44986 49885 45476 46456 45476 47585 45966 46456 45476 46456 44986 46605 44986 47436 45476 46946 45476 47436
32056 37446 32417 33526 33036 32490 33627 36938 33627 33036 33036 33613 32056 34592 31510 37428 31524 33397
33162 37082 38986 39476 39966 35612 34632 34632 33652 35122 33162 35122 33162 35612 39966 34632 39476 34632
30492 41271 31472 33245 31692 33444 33387 34367 31472 41319 30894 41809 30626 41809 31254 31962 31254 32954
29281 38600 33700 33262 30237 35842 30751 30775 32976 30544 32486 31034 32486 31524 30237 30775 31996 30775
34495 39587 46459 35965 43654 32400 37724 36455 37724 31560 34653 31560 33160 31827 43654 36455 34653 36455
34281 40162 35752 45792 39300 39239 35752 34061 36733 40390 37827 37059 37822 34551 34551 34061 36244 34603
39666 43586 40156 39666 40646 40321 40156 40156 40156 39831 39666 40321 39666 40321 40646 39831 40646 40321
29448 32310 31577 32045 31065 31784 29210 31133 30282 30290 29792 31148 29792 29532 30474 31133 30474 29525
37488 41898 38468 38469 37978 39938 38958 38468 38468 39448 37978 39448 37978 38958 37978 38958 37978 38958
30791 36768 31950 32852 32287 33420 35647 31771 34220 33483 29766 34321 33216 33831 34083 35157 32221 31771
36486 40896 35777 33199 36976 36267 35460 35777 35460 34970 34797 36267 34797 35777 36976 37956 36976 35777
33145 39163 35105 28385 34125 32998 35733 33635 34615 35105 35243 35733 35243 35105 35733 34615 35733 32508
34429 39329 34919 35899 34919 39624 35409 36389 35124 36879 34634 38644 33199 39134 34919 36879 34919 39134
33891 39281 34871 34381 33891 36831 35361 35361 34871 35361 34381 35851 36297 36831 34381 36341 34381 35851
42586 46016 43566 43076 42586 44056 43566 43566 43076 44056 42586 44056 42586 44056 42586 44056 42586 44056
34040 38190 33060 32070 33870 36490 36880 33510 32600 34050 35080 33430 34350 33680 34350 32810 31670 32070
31667 37547 32647 33627 32157 37495 32647 32647 32647 33137 32647 33627 32647 34607 32157 33627 32157 33627
31462 36362 32442 32992 30435 35978 31925 32643 31925 32952 33412 33366 33412 35488 32442 32643 32442 32932
33135 39252 33625 33284 34652 31889 34539 33266 34049 34028 32770 32475 31814 34115 31814 33266 31814 35095
44703 47643 44703 45683 45868 52502 51522 45683 45193 51522 44703 48781 44703 45683 44703 45683 44703 46173
52294 46332 53274 53764 52784 53274 53274 41125 53274 53764 39655 53764 39655 41125 39655 53274 39655 53274
29351 36572 30168 32146 29199 31092 32451 31692 30646 31084 31545 31574 29689 30870 31720 30443 30822 30933
40273 44193 41253 41743 41253 45084 44594 41253 40763 41253 40763 41743 40763 45084 41253 41743 41253 41743
34736 42102 36896 36063 37266 38756 33653 42253 35208 35372 34718 36665 34718 36150 35693 35775 35693 37441
44302 48222 44302 45282 44792 46262 46262 45772 45282 45772 44792 46262 44792 46752 44302 45772 44302 46262
35121 37571 35611 35611 35226 36591 36101 35950 35716 36101 35226 36591 35611 36591 35121 36101 35121 36101
47132 53012 48602 48112 53440 46344 43929 49092 43929 48602 43439 49092 53440 49092 53440 49582 53440 49092
40297 45687 41900 33514 36508 38547 41767 42257 35409 39489 36998 42257 36998 42747 35462 42257 36508 42747
38263 42183 38263 38812 38610 40570 41499 39733 38610 39100 38120 39733 39243 39100 38610 39733 38610 39590
29235 36527 32174 30034 30567 31994 31837 31627 31168 34325 30034 31425 30567 32376 30567 31627 30567 31396
46392 50312 46882 47862 47862 47862 47862 47862 47862 47862 47372 47862 47372 47862 47372 47862 47372 48352
29913 33711 30403 33845 30403 31383 30893 30771 33845 33785 33355 31383 33845 33295 30403 30893 30403 31383
35324 39244 36794 36304 36794 35814 35814 35814 35814 35814 35814 36304 35814 36304 36794 36304 36794 36304
28766 34855 30236 29568 29309 33340 31104 30236 30705 30529 29661 31478 30916 31510 29746 30726 29746 30740
39806 45686 40786 41275 40786 42745 42256 42746 41275 42746 40785 42746 41276 43236 40786 42746 40786 42746
44456 49846 45926 46416 45436 44946 45926 45926 45436 46906 44946 46416 44946 46906 45926 45926 45926 45926
32644 36776 33238 29415 33955 34001 32800 33624 36680 32148 36190 32963 32856 35096 32856 34114 32310 35479
32255 34180 31730 32745 31730 32745 34420 33235 31240 31240 30750 33725 30750 33235 30750 33235 32745 33235

