38135 38134 37782 37606 37518 37782 37606 37782 37694 37694 37518 37694 37606 37694 37606 37782 37606 37694
31490 32163 30608 32194 30520 30361 31078 30126 30696 32106 32611 32476 30696 30361 30608 32194 30608 32194
44986 46430 45426 45602 45575 46078 45814 45663 45487 45426 45249 45514 45216 45602 45338 45602 45338 45690
40783 41839 41047 41575 41047 41575 41223 41311 41311 41487 41223 41399 41223 41487 41135 41487 41135 41487
36652 37884 37356 36316 36468 37532 37180 37180 37180 37180 37004 37532 36468 37532 37180 37356 37092 37444
30474 30759 30573 32612 30914 32107 28286 32618 28286 28286 30650 32612 30650 32612 30319 32612 30319 30914
34626 36966 36438 35066 36872 35154 36262 36438 36398 36438 34978 37048 34938 37088 36872 35154 36350 34978
31650 32266 31914 32002 32090 31826 32002 31914 32002 32002 32002 31914 32090 31914 32002 31914 32002 31914
39438 38088 37560 39878 37648 40054 37736 41258 39541 41170 37560 39453 37560 41346 37736 39878 37648 39966
33934 33570 30790 32607 33389 30966 33042 32871 32855 33691 31396 32434 32679 32311 33301 31572 33301 35475
33567 34799 33203 32058 34301 34461 34217 33385 32514 34197 32426 34197 32162 34373 34095 34373 34389 34373
31680 35925 35309 32296 35133 30156 34342 34518 32208 41443 35361 41443 35221 34606 35221 31123 37428 31211

