34626 62705 37769 46799 39548 44402 39682 39148 39405 42739 37817 44906 37817 45020 37769 46799 37769 46799 37769 46799
31650 54283 32137 33813 35809 37630 36114 32137 32766 37108 34974 37595 35755 35972 34027 37595 34027 37595 38186 37595
39438 64851 40946 44096 38451 43641 46146 40740 46246 43641 41943 43838 40787 48625 38400 48625 38451 47944 38400 47944
38135 59539 34891 41102 37868 39482 38654 42324 36387 37679 34255 42887 35742 43026 33158 42500 38182 42500 38182 42500
31490 50385 31861 34857 32860 36637 34157 36296 37929 32396 31890 36144 31279 34592 31861 36661 32860 36637 31861 36637
44986 77155 44986 49308 45211 53362 47547 51132 48720 49736 47367 51281 47367 55655 45211 56082 44986 56082 45211 56082
40783 69950 41082 49232 43042 50816 44227 50434 44525 48766 41931 49584 44396 52730 41082 52730 41082 52730 41082 52730
36652 67644 36823 46941 36984 42455 41394 39536 42299 40119 42554 40808 36984 43268 37289 45939 37289 45939 37289 45939
30474 51541 30757 41596 33208 34072 34072 33114 32313 32516 31776 33306 31776 33306 33208 35768 31849 35768 31849 35768
33934 57134 33934 42434 36800 40449 39472 37585 36139 37669 38889 37782 36377 42012 38527 42012 39852 45955 38527 45955
33567 53778 33567 37607 34893 39493 34791 33565 34921 39005 33702 40224 33781 41238 34053 42303 34053 40452 34053 42303
31680 60011 31755 33322 30516 44586 35671 35118 36152 32850 35418 36624 35418 34711 35297 35049 35297 35049 35297 35049

