34626 64786 45426 50125 43694 50826 51269 51544 47417 53526 52317 51858 46901 52760 46265 52946 51286 49980
31650 50550 43054 42450 41695 49021 47398 39750 43281 42450 42772 43621 45981 49021 42772 46945 42772 46945
39438 63819 58348 51745 56436 55923 50692 54232 53586 52949 52108 56932 47255 52400 50692 51745 50692 49045
38135 57207 47881 46278 43257 51237 46278 44933 47421 44795 42481 53678 42481 48913 46278 51301 46278 54001
31490 65128 48578 47570 47429 58276 48087 48510 50479 47053 49659 49142 48087 54542 47852 47570 46092 49779
44986 74686 61336 63140 57217 65840 57740 62617 58574 58486 55874 65928 60486 68628 55786 68017 58636 66586
33934 63799 49450 45964 43716 54144 44321 52025 46625 44844 42143 52025 45770 52025 41607 49100 41162 58898
33567 69480 56960 54369 47973 61380 47554 57341 47554 52973 49895 54242 45219 61380 46867 61380 46089 61380
31680 64198 55516 52802 44715 53228 46743 50373 51756 50464 48332 50335 41006 55153 47765 53732 48332 54108
40783 73183 54249 65083 48110 65083 54283 62538 60218 62383 54283 62978 54283 62383 51583 67011 51583 67011
36652 74451 54840 52200 45909 63890 55197 59884 55612 54900 47837 63000 45909 63890 48075 62406 51932 60240
30474 51311 44707 46607 37949 46235 40835 46235 40835 49307 46607 46235 46607 46235 37711 52007 37711 51939

