34282 38382 36163 36322 35302 36682 35609 34642 34642 35662 36585 36978 35677 36002 35269 36002 35269 36342
36124 34711 30769 37824 34377 34158 37144 33768 33476 37156 33136 37836 32808 38164 30375 37484 30375 37496
34019 37759 35039 35167 34465 36655 38973 38973 38973 38633 36461 36059 35856 39653 34699 36315 34699 39653
35812 38532 36152 38831 36499 37852 37172 36832 37172 37172 36832 37172 36152 37852 36152 37512 36152 37852
35623 39703 38092 36983 39646 38683 40189 38588 40189 41026 40515 37323 37309 38003 39646 37663 37360 37663
35171 40853 36871 37211 36531 39007 36191 37405 35367 37211 35851 37549 36871 38131 36531 37745 36531 37551
36319 37449 32722 37339 32042 38019 38699 33895 35749 37679 35749 37679 32382 37679 32382 34047 32382 37679
31965 35705 32645 32985 32645 34005 33665 34005 33665 33665 33665 34005 33665 34005 32645 33665 32645 33665
48554 51954 49914 42853 49914 43873 49574 49914 49914 49574 49914 43193 49914 43193 49914 49914 49914 49914
32478 36558 34178 32269 33498 33445 34230 33498 34021 33105 36425 33210 33158 34831 33498 33838 33498 33838
39432 40792 39432 40452 39432 40792 39772 39772 39772 40112 39432 40452 39432 40452 39432 40112 39432 40112
31563 34697 33337 32583 35561 33337 32997 33337 32997 32997 30193 30348 30193 34017 32657 33677 32657 30008
34525 34144 33777 35545 32894 36196 35545 33784 33444 33784 34865 30764 31974 35856 34457 35246 34117 35586
34238 36618 35258 35258 35484 40626 34918 35598 36164 39946 35484 40286 35484 40286 34578 40626 34578 40626
37571 39719 37679 38591 37571 39611 42758 38723 42758 39611 37339 39063 42758 39403 37911 38931 37679 38931
37533 39573 38213 38553 37533 42070 37873 38213 43521 38213 40710 38893 40710 38893 37533 38893 37533 38553
29190 35917 32276 30550 29837 31985 31346 31233 30506 33798 30893 32422 33457 32395 31553 30964 31553 32098
40905 43316 40256 42265 39916 37194 40256 43082 32557 41925 32557 42605 32572 34745 32912 43422 34782 42945
42444 46524 43268 42482 43464 44930 43968 42377 44308 44648 43628 44308 41357 44648 42608 44648 42608 42600
44174 46214 45743 48477 44514 48477 44854 44854 44854 44854 44854 46083 47797 44854 48821 48477 45743 48477
28434 35184 30678 28190 29500 33931 31581 32303 32238 27854 32599 30360 32665 28573 29887 32303 33277 33251
30230 33648 34198 33095 33695 33686 35719 35092 36141 32253 35012 35379 35012 35379 32352 33551 33408 30588
31480 32833 31145 31098 31438 31857 34140 32160 34140 33905 33543 32197 35462 32703 34140 31517 34140 31517
46535 49595 47555 46875 46875 47555 47895 47895 47895 45964 47215 47895 47215 47895 47555 47895 47555 47895
33336 37756 34330 35010 34356 35019 34696 34440 34356 38329 34696 38329 34016 38898 33202 38898 33136 36458
42469 45529 43869 46560 44401 44509 43529 43981 44663 43489 44323 47012 44323 47352 43529 44509 43869 44509
36565 39804 36692 37084 32541 38945 36692 37925 38994 38265 37084 37585 33270 37925 32707 38265 37585 38265
39259 42659 40959 39939 40279 40959 40619 40959 40619 40959 40279 40619 40279 40279 40619 40959 40619 40619
34820 38950 34903 32761 32484 33758 34799 33650 32824 33027 34503 33416 35150 33504 33223 33070 33223 33317
31860 34734 32263 32629 31624 32952 32628 31864 33317 32322 32032 31912 31724 31572 32821 34281 32821 33251
35292 39712 34905 33379 36652 33531 35361 35021 33314 35021 33051 37332 35425 34059 36652 33871 32593 33871
31043 34062 33896 32063 32039 34576 32786 33083 33216 33059 32039 33850 32039 34530 31565 36043 31565 33126
39929 42416 40716 40609 40036 41969 40376 40949 40949 40376 40609 40376 40609 41289 40036 41289 40376 41289
31795 36744 31157 31950 32588 32631 33342 33982 34283 35415 32064 33875 32064 32064 33755 33835 33155 33835
33099 35867 35289 33367 31937 33186 33029 35479 32089 32882 34234 33337 31937 34050 32010 35819 32355 35479
39602 42662 40282 40962 40282 40622 40282 44536 39942 40622 39942 40962 40282 40962 40622 40962 40622 41302
41231 44291 42251 41911 39169 41209 41911 42251 41911 41911 41911 42251 41911 42251 41911 42591 42251 42591
35684 37724 36364 36024 36364 36588 36364 36364 35908 36364 35568 36704 35568 36704 36364 36588 36364 36248
39796 42176 40476 40816 40136 41836 40476 41156 40136 40816 40136 41156 40136 41156 40136 41156 40136 41156
28522 33622 29882 29882 29997 31957 29665 30648 29483 32093 29143 30570 29657 30152 29842 30648 29842 32172
33754 38174 36147 35747 40508 38039 34522 39861 40305 38531 36729 35347 40508 40099 37561 41426 37561 41766
37520 40920 38880 38880 35397 38880 38880 35965 36077 35625 35737 38880 35737 38880 35397 38880 35397 38880
34927 43178 35607 35267 37852 35607 35947 37095 37095 35947 36755 36755 36755 36755 36755 36287 36755 35947
33928 35968 34608 34948 33928 35628 34608 34608 34608 34948 34268 35288 34268 35288 33928 35628 33928 35288
33497 35537 33837 34517 33837 37650 36630 33837 35534 37310 38067 37310 38067 37310 33837 36630 33837 36970
30222 33809 29652 29427 28822 31222 30991 30174 31164 31886 30824 31381 28678 30132 30583 29657 30583 31222
28586 36176 34489 34489 32806 32442 32011 33693 34740 37515 34382 36673 32101 34269 31728 36480 33587 32617
30475 33228 34936 31835 31739 34221 34901 33330 31188 33670 31188 33330 31399 34221 30848 32175 30848 34561
41798 44178 42818 42478 42138 43498 42478 42478 42478 42478 42478 42818 42478 42818 42138 42818 42138 42478
44901 48844 45921 46464 45241 47484 46124 46124 45784 46804 45444 46804 45444 47484 45444 47281 45444 46941
33891 37631 34911 34911 33891 36611 37167 35251 36827 35251 36827 35591 36487 36271 34231 35591 34231 35931
42586 44966 43606 43266 42586 44286 43266 43606 42926 43606 42926 44286 42926 44286 42926 43946 42926 43606
34040 40560 33100 33000 36340 32440 32340 32020 32320 33840 37640 33200 34080 35380 34580 34240 34580 32740
31667 35747 32347 33367 32687 34387 33027 32687 32687 33027 32943 33027 32347 34047 32007 33367 32007 33027
31462 34862 32482 33739 30513 34699 33399 33110 31623 32009 31278 32916 30173 34410 33488 33307 33488 32822
33135 36874 32143 33364 32004 33119 32360 34495 32467 33768 31787 31309 32004 33318 32594 34835 33118 33983
44703 46743 45383 52392 46058 52392 45383 45383 45043 45383 45043 51712 45043 51712 45043 45723 45043 52052
52294 45282 52974 53314 39655 53314 52974 52974 39995 40675 39655 53654 39655 41015 43582 53314 39655 53314
29351 36025 29910 31392 30574 30593 33085 31051 31383 29939 30182 32821 30200 33037 33614 31253 30605 30598
40273 42993 41293 41633 40953 44974 40953 40953 40953 41293 40953 44634 40953 44634 40953 41633 40953 41633
34736 40716 37527 36096 36216 38328 32943 36732 33060 35924 33280 38386 33280 37471 37187 36723 37187 36723
44302 47022 44982 45322 44642 45662 45662 45662 44982 45662 44982 45662 44982 46342 44642 45662 44642 45662
35121 36821 35461 35461 35121 36481 35801 35801 35461 35801 35461 36141 35461 36141 35461 35801 35461 36141
47132 51212 46084 48492 53140 46424 54500 46084 54160 45744 53820 48832 53140 49172 47812 48832 47812 49172
40297 44037 41317 33052 34619 37647 34288 32835 32857 34628 40977 34968 34619 34968 40977 33515 34619 42337
38263 40983 38263 39623 38603 39820 38744 39283 38460 39424 38943 39623 38943 39480 38460 39623 38460 39820
29235 34577 34187 30675 30567 31027 33384 31857 33317 33263 33044 31942 30567 31332 33847 33532 33847 33444
46392 49112 46732 47412 47412 47752 47412 47752 47752 47752 47412 47752 47412 47752 47072 47752 47072 47752
29913 32293 30593 30933 33695 35055 30933 30661 30933 30661 30593 33525 33695 33525 32505 31273 32505 30933
35324 38044 36684 36004 36344 36004 36004 36004 36004 39016 36004 39356 36004 39356 36344 36004 36344 36344
28766 33186 30204 30126 29733 30962 30231 29916 30414 32034 29653 30178 29733 29890 30126 31249 30126 32322
39806 43886 41166 41506 40145 42865 40825 42186 41047 42186 40707 41505 40145 42186 40145 42525 40145 42186
44456 48196 45816 45816 40138 45476 45816 45476 45136 46496 44796 46156 44796 46836 40088 45816 40088 45816
32644 35291 31081 33225 33292 33426 30747 32406 31093 32703 33268 32703 33292 33251 35753 35559 30067 35219
32255 33130 33275 33275 31770 32110 34120 31770 31090 31430 31090 33275 32935 33275 32935 32935 31090 32935
33934 40635 37915 33710 35329 35630 31498 36723 33523 34145 32843 34825 32843 35353 35329 37063 35329 35074
33567 38327 35310 34287 34137 37350 36642 35607 34432 33394 34432 36113 33055 36563 34173 33734 34173 37133
31680 38839 31965 36119 31852 32864 31955 31615 35602 32988 32700 38230 32360 32098 37145 35942 37145 35151
34626 39832 37452 35986 39000 36666 37100 38355 36772 38906 36432 39246 38566 38260 36772 35646 36772 35986
31650 34030 32330 32670 33161 32330 32670 31990 33841 32330 33161 32330 33161 32330 33161 32330 32670 32330
39438 41112 38732 38886 39511 39497 39072 39693 38392 38732 38052 40502 38392 42342 38392 42342 38732 40798
40783 44863 41718 42483 41803 43843 42143 42483 42823 46018 41803 43078 42133 43163 42473 42823 42473 43163
36652 42168 38768 38012 36780 39372 39063 39108 38680 38692 37332 39448 37672 40128 36664 39032 37332 39108
30474 33194 30647 31836 30647 30050 33107 31327 33107 32940 32767 31834 32767 31834 33107 30390 33107 31581
38135 40906 38526 33992 35136 33041 35833 39155 33652 38526 38186 38526 37846 38866 38186 39155 38186 39155
31490 39750 32239 33190 31263 31790 31415 33190 30535 30251 31216 31592 33472 32731 30582 32553 35034 32553
44986 48172 45666 46686 45326 47366 46006 46097 45666 46006 45666 46685 45666 47516 46006 46686 46006 47026
32056 35796 36338 33416 32736 32080 32673 33756 33416 34436 33076 34096 31993 32080 29964 37018 29964 37358
33162 35882 33842 33842 33502 35202 34522 34182 33502 34862 33162 34862 33162 35202 33502 34522 33502 34522
30492 38516 34916 35543 30492 33524 31172 34107 31512 35596 30620 32532 30832 32237 30832 35457 30832 37032
29281 35586 32526 30641 28882 30774 33206 30515 32526 30774 30087 30774 30198 34942 29858 30774 30641 30774
34495 37937 48555 35515 34693 31724 35033 36195 34818 48555 31227 31450 45900 35373 37092 31567 37092 31450
34281 38512 35301 35641 35944 37152 34961 34251 38339 35271 35301 36132 35944 35641 34931 34591 35301 34591
39666 42386 40346 40346 40346 40686 40006 40006 40006 40686 40006 41026 40006 41026 40346 40686 40346 40686
29448 31185 29217 28270 29128 29290 30935 28270 30933 29467 30593 29145 28090 29145 29415 28770 29415 30131
37488 40548 38168 38848 38168 39868 38848 38848 38508 38848 38168 39188 37828 38848 38168 39528 38168 39528
30791 37917 35197 32151 35197 32520 35537 35197 32491 31840 35537 32556 31831 31643 34857 35197 34857 31811
36486 39546 37506 37506 33543 36157 35137 35010 35137 36639 34797 35817 34797 35817 36826 35817 36826 36979
33145 37513 34845 28725 34165 29405 35473 33825 34165 34505 34165 34505 34165 34505 35473 34165 35813 28725
34429 37829 35109 36129 34769 38724 35449 36129 37191 36469 36511 35188 37191 38724 35109 36469 35109 38724

