34626 105593 50956 67977 45181 77852 53434 53435 49593 63242 48434 62726 48434 62626 48146 60397 48146 60397
31650 82741 53835 39304 39457 61741 47741 51745 49930 47741 42326 56729 42326 54741 41421 57989 41421 57989
39438 111978 51659 61774 60429 63818 66792 56483 52863 53085 50597 68360 48978 63969 64172 56969 64172 63969
38135 98488 46197 51488 45907 59746 51425 52164 54617 61423 45036 59681 47584 66616 46778 52164 46778 53842
31490 120375 56952 50892 49432 70344 54273 59490 52017 57231 48918 62304 51738 63244 49670 53474 49670 53474
44986 121464 57717 65986 56374 90865 65165 78717 63374 65165 56374 77747 56374 82447 56374 82447 56374 82447
40783 126328 58693 68783 54010 98328 63328 73821 68783 68308 61783 82366 54783 85993 53712 87955 53712 87955
36652 124745 60322 61686 49168 91168 63168 82391 56168 69397 49168 72721 51955 87194 50890 71652 57890 71652
30474 84354 47911 38449 46297 61316 44559 50967 48335 50712 48335 54316 48335 52195 41458 60088 41458 48249
33934 104274 47839 54686 56680 71140 51012 64018 53344 53967 42767 58449 43924 65795 52036 64330 52036 68125
33567 150350 56131 59354 46732 94354 56211 64469 53769 52354 45354 66354 46769 85179 45354 68567 48985 80354
31680 117670 55261 58700 47823 84091 49685 63581 55288 53869 49298 58181 48236 76316 46071 59680 52605 59680

