34626 48919 38632 40126 37660 43160 44897 38321 42383 40255 42383 42060 39091 43160 41159 47097 38700 47097
31650 39350 34950 36050 35199 36221 36050 32750 36050 33850 36872 34950 35781 35121 36872 38274 36050 38274
39438 50232 41295 46143 44732 42499 41970 42924 44411 43632 41082 43245 42532 48342 41082 46535 47351 42781
38135 43327 37950 40208 36081 37375 37181 37178 37181 38147 36081 38216 36920 40282 36081 37178 34981 40596
31490 43552 37291 37949 34602 39557 36304 37385 35317 36633 34761 39566 35063 37282 35693 37451 34687 39190
44986 57086 48286 50486 48117 54886 49386 50167 48436 49386 48286 50840 48286 51940 48286 51586 48286 51586
33934 44146 42279 36654 37588 38729 34352 42466 36903 36903 34703 39290 35141 38419 36488 41013 42881 36862
33567 50225 38280 41193 38242 42354 40469 38112 40432 39187 39332 41460 38242 42512 36855 40312 36855 41254
31680 44828 38022 41639 39751 42960 35253 40864 39093 42053 37336 37905 34928 43285 36250 38090 36250 34790
40783 59038 42983 48483 44678 50683 46283 47383 47383 47978 45183 49078 44826 49078 44083 53538 44678 49583
36652 52052 43252 41735 39952 47684 41144 42868 42244 43284 41052 45568 39208 46168 41052 46584 41052 45484
30474 42584 32411 32842 31560 35035 33264 33935 33264 33016 31735 37927 31735 37927 32416 34874 33521 34874

