38135 38244 37558 38527 37558 37558 37656 38429 37558 37558 37460 37558 37362 37656 37460 38429 37460 38429
31490 32293 31313 31980 30472 31796 30245 31980 30668 31083 30668 31980 30668 31279 29856 30150 29908 30150
44986 46560 45182 45476 45527 45672 45429 45723 45429 45280 45182 45574 45182 45972 45280 45476 45280 45874
40783 41959 40881 41273 41077 41665 41175 41273 41371 41175 41077 41273 41077 41469 40979 41371 40979 41469
36652 38024 37044 37044 36410 37436 36848 37142 36750 37240 36848 37240 36946 37436 36848 37338 36848 37240
30474 30849 30768 30866 30163 32652 32482 32456 32482 32456 32482 30359 32482 30359 30417 32554 30417 30613
34626 37056 36272 35018 36726 35214 36272 34724 36272 37020 36174 36952 36174 37050 36824 34920 36824 35018
31650 32336 31846 31944 31944 31846 31944 31748 31944 31846 31944 31846 31944 31846 31944 31846 31944 31846
39438 38208 37522 39830 37424 39732 37620 39209 39405 41034 39732 39209 41034 39405 37424 39405 37522 39830
33934 33670 34130 33606 34228 32149 33643 35271 35014 35413 35014 35511 31328 35511 34130 35369 34130 34486
33567 34939 33861 33983 32976 32236 33175 34155 34091 34179 33993 34081 32881 34375 31550 34155 31550 34375
31680 36055 37039 31085 37194 34083 35173 35271 32072 41219 31974 34196 34667 37235 35075 32170 35075 30982

