42469 45439 42799 44949 42849 46622 49093 43839 49093 45962 42951 46292 42951 46292 43509 44119 43509 44119
36565 39684 36384 37225 32171 37885 36322 37225 36322 37885 36322 37555 33705 37555 36322 37555 36322 37555
39259 42559 40249 39589 40249 40249 40579 40249 40579 40249 40249 40249 40249 40249 40579 40579 40249 40579
34820 37843 32962 35120 31416 32784 32074 32600 33590 32636 33260 34201 32830 32784 34018 35005 34018 34398
31860 34604 33180 32520 31471 32360 32268 31939 31902 32152 32467 32269 32467 32269 32599 32892 32599 32892
35292 39582 34515 32841 35952 33171 33349 35446 33858 36282 32614 33855 34435 35523 32213 33831 32213 33501
31043 33932 30736 31703 31205 33669 32181 32693 30663 32259 30449 33429 31599 33353 29669 32693 29669 32693
39929 42326 40016 40259 40259 41249 40919 40589 40919 40016 40259 40919 40259 40919 40016 40589 40016 40589
31795 36594 31550 31494 30863 35206 31117 32785 33952 34695 31164 33135 31164 35083 32905 32455 32905 32785
33099 35717 32990 34569 32480 32952 32141 34749 32239 31936 33073 32493 32480 32665 32074 35079 32180 34749
39602 42572 40262 40592 40262 44486 43826 39932 39932 40592 39602 44156 39602 40922 40262 40262 40262 40592
41231 44201 41891 41561 41561 40489 41561 41891 41561 41561 41561 42221 41561 42221 41561 40489 41561 40489
35684 37664 36014 35558 36014 36218 36014 36014 36014 35888 35558 36218 35558 36218 36014 36218 36014 36344
39796 42106 40456 40126 40126 41116 40456 40786 40126 40786 39796 40786 39796 40786 40126 40786 40126 40456
28522 33472 31006 29812 29812 31502 29615 29842 29285 30174 28955 29842 28251 31207 29182 29615 29182 29945
33754 38044 34597 35074 36141 41366 36359 35074 36359 38744 36359 34227 38933 36027 35161 35074 39556 35404
37520 40820 38510 34201 35047 38180 35255 38510 35707 38180 35707 38510 35707 38510 38180 38510 38180 38510
34927 43098 35257 35257 37842 35587 35587 35917 37065 35587 36735 36735 36735 36735 35257 35917 35257 35917
33928 35908 34258 34258 33928 35248 34258 34588 34258 34588 34258 34918 34258 35248 33928 34918 33928 34918
33497 35477 33827 33827 38387 34318 33988 33827 33827 33988 34834 33988 34834 33988 33827 33658 33827 33726
30222 33679 29088 30337 29589 31162 29587 30634 28923 30671 28923 28961 29216 29961 29636 30964 29636 30379
28586 34662 32608 33292 33026 36956 34109 33244 30858 32934 33030 33356 30506 33264 33028 30236 34022 30236
30475 33138 33300 31158 33521 33851 34181 31465 34181 33300 33851 33300 33851 31672 30767 31465 33876 31465
41798 44108 42128 42458 42128 42788 42458 42458 42458 42458 42128 42788 42128 42788 42128 42788 42128 42458
44901 48724 46084 46084 45094 46744 46084 45754 45424 46414 45424 46414 45094 46744 45424 46551 45424 46551
34282 38252 35229 35282 34942 36272 35282 34952 34622 35753 34292 35612 34292 35612 34899 35282 34899 35612
36124 34601 36784 37444 36021 34673 36784 37444 33683 36776 29675 38104 32768 37774 31015 37444 32156 37444
34019 37649 34679 34826 37422 39508 38253 35245 38253 38518 37923 35669 35486 35999 34679 35339 34679 39178
35812 38452 35812 38481 36142 37195 36802 36472 36802 36205 36472 37132 36142 37792 36142 37132 36142 36865
35623 39583 38228 38172 35953 37933 37130 36613 37130 37990 36800 36943 39815 37603 38228 36613 38228 36943
35171 40703 36741 36491 36607 37811 36161 36685 35831 36161 35501 37005 36161 37151 36743 36821 36491 36821
36319 37369 32692 39171 36649 32815 32815 36979 36979 36979 35389 37309 37554 37309 37554 37309 37554 37309
31965 35595 32625 32625 32295 33945 33285 32955 33285 33285 33285 33285 33285 33285 32625 33285 32625 33285
48554 51854 49544 49214 49544 43153 42823 42823 49544 42823 49214 42823 49214 42823 49544 49874 49544 49544
32478 36438 33468 33331 33138 34128 33798 33661 33468 32820 33661 34128 36065 34337 33138 33138 33138 33468
39432 40752 39432 40092 39432 40422 39762 39762 39762 40092 39432 40422 39432 40422 39432 39762 39432 40092
31563 34617 32637 29998 35191 32637 32637 32223 32637 32637 29833 33297 29833 33297 32637 32223 32637 32223
34525 33103 34525 35185 32424 35456 35185 33414 32754 34206 32424 30384 32424 35456 37579 33414 37579 34796
34238 36548 34898 34898 36290 40236 34898 35228 35804 39576 35474 39906 36290 39906 34568 35558 34568 40236
37571 39619 37901 38231 37571 39221 42058 38353 42388 38561 42058 39013 42388 39013 37901 38683 37901 38561
37533 39513 38193 38193 37533 41700 37863 38193 43511 38193 43181 38523 43181 38523 37533 38853 37533 38523
29190 35777 31506 30362 33417 32235 31736 30180 30136 31334 29806 30574 31299 30904 31176 30180 31176 30180
40905 43196 39896 41136 41235 35732 33626 42225 41136 34412 40806 42225 32337 41895 39896 42225 39896 42225
42444 46404 41545 44094 43104 44578 43588 43764 43588 41327 43258 43918 41327 43588 42268 43918 41173 43918
44174 46154 44174 44834 44174 47787 44834 44834 44834 44834 44504 44834 47787 44834 44174 45164 44174 45164
28434 35044 29638 32396 29126 32891 29246 33869 33551 28203 29800 32891 30239 32891 29498 28234 29484 29997
30230 33518 33495 31220 31956 32820 33495 31534 35451 34339 35121 32114 35121 32553 33165 31534 33165 34435
31480 32733 31398 33450 31068 31728 34110 31167 33780 33780 31827 32157 33173 31827 31068 31167 31068 31497
46535 49505 47525 46865 46865 47195 47525 47525 47525 47525 47195 47855 47195 47855 47195 47525 47525 47525
33336 37626 32766 34656 32766 34509 37599 34986 34326 34390 33996 37929 33996 38488 32766 35316 32766 35316
33891 37521 34551 34221 33891 35871 34881 34881 34551 34881 34221 35211 36137 35871 34221 35541 34221 35211
42586 44896 43246 42916 42586 43576 43246 43246 42916 43576 42586 43576 42586 43576 42586 43576 42586 43576
34040 40420 32100 33460 32710 31800 33280 31310 32990 33970 35060 32330 30160 32760 33870 33210 33870 34120
31667 35627 32327 32987 31997 34307 32327 32327 32327 32657 32327 32987 32327 34124 31997 32987 31997 32987
31462 34762 32122 33798 30016 34319 33029 32163 33029 31629 33845 32886 33845 33989 32122 32163 32122 32452
33135 36734 34584 32644 31984 33109 30790 34125 32087 33940 31757 32847 31654 34270 31654 34125 31654 34455
44703 46683 44703 45363 45708 52022 51362 45363 45033 51362 44703 48461 44703 45363 44703 45363 44703 45693
52294 45212 52954 53284 52624 52954 52954 40645 52954 53284 39655 53284 39655 40645 39655 52954 39655 52954
29351 35604 31481 30154 31085 30868 31811 30671 30782 30070 31752 32401 31721 31677 29548 29963 30579 30293
40273 42913 40933 41263 40933 44604 44274 40933 40603 40933 40603 41263 40603 44604 40933 41263 40933 41263
34736 38095 34035 36099 36817 35670 32474 33035 36487 35685 36157 35326 36157 35929 35984 35670 35984 36343
44302 46942 44302 44962 44632 45622 45622 45292 44962 45292 44632 45622 44632 45952 44302 45292 44302 45622
35121 36771 35451 35451 35121 36111 35781 35470 35451 35781 35121 36111 35451 36111 35121 35781 35121 35781
47132 51092 48122 47792 53120 45704 53780 48452 53780 48122 53450 48452 53120 48452 53120 48782 53120 48452
40297 43927 40957 33022 34269 37587 41287 41617 34929 41947 40627 41617 40627 41947 40627 41617 40297 41947
38263 40903 38263 39253 38450 39770 38450 39253 38450 38780 38120 39253 38923 38780 38450 39253 38450 39110
29235 34447 30296 32894 30567 34014 30688 31147 33354 28035 33024 30625 30567 30215 31435 31147 33817 30913
46392 49032 46722 47382 47382 47382 47382 47382 47382 47382 47052 47382 47052 47382 47052 47382 47052 47712
29913 32223 30243 33685 30243 30903 30573 30243 33685 33145 33355 30903 33685 32815 30243 30573 30243 30903
35324 37964 36314 35984 36314 35654 35654 35654 35654 39006 35654 35984 35654 35984 36314 35984 36314 35984
28766 33056 29756 29232 29722 30398 30784 29756 29441 30733 30033 30995 30366 30995 29426 30086 29426 31199
39806 43766 40466 40795 40466 41785 41456 41786 40795 41786 40465 41786 40796 42116 40466 41786 40466 41786
44456 48086 45446 45776 45116 44786 45446 45446 45116 46106 44786 45776 44786 46106 45446 45446 45446 45446
32644 35181 30789 30789 33634 33366 32541 33304 30131 32323 29801 33254 32376 33584 31830 33634 29697 34839
32255 33060 31410 32585 31410 32585 34100 32915 31080 31080 30750 33245 30750 32915 30750 32915 32585 32915
33934 40535 32915 33680 34246 34670 32311 36003 33263 38287 32833 34445 33518 38742 34969 35254 34969 34900
33567 38187 33897 37173 33392 37260 33828 32674 33759 34158 34153 34419 33429 36163 33759 35217 33759 33664
31680 38709 31585 32670 35410 32814 41817 35552 35222 37870 32340 32618 32340 31824 35080 33000 35410 33000
34626 39732 37866 35616 38196 36606 37422 34956 37422 37550 37092 37550 37092 38210 37665 35616 37665 35616
31650 33960 32310 31980 31980 31980 31980 31980 31980 32310 33141 32310 33141 32310 31980 32310 31980 32310
39438 40992 41632 40428 39131 40098 38682 39343 39131 37974 37692 40098 37692 38634 38352 40428 38352 40428
40783 44743 42123 42103 42123 43423 41773 42103 42103 43081 41773 42103 41443 42433 42123 42763 42123 42763
36652 42018 38058 37972 37398 39378 38683 38718 39013 39158 37990 38302 36690 38632 36982 38302 37312 38302
30474 33114 31464 31134 31134 30957 30957 31134 30957 30881 30957 30957 30957 31287 31134 31464 31134 32569
38135 40796 38795 39125 37496 38486 38156 38795 33632 38156 37826 33962 37826 38486 37826 38795 37826 38795
31490 39590 30268 32150 30552 34081 30647 32810 30175 32009 32432 30602 30977 34315 34126 32480 34126 32480
44986 48052 45316 45976 45466 46966 45646 45976 45316 45976 44986 46306 44986 46636 45316 46306 45316 46636
32056 35686 32716 33046 32716 33706 33147 33046 33147 33046 32716 32973 32056 33632 31176 33376 31982 33376
33162 35802 33492 33492 33162 34812 34152 34152 33492 34482 33162 34482 33162 34812 33162 34152 33492 34152
30492 38426 34556 34843 30492 32804 34556 35546 31318 31482 30492 34057 30492 34057 30492 31482 30492 32474
29281 35466 32166 28855 28525 30064 30271 30135 32496 30064 32166 30394 32166 33156 28525 30135 31836 30135
34495 37827 45819 35485 47835 31517 34993 35815 34663 31080 34663 31080 31080 30994 47505 35815 34333 35815
34281 38402 35432 34941 38980 35881 35432 33901 34611 35762 36085 34231 33902 34231 34232 33901 34561 34231
39666 42306 39996 39666 40326 40326 39996 39996 39996 40656 39666 40656 39666 40656 40326 40326 40326 40656
29448 31085 28900 31565 28456 31405 29579 30438 30553 28775 30223 29904 30223 28730 28115 30438 28115 29045
37488 40458 38148 38148 37818 39138 38478 38148 38148 38808 37818 38808 37818 38478 37818 38478 37818 38478
30791 37807 32358 32692 34507 30858 35167 31451 33022 31800 35497 32097 31362 31031 34837 34837 34507 31451
36486 39456 35457 36816 36816 35787 34980 35457 34980 34650 34797 35787 34797 35457 36816 37476 36816 35457
33145 37403 34465 28385 33805 33805 34465 33475 34135 34465 34135 34465 34135 34465 34465 34135 34465 34135
34429 37729 34759 35419 34759 36739 35089 35749 35089 36079 34429 36079 34429 36409 34759 36079 34759 36409

