34626 69345 42744 64110 47549 59982 57662 52460 51783 57536 47884 58549 51870 61948 44152 67127 45347 62618 47841 63455
31650 59366 43558 49834 54188 46272 46495 42175 43685 44711 44215 47485 47938 45159 43086 49541 42221 49424 48471 46426
39438 71090 45861 64284 46328 58972 56414 51538 59648 54361 50755 54806 44740 61123 46111 70080 47748 70080 46111 70080
38135 65511 45595 54413 40868 52313 42415 63026 53896 49410 48160 54444 44289 61704 40739 54500 43550 54500 40739 54500
31490 55230 37609 50437 39679 49513 41345 45165 44222 44946 42076 47616 38766 46974 36308 50403 36308 50403 36308 50403
44986 84579 52121 77528 53456 74706 59646 71516 68759 63437 56098 70004 53865 72237 57741 82456 57741 82456 57741 82456
33934 61110 45929 53937 41785 57972 44985 49138 47353 47108 43756 46579 47720 53683 41421 61699 41231 63331 41231 60342
33567 60044 44997 52927 43452 55290 47424 46403 49929 46804 51769 45389 42846 55290 42846 58033 38226 53139 40453 53139
31680 68797 45749 56460 42240 50459 38569 48001 55127 47347 44065 48248 47768 48174 37225 50217 37741 56575 37741 58514
40783 76678 47911 73171 54088 72747 56496 65233 60301 66474 53589 70745 53028 65846 47063 70398 45932 74060 47063 70398
36652 70249 45818 62116 44779 63051 51802 55483 46831 54691 46089 59463 44779 63051 42333 61580 43953 61147 44490 61580
30474 56501 43419 50373 43159 46987 46387 48257 44221 46387 43249 48406 43249 48406 43043 46937 39332 48910 37015 48910

