33934 38026 35506 36783 36876 38309 36346 36379 37827 34385 34495 35645 34495 36065 41048 36253 35086 33264
33567 39447 35107 36433 34753 38231 34455 35107 35672 35107 35252 36433 34753 36362 33572 34714 33600 37853
31680 39311 37088 37359 37088 36481 32275 37508 36002 37088 35331 39459 36983 36481 34341 35731 33921 36151
34626 40212 38433 36726 39306 37146 37887 37854 37887 37887 35886 40146 40080 39080 39726 36306 38112 36306
31650 34590 32910 33330 32575 32490 33330 32070 34161 32490 33321 32910 33741 32490 33741 32490 33741 32490
39438 42072 39552 40765 41171 39977 40392 42742 40331 39552 39552 39977 40331 43582 39552 41110 39972 37933
40783 45823 45318 43723 42638 44563 42883 43898 44552 43898 42463 44611 43771 44318 42043 44143 43053 44143
36652 43368 40008 39172 37318 40381 38332 42379 38332 38519 38332 41144 39098 39535 38332 40848 38748 40012
30474 33834 31227 33100 32154 30275 33267 34364 33267 32420 32420 32067 32420 32067 31734 32154 30547 32154
38135 41786 38846 33200 38846 35846 39266 34458 34587 34007 38846 39266 38426 39266 38654 34458 38846 39524
31490 36523 33211 35420 31337 32083 32224 36827 32456 36918 32227 33208 31795 33070 31101 32177 31616 34430
44986 49132 45772 47086 45826 48766 46395 46657 46246 46666 46246 47506 46246 47926 45555 47452 46395 47506
32056 36676 33736 32643 35315 33501 32912 34257 34156 32376 33316 34576 33316 32644 32493 33501 32493 34341
33162 36522 34422 34422 37901 35682 34842 35262 34002 35262 35272 36102 40176 36102 33582 35682 33582 35682
30492 34415 31475 33102 31237 34004 31874 34507 32172 35996 33359 33012 31332 34523 32686 36277 32888 44508
29281 36546 32766 31174 30438 35842 34026 30922 32766 31174 29719 32014 30650 34446 30858 35170 30858 35422
34495 38817 35877 33638 34933 32284 36193 36138 35353 36193 35773 32610 46300 32387 32610 32190 32610 31864
34281 39392 36452 36801 44672 38749 36452 37149 38802 36872 37962 37909 45932 36452 37909 34831 38018 35251
39666 43026 40926 40926 40926 37901 40926 40086 40926 40926 40506 40111 40506 40111 41346 37901 41346 37901
29448 31985 31923 29796 31415 30360 30573 29849 30842 30190 30002 29778 30913 29358 31415 31056 31415 31959
37488 41268 38748 39168 38328 40428 39168 39168 38748 39588 38328 39588 38328 40008 38328 40428 38328 40428
30791 35680 31282 32140 34354 33000 36277 33160 31469 33018 34882 33000 34774 32283 32831 33160 32831 32891
36486 40266 37746 38166 34123 38299 35637 35637 38166 35637 33703 36090 33703 36897 33703 38299 34123 36477
33145 38393 36293 29225 34405 35873 35873 34825 34825 35873 35453 35245 35033 35245 35245 34825 35665 29225
34429 38629 35689 37369 37780 36437 38271 38784 39440 36949 37011 38209 39440 36837 37431 39204 37431 39204
33891 38511 35991 35571 34311 37671 37907 37907 37487 37907 37487 36411 35151 37251 34311 38747 34311 37251
42586 45526 44266 43846 43006 44686 43426 43846 43426 43846 43006 44686 43006 44686 43006 44686 43426 44266
34040 37140 32700 34540 31580 36560 34700 34300 35420 33380 32400 33280 34400 34120 31460 34720 36000 35360
31667 36707 33347 34607 33347 35027 33767 33347 34103 33767 33347 33767 32927 34607 32507 34187 32507 34607
31462 35662 33142 34416 31150 35099 34681 34462 34439 33996 32135 35363 31715 35363 31065 35099 31065 35099
33135 37994 33002 33801 32962 32965 32631 33936 33287 32496 32027 33610 32447 33248 32218 33522 32218 33149
44703 47223 45543 52712 50122 52712 45543 49061 45543 45543 45123 51872 45123 51872 46638 46383 45123 52712
52294 45842 53554 40915 44162 53554 40915 53554 40075 53974 39655 41755 39655 41755 44582 53974 44582 53974
29351 35038 33397 32711 33591 32174 32849 32298 32897 31430 29802 32023 31498 31547 32971 35979 31425 32056
40273 43633 41533 41953 41113 42793 41113 44874 41953 41533 41533 42373 41533 42373 41113 45294 41113 45714
34736 41402 37927 36836 35920 36837 33876 35100 36722 39875 34048 37315 36302 37869 37793 35537 37793 37256
44302 47662 45562 45982 44722 46402 45982 46822 45982 46402 45142 46822 45142 46822 45142 46402 45142 46402
35121 37221 36381 35961 35156 37221 35996 35996 35961 35996 35541 36580 35541 36580 35996 36381 35961 36381
47132 52172 49652 54980 48392 47744 44072 44909 44069 44072 43902 47324 47975 48164 48812 49652 49232 49652
40297 44917 36493 48086 36788 38967 34688 41977 33292 40399 37208 42965 32554 35948 37208 38127 32974 38127
38263 41623 38540 40363 39103 40220 39664 39943 39943 39664 39103 40504 39103 40220 39103 40220 39103 40220
29235 35617 32402 30664 28507 31272 32628 31116 30665 31924 32247 34003 32460 31403 32770 31924 32091 31924
46392 49752 47232 48072 47652 48492 48072 48492 48072 48492 48072 48492 47652 48492 47652 48072 47652 48072
29913 33081 30981 35035 30943 35455 33925 31173 31173 31593 30753 33925 33736 34345 34195 31593 34195 31593
35324 38684 37004 37004 37004 36584 37004 36584 37004 36584 37004 39727 37004 39727 37004 36584 37004 36584
28766 34015 30399 30866 30761 34581 30763 34113 31806 31340 30922 31917 30653 31390 29924 33482 30813 31286
39806 44846 41906 42326 40645 43585 41906 41905 41486 42325 40947 42745 40467 43165 40225 43585 40225 43585
44456 49076 40914 46556 40538 46976 46976 46136 45296 46976 45716 47816 45716 47396 46556 46556 46556 46976
32644 36171 35215 33357 33612 36039 34617 31753 35526 34197 33428 31409 34032 33651 34032 34197 34032 34197
32255 33690 33515 33515 32010 32430 31590 34700 31170 32010 34700 32430 34700 32430 31590 32430 31590 32010
42469 46249 44563 47492 44709 48332 44983 45823 44983 44983 44983 44949 44983 48332 44143 48332 44143 45369
36565 40764 39394 39814 37404 40234 39505 39394 39394 39085 34010 39085 33590 39085 36984 39394 38133 39394
39259 43459 41359 40519 40519 41779 41359 41359 40939 41359 44373 41779 44373 41359 43953 41359 43533 40939
34820 37343 35143 33093 33019 33393 35465 33168 37415 36255 35465 33118 32848 33118 35810 32923 35810 35043
31860 35225 32369 33383 32122 34280 32855 32869 32931 32542 31815 32364 33159 32884 34929 33650 32122 33383
35292 40752 36886 34039 36633 34459 35841 36261 36043 35082 37392 35841 36972 35031 37812 35031 34728 35031
31043 36819 32356 33459 33549 34446 33956 33983 31936 31979 33129 34209 31805 34299 33775 35383 32225 34376
39929 43136 41456 40769 40616 42449 41036 42029 41609 41036 40769 41036 40769 41036 40616 42029 41036 42029
31795 37944 34308 34277 33893 33255 34475 35999 35105 37973 32689 36656 34922 33625 36310 35838 33711 35909
33099 37067 34047 33663 36189 34922 33695 35943 37449 33813 35219 34125 33620 34622 31958 36879 32236 34555
39602 43382 40862 41702 36783 41067 40227 39387 40442 40862 40442 40227 40862 40227 40862 41067 40862 41067
41231 45011 42911 40849 42491 41689 42491 42911 42491 42491 42491 42911 42491 42911 42491 43331 42491 43331
35684 38204 36068 36524 36524 36908 36488 36488 36068 36488 35648 36944 35648 36944 36524 36908 36524 36944
39796 42736 40636 41476 40216 42316 41056 41476 40636 41056 40216 41476 40216 41896 40216 42316 40216 41896
28522 34822 31565 33469 30737 33062 32312 32128 30065 33076 32800 31130 29680 31708 31249 34375 30922 34375
33754 39214 37393 37407 36092 38759 34922 40681 37079 36547 36762 37148 39443 36407 38281 35342 38701 35762
37520 41720 39620 39620 35557 39620 39200 39620 36397 39620 36397 36785 35977 39620 35977 39620 35977 39620
34927 38287 37335 42558 38352 37612 41718 36607 42138 36607 40353 38175 37932 37192 41298 38175 41298 38175
33928 36448 35188 35188 34348 36028 34768 35188 34768 35188 34348 35608 34348 36028 34348 36028 34348 36028
33497 36017 33917 35177 34002 38050 37630 36790 36274 34757 35434 38050 35434 37630 33917 37210 34337 37630
30222 35342 30742 32361 30612 31748 31248 31701 29996 31243 30067 32084 30704 33289 32399 32491 32399 34154
28586 37054 33648 33804 31813 38140 34403 36858 34534 34048 32344 36504 31880 33868 33740 34998 33740 34798
30475 33948 31848 32155 33562 35381 32207 34961 31848 34961 31428 32688 34541 34961 33142 35381 31008 35381
41798 44738 43478 43058 42218 44318 43058 43058 43058 43058 42638 43058 42638 43058 42638 43058 42638 43058
44901 49804 47001 47284 45604 48124 47284 47284 46444 47704 46444 47704 45679 48124 46024 48124 45604 48124
34282 39469 36529 36902 36170 37597 36062 34802 37665 37597 35642 39694 36429 37177 36009 36902 36009 36902
36124 36841 35037 38644 33967 35478 31115 37556 33128 37976 34101 38396 33128 38644 34617 38816 34617 34638
34019 38639 35699 36653 33750 41133 37281 40293 37701 37701 36861 40293 36176 37530 34859 41133 34859 40978
35812 39172 36652 37492 36232 38752 37492 37492 37492 37912 37072 37912 36232 38752 36232 38752 36232 38752
35623 40663 38143 37723 40169 39403 42095 38060 38143 38143 38389 39700 40169 38983 39749 40069 40926 39700
35171 42053 37691 38111 36851 38951 37271 37691 35687 38111 37433 37691 37271 39727 37691 38725 37691 38111
36319 38089 37579 31526 36739 32357 34779 36367 36409 34896 36409 37999 33980 34787 37579 37999 37579 36409
31965 36585 33645 33225 33225 34905 34485 34905 34485 34485 34485 34905 34485 34905 33225 34905 33225 34485
48554 52754 50654 50234 50234 44353 50654 50654 44071 50654 44071 50654 44071 50654 44071 43933 50654 43933
32478 37518 34998 34578 37505 35781 34998 34158 33009 34425 33841 34110 33738 35781 34469 35207 34158 34578
39432 41112 39852 40692 39432 41112 40272 39852 39852 40272 39852 40692 39852 40692 39432 40692 39432 41112
31563 35337 33657 32823 30433 30508 33237 30088 30433 33237 30433 34077 30853 34497 33237 30508 32817 34332
34525 37117 31586 36625 34177 36836 35785 33124 33684 32704 33754 32214 33264 33475 31654 36066 31586 33475
34238 37178 35498 35918 35564 41526 35498 36338 36404 35894 35564 41106 36429 41106 34658 41106 34658 41106
37571 40519 38625 39671 37571 38489 41971 39251 39043 40091 37510 39883 38411 37651 37999 39671 37930 39671
37533 40053 38793 38793 38373 42390 41550 38373 41550 38373 41550 39213 41550 39213 37953 39213 37953 39213
29190 37037 33179 31290 32256 34402 32731 32667 32784 32652 31382 32953 33455 33715 33043 34233 30730 33338
40905 44276 39737 36230 33232 38434 40157 38014 42246 42585 39737 43845 33232 36650 39317 43845 40496 38434
42444 47426 42438 45804 41773 45804 42437 45208 44788 45628 43948 46048 41842 45628 43108 45804 43108 45804
44174 46694 44594 48717 48981 58730 45434 45434 45854 49557 45434 49977 48297 46823 45983 51061 45983 45854
28434 36304 34073 30987 29270 35171 31361 29212 33138 36366 33339 29672 30865 30214 32587 34331 30521 34331
30230 33578 34419 35321 33935 39066 33496 34970 37034 31058 30487 33753 30487 33753 34418 34111 35547 34549
31480 33633 34119 31826 34928 32937 33357 36602 35220 33044 33357 32517 34703 32150 33580 37022 33357 37022
46535 50315 48635 47795 47795 48215 46624 48635 48635 48635 47795 49055 47795 49055 48215 48215 48215 48635
33336 37329 33969 35856 33602 36564 35207 36335 35856 34900 35016 36841 34389 35649 35016 35229 35016 34809

