
0.02164 0 1 0 0 0 1 1 1 1 1 1 311 -0.001044
0.763421 0 1 1 0.142857 0 0.5 1 0.6 0 0.147268 0 11006 0
0.956929 1 0.98686 0 0.142857 0 0.4 0 0.5 0 0.125891 0 13796 -0.054063
0.225968 0 0.89087 0 0.142857 0 0.5 0 0.6 0 0.140143 0 3257 -0.005673
0.763421 0 1 0 0.142857 0 0.7 1 0.8 1 0.168646 0 11006 0
0.172077 0 0.879927 0 0.142857 0 0.4 0 0.5 0 0.083135 0 2480 0
0.408656 0 0.927965 0 0.142857 0 0.6 1 0.7 0 0.130641 0 5891 -0.017547
0.440907 0 0.934513 0 0.142857 0 0.2 0 0.3 0 0.054632 0 6356 -0.017547
0.118394 0 0.869027 0 0.142857 0 0.6 1 0.7 0 0.133017 0 1706 -0.010469
0.139825 0 0.851536 0 0.571429 0 0.1 0 0.5 0 0.047506 0 2015 0
0.634415 0 0.951962 0 0.571429 0 0.3 0 0.7 0 0.142518 0 9146 -0.031533
0.408656 0 0.945414 0 0.285714 0 0.3 0 0.5 0 0.07601 0 5891 -0.015751
0.817104 0 0.98686 0 0.857143 1 0.2 0 0.8 1 0.114014 0 11780 0
1 1 0.995648 0 0.428571 0 0.3 0 0.6 0 0.106888 0 14417 0
0.935497 1 0.971608 0 0.571429 0 0.1 0 0.5 0 0.038005 0 13487 -0.046993
0.655847 0 0.954117 0 0.714286 0 0.3 0 0.8 1 0.166271 0 9455 0
0.870995 0 1 1 1 1 0.2 0 0.9 1 0.149644 0 12557 -0.038122
0.387224 0 0.910516 0 0.571429 0 0.3 0 0.7 0 0.142518 0 5582 -0.010469
0.623596 0 0.971566 0 0.714286 1 0.2 0 0.7 0 0.209026 0 8990 0
0.935497 1 1 1 0.571429 0 0.2 0 0.6 0 0.2019 0 13487 -0.041519
0.591344 0 0.98686 0 0.571429 0 0.2 0 0.6 0 0.209026 0 8525 0
0.096962 0 0.851578 0 0.714286 0 0.2 0 0.7 0 0.256532 0 1397 0
0.645235 0 0.995648 0 0.428571 0 0.3 0 0.6 0 0.106888 0 9302 0
0.032459 0 0.912713 0 0.428571 0 0.3 0 0.6 0 0.313539 0 467 0
0.387224 0 0.462926 0 0.142857 0 0.3 0 0.4 0 0.007126 0 5582 -0.010469
0.462339 0 1 0 0.142857 0 0.2 0 0.3 0 0.08076 0 6665 -0.022786
0.666667 0 0.973805 0 0.285714 0 0.1 0 0.3 0 0.073634 0 9611 0
0.774241 0 0.995648 0 0.285714 0 0.1 0 0.3 0 0.073634 0 11162 0
0.612984 0 0.960666 0 0.428571 0 0.3 0 0.6 0 0.441805 1 8837 0
0.322722 0 0.449829 0 0.142857 0 0.4 0 0.5 0 0.009501 0 4652 0
0.677486 0 0.927923 0 0.428571 0 0.1 0 0.4 0 0.152019 0 9767 0
0.892426 1 1 1 0.571429 0 0.1 0 0.5 0 0.149644 0 12866 -0.028424
0.72035 0 0.995648 0 0.714286 1 0.1 0 0.6 0 0.401425 1 10385 0
0.537661 0 0.96506 0 0.714286 1 0.1 0 0.6 0 0.296912 0 7751 0
0.301082 0 0.96506 0 0.142857 0 0.1 0 0.2 0 0.296912 0 4340 0
0.118394 0 1 0 0.285714 0 0.1 0 0.3 0 0.551069 1 1706 -0.005738
0.860175 0 1 1 0.428571 0 0 0 0.3 0 1 1 12401 -0.04324
