0.001,0.989,0.0,0.01,
0.0,0.99,0.0,0.01,
0.0,0.99,0.0,0.01,
0.0,0.99,0.0,0.01,
0.0,0.99,0.0,0.01,
0.0,0.99,0.0,0.01,
0.0,0.99,0.0,0.01,
0.0,0.99,0.0,0.01,
0.0,0.99,0.0,0.01,
0.061,0.929,0.0,0.01,
0.0,0.99,0.0,0.01,
0.0,0.99,0.0,0.01,
0.0,0.99,0.0,0.01,
0.079,0.911,0.0,0.01,
0.0,0.99,0.0,0.01,
0.0,0.99,0.0,0.01,
0.059,0.931,0.0,0.01,
0.054,0.936,0.0,0.01,
0.053,0.937,0.0,0.01,
0.0,0.99,0.0,0.01,
0.0,0.99,0.0,0.01,
0.031,0.959,0.0,0.01,
0.071,0.919,0.0,0.01,
0.0,0.99,0.0,0.01,
0.0,0.99,0.0,0.01,
0.0,0.99,0.0,0.01,
0.0,0.99,0.0,0.01,
0.0,0.99,0.0,0.01,
0.0,0.99,0.0,0.01,
0.004,0.986,0.0,0.01,
0.035,0.955,0.0,0.01,
0.0,0.99,0.0,0.01,
0.0,0.99,0.0,0.01,
0.0,0.99,0.0,0.01,
0.0,0.99,0.0,0.01,
0.0,0.99,0.0,0.01,
0.0,0.99,0.0,0.01,
0.0,0.99,0.0,0.01,
0.0,0.99,0.0,0.01,
0.0,0.99,0.0,0.01,
0.0,0.99,0.0,0.01,
0.0,0.99,0.0,0.01,
0.0,0.99,0.0,0.01,
0.058,0.932,0.0,0.01,
0.001,0.989,0.0,0.01,
0.0,0.99,0.0,0.01,
0.0,0.99,0.0,0.01,
0.004,0.986,0.0,0.01,
0.0,0.99,0.0,0.01,
0.063,0.927,0.0,0.01,
0.0,0.99,0.0,0.01,
0.0,0.99,0.0,0.01,
0.0,0.99,0.0,0.01,
0.042,0.948,0.0,0.01,
0.0,0.99,0.0,0.01,
0.009,0.981,0.0,0.01,
0.089,0.901,0.0,0.01,
0.0,0.99,0.0,0.01,
0.0,0.99,0.0,0.01,
0.0,0.99,0.0,0.01,
0.0,0.99,0.0,0.01,
0.0,0.99,0.0,0.01,
0.0,0.99,0.0,0.01,
0.0,0.99,0.0,0.01,
0.0,0.99,0.0,0.01,
0.0,0.99,0.0,0.01,
0.125,0.865,0.0,0.01,
0.0,0.99,0.0,0.01,
0.07,0.92,0.0,0.01,
0.039,0.951,0.0,0.01,
0.002,0.988,0.0,0.01,
0.0,0.99,0.0,0.01,
0.0,0.99,0.0,0.01,
0.0,0.99,0.0,0.01,
0.0,0.99,0.0,0.01,
0.001,0.989,0.0,0.01,
0.0,0.99,0.0,0.01,
0.0,0.99,0.0,0.01,
0.0,0.99,0.0,0.01,
0.002,0.988,0.0,0.01,
0.0,0.99,0.0,0.01,
0.033,0.958,0.0,0.01,
0.095,0.895,0.0,0.01,
0.0,0.99,0.0,0.01,
0.0,0.99,0.0,0.01,
0.0,0.99,0.0,0.01,
0.006,0.984,0.0,0.01,
0.0,0.99,0.0,0.01,
0.001,0.989,0.0,0.01,
0.0,0.99,0.0,0.01,
0.035,0.955,0.0,0.01,
0.0,0.99,0.0,0.01,
0.0,0.99,0.0,0.01,
0.018,0.972,0.0,0.01,
0.111,0.879,0.0,0.01,
0.114,0.876,0.0,0.01,
0.0,0.99,0.0,0.01,
0.0,0.99,0.0,0.01,
0.0,0.99,0.0,0.01,
0.0,0.99,0.0,0.01,
0.0,0.99,0.0,0.01,
0.0,0.99,0.0,0.01,
0.0,0.99,0.0,0.01,
0.0,0.99,0.0,0.01,
0.038,0.952,0.0,0.01,
0.0,0.99,0.0,0.01,
0.0,0.99,0.0,0.01,
0.0,0.99,0.0,0.01,
0.051,0.939,0.0,0.01,
0.0,0.99,0.0,0.01,
0.105,0.885,0.0,0.01,
0.0,0.99,0.0,0.01,
0.0,0.99,0.0,0.01,
0.001,0.989,0.0,0.01,
0.0,0.99,0.0,0.01,
0.0,0.99,0.0,0.01,
0.0,0.99,0.0,0.01,
0.0,0.99,0.0,0.01,
0.0,0.99,0.0,0.01,
0.0,0.99,0.0,0.01,
0.0,0.99,0.0,0.01,
0.015,0.975,0.0,0.01,
0.0,0.99,0.0,0.01,
0.043,0.947,0.0,0.01,
0.0,0.99,0.0,0.01,
0.028,0.962,0.0,0.01,
0.0,0.99,0.0,0.01,
0.0,0.99,0.0,0.01,
0.0,0.99,0.0,0.01,
0.0,0.99,0.0,0.01,
0.0,0.99,0.0,0.01,
0.002,0.988,0.0,0.01,
0.0,0.99,0.0,0.01,
0.0,0.99,0.0,0.01,
0.0,0.99,0.0,0.01,
0.0,0.99,0.0,0.01,
0.0,0.99,0.0,0.01,
0.0,0.99,0.0,0.01,
0.095,0.895,0.0,0.01,
0.0,0.99,0.0,0.01,
0.033,0.958,0.0,0.01,
0.0,0.99,0.0,0.01,
0.0,0.99,0.0,0.01,
0.0,0.99,0.0,0.01,
0.0,0.99,0.0,0.01,
0.0,0.99,0.0,0.01,
0.001,0.989,0.0,0.01,
0.0,0.99,0.0,0.01,
0.0,0.99,0.0,0.01,
0.058,0.932,0.0,0.01,
0.0,0.99,0.0,0.01,
0.0,0.99,0.0,0.01,
0.0,0.99,0.0,0.01,
0.0,0.99,0.0,0.01,
0.0,0.99,0.0,0.01,
0.0,0.99,0.0,0.01,
0.0,0.99,0.0,0.01,
0.0,0.99,0.0,0.01,
0.0,0.99,0.0,0.01,
0.224,0.766,0.0,0.01,
0.0,0.99,0.0,0.01,
0.029,0.961,0.0,0.01,
0.0,0.99,0.0,0.01,
0.0,0.99,0.0,0.01,
0.0,0.99,0.0,0.01,
0.088,0.902,0.0,0.01,
0.0,0.99,0.0,0.01,
0.0,0.99,0.0,0.01,
0.03,0.96,0.0,0.01,
0.0,0.99,0.0,0.01,
0.0,0.99,0.0,0.01,
0.0,0.99,0.0,0.01,
0.0,0.99,0.0,0.01,
0.064,0.926,0.0,0.01,
0.0,0.99,0.0,0.01,
0.0,0.99,0.0,0.01,
0.0,0.99,0.0,0.01,
0.0,0.99,0.0,0.01,
0.0,0.99,0.0,0.01,
0.0,0.99,0.0,0.01,
0.001,0.989,0.0,0.01,
0.0,0.99,0.0,0.01,
0.0,0.99,0.0,0.01,
0.042,0.948,0.0,0.01,
0.0,0.99,0.0,0.01,
0.0,0.99,0.0,0.01,
0.0,0.99,0.0,0.01,
0.017,0.973,0.0,0.01,
0.062,0.928,0.0,0.01,
0.0,0.99,0.0,0.01,
0.065,0.925,0.0,0.01,
0.0,0.99,0.0,0.01,
0.0,0.99,0.0,0.01,
0.0,0.99,0.0,0.01,
0.0,0.99,0.0,0.01,
0.043,0.947,0.0,0.01,
0.0,0.99,0.0,0.01,
0.0,0.99,0.0,0.01,
0.0,0.99,0.0,0.01,
0.074,0.916,0.0,0.01,
0.0,0.99,0.0,0.01,
0.0,0.99,0.0,0.01,
0.135,0.855,0.0,0.01,
0.0,0.99,0.0,0.01,
0.0,0.99,0.0,0.01,
0.002,0.988,0.0,0.01,
0.0,0.99,0.0,0.01,
0.017,0.973,0.0,0.01,
0.0,0.99,0.0,0.01,
0.0,0.99,0.0,0.01,
0.0,0.99,0.0,0.01,
0.0,0.99,0.0,0.01,
0.0,0.99,0.0,0.01,
0.0,0.99,0.0,0.01,
0.0,0.99,0.0,0.01,
0.0,0.99,0.0,0.01,
0.019,0.971,0.0,0.01,
0.069,0.921,0.0,0.01,
0.004,0.986,0.0,0.01,
0.104,0.886,0.0,0.01,
0.0,0.99,0.0,0.01,
0.0,0.99,0.0,0.01,
0.0,0.99,0.0,0.01,
0.0,0.99,0.0,0.01,
0.0,0.99,0.0,0.01,
0.0,0.99,0.0,0.01,
0.0,0.99,0.0,0.01,
0.111,0.879,0.0,0.01,
0.0,0.99,0.0,0.01,
0.0,0.99,0.0,0.01,
0.0,0.99,0.0,0.01,
0.0,0.99,0.0,0.01,
0.0,0.99,0.0,0.01,
0.021,0.969,0.0,0.01,
0.001,0.989,0.0,0.01,
0.0,0.99,0.0,0.01,
0.0,0.99,0.0,0.01,
0.0,0.99,0.0,0.01,
0.0,0.99,0.0,0.01,
0.016,0.974,0.0,0.01,
0.0,0.99,0.0,0.01,
0.081,0.909,0.0,0.01,
0.007,0.983,0.0,0.01,
0.0,0.99,0.0,0.01,
0.0,0.99,0.0,0.01,
0.0,0.99,0.0,0.01,
0.158,0.832,0.0,0.01,
0.0,0.99,0.0,0.01,
0.0,0.99,0.0,0.01,
0.001,0.989,0.0,0.01,
0.0,0.99,0.0,0.01,
0.0,0.99,0.0,0.01,
0.049,0.941,0.0,0.01,
0.0,0.99,0.0,0.01,
0.0,0.99,0.0,0.01,
0.0,0.99,0.0,0.01,
0.001,0.989,0.0,0.01,
0.0,0.99,0.0,0.01,
0.0,0.99,0.0,0.01,
0.0,0.99,0.0,0.01,
0.0,0.99,0.0,0.01,
0.0,0.99,0.0,0.01,
0.0,0.99,0.0,0.01,
0.0,0.99,0.0,0.01,
0.0,0.99,0.0,0.01,
0.018,0.972,0.0,0.01,
0.0,0.99,0.0,0.01,
0.0,0.99,0.0,0.01,
0.11,0.88,0.0,0.01,
0.206,0.784,0.0,0.01,
0.147,0.843,0.0,0.01,
0.182,0.808,0.0,0.01,
0.117,0.873,0.0,0.01,
0.201,0.789,0.0,0.01,
0.176,0.814,0.0,0.01,
0.16,0.83,0.0,0.01,
0.231,0.759,0.0,0.01,
0.152,0.838,0.0,0.01,
0.119,0.871,0.0,0.01,
0.145,0.845,0.0,0.01,
0.154,0.836,0.0,0.01,
0.168,0.822,0.0,0.01,
0.157,0.833,0.0,0.01,
0.183,0.807,0.0,0.01,
0.197,0.793,0.0,0.01,
0.196,0.794,0.0,0.01,
0.13,0.86,0.0,0.01,
0.195,0.795,0.0,0.01,
0.041,0.949,0.0,0.01,
0.131,0.859,0.0,0.01,
0.124,0.866,0.0,0.01,
0.196,0.794,0.0,0.01,
0.207,0.783,0.0,0.01,
0.163,0.827,0.0,0.01,
0.234,0.756,0.0,0.01,
0.186,0.804,0.0,0.01,
0.164,0.826,0.0,0.01,
0.168,0.822,0.0,0.01,
0.113,0.877,0.0,0.01,
0.134,0.856,0.0,0.01,
0.14,0.85,0.0,0.01,
0.099,0.891,0.0,0.01,
0.185,0.805,0.0,0.01,
0.024,0.966,0.0,0.01,
0.166,0.824,0.0,0.01,
0.175,0.815,0.0,0.01,
0.185,0.805,0.0,0.01,
0.195,0.795,0.0,0.01,
0.194,0.796,0.0,0.01,
0.248,0.742,0.0,0.01,
0.147,0.843,0.0,0.01,
0.145,0.845,0.0,0.01,
0.259,0.731,0.0,0.01,
0.043,0.947,0.0,0.01,
0.163,0.827,0.0,0.01,
0.131,0.859,0.0,0.01,
0.026,0.964,0.0,0.01,
0.121,0.869,0.0,0.01,
0.0,0.99,0.0,0.01,
0.17,0.82,0.0,0.01,
0.231,0.759,0.0,0.01,
0.196,0.794,0.0,0.01,
0.113,0.877,0.0,0.01,
0.187,0.803,0.0,0.01,
0.24,0.75,0.0,0.01,
0.013,0.978,0.0,0.01,
0.122,0.868,0.0,0.01,
0.138,0.852,0.0,0.01,
0.173,0.817,0.0,0.01,
0.157,0.833,0.0,0.01,
0.031,0.959,0.0,0.01,
0.069,0.921,0.0,0.01,
0.008,0.982,0.0,0.01,
0.1,0.89,0.0,0.01,
0.03,0.96,0.0,0.01,
0.098,0.892,0.0,0.01,
0.169,0.821,0.0,0.01,
0.208,0.782,0.0,0.01,
0.137,0.853,0.0,0.01,
0.174,0.816,0.0,0.01,
0.196,0.794,0.0,0.01,
0.148,0.842,0.0,0.01,
0.0,0.99,0.0,0.01,
0.217,0.773,0.0,0.01,
0.184,0.806,0.0,0.01,
0.135,0.855,0.0,0.01,
0.197,0.793,0.0,0.01,
0.158,0.832,0.0,0.01,
0.122,0.868,0.0,0.01,
0.082,0.908,0.0,0.01,
0.168,0.823,0.0,0.01,
0.006,0.984,0.0,0.01,
0.296,0.694,0.0,0.01,
0.145,0.845,0.0,0.01,
0.19,0.8,0.0,0.01,
0.161,0.829,0.0,0.01,
0.138,0.852,0.0,0.01,
0.122,0.868,0.0,0.01,
0.238,0.752,0.0,0.01,
0.122,0.868,0.0,0.01,
0.105,0.885,0.0,0.01,
0.052,0.938,0.0,0.01,
0.182,0.808,0.0,0.01,
0.036,0.954,0.0,0.01,
0.117,0.873,0.0,0.01,
0.135,0.855,0.0,0.01,
0.0,0.99,0.0,0.01,
0.132,0.858,0.0,0.01,
0.237,0.753,0.0,0.01,
0.149,0.841,0.0,0.01,
0.012,0.978,0.0,0.01,
0.147,0.843,0.0,0.01,
0.133,0.857,0.0,0.01,
0.076,0.914,0.0,0.01,
0.007,0.983,0.0,0.01,
0.034,0.956,0.0,0.01,
0.161,0.829,0.0,0.01,
0.021,0.969,0.0,0.01,
0.148,0.842,0.0,0.01,
0.009,0.981,0.0,0.01,
0.177,0.813,0.0,0.01,
0.137,0.853,0.0,0.01,
0.179,0.811,0.0,0.01,
0.157,0.833,0.0,0.01,
0.069,0.921,0.0,0.01,
0.0,0.99,0.0,0.01,
0.133,0.858,0.0,0.01,
0.157,0.833,0.0,0.01,
0.171,0.819,0.0,0.01,
0.042,0.948,0.0,0.01,
0.503,0.487,0.0,0.01,
0.181,0.809,0.0,0.01,
0.131,0.859,0.0,0.01,
0.144,0.846,0.0,0.01,
0.011,0.979,0.0,0.01,
0.19,0.8,0.0,0.01,
0.265,0.725,0.0,0.01,
0.211,0.779,0.0,0.01,
0.145,0.845,0.0,0.01,
0.126,0.864,0.0,0.01,

0.0,0.99,0.0,0.01,2682.0,
0.035,0.955,0.0,0.01,3204.0,
0.011,0.979,0.0,0.01,1698.0,
0.131,0.859,0.0,0.01,2880.0,
0.038,0.951,0.0,0.01,2198.0,
0.0,0.99,0.0,0.01,4063.0,
0.0,0.99,0.0,0.01,3002.0,
0.02,0.969,0.0,0.01,3022.0,
0.034,0.956,0.0,0.01,2566.0,
0.31,0.679,0.001,0.01,1494.0,
0.075,0.915,0.0,0.01,1999.0,
0.168,0.822,0.0,0.01,1991.0,
0.0,0.99,0.0,0.01,3100.0,
0.746,0.244,0.0,0.01,904.0,
0.0,0.99,0.0,0.01,3544.0,
0.0,0.99,0.0,0.01,3799.0,
0.582,0.408,0.0,0.01,1101.0,
0.191,0.799,0.0,0.01,1789.0,
0.323,0.666,0.0,0.01,1650.0,
0.47,0.52,0.0,0.01,1799.0,
0.08,0.91,0.0,0.01,2194.0,
0.44,0.55,0.0,0.01,1400.0,
0.534,0.456,0.0,0.01,1500.0,
0.277,0.713,0.0,0.01,2394.0,
0.0,0.99,0.0,0.01,2705.0,
0.067,0.923,0.0,0.01,3340.0,
0.009,0.981,0.0,0.01,2929.0,
0.197,0.793,0.0,0.01,2698.0,
0.04,0.95,0.0,0.01,2099.0,
0.29,0.7,0.0,0.01,1498.0,
0.416,0.573,0.001,0.01,995.0,
0.006,0.984,0.0,0.01,2716.0,
0.134,0.856,0.0,0.01,2115.0,
0.012,0.978,0.0,0.01,3836.0,
0.202,0.788,0.0,0.01,3296.0,
0.0,0.99,0.0,0.01,3796.0,
0.0,0.99,0.0,0.01,2800.0,
0.0,0.99,0.0,0.01,3669.0,
0.01,0.98,0.0,0.01,3095.0,
0.0,0.99,0.0,0.01,3604.0,
0.0,0.99,0.0,0.01,3000.0,
0.299,0.69,0.0,0.01,1643.0,
0.005,0.984,0.0,0.01,3880.0,
0.341,0.649,0.0,0.01,1599.0,
0.587,0.403,0.0,0.01,1310.0,
0.015,0.975,0.0,0.01,3799.0,
0.11,0.88,0.0,0.01,1923.0,
0.374,0.616,0.0,0.01,1691.0,
0.001,0.989,0.0,0.01,4103.0,
0.782,0.208,0.0,0.01,1198.0,
0.322,0.668,0.0,0.01,2198.0,
0.035,0.955,0.0,0.01,2499.0,
0.0,0.99,0.0,0.01,3199.0,
0.583,0.407,0.001,0.01,1596.0,
0.0,0.99,0.0,0.01,2798.0,
0.315,0.675,0.0,0.01,1638.0,
0.725,0.265,0.0,0.01,1000.0,
0.009,0.981,0.0,0.01,2695.0,
0.108,0.882,0.0,0.01,2004.0,
0.0,0.99,0.0,0.01,3212.0,
0.002,0.988,0.0,0.01,3263.0,
0.054,0.936,0.0,0.01,3658.0,
0.028,0.962,0.0,0.01,2883.0,
0.0,0.99,0.0,0.01,2491.0,
0.0,0.99,0.0,0.01,4445.0,
0.0,0.99,0.0,0.01,3741.0,
0.891,0.099,0.0,0.01,899.0,
0.0,0.99,0.0,0.01,2106.0,
0.608,0.381,0.001,0.01,931.0,
0.518,0.472,0.0,0.01,1399.0,
0.552,0.438,0.0,0.01,1500.0,
0.152,0.838,0.0,0.01,2421.0,
0.056,0.934,0.0,0.01,2732.0,
0.009,0.981,0.0,0.01,3374.0,
0.444,0.545,0.0,0.01,1997.0,
0.134,0.856,0.0,0.01,1899.0,
0.028,0.962,0.0,0.01,2885.0,
0.028,0.962,0.0,0.01,3199.0,
0.0,0.99,0.0,0.01,3494.0,
0.052,0.938,0.0,0.01,2079.0,
0.0,0.99,0.0,0.01,3701.0,
0.722,0.268,0.0,0.01,1300.0,
0.753,0.237,0.0,0.01,1114.0,
0.098,0.892,0.0,0.01,2104.0,
0.024,0.966,0.0,0.01,4078.0,
0.158,0.831,0.0,0.01,2057.0,
0.446,0.544,0.001,0.01,1596.0,
0.033,0.957,0.0,0.01,2129.0,
0.855,0.135,0.0,0.01,1304.0,
0.095,0.895,0.0,0.01,2508.0,
0.477,0.513,0.0,0.01,1198.0,
0.0,0.99,0.0,0.01,3698.0,
0.0,0.99,0.0,0.01,3982.0,
0.038,0.951,0.0,0.01,2162.0,
0.708,0.282,0.0,0.01,600.0,
0.461,0.529,0.001,0.01,1254.0,
0.0,0.99,0.0,0.01,3696.0,
0.18,0.81,0.0,0.01,2483.0,
0.0,0.99,0.0,0.01,2196.0,
0.067,0.923,0.0,0.01,2719.0,
0.0,0.99,0.0,0.01,4293.0,
0.011,0.979,0.0,0.01,3194.0,
0.188,0.802,0.0,0.01,2153.0,
0.042,0.948,0.0,0.01,2996.0,
0.402,0.588,0.0,0.01,1968.0,
0.231,0.759,0.0,0.01,2134.0,
0.409,0.58,0.0,0.01,2054.0,
0.263,0.727,0.0,0.01,1630.0,
0.422,0.568,0.001,0.01,1217.0,
0.0,0.99,0.0,0.01,3466.0,
0.893,0.097,0.0,0.01,701.0,
0.123,0.866,0.0,0.01,2219.0,
0.0,0.99,0.0,0.01,3402.0,
0.274,0.716,0.0,0.01,1758.0,
0.0,0.99,0.0,0.01,4227.0,
0.0,0.99,0.0,0.01,3792.0,
0.063,0.927,0.0,0.01,2994.0,
0.184,0.806,0.0,0.01,2446.0,
0.003,0.987,0.0,0.01,2269.0,
0.03,0.96,0.0,0.01,3796.0,
0.187,0.803,0.0,0.01,3098.0,
0.549,0.441,0.0,0.01,1318.0,
0.198,0.792,0.0,0.01,1726.0,
0.599,0.391,0.0,0.01,1299.0,
0.175,0.815,0.0,0.01,2294.0,
0.656,0.334,0.001,0.01,1502.0,
0.034,0.956,0.0,0.01,3439.0,
0.0,0.99,0.0,0.01,3847.0,
0.0,0.99,0.0,0.01,3836.0,
0.0,0.99,0.0,0.01,2487.0,
0.0,0.99,0.0,0.01,2597.0,
0.419,0.57,0.0,0.01,1998.0,
0.0,0.99,0.0,0.01,2391.0,
0.004,0.986,0.0,0.01,2199.0,
0.0,0.99,0.0,0.01,4478.0,
0.0,0.99,0.0,0.01,3595.0,
0.122,0.868,0.0,0.01,2795.0,
0.011,0.979,0.0,0.01,2598.0,
0.602,0.388,0.0,0.01,1298.0,
0.039,0.951,0.0,0.01,2798.0,
0.216,0.773,0.0,0.01,1597.0,
0.001,0.989,0.0,0.01,3792.0,
0.0,0.99,0.0,0.01,2997.0,
0.053,0.937,0.0,0.01,3394.0,
0.291,0.699,0.0,0.01,1600.0,
0.001,0.989,0.0,0.01,3099.0,
0.147,0.843,0.0,0.01,2281.0,
0.024,0.966,0.0,0.01,2475.0,
0.13,0.86,0.0,0.01,2444.0,
0.555,0.435,0.0,0.01,1400.0,
0.127,0.863,0.0,0.01,2794.0,
0.219,0.771,0.0,0.01,2293.0,
0.646,0.344,0.0,0.01,1100.0,
0.221,0.769,0.0,0.01,2132.0,
0.001,0.989,0.0,0.01,4475.0,
0.252,0.738,0.0,0.01,1897.0,
0.0,0.99,0.0,0.01,3359.0,
0.018,0.972,0.0,0.01,3193.0,
0.0,0.99,0.0,0.01,3422.0,
0.473,0.516,0.001,0.01,999.0,
0.013,0.977,0.0,0.01,2699.0,
0.464,0.526,0.0,0.01,1397.0,
0.003,0.987,0.0,0.01,2799.0,
0.167,0.822,0.0,0.01,2099.0,
0.356,0.634,0.0,0.01,1681.0,
0.329,0.661,0.0,0.01,1497.0,
0.0,0.99,0.0,0.01,3094.0,
0.0,0.99,0.0,0.01,3564.0,
0.422,0.568,0.0,0.01,1495.0,
0.051,0.939,0.0,0.01,2701.0,
0.046,0.944,0.0,0.01,2634.0,
0.0,0.99,0.0,0.01,3800.0,
0.075,0.914,0.0,0.01,1919.0,
0.525,0.465,0.0,0.01,1283.0,
0.0,0.99,0.0,0.01,3500.0,
0.265,0.725,0.0,0.01,1898.0,
0.135,0.855,0.0,0.01,1908.0,
0.006,0.984,0.0,0.01,3350.0,
0.0,0.99,0.0,0.01,3286.0,
0.094,0.896,0.0,0.01,2689.0,
0.376,0.614,0.0,0.01,1600.0,
0.027,0.963,0.0,0.01,3192.0,
0.06,0.929,0.0,0.01,2597.0,
0.17,0.82,0.0,0.01,1996.0,
0.06,0.93,0.0,0.01,2202.0,
0.007,0.983,0.0,0.01,3937.0,
0.025,0.965,0.0,0.01,3285.0,
0.27,0.721,0.0,0.01,1698.0,
0.905,0.085,0.001,0.01,1104.0,
0.0,0.99,0.0,0.01,2968.0,
0.667,0.322,0.0,0.01,1508.0,
0.025,0.965,0.0,0.01,3082.0,
0.0,0.99,0.0,0.01,2788.0,
0.067,0.923,0.0,0.01,3130.0,
0.0,0.99,0.0,0.01,2603.0,
0.749,0.241,0.0,0.01,1103.0,
0.0,0.99,0.0,0.01,3440.0,
0.0,0.99,0.0,0.01,3953.0,
0.0,0.99,0.0,0.01,3348.0,
0.479,0.511,0.0,0.01,1100.0,
0.0,0.99,0.0,0.01,3671.0,
0.019,0.971,0.0,0.01,2298.0,
0.982,0.008,0.0,0.01,700.0,
0.0,0.989,0.0,0.01,2845.0,
0.0,0.99,0.0,0.01,3399.0,
0.236,0.754,0.0,0.01,1947.0,
0.144,0.846,0.0,0.01,2161.0,
0.212,0.778,0.0,0.01,2281.0,
0.149,0.841,0.0,0.01,2541.0,
0.012,0.978,0.0,0.01,2481.0,
0.027,0.963,0.0,0.01,2479.0,
0.098,0.892,0.0,0.01,2477.0,
0.128,0.862,0.0,0.01,2194.0,
0.126,0.864,0.0,0.01,2488.0,
0.092,0.898,0.0,0.01,2893.0,
0.0,0.99,0.0,0.01,3998.0,
0.084,0.906,0.0,0.01,2400.0,
0.225,0.765,0.0,0.01,1899.0,
0.646,0.344,0.001,0.01,1397.0,
0.902,0.088,0.0,0.01,900.0,
0.077,0.913,0.0,0.01,2859.0,
0.081,0.909,0.0,0.01,2183.0,
0.275,0.714,0.0,0.01,2159.0,
0.097,0.893,0.0,0.01,2894.0,
0.034,0.955,0.0,0.01,2912.0,
0.463,0.527,0.0,0.01,1800.0,
0.0,0.99,0.0,0.01,3496.0,
0.492,0.497,0.0,0.01,1291.0,
0.143,0.847,0.0,0.01,2978.0,
0.058,0.932,0.0,0.01,2369.0,
0.0,0.99,0.0,0.01,2995.0,
0.042,0.948,0.0,0.01,2049.0,
0.0,0.99,0.0,0.01,3196.0,
0.152,0.838,0.0,0.01,1992.0,
0.309,0.681,0.0,0.01,1535.0,
0.035,0.955,0.0,0.01,3119.0,
0.34,0.65,0.0,0.01,1793.0,
0.091,0.899,0.0,0.01,2181.0,
0.0,0.99,0.0,0.01,4903.0,
0.439,0.551,0.001,0.01,1302.0,
0.064,0.926,0.0,0.01,2800.0,
0.266,0.724,0.0,0.01,1300.0,
0.239,0.751,0.0,0.01,1800.0,
0.0,0.99,0.0,0.01,3057.0,
0.142,0.848,0.0,0.01,2604.0,
0.11,0.879,0.0,0.01,2034.0,
0.491,0.499,0.0,0.01,1100.0,
0.036,0.954,0.0,0.01,2441.0,
0.249,0.741,0.0,0.01,1940.0,
0.078,0.912,0.0,0.01,1904.0,
0.393,0.597,0.0,0.01,2200.0,
0.0,0.99,0.0,0.01,2899.0,
0.457,0.532,0.001,0.01,1494.0,
0.0,0.99,0.0,0.01,2698.0,
0.308,0.682,0.0,0.01,1704.0,
0.302,0.688,0.0,0.01,1809.0,
0.186,0.803,0.0,0.01,2056.0,
0.0,0.99,0.0,0.01,3400.0,
0.271,0.719,0.0,0.01,2423.0,
0.12,0.87,0.0,0.01,2556.0,
0.211,0.779,0.0,0.01,1718.0,
0.047,0.942,0.0,0.01,2308.0,
0.154,0.836,0.0,0.01,2298.0,
0.05,0.94,0.0,0.01,2687.0,
0.007,0.983,0.0,0.01,3399.0,
0.112,0.878,0.0,0.01,2238.0,
0.115,0.875,0.0,0.01,2331.0,
0.239,0.751,0.0,0.01,2178.0,
0.46,0.53,0.0,0.01,3706.0,
0.555,0.435,0.0,0.01,2861.0,
0.674,0.316,0.0,0.01,3686.0,
0.797,0.193,0.0,0.01,1500.0,
0.669,0.321,0.0,0.01,2222.0,
0.695,0.295,0.0,0.01,1999.0,
0.544,0.446,0.0,0.01,1576.0,
0.505,0.485,0.0,0.01,2197.0,
0.414,0.576,0.0,0.01,3098.0,
0.943,0.047,0.0,0.01,2202.0,
0.893,0.097,0.0,0.01,1795.0,
0.506,0.484,0.0,0.01,3094.0,
0.702,0.288,0.0,0.01,2609.0,
0.455,0.535,0.0,0.01,4005.0,
0.774,0.216,0.0,0.01,2194.0,
0.874,0.116,0.0,0.01,2601.0,
0.92,0.07,0.0,0.01,1200.0,
0.628,0.362,0.0,0.01,2331.0,
0.922,0.068,0.0,0.01,1000.0,
0.357,0.633,0.0,0.01,2400.0,
0.563,0.427,0.0,0.01,2425.0,
0.552,0.438,0.0,0.01,3344.0,
0.347,0.643,0.0,0.01,3683.0,
0.287,0.703,0.0,0.01,4356.0,
0.839,0.151,0.0,0.01,1914.0,
0.574,0.416,0.0,0.01,3630.0,
0.772,0.218,0.0,0.01,2598.0,
0.411,0.579,0.0,0.01,3199.0,
0.755,0.235,0.0,0.01,2416.0,
0.676,0.314,0.0,0.01,1102.0,
0.891,0.099,0.0,0.01,3196.0,
0.663,0.327,0.0,0.01,2340.0,
0.98,0.01,0.0,0.01,1901.0,
0.38,0.61,0.0,0.01,4779.0,
0.462,0.528,0.0,0.01,3187.0,
0.922,0.068,0.0,0.01,3000.0,
0.675,0.315,0.0,0.01,2445.0,
0.683,0.307,0.0,0.01,1724.0,
0.376,0.614,0.0,0.01,3982.0,
0.662,0.328,0.0,0.01,1699.0,
0.471,0.519,0.0,0.01,2900.0,
0.957,0.033,0.0,0.01,1500.0,
0.475,0.515,0.0,0.01,3708.0,
0.572,0.418,0.0,0.01,2476.0,
0.662,0.328,0.0,0.01,1300.0,
0.752,0.238,0.0,0.01,1999.0,
0.817,0.173,0.0,0.01,2105.0,
0.55,0.44,0.0,0.01,3036.0,
0.593,0.397,0.0,0.01,1417.0,
0.629,0.361,0.0,0.01,1425.0,
0.404,0.586,0.0,0.01,4541.0,
0.645,0.345,0.0,0.01,1800.0,
0.62,0.37,0.0,0.01,2146.0,
0.644,0.346,0.0,0.01,2198.0,
0.605,0.385,0.0,0.01,3024.0,
0.897,0.093,0.0,0.01,2701.0,
0.913,0.077,0.0,0.01,1198.0,
0.503,0.487,0.0,0.01,2484.0,
0.489,0.501,0.0,0.01,3346.0,
0.536,0.454,0.0,0.01,2693.0,
0.562,0.428,0.0,0.01,2622.0,
0.427,0.563,0.0,0.01,4288.0,
0.978,0.012,0.0,0.01,1600.0,
0.446,0.544,0.0,0.01,3522.0,
0.975,0.015,0.0,0.01,1897.0,
0.552,0.438,0.0,0.01,3219.0,
0.625,0.365,0.0,0.01,2589.0,
0.978,0.012,0.0,0.01,1499.0,
0.966,0.024,0.0,0.01,2512.0,
0.796,0.194,0.0,0.01,1781.0,
0.562,0.427,0.0,0.01,3963.0,
0.522,0.468,0.0,0.01,1592.0,
0.451,0.539,0.0,0.01,3572.0,
0.989,0.001,0.0,0.01,700.0,
0.45,0.54,0.0,0.01,3976.0,
0.763,0.227,0.0,0.01,2392.0,
0.988,0.002,0.0,0.01,700.0,
0.57,0.42,0.0,0.01,2986.0,
0.641,0.349,0.0,0.01,1845.0,
0.956,0.034,0.0,0.01,2801.0,
0.543,0.447,0.0,0.01,3743.0,
0.969,0.021,0.0,0.01,2604.0,
0.905,0.085,0.0,0.01,800.0,
0.654,0.336,0.0,0.01,2000.0,
0.974,0.016,0.0,0.01,1203.0,
0.898,0.092,0.0,0.01,2416.0,
0.657,0.333,0.0,0.01,2790.0,
0.585,0.405,0.0,0.01,3095.0,
0.636,0.354,0.0,0.01,1613.0,
0.606,0.385,0.0,0.01,3543.0,
0.684,0.306,0.0,0.01,1799.0,
0.453,0.537,0.0,0.01,3087.0,
0.733,0.257,0.0,0.01,3297.0,
0.458,0.532,0.0,0.01,3399.0,
0.714,0.276,0.0,0.01,2180.0,
0.922,0.068,0.0,0.01,1795.0,
0.518,0.472,0.0,0.01,3388.0,
0.966,0.024,0.0,0.01,2702.0,
0.938,0.052,0.0,0.01,1903.0,
0.526,0.464,0.0,0.01,3467.0,
0.649,0.341,0.0,0.01,2801.0,
0.519,0.471,0.0,0.01,3693.0,
0.853,0.137,0.0,0.01,2697.0,
0.569,0.421,0.0,0.01,3752.0,
0.455,0.535,0.0,0.01,3095.0,
0.634,0.356,0.0,0.01,3232.0,
0.498,0.492,0.0,0.01,3273.0,
0.54,0.45,0.0,0.01,1499.0,
0.429,0.561,0.0,0.01,4147.0,
0.743,0.247,0.0,0.01,2191.0,
0.877,0.113,0.0,0.01,1600.0,
0.961,0.029,0.0,0.01,1800.0,
0.95,0.04,0.0,0.01,2107.0,
0.513,0.477,0.0,0.01,2592.0,
0.884,0.106,0.0,0.01,1794.0,
0.51,0.48,0.0,0.01,3690.0,
0.542,0.448,0.0,0.01,3304.0,
0.677,0.313,0.0,0.01,1861.0,
0.53,0.46,0.0,0.01,3445.0,
0.699,0.291,0.0,0.01,1315.0,
0.705,0.285,0.0,0.01,2178.0,
0.978,0.012,0.0,0.01,1200.0,
0.804,0.186,0.0,0.01,847.0,
0.629,0.361,0.0,0.01,1325.0,
0.638,0.352,0.0,0.01,4461.0,
0.585,0.405,0.0,0.01,3673.0,
0.957,0.033,0.0,0.01,1794.0,
0.545,0.445,0.0,0.01,2772.0,
0.88,0.11,0.0,0.01,1600.0,
0.496,0.494,0.0,0.01,2695.0,
0.702,0.288,0.0,0.01,2257.0,
0.422,0.568,0.0,0.01,3162.0,

0.016,0.974,0.0,0.01,2800.0,
0.0,0.99,0.0,0.01,3202.0,
0.0,0.99,0.0,0.01,1700.0,
0.044,0.946,0.0,0.01,2882.0,
0.0,0.99,0.0,0.01,2199.0,
0.0,0.99,0.0,0.01,4096.0,
0.0,0.99,0.0,0.01,3100.0,
0.03,0.96,0.0,0.01,2900.0,
0.0,0.99,0.0,0.01,2700.0,
0.162,0.828,0.0,0.01,1500.0,
0.0,0.99,0.0,0.01,1899.0,
0.009,0.981,0.0,0.01,2000.0,
0.0,0.99,0.0,0.01,3100.0,
0.142,0.848,0.0,0.01,1100.0,
0.0,0.99,0.0,0.01,3594.0,
0.0,0.99,0.0,0.01,3703.0,
0.242,0.748,0.0,0.01,1001.0,
0.123,0.867,0.0,0.01,1798.0,
0.032,0.958,0.0,0.01,1800.0,
0.074,0.916,0.0,0.01,1825.0,
0.0,0.99,0.0,0.01,2199.0,
0.11,0.88,0.0,0.01,1400.0,
0.027,0.963,0.0,0.01,1500.0,
0.134,0.856,0.0,0.01,2375.0,
0.0,0.99,0.0,0.01,2799.0,
0.0,0.99,0.0,0.01,3499.0,
0.0,0.99,0.0,0.01,2999.0,
0.031,0.959,0.0,0.01,2699.0,
0.0,0.99,0.0,0.01,2100.0,
0.149,0.841,0.0,0.01,1499.0,
0.379,0.611,0.0,0.01,800.0,
0.0,0.99,0.0,0.01,2400.0,
0.1,0.89,0.0,0.01,2085.0,
0.0,0.99,0.0,0.01,3903.0,
0.054,0.936,0.0,0.01,3400.0,
0.0,0.99,0.0,0.01,3800.0,
0.0,0.99,0.0,0.01,2900.0,
0.0,0.99,0.0,0.01,3600.0,
0.014,0.976,0.0,0.01,3099.0,
0.0,0.99,0.0,0.01,3602.0,
0.0,0.99,0.0,0.01,3000.0,
0.051,0.94,0.0,0.01,1700.0,
0.0,0.99,0.0,0.01,3896.0,
0.257,0.733,0.0,0.01,1599.0,
0.085,0.905,0.0,0.01,1249.0,
0.0,0.99,0.0,0.01,3900.0,
0.05,0.94,0.0,0.01,1900.0,
0.066,0.924,0.0,0.01,1700.0,
0.0,0.99,0.0,0.01,3899.0,
0.436,0.554,0.0,0.01,1198.0,
0.121,0.869,0.0,0.01,2200.0,
0.018,0.973,0.0,0.01,2500.0,
0.0,0.99,0.0,0.01,3200.0,
0.104,0.886,0.0,0.01,1500.0,
0.0,0.99,0.0,0.01,2702.0,
0.014,0.976,0.0,0.01,2000.0,
0.475,0.515,0.0,0.01,1000.0,
0.0,0.99,0.0,0.01,2602.0,
0.041,0.949,0.0,0.01,1968.0,
0.0,0.99,0.0,0.01,3400.0,
0.0,0.99,0.0,0.01,3303.0,
0.03,0.96,0.0,0.01,3700.0,
0.06,0.93,0.0,0.01,2887.0,
0.025,0.965,0.0,0.01,2372.0,
0.0,0.99,0.0,0.01,4599.0,
0.0,0.99,0.0,0.01,3600.0,
0.284,0.706,0.0,0.01,900.0,
0.026,0.964,0.0,0.01,2036.0,
0.528,0.462,0.0,0.01,1000.0,
0.116,0.874,0.0,0.01,1399.0,
0.14,0.85,0.0,0.01,1500.0,
0.065,0.925,0.0,0.01,2700.0,
0.0,0.99,0.0,0.01,2500.0,
0.0,0.99,0.0,0.01,3203.0,
0.235,0.755,0.0,0.01,1902.0,
0.034,0.956,0.0,0.01,1900.0,
0.0,0.99,0.0,0.01,2900.0,
0.0,0.99,0.0,0.01,3200.0,
0.0,0.99,0.0,0.01,3703.0,
0.014,0.976,0.0,0.01,2065.0,
0.0,0.99,0.0,0.01,3700.0,
0.249,0.741,0.0,0.01,1299.0,
0.072,0.918,0.0,0.01,1200.0,
0.052,0.938,0.0,0.01,2248.0,
0.016,0.974,0.0,0.01,4124.0,
0.049,0.941,0.0,0.01,2100.0,
0.001,0.989,0.0,0.01,1600.0,
0.0,0.99,0.0,0.01,2100.0,
0.204,0.786,0.0,0.01,1400.0,
0.023,0.967,0.0,0.01,2499.0,
0.291,0.699,0.0,0.01,1199.0,
0.0,0.99,0.0,0.01,3699.0,
0.0,0.99,0.0,0.01,3999.0,
0.036,0.954,0.0,0.01,2399.0,
0.22,0.77,0.0,0.01,600.0,
0.242,0.748,0.0,0.01,1300.0,
0.0,0.99,0.0,0.01,3695.0,
0.0,0.99,0.0,0.01,2800.0,
0.0,0.99,0.0,0.01,2199.0,
0.0,0.99,0.0,0.01,3104.0,
0.0,0.99,0.0,0.01,4302.0,
0.041,0.949,0.0,0.01,3199.0,
0.013,0.977,0.0,0.01,2200.0,
0.0,0.99,0.0,0.01,3099.0,
0.107,0.883,0.0,0.01,2000.0,
0.001,0.989,0.0,0.01,2199.0,
0.025,0.965,0.0,0.01,2233.0,
0.049,0.941,0.0,0.01,1642.0,
0.019,0.971,0.0,0.01,1351.0,
0.0,0.99,0.0,0.01,3499.0,
0.146,0.844,0.0,0.01,701.0,
0.036,0.954,0.0,0.01,2300.0,
0.0,0.99,0.0,0.01,3400.0,
0.093,0.897,0.0,0.01,1799.0,
0.0,0.99,0.0,0.01,4299.0,
0.0,0.99,0.0,0.01,3798.0,
0.019,0.971,0.0,0.01,3033.0,
0.066,0.924,0.0,0.01,2499.0,
0.177,0.813,0.0,0.01,2200.0,
0.045,0.945,0.0,0.01,3799.0,
0.083,0.907,0.0,0.01,3100.0,
0.069,0.921,0.0,0.01,1400.0,
0.043,0.947,0.0,0.01,1826.0,
0.291,0.699,0.0,0.01,1300.0,
0.164,0.826,0.0,0.01,2298.0,
0.068,0.922,0.0,0.01,1600.0,
0.0,0.99,0.0,0.01,3499.0,
0.0,0.99,0.0,0.01,3900.0,
0.0,0.99,0.0,0.01,3900.0,
0.0,0.99,0.0,0.01,2399.0,
0.0,0.99,0.0,0.01,2599.0,
0.106,0.884,0.0,0.01,1999.0,
0.0,0.99,0.0,0.01,2400.0,
0.0,0.99,0.0,0.01,2200.0,
0.0,0.99,0.0,0.01,4311.0,
0.0,0.99,0.0,0.01,3700.0,
0.093,0.897,0.0,0.01,2701.0,
0.0,0.99,0.0,0.01,2598.0,
0.058,0.932,0.0,0.01,1301.0,
0.01,0.98,0.0,0.01,2800.0,
0.05,0.941,0.0,0.01,1600.0,
0.0,0.99,0.0,0.01,3800.0,
0.0,0.99,0.0,0.01,2800.0,
0.065,0.925,0.0,0.01,3389.0,
0.233,0.757,0.0,0.01,1600.0,
0.0,0.99,0.0,0.01,3099.0,
0.04,0.95,0.0,0.01,2270.0,
0.0,0.99,0.0,0.01,2600.0,
0.043,0.947,0.0,0.01,2500.0,
0.203,0.787,0.0,0.01,1400.0,
0.132,0.858,0.0,0.01,2800.0,
0.063,0.927,0.0,0.01,2300.0,
0.277,0.713,0.0,0.01,1100.0,
0.06,0.93,0.0,0.01,2153.0,
0.0,0.99,0.0,0.01,4500.0,
0.23,0.76,0.0,0.01,1810.0,
0.0,0.99,0.0,0.01,3400.0,
0.0,0.99,0.0,0.01,3200.0,
0.0,0.99,0.0,0.01,3099.0,
0.182,0.808,0.0,0.01,1000.0,
0.0,0.99,0.0,0.01,2699.0,
0.177,0.813,0.0,0.01,1299.0,
0.0,0.99,0.0,0.01,2900.0,
0.038,0.952,0.0,0.01,2098.0,
0.058,0.932,0.0,0.01,1700.0,
0.283,0.707,0.0,0.01,1500.0,
0.0,0.99,0.0,0.01,3100.0,
0.0,0.99,0.0,0.01,3599.0,
0.004,0.986,0.0,0.01,1265.0,
0.041,0.949,0.0,0.01,2687.0,
0.0,0.99,0.0,0.01,2700.0,
0.0,0.99,0.0,0.01,3900.0,
0.02,0.97,0.0,0.01,2200.0,
0.167,0.823,0.0,0.01,1233.0,
0.0,0.99,0.0,0.01,3500.0,
0.022,0.968,0.0,0.01,1898.0,
0.043,0.947,0.0,0.01,2000.0,
0.0,0.99,0.0,0.01,3402.0,
0.0,0.99,0.0,0.01,3203.0,
0.0,0.99,0.0,0.01,2698.0,
0.027,0.963,0.0,0.01,1599.0,
0.0,0.99,0.0,0.01,3400.0,
0.081,0.909,0.0,0.01,2648.0,
0.08,0.91,0.0,0.01,1998.0,
0.012,0.978,0.0,0.01,2199.0,
0.021,0.969,0.0,0.01,3851.0,
0.0,0.99,0.0,0.01,3399.0,
0.0,0.99,0.0,0.01,1700.0,
0.35,0.64,0.0,0.01,1100.0,
0.0,0.99,0.0,0.01,3100.0,
0.201,0.789,0.0,0.01,1500.0,
0.027,0.963,0.0,0.01,3000.0,
0.0,0.99,0.0,0.01,2900.0,
0.049,0.941,0.0,0.01,3133.0,
0.01,0.98,0.0,0.01,2602.0,
0.065,0.925,0.0,0.01,1200.0,
0.0,0.99,0.0,0.01,3800.0,
0.0,0.99,0.0,0.01,3900.0,
0.0,0.99,0.0,0.01,3300.0,
0.195,0.795,0.0,0.01,1100.0,
0.0,0.99,0.0,0.01,3598.0,
0.001,0.989,0.0,0.01,2300.0,
0.693,0.297,0.0,0.01,700.0,
0.001,0.989,0.0,0.01,2899.0,
0.0,0.99,0.0,0.01,3800.0,
0.062,0.928,0.0,0.01,1999.0,
0.098,0.892,0.0,0.01,2100.0,
0.051,0.939,0.0,0.01,2498.0,
0.002,0.988,0.0,0.01,2598.0,
0.0,0.99,0.0,0.01,2800.0,
0.056,0.934,0.0,0.01,2500.0,
0.002,0.988,0.0,0.01,2500.0,
0.058,0.932,0.0,0.01,2200.0,
0.127,0.863,0.0,0.01,2403.0,
0.0,0.99,0.0,0.01,2900.0,
0.0,0.99,0.0,0.01,3999.0,
0.036,0.954,0.0,0.01,2400.0,
0.026,0.964,0.0,0.01,1899.0,
0.195,0.795,0.0,0.01,1233.0,
0.244,0.746,0.0,0.01,900.0,
0.0,0.99,0.0,0.01,2898.0,
0.018,0.972,0.0,0.01,2201.0,
0.064,0.926,0.0,0.01,2278.0,
0.014,0.976,0.0,0.01,2900.0,
0.0,0.99,0.0,0.01,3100.0,
0.0,0.99,0.0,0.01,1900.0,
0.0,0.99,0.0,0.01,3800.0,
0.122,0.868,0.0,0.01,1253.0,
0.0,0.99,0.0,0.01,3099.0,
0.0,0.99,0.0,0.01,2500.0,
0.0,0.99,0.0,0.01,2903.0,
0.0,0.99,0.0,0.01,2100.0,
0.0,0.99,0.0,0.01,3200.0,
0.066,0.924,0.0,0.01,1999.0,
0.055,0.935,0.0,0.01,1600.0,
0.0,0.99,0.0,0.01,3199.0,
0.128,0.862,0.0,0.01,1900.0,
0.019,0.971,0.0,0.01,2300.0,
0.0,0.99,0.0,0.01,4797.0,
0.144,0.846,0.0,0.01,1200.0,
0.039,0.951,0.0,0.01,2800.0,
0.359,0.631,0.0,0.01,1300.0,
0.083,0.907,0.0,0.01,1800.0,
0.0,0.99,0.0,0.01,3002.0,
0.074,0.916,0.0,0.01,2535.0,
0.0,0.99,0.0,0.01,2099.0,
0.308,0.682,0.0,0.01,1100.0,
0.0,0.99,0.0,0.01,2600.0,
0.021,0.969,0.0,0.01,1999.0,
0.0,0.99,0.0,0.01,2100.0,
0.232,0.758,0.0,0.01,2200.0,
0.0,0.99,0.0,0.01,2899.0,
0.0,0.99,0.0,0.01,1499.0,
0.0,0.99,0.0,0.01,2400.0,
0.085,0.905,0.0,0.01,1999.0,
0.013,0.977,0.0,0.01,2000.0,
0.0,0.99,0.0,0.01,2300.0,
0.0,0.99,0.0,0.01,3398.0,
0.001,0.989,0.0,0.01,2401.0,
0.001,0.989,0.0,0.01,2601.0,
0.07,0.92,0.0,0.01,1798.0,
0.0,0.99,0.0,0.01,2303.0,
0.001,0.989,0.0,0.01,2300.0,
0.018,0.973,0.0,0.01,2728.0,
0.0,0.99,0.0,0.01,3400.0,
0.019,0.971,0.0,0.01,2225.0,
0.0,0.99,0.0,0.01,2400.0,
0.0,0.99,0.0,0.01,2300.0,
0.227,0.763,0.0,0.01,3797.0,
0.174,0.816,0.0,0.01,2890.0,
0.151,0.839,0.0,0.01,3498.0,
0.259,0.731,0.0,0.01,1499.0,
0.227,0.763,0.0,0.01,2249.0,
0.163,0.827,0.0,0.01,2000.0,
0.004,0.986,0.0,0.01,1599.0,
0.081,0.909,0.0,0.01,2199.0,
0.189,0.801,0.0,0.01,3076.0,
0.181,0.809,0.0,0.01,2299.0,
0.146,0.844,0.0,0.01,1800.0,
0.219,0.771,0.0,0.01,3099.0,
0.334,0.656,0.0,0.01,2787.0,
0.167,0.823,0.0,0.01,4017.0,
0.041,0.949,0.0,0.01,2298.0,
0.279,0.711,0.0,0.01,2907.0,
0.201,0.789,0.0,0.01,1300.0,
0.136,0.854,0.0,0.01,2295.0,
0.323,0.667,0.0,0.01,901.0,
0.486,0.504,0.0,0.01,2400.0,
0.242,0.748,0.0,0.01,2402.0,
0.271,0.719,0.0,0.01,3399.0,
0.074,0.916,0.0,0.01,3602.0,
0.142,0.848,0.0,0.01,4379.0,
0.167,0.823,0.0,0.01,1985.0,
0.116,0.874,0.0,0.01,3699.0,
0.206,0.784,0.0,0.01,2401.0,
0.185,0.805,0.0,0.01,3295.0,
0.072,0.918,0.0,0.01,2600.0,
0.263,0.727,0.0,0.01,1300.0,
0.395,0.595,0.0,0.01,3384.0,
0.198,0.792,0.0,0.01,2434.0,
0.226,0.764,0.0,0.01,2000.0,
0.217,0.773,0.0,0.01,4650.0,
0.121,0.869,0.0,0.01,3169.0,
0.001,0.989,0.0,0.01,3000.0,
0.264,0.726,0.0,0.01,2488.0,
0.176,0.814,0.0,0.01,1800.0,
0.023,0.967,0.0,0.01,3952.0,
0.164,0.827,0.0,0.01,1697.0,
0.073,0.917,0.0,0.01,2800.0,
0.181,0.809,0.0,0.01,1500.0,
0.124,0.866,0.0,0.01,3832.0,
0.142,0.848,0.0,0.01,2533.0,
0.605,0.385,0.0,0.01,1300.0,
0.156,0.834,0.0,0.01,2036.0,
0.311,0.679,0.0,0.01,2199.0,
0.212,0.778,0.0,0.01,3099.0,
0.002,0.988,0.0,0.01,1500.0,
0.256,0.734,0.0,0.01,1599.0,
0.27,0.72,0.0,0.01,4582.0,
0.07,0.92,0.0,0.01,1828.0,
0.122,0.868,0.0,0.01,2291.0,
0.122,0.868,0.0,0.01,2200.0,
0.17,0.82,0.0,0.01,3302.0,
0.082,0.908,0.0,0.01,2701.0,
0.196,0.794,0.0,0.01,1200.0,
0.174,0.816,0.0,0.01,2500.0,
0.275,0.715,0.0,0.01,3496.0,
0.254,0.736,0.0,0.01,2699.0,
0.183,0.807,0.0,0.01,2598.0,
0.316,0.674,0.0,0.01,4297.0,
0.238,0.752,0.0,0.01,1699.0,
0.139,0.851,0.0,0.01,3627.0,
0.564,0.426,0.0,0.01,2001.0,
0.131,0.859,0.0,0.01,3290.0,
0.152,0.838,0.0,0.01,2900.0,
0.228,0.762,0.0,0.01,1439.0,
0.138,0.853,0.0,0.01,2895.0,
0.19,0.8,0.0,0.01,1748.0,
0.194,0.796,0.0,0.01,3854.0,
0.304,0.686,0.0,0.01,1598.0,
0.059,0.931,0.0,0.01,3597.0,
0.626,0.364,0.0,0.01,800.0,
0.128,0.862,0.0,0.01,4099.0,
0.251,0.739,0.0,0.01,2301.0,
0.363,0.627,0.0,0.01,800.0,
0.558,0.432,0.0,0.01,3000.0,
0.003,0.987,0.0,0.01,2000.0,
0.357,0.632,0.0,0.01,2883.0,
0.243,0.747,0.0,0.01,3705.0,
0.233,0.757,0.0,0.01,2894.0,
0.429,0.561,0.0,0.01,899.0,
0.128,0.862,0.0,0.01,2000.0,
0.222,0.768,0.0,0.01,1475.0,
0.103,0.887,0.0,0.01,2732.0,
0.065,0.925,0.0,0.01,2698.0,
0.272,0.718,0.0,0.01,3091.0,
0.272,0.718,0.0,0.01,1700.0,
0.115,0.875,0.0,0.01,3614.0,
0.188,0.802,0.0,0.01,1800.0,
0.167,0.823,0.0,0.01,3196.0,
0.23,0.76,0.0,0.01,3496.0,
0.226,0.764,0.0,0.01,3383.0,
0.275,0.715,0.0,0.01,2200.0,
0.296,0.694,0.0,0.01,1800.0,
0.163,0.827,0.0,0.01,3400.0,
0.303,0.687,0.0,0.01,2807.0,
0.202,0.788,0.0,0.01,2200.0,
0.16,0.83,0.0,0.01,3624.0,
0.105,0.885,0.0,0.01,2703.0,
0.089,0.901,0.0,0.01,3729.0,
0.23,0.76,0.0,0.01,2699.0,
0.031,0.959,0.0,0.01,4099.0,
0.249,0.741,0.0,0.01,3100.0,
0.213,0.777,0.0,0.01,3600.0,
0.356,0.634,0.0,0.01,3001.0,
0.17,0.82,0.0,0.01,1499.0,
0.207,0.783,0.0,0.01,4132.0,
0.254,0.736,0.0,0.01,2200.0,
0.397,0.593,0.0,0.01,1600.0,
0.186,0.804,0.0,0.01,1800.0,
0.225,0.765,0.0,0.01,2154.0,
0.156,0.834,0.0,0.01,2600.0,
0.195,0.795,0.0,0.01,1799.0,
0.19,0.8,0.0,0.01,3724.0,
0.213,0.777,0.0,0.01,3446.0,
0.311,0.679,0.0,0.01,2000.0,
0.263,0.728,0.0,0.01,3496.0,
0.093,0.897,0.0,0.01,1400.0,
0.421,0.569,0.0,0.01,2200.0,
0.175,0.815,0.0,0.01,1200.0,
0.333,0.657,0.0,0.01,900.0,
0.229,0.761,0.0,0.01,1400.0,
0.0,0.99,0.0,0.01,5000.0,
0.009,0.981,0.0,0.01,3799.0,
0.19,0.8,0.0,0.01,1699.0,
0.315,0.675,0.0,0.01,2800.0,
0.226,0.764,0.0,0.01,1699.0,
0.248,0.742,0.0,0.01,2699.0,
0.086,0.904,0.0,0.01,2300.0,
0.28,0.71,0.0,0.01,3189.0,


