38415,48000,0.8
38418,48000,0.8
38419,48000,0.8
38430,48000,0.8
38418,48000,0.8
38421,48000,0.8
38418,48000,0.8
38415,48000,0.8
38428,48000,0.8
38418,48000,0.8
38422,48000,0.8
38423,48000,0.8
38425,48000,0.8
38416,48000,0.8
38417,48000,0.8
38430,48000,0.8
38426,48000,0.8
38417,48000,0.8
38417,48000,0.8
38422,48000,0.8
38429,48000,0.8
38414,48000,0.8
38418,48000,0.8
38428,48000,0.8
38417,48000,0.8
38426,48000,0.8
38427,48000,0.8
38415,48000,0.8
38421,48000,0.8
38426,48000,0.8
38418,48000,0.8
38414,48000,0.8
38422,48000,0.8
38430,48000,0.8
38426,48000,0.8
38420,48000,0.8
38421,48000,0.8
38426,48000,0.8
38419,48000,0.8
38413,48000,0.8
38423,48000,0.8
38417,48000,0.8
38419,48000,0.8
38427,48000,0.8
38417,48000,0.8
38419,48000,0.8
38428,48000,0.8
38427,48000,0.8
38421,48000,0.8
38422,48000,0.8
38427,48000,0.8
38417,48000,0.8
38424,48000,0.8
38429,48000,0.8
38427,48000,0.8
38414,48000,0.8
38425,48000,0.8
38415,48000,0.8
38415,48000,0.8
38427,48000,0.8
38426,48000,0.8
38414,48000,0.8
38418,48000,0.8
38419,48000,0.8
38433,48000,0.8
38417,48000,0.8
38420,48000,0.8
38423,48000,0.8
38417,48000,0.8
38417,48000,0.8
38417,48000,0.8
38429,48000,0.8
38424,48000,0.8
38426,48000,0.8
38417,48000,0.8
38420,48000,0.8
38428,48000,0.8
38429,48000,0.8
38416,48000,0.8
38420,48000,0.8
38420,48000,0.8
38417,48000,0.8
38419,48000,0.8
38418,48000,0.8
38425,48000,0.8
38427,48000,0.8
38417,48000,0.8
38422,48000,0.8
38416,48000,0.8
38418,48000,0.8
38429,48000,0.8
38424,48000,0.8
38416,48000,0.8
38419,48000,0.8
38426,48000,0.8
38417,48000,0.8
38418,48000,0.8
38416,48000,0.8
38426,48000,0.8
38427,48000,0.8
38417,48000,0.8
38424,48000,0.8
38428,48000,0.8
38417,48000,0.8
38428,48000,0.8
38421,48000,0.8
38419,48000,0.8
38422,48000,0.8
38429,48000,0.8
38416,48000,0.8
38421,48000,0.8
38400,48000,0.8
38414,48000,0.8
38420,48000,0.8
38431,48000,0.8
38427,48000,0.8
38418,48000,0.8
38420,48000,0.8
38426,48000,0.8
38431,48000,0.8
38430,48000,0.8
38426,48000,0.8
38432,48000,0.8
38417,48000,0.8
38422,48000,0.8
38426,48000,0.8
38416,48000,0.8
38416,48000,0.8
38419,48000,0.8
38428,48000,0.8
38422,48000,0.8
38416,48000,0.8
38431,48000,0.8
38414,48000,0.8
38416,48000,0.8
38420,48000,0.8
38421,48000,0.8
38419,48000,0.8
38430,48000,0.8
38418,48000,0.8
38423,48000,0.8
38425,48000,0.8
38433,48000,0.8
38418,48000,0.8
38418,48000,0.8
38423,48000,0.8
38427,48000,0.8
38417,48000,0.8
38419,48000,0.8
38432,48000,0.8
38420,48000,0.8
38412,48000,0.8
38417,48000,0.8
38417,48000,0.8
38414,48000,0.8
38419,48000,0.8
38433,48000,0.8
38417,48000,0.8
38419,48000,0.8
38421,48000,0.8
38419,48000,0.8
38416,48000,0.8
38420,48000,0.8
38429,48000,0.8
38416,48000,0.8
38419,48000,0.8
38420,48000,0.8
38430,48000,0.8
38426,48000,0.8
38430,48000,0.8
38420,48000,0.8
38420,48000,0.8
38423,48000,0.8
38418,48000,0.8
38419,48000,0.8
38423,48000,0.8
38427,48000,0.8
38423,48000,0.8
38417,48000,0.8
38422,48000,0.8
38429,48000,0.8
38419,48000,0.8
38420,48000,0.8
38425,48000,0.8
38416,48000,0.8
38420,48000,0.8
38424,48000,0.8
38415,48000,0.8
38418,48000,0.8
38421,48000,0.8
38423,48000,0.8
38417,48000,0.8
38417,48000,0.8
38426,48000,0.8
38430,48000,0.8
38416,48000,0.8
38420,48000,0.8
38422,48000,0.8
38424,48000,0.8
38418,48000,0.8
38430,48000,0.8
38420,48000,0.8
38419,48000,0.8
38428,48000,0.8
38416,48000,0.8
38420,48000,0.8
38428,48000,0.8
38424,48000,0.8
38418,48000,0.8
38420,48000,0.8
38421,48000,0.8
38419,48000,0.8
38417,48000,0.8
38421,48000,0.8
38426,48000,0.8
38425,48000,0.8
38430,48000,0.8
38417,48000,0.8
38429,48000,0.8
38419,48000,0.8
38419,48000,0.8
38431,48000,0.8
38419,48000,0.8
38416,48000,0.8
38426,48000,0.8
38420,48000,0.8
38422,48000,0.8
38422,48000,0.8
38424,48000,0.8
38418,48000,0.8
38418,48000,0.8
38427,48000,0.8
38420,48000,0.8
38427,48000,0.8
38424,48000,0.8
38422,48000,0.8
38427,48000,0.8
38426,48000,0.8
38426,48000,0.8
38415,48000,0.8
38422,48000,0.8
38429,48000,0.8
38416,48000,0.8
38418,48000,0.8
38428,48000,0.8
38430,48000,0.8
38425,48000,0.8
38422,48000,0.8
38420,48000,0.8
38418,48000,0.8
38429,48000,0.8
38426,48000,0.8
38416,48000,0.8
38419,48000,0.8
38420,48000,0.8
38427,48000,0.8
38417,48000,0.8
38415,48000,0.8
38420,48000,0.8
38428,48000,0.8
38418,48000,0.8
38424,48000,0.8
38427,48000,0.8
38418,48000,0.8
38428,48000,0.8
38417,48000,0.8
38420,48000,0.8
38416,48000,0.8
38425,48000,0.8
38421,48000,0.8
38421,48000,0.8
38427,48000,0.8
38416,48000,0.8
38416,48000,0.8
38418,48000,0.8
38424,48000,0.8
38426,48000,0.8
38417,48000,0.8
38418,48000,0.8
38425,48000,0.8
38423,48000,0.8
38421,48000,0.8
38417,48000,0.8
38414,48000,0.8
38423,48000,0.8
38425,48000,0.8
38421,48000,0.8
38421,48000,0.8
38409,48000,0.8
38420,48000,0.8
38431,48000,0.8
38416,48000,0.8
38417,48000,0.8
38419,48000,0.8
38420,48000,0.8
38424,48000,0.8
38416,48000,0.8
38435,48000,0.8
38426,48000,0.8
38424,48000,0.8
38417,48000,0.8
38418,48000,0.8
38429,48000,0.8
38419,48000,0.8
38418,48000,0.8
38420,48000,0.8
38429,48000,0.8
38428,48000,0.8
38416,48000,0.8
38422,48000,0.8
38426,48000,0.8
38416,48000,0.8
38431,48000,0.8
38417,48000,0.8
38416,48000,0.8
38420,48000,0.8
38432,48000,0.8
38416,48000,0.8
38417,48000,0.8
38418,48000,0.8
38428,48000,0.8
38413,48000,0.8
38416,48000,0.8
38429,48000,0.8
38429,48000,0.8
38422,48000,0.8
38419,48000,0.8
38422,48000,0.8
38425,48000,0.8
38429,48000,0.8
38424,48000,0.8
38420,48000,0.8
38421,48000,0.8
38417,48000,0.8
38415,48000,0.8
38418,48000,0.8
38430,48000,0.8
38427,48000,0.8
38411,48000,0.8
38418,48000,0.8
38429,48000,0.8
38420,48000,0.8
38415,48000,0.8
38420,48000,0.8
38417,48000,0.8
38421,48000,0.8
38420,48000,0.8
38417,48000,0.8
38417,48000,0.8
38421,48000,0.8
38422,48000,0.8
38428,48000,0.8
38421,48000,0.8
38400,48000,0.8
38429,48000,0.8
38419,48000,0.8
38422,48000,0.8
38418,48000,0.8
38418,48000,0.8
38418,48000,0.8
38430,48000,0.8
38416,48000,0.8
38422,48000,0.8
38426,48000,0.8
38417,48000,0.8
38418,48000,0.8
38422,48000,0.8
38424,48000,0.8
38430,48000,0.8
38421,48000,0.8
38421,48000,0.8
38425,48000,0.8
38417,48000,0.8
38415,48000,0.8
38427,48000,0.8
38426,48000,0.8
38419,48000,0.8
38428,48000,0.8
38418,48000,0.8
38416,48000,0.8
38422,48000,0.8
38428,48000,0.8
38414,48000,0.8
38423,48000,0.8
38427,48000,0.8
38430,48000,0.8
38417,48000,0.8
38416,48000,0.8
38423,48000,0.8
38431,48000,0.8
38418,48000,0.8
38420,48000,0.8
38425,48000,0.8
38429,48000,0.8
38427,48000,0.8
38429,48000,0.8
38419,48000,0.8
38418,48000,0.8
38423,48000,0.8
38418,48000,0.8
38421,48000,0.8
38427,48000,0.8
38416,48000,0.8
38419,48000,0.8
38419,48000,0.8
38427,48000,0.8
38426,48000,0.8
38414,48000,0.8
38427,48000,0.8
38417,48000,0.8
38419,48000,0.8
38423,48000,0.8
38427,48000,0.8
38417,48000,0.8
38419,48000,0.8
38429,48000,0.8
38413,48000,0.8
38420,48000,0.8
38423,48000,0.8
38418,48000,0.8
38424,48000,0.8
38415,48000,0.8
38423,48000,0.8
38427,48000,0.8
38427,48000,0.8
38417,48000,0.8
38417,48000,0.8
38420,48000,0.8
38427,48000,0.8
38427,48000,0.8
38416,48000,0.8
38416,48000,0.8
38430,48000,0.8
38416,48000,0.8
38422,48000,0.8
38420,48000,0.8
38417,48000,0.8
38418,48000,0.8
38417,48000,0.8
38415,48000,0.8
38420,48000,0.8
38422,48000,0.8
38420,48000,0.8
38414,48000,0.8
38413,48000,0.8
38425,48000,0.8
38428,48000,0.8
38415,48000,0.8
38422,48000,0.8
38418,48000,0.8
38428,48000,0.8
38414,48000,0.8
38420,48000,0.8
38430,48000,0.8
38428,48000,0.8
38415,48000,0.8
38413,48000,0.8
38417,48000,0.8
38426,48000,0.8
38427,48000,0.8
38419,48000,0.8
38418,48000,0.8
38419,48000,0.8
38425,48000,0.8
38419,48000,0.8
38417,48000,0.8
38428,48000,0.8
38424,48000,0.8
38418,48000,0.8
38421,48000,0.8
38429,48000,0.8
38417,48000,0.8
38419,48000,0.8
38428,48000,0.8
38418,48000,0.8
38421,48000,0.8
38430,48000,0.8
38428,48000,0.8
38416,48000,0.8
38421,48000,0.8
38421,48000,0.8
38419,48000,0.8
38418,48000,0.8
38419,48000,0.8
38427,48000,0.8
38430,48000,0.8
38420,48000,0.8
38413,48000,0.8
38418,48000,0.8
38428,48000,0.8
38426,48000,0.8
38415,48000,0.8
38423,48000,0.8
38426,48000,0.8
38417,48000,0.8
38402,48000,0.8
38415,48000,0.8
38430,48000,0.8
38427,48000,0.8
38420,48000,0.8
38421,48000,0.8
38417,48000,0.8
38417,48000,0.8
38415,48000,0.8
38416,48000,0.8
38420,48000,0.8
38421,48000,0.8
38421,48000,0.8
38416,48000,0.8
38417,48000,0.8
38419,48000,0.8
38429,48000,0.8
38414,48000,0.8
38421,48000,0.8
38428,48000,0.8
38427,48000,0.8
38416,48000,0.8
38421,48000,0.8
38420,48000,0.8
38427,48000,0.8
38426,48000,0.8
38419,48000,0.8
38416,48000,0.8
38430,48000,0.8
38419,48000,0.8
38416,48000,0.8
38415,48000,0.8
38421,48000,0.8
38424,48000,0.8
38423,48000,0.8
38418,48000,0.8
38430,48000,0.8
38414,48000,0.8
38415,48000,0.8
38421,48000,0.8
38424,48000,0.8
28821,36000,0.8
28815,36000,0.8
28816,36000,0.8
28818,36000,0.8
28816,36000,0.8
28831,36000,0.8
28826,36000,0.8
28818,36000,0.8
28830,36000,0.8
28825,36000,0.8
28823,36000,0.8
28812,36000,0.8
28820,36000,0.8
28828,36000,0.8
28816,36000,0.8
28818,36000,0.8
28818,36000,0.8
28826,36000,0.8
28831,36000,0.8
28824,36000,0.8
28818,36000,0.8
28817,36000,0.8
28827,36000,0.8
28818,36000,0.8
28821,36000,0.8
28820,36000,0.8
28827,36000,0.8
28819,36000,0.8
28817,36000,0.8
28822,36000,0.8
28830,36000,0.8
28820,36000,0.8
28828,36000,0.8
28813,36000,0.8
28818,36000,0.8
28821,36000,0.8
28830,36000,0.8
28815,36000,0.8
28820,36000,0.8
28817,36000,0.8
28831,36000,0.8
28818,36000,0.8
28821,36000,0.8
28831,36000,0.8
28817,36000,0.8
28818,36000,0.8
28824,36000,0.8
28824,36000,0.8
28829,36000,0.8
28830,36000,0.8
28818,36000,0.8
28821,36000,0.8
28827,36000,0.8
28817,36000,0.8
28816,36000,0.8
28820,36000,0.8
28828,36000,0.8
28824,36000,0.8
28818,36000,0.8
28818,36000,0.8
28826,36000,0.8
28816,36000,0.8
28817,36000,0.8
28823,36000,0.8
28817,36000,0.8
28818,36000,0.8
28828,36000,0.8
28817,36000,0.8
28821,36000,0.8
28821,36000,0.8
28820,36000,0.8
28816,36000,0.8
28818,36000,0.8
28827,36000,0.8
28823,36000,0.8
28828,36000,0.8
28822,36000,0.8
28817,36000,0.8
28828,36000,0.8
28820,36000,0.8
28830,36000,0.8
28815,36000,0.8
28818,36000,0.8
28827,36000,0.8
28816,36000,0.8
28821,36000,0.8
28828,36000,0.8
28828,36000,0.8
28816,36000,0.8
28820,36000,0.8
28819,36000,0.8
28827,36000,0.8
28812,36000,0.8
28824,36000,0.8
28823,36000,0.8
28830,36000,0.8
28822,36000,0.8
28825,36000,0.8
28817,36000,0.8
28814,36000,0.8
28824,36000,0.8
28823,36000,0.8
28818,36000,0.8
28822,36000,0.8
28827,36000,0.8
28823,36000,0.8
28814,36000,0.8
28820,36000,0.8
28818,36000,0.8
28816,36000,0.8
28817,36000,0.8
28821,36000,0.8
28822,36000,0.8
28826,36000,0.8
28825,36000,0.8
28815,36000,0.8
28820,36000,0.8
28830,36000,0.8
28828,36000,0.8
28820,36000,0.8
28818,36000,0.8
28828,36000,0.8
28818,36000,0.8
28818,36000,0.8
28821,36000,0.8
28826,36000,0.8
28822,36000,0.8
28822,36000,0.8
28829,36000,0.8
28816,36000,0.8
28819,36000,0.8
28824,36000,0.8
28830,36000,0.8
28818,36000,0.8
28822,36000,0.8
28828,36000,0.8
28818,36000,0.8
28817,36000,0.8
28821,36000,0.8
28825,36000,0.8
28825,36000,0.8
28821,36000,0.8
28820,36000,0.8
28828,36000,0.8
28826,36000,0.8
28817,36000,0.8
28818,36000,0.8
28819,36000,0.8
28842,36000,0.8
28817,36000,0.8
28817,36000,0.8
28820,36000,0.8
28829,36000,0.8
28815,36000,0.8
28818,36000,0.8
28819,36000,0.8
28828,36000,0.8
28820,36000,0.8
28816,36000,0.8
28817,36000,0.8
28820,36000,0.8
28824,36000,0.8
28826,36000,0.8
28817,36000,0.8
28818,36000,0.8
28825,36000,0.8
28830,36000,0.8
28826,36000,0.8
28817,36000,0.8
28820,36000,0.8
28828,36000,0.8
28818,36000,0.8
28821,36000,0.8
28829,36000,0.8
28818,36000,0.8
28816,36000,0.8
28817,36000,0.8
28815,36000,0.8
28844,36000,0.8
28831,36000,0.8
28818,36000,0.8
28818,36000,0.8
28824,36000,0.8
28819,36000,0.8
28817,36000,0.8
28816,36000,0.8
28822,36000,0.8
28826,36000,0.8
28818,36000,0.8
28820,36000,0.8
28826,36000,0.8
28816,36000,0.8
28820,36000,0.8
28828,36000,0.8
28816,36000,0.8
28823,36000,0.8
28826,36000,0.8
28830,36000,0.8
28817,36000,0.8
28821,36000,0.8
28832,36000,0.8
28821,36000,0.8
28816,36000,0.8
28818,36000,0.8
28823,36000,0.8
28818,36000,0.8
28815,36000,0.8
28824,36000,0.8
28824,36000,0.8
28823,36000,0.8
28824,36000,0.8
28818,36000,0.8
28815,36000,0.8
28821,36000,0.8
28817,36000,0.8
28819,36000,0.8
28820,36000,0.8
28832,36000,0.8
28815,36000,0.8
28822,36000,0.8
28828,36000,0.8
28828,36000,0.8
28820,36000,0.8
28820,36000,0.8
28816,36000,0.8
28820,36000,0.8
28822,36000,0.8
28826,36000,0.8
28830,36000,0.8
28822,36000,0.8
28817,36000,0.8
28826,36000,0.8
28818,36000,0.8
28823,36000,0.8
28828,36000,0.8
28824,36000,0.8
28818,36000,0.8
28815,36000,0.8
28820,36000,0.8
28817,36000,0.8
28829,36000,0.8
28819,36000,0.8
28819,36000,0.8
28828,36000,0.8
28818,36000,0.8
28818,36000,0.8
28815,36000,0.8
28829,36000,0.8
28827,36000,0.8
28823,36000,0.8
28817,36000,0.8
28820,36000,0.8
28816,36000,0.8
28817,36000,0.8
28821,36000,0.8
28827,36000,0.8
28821,36000,0.8
28827,36000,0.8
28827,36000,0.8
28815,36000,0.8
28819,36000,0.8
28826,36000,0.8
28830,36000,0.8
28817,36000,0.8
28820,36000,0.8
28827,36000,0.8
28815,36000,0.8
28817,36000,0.8
28821,36000,0.8
28827,36000,0.8
28827,36000,0.8
28818,36000,0.8
28817,36000,0.8
28820,36000,0.8
28824,36000,0.8
28819,36000,0.8
28823,36000,0.8
28821,36000,0.8
28822,36000,0.8
28816,36000,0.8
28817,36000,0.8
28830,36000,0.8
28829,36000,0.8
28816,36000,0.8
28822,36000,0.8
28819,36000,0.8
28825,36000,0.8
28817,36000,0.8
28823,36000,0.8
28822,36000,0.8
28821,36000,0.8
28822,36000,0.8
28829,36000,0.8
28813,36000,0.8
28818,36000,0.8
28826,36000,0.8
28820,36000,0.8
28815,36000,0.8
28816,36000,0.8
28821,36000,0.8
28828,36000,0.8
28816,36000,0.8
28818,36000,0.8
28829,36000,0.8
28819,36000,0.8
28817,36000,0.8
28817,36000,0.8
28815,36000,0.8
28821,36000,0.8
28829,36000,0.8
28817,36000,0.8
28823,36000,0.8
28835,36000,0.8
28827,36000,0.8
28815,36000,0.8
28820,36000,0.8
28825,36000,0.8
28815,36000,0.8
28819,36000,0.8
28820,36000,0.8
28823,36000,0.8
28820,36000,0.8
28818,36000,0.8
28827,36000,0.8
28818,36000,0.8
28824,36000,0.8
28826,36000,0.8
28827,36000,0.8
28817,36000,0.8
28816,36000,0.8
28826,36000,0.8
28818,36000,0.8
28820,36000,0.8
28826,36000,0.8
28824,36000,0.8
28825,36000,0.8
28815,36000,0.8
28818,36000,0.8
28819,36000,0.8
28824,36000,0.8
28818,36000,0.8
28822,36000,0.8
28818,36000,0.8
28820,36000,0.8
28812,36000,0.8
28818,36000,0.8
28821,36000,0.8
28827,36000,0.8
28819,36000,0.8
28821,36000,0.8
28825,36000,0.8
28825,36000,0.8
28819,36000,0.8
28825,36000,0.8
28818,36000,0.8
28821,36000,0.8
28827,36000,0.8
28829,36000,0.8
28826,36000,0.8
28821,36000,0.8
28820,36000,0.8
28818,36000,0.8
28821,36000,0.8
28821,36000,0.8
28831,36000,0.8
28829,36000,0.8
28818,36000,0.8
28820,36000,0.8
28817,36000,0.8
28822,36000,0.8
28829,36000,0.8
28818,36000,0.8
28819,36000,0.8
28819,36000,0.8
28815,36000,0.8
28817,36000,0.8
28822,36000,0.8
28828,36000,0.8
28831,36000,0.8
28816,36000,0.8
28824,36000,0.8
28823,36000,0.8
28816,36000,0.8
28815,36000,0.8
38427,48000,0.8
38419,48000,0.8
38421,48000,0.8
38429,48000,0.8
38418,48000,0.8
38416,48000,0.8
38420,48000,0.8
38426,48000,0.8
38430,48000,0.8
38423,48000,0.8
38419,48000,0.8
38425,48000,0.8
38416,48000,0.8
38417,48000,0.8
38418,48000,0.8
38431,48000,0.8
38418,48000,0.8
38416,48000,0.8
38417,48000,0.8
38421,48000,0.8
38425,48000,0.8
38434,48000,0.8
38421,48000,0.8
38420,48000,0.8
38427,48000,0.8
38417,48000,0.8
38419,48000,0.8
38426,48000,0.8
38428,48000,0.8
38420,48000,0.8
38415,48000,0.8
38424,48000,0.8
28818,36000,0.8
28827,36000,0.8
38427,48000,0.8
28829,36000,0.8
28818,36000,0.8
28822,36000,0.8
28825,36000,0.8
28816,36000,0.8
28820,36000,0.8
28825,36000,0.8
28830,36000,0.8
28818,36000,0.8
28818,36000,0.8
28827,36000,0.8
28827,36000,0.8
28819,36000,0.8
38421,48000,0.8
38420,48000,0.8
38425,48000,0.8
38419,48000,0.8
38419,48000,0.8
38419,48000,0.8
38420,48000,0.8
38431,48000,0.8
38415,48000,0.8
38403,48000,0.8
38425,48000,0.8
38426,48000,0.8
38421,48000,0.8
38421,48000,0.8
38418,48000,0.8
38416,48000,0.8
28825,36000,0.8
28831,36000,0.8
28817,36000,0.8
28823,36000,0.8
28825,36000,0.8
28817,36000,0.8
28819,36000,0.8
28820,36000,0.8
28829,36000,0.8
28826,36000,0.8
28821,36000,0.8
28823,36000,0.8
28822,36000,0.8
28817,36000,0.8
28818,36000,0.8
28819,36000,0.8

