10910,16000,0.68
14739,36000,0.409
3652,16000,0.227
45700,48000,0.952
21540,18000,1.195
33280,36000,0.924
6635,48000,0.138
17617,12000,1.466
37974,48000,0.791
6248,12000,0.519
24015,18000,1.333
38255,36000,1.062
62702,48000,1.306
16573,16000,1.034
4498,18000,0.248
56790,36000,1.577
10609,48000,0.221
24808,16000,1.549
18339,24000,0.763
57515,48000,1.198
8847,12000,0.736
8385,18000,0.464
30691,24000,1.278
27496,18000,1.526
4232,18000,0.234
56260,36000,1.562
37276,48000,0.776
6078,12000,0.505
17980,24000,0.749
40467,48000,0.842
61989,48000,1.291
16345,16000,1.02
30350,24000,1.263
33152,24000,1.381
9917,48000,0.206
24577,16000,1.535
6444,36000,0.178
72356,48000,1.507
8669,12000,0.721
8120,18000,0.45
16516,12000,1.374
19870,18000,1.103
7616,24000,0.316
53120,48000,1.106
3486,12000,0.289
345,18000,0.018
29965,36000,0.831
26913,48000,0.56
12892,16000,0.804
12802,24000,0.533
2163,16000,0.134
51618,48000,1.075
21120,16000,1.319
37737,36000,1.047
67565,48000,1.407
76343,48000,1.59
55355,48000,1.153
14126,16000,0.882
2320,24000,0.095
4616,12000,0.382
841,12000,0.068
25156,18000,1.397
14667,24000,0.61
2666,48000,0.055
7012,12000,0.583
5636,18000,0.311
40537,36000,1.125
41012,48000,0.854
17582,16000,1.098
19851,24000,0.826
1465,36000,0.04
65728,48000,1.369
24986,36000,0.693
20283,48000,0.422
14851,12000,1.236
17382,18000,0.965
1321,16000,0.081
44991,48000,0.937
2431,16000,0.151
35531,24000,1.479
5930,48000,0.123
17446,12000,1.452
10680,16000,0.666
14216,36000,0.394
30646,48000,0.638
4422,12000,0.367
21267,18000,1.181
32763,36000,0.909
17019,36000,0.472
9664,48000,0.201
12195,12000,1.015
13411,18000,0.744
35569,36000,0.987
34392,48000,0.716
18380,12000,1.53
22669,18000,1.258
7583,12000,0.63
59097,48000,1.231
7134,16000,0.445
4190,24000,0.173
20034,48000,0.417
1772,12000,0.146
15372,16000,0.96
16541,24000,0.688
221,16000,0.013
48320,36000,1.341
11107,48000,0.231
13651,48000,0.284
9523,18000,0.528
9246,36000,0.256
51385,48000,1.07
9605,12000,0.799
25035,24000,1.042
23658,36000,0.657
76098,48000,1.585
15787,12000,1.314
37403,24000,1.557
5296,16000,0.33
24025,48000,0.5
3675,16000,0.229
22282,16000,1.392
26905,24000,1.12
12052,36000,0.334
3037,48000,0.063
4917,16000,0.306
870,24000,0.035
21734,24000,0.905
27753,48000,0.578
14815,18000,0.821
19825,36000,0.55
65493,48000,1.364
13136,12000,1.093
32086,24000,1.336
21719,18000,1.206
13402,48000,0.279
113,12000,0.008
44758,48000,0.932
7948,12000,0.661
26558,18000,1.474
43345,36000,1.203
69468,48000,1.447
18830,16000,1.176
9371,24000,0.389
44714,48000,0.931
17387,48000,0.362
1649,18000,0.09
21723,24000,0.904
21771,36000,0.604
10539,12000,0.877
10927,18000,0.605
51121,36000,1.419
55122,48000,1.148
65128,48000,1.356
17380,16000,1.085
5404,18000,0.299
1014,36000,0.028
13037,48000,0.271
25615,16000,1.6
19548,24000,0.814
51115,48000,1.064
9461,12000,0.786
9289,18000,0.515
31917,24000,1.329
50771,48000,1.057
15634,12000,1.301
24730,24000,1.03
8787,36000,0.244
75499,48000,1.572
32305,36000,0.897
30041,48000,0.625
17289,12000,1.439
21033,18000,1.168
4357,12000,0.362
54758,48000,1.14
4280,12000,0.354
2018,24000,0.083
1684,48000,0.035
681,12000,0.055
13926,16000,0.869
14364,24000,0.598
40405,48000,0.841
6870,12000,0.57
24927,18000,1.384
40084,36000,1.113
16234,24000,0.676
19428,48000,0.404
58500,48000,1.218
15172,16000,0.947
42891,36000,1.191
44137,48000,0.919
1600,12000,0.133
26332,18000,1.462
43722,48000,0.911
68867,48000,1.434
7805,12000,0.648
9064,24000,0.377
21029,36000,0.584
16774,48000,0.349
18622,16000,1.163
21417,24000,0.892
3484,16000,0.216
37099,24000,1.545
22921,36000,0.636
23406,48000,0.487
13179,18000,0.731
16560,36000,0.46
4967,16000,0.309
48130,48000,1.002
22443,18000,1.246
35108,36000,0.975
9067,48000,0.188
18225,12000,1.517
3887,24000,0.161
7338,12000,0.61
33770,48000,0.703
6940,16000,0.432
19162,12000,1.595
23846,18000,1.324
19376,36000,0.537
12807,48000,0.266
8186,16000,0.51
5761,24000,0.239
21353,18000,1.185
37512,48000,0.781
18469,18000,1.025
27156,36000,0.754
10325,12000,0.858
62239,48000,1.296
27738,18000,1.54
45682,36000,1.268
23170,48000,0.482
2552,12000,0.211
54509,48000,1.135
10401,12000,0.864
1418,18000,0.078
50666,36000,1.407
2434,48000,0.05
22086,16000,1.379
10692,18000,0.593
11591,36000,0.321
27132,48000,0.565
4718,16000,0.294
26601,24000,1.108
21236,24000,0.884
12990,12000,1.08
14578,18000,0.809
567,24000,0.023
64883,48000,1.351
27205,24000,1.133
30885,48000,0.643
23331,16000,1.457
28483,24000,1.186
68618,48000,1.429
13922,12000,1.158
5966,16000,0.372
3638,36000,0.1
16546,48000,0.344
1186,16000,0.073
15980,18000,0.887
22176,36000,0.615
41249,48000,0.859
9433,16000,0.588
33670,24000,1.402
25823,18000,1.433
10934,24000,0.455
55642,48000,1.159
47881,48000,0.997
11641,16000,0.726
23296,24000,0.97
33534,48000,0.698
72603,48000,1.512
19873,16000,1.241
53463,36000,1.484
58250,48000,1.213
5146,12000,0.427
2821,18000,0.156
70078,48000,1.46
6178,48000,0.128
11333,12000,0.942
12095,18000,0.671
21123,24000,0.879
20297,36000,0.563
68249,48000,1.422
18427,16000,1.15
50198,36000,1.394
53903,48000,1.123
16165,48000,0.336
1194,18000,0.065
11144,36000,0.309
1824,48000,0.038
10247,12000,0.851
10461,18000,0.58
20751,24000,0.864
26536,48000,0.552
21879,16000,1.366
26310,24000,1.095
6737,16000,0.419
3571,24000,0.148
34651,36000,0.962
33170,48000,0.691
14970,16000,0.934
15936,24000,0.663
7090,12000,0.589
57888,48000,1.206
26104,18000,1.449
42426,36000,1.178
18824,48000,0.392
5970,16000,0.372
6572,18000,0.364
42751,48000,0.89
43536,48000,0.907
7653,12000,0.635
2403,12000,0.198
27506,18000,1.527
26700,36000,0.741
22562,48000,0.47
11431,16000,0.713
10625,24000,0.442
45227,36000,1.256
47276,48000,0.985
19667,16000,1.228
22995,24000,0.957
54667,48000,1.138
71996,48000,1.499
2597,18000,0.143
53002,36000,1.472
29222,36000,0.811
4986,12000,0.414
64282,48000,1.339
12833,12000,1.067
4519,16000,0.281
259,24000,0.01
12194,48000,0.254
19005,12000,1.582
14349,18000,0.796
18919,36000,0.525
36900,48000,0.768
7974,16000,0.497
23626,18000,1.311
20979,18000,1.165
61632,48000,1.283
18237,18000,1.012
5438,24000,0.226
10078,12000,0.838
25455,18000,1.413
40647,48000,0.846
991,16000,0.06
33360,24000,1.389
52131,48000,1.086
16354,12000,1.361
9222,16000,0.575
7307,24000,0.304
26297,48000,0.547
3345,12000,0.276
19634,18000,1.09
29502,36000,0.819
51012,48000,1.062
12680,16000,0.791
109,18000,0.005
1836,16000,0.113
11861,18000,0.658
69088,48000,1.439
57645,48000,1.201
11172,12000,0.929
28177,24000,1.173
26716,24000,1.112
5562,48000,0.115
23133,16000,1.444
3176,36000,0.088
68008,48000,1.417
30258,48000,0.63
5766,16000,0.359
21722,36000,0.603
15934,48000,0.331
13763,12000,1.145
15746,18000,0.874
7885,18000,0.437
5982,36000,0.166
32663,24000,1.36
8527,12000,0.708
17150,18000,0.952
24532,36000,0.681
71752,48000,1.494
14701,12000,1.223
35233,24000,1.467
1115,18000,0.061
19667,48000,0.409
2238,16000,0.138
13758,36000,0.382
5330,48000,0.11
44397,48000,0.924
10470,16000,0.653
75727,48000,1.577
20904,16000,1.306
12493,24000,0.52
66567,48000,1.386
5937,12000,0.492
4001,18000,0.221
37280,36000,1.035
36671,48000,0.763
12105,12000,1.007
17676,24000,0.736
55807,36000,1.55
61380,48000,1.278
24371,16000,1.522
30042,24000,1.251
3654,48000,0.076
9297,48000,0.193
4851,12000,0.402
2370,18000,0.13
22684,24000,0.944
28487,36000,0.791
11015,12000,0.917
11632,18000,0.645
52546,36000,1.459
57036,48000,1.188
22928,16000,1.432
27866,24000,1.16
68103,48000,1.418
4950,48000,0.103
5562,16000,0.346
2726,36000,0.075
26211,24000,1.091
29675,48000,0.618
9838,12000,0.817
61014,48000,1.271
7772,16000,0.485
5145,24000,0.213
21949,48000,0.457
2255,12000,0.186
16016,16000,0.999
26238,36000,0.728
46668,48000,0.972
11232,16000,0.701
27282,18000,1.514
44770,36000,1.243
71382,48000,1.487
19474,16000,1.215
10322,24000,0.429
53675,48000,1.118
47584,36000,1.321
50408,48000,1.05
3194,12000,0.264
28682,18000,1.592
65581,48000,1.366
75121,48000,1.565
12477,16000,0.778
12190,24000,0.507
36058,48000,0.751
5780,12000,0.48
20721,16000,1.293
36816,36000,1.022
60779,48000,1.266
11952,12000,0.994
3768,18000,0.208
55358,36000,1.537
15531,18000,0.861
21272,36000,0.59
67407,48000,1.404
13608,12000,1.133
33051,24000,1.376
25078,18000,1.392
15319,48000,0.319
597,12000,0.048
7008,24000,0.291
51150,48000,1.065
40047,48000,0.834
9018,16000,0.562
29047,36000,0.806
25686,48000,0.535
16199,12000,1.349
19420,18000,1.077
10266,16000,0.64
8882,24000,0.369
745,18000,0.04
43783,48000,0.912
20819,18000,1.155
31840,36000,0.884
4712,48000,0.098
17136,12000,1.427
1703,24000,0.07
5488,16000,0.341
29427,48000,0.613
4127,12000,0.341
14071,24000,0.585
698,48000,0.014
54150,48000,1.128
13725,16000,0.856
8694,48000,0.181
24178,16000,1.509
17364,24000,0.723
43662,48000,0.909
8373,12000,0.696
7659,18000,0.424
29734,24000,1.238
32175,24000,1.34
14544,12000,1.211
16920,18000,0.939
5538,36000,0.153
71145,48000,1.482
2035,16000,0.125
34920,24000,1.454
24067,36000,0.668
19062,48000,0.397
74883,48000,1.56
15464,12000,1.288
9060,18000,0.502
8340,36000,0.231
22797,48000,0.475
3281,16000,0.203
24434,24000,1.017
22176,36000,0.616
47523,48000,0.989
12949,18000,0.718
36784,24000,1.532
4637,16000,0.289
18068,12000,1.504
22218,18000,1.233
16115,36000,0.447
8456,48000,0.176
39617,36000,1.1
39794,48000,0.829
2060,48000,0.043
24709,18000,1.371
560,36000,0.015
64514,48000,1.344
6718,12000,0.557
5170,18000,0.286
14309,48000,0.298
12428,48000,0.259
17180,16000,1.072
19254,24000,0.801
50166,48000,1.045
9310,12000,0.773
25419,16000,1.587
31596,24000,1.316
6531,12000,0.543
4909,18000,0.272
14847,18000,0.823
29335,36000,0.814
16943,16000,1.058
18893,24000,0.786
17883,36000,0.496
47870,36000,1.329
25182,16000,1.573
31253,24000,1.301
18577,36000,0.515
8800,36000,0.244
8808,18000,0.488
28710,36000,0.797
37102,36000,1.03
9123,12000,0.759
3019,36000,0.083
16966,12000,1.412
10038,16000,0.626
8523,24000,0.354
21549,36000,0.598
3941,12000,0.327
20546,18000,1.141
12569,24000,0.523
40108,36000,1.113
13496,16000,0.842
1022,18000,0.056
49855,36000,1.384
1028,36000,0.028
24438,18000,1.357
13707,24000,0.57
10798,36000,0.299
52652,36000,1.462
42901,36000,1.191
6493,16000,0.405
3221,24000,0.133
13602,36000,0.377
1292,12000,0.106
14737,16000,0.92
15578,24000,0.648
32131,36000,0.892
7466,12000,0.621
25849,18000,1.435
19304,18000,1.072
50678,36000,1.407
18193,16000,1.136
6311,18000,0.349
2830,36000,0.078
18062,18000,1.002
26350,36000,0.731
55651,36000,1.545
15305,12000,1.274
36439,24000,1.517
44879,36000,1.246
16581,36000,0.46
3036,16000,0.189
39547,36000,1.098
5825,36000,0.161
35112,36000,0.975
12686,18000,0.704
18518,24000,0.771
24359,36000,0.676
17903,12000,1.49
21966,18000,1.219
14089,18000,0.781
48472,36000,1.346
47684,36000,1.324
12652,12000,1.053
23357,18000,1.296
36946,36000,1.025
8632,36000,0.239
18830,12000,1.568
5100,24000,0.211
55459,36000,1.54
27159,36000,0.754
7748,16000,0.483
2501,36000,0.069
16406,36000,0.455
45704,36000,1.269
15983,16000,0.998
11606,36000,0.322
836,16000,0.051
20764,24000,0.864
21381,36000,0.593
10058,12000,0.837
10201,18000,0.565
21971,16000,1.372
39916,36000,1.108
21643,16000,1.352
25947,24000,1.08
37651,36000,1.045
851,36000,0.023
4293,16000,0.267
38304,24000,1.595
29158,36000,0.809
19379,36000,0.538
3657,36000,0.101
22891,16000,1.43
11600,18000,0.643
46590,36000,1.293
22185,36000,0.616
5538,16000,0.344
27816,24000,1.158
31961,36000,0.887
13591,12000,1.131
15490,18000,0.859
11579,36000,0.321
50488,36000,1.402
566,12000,0.046
33002,24000,1.374
57418,36000,1.594
11434,36000,0.317
21136,16000,1.32
34939,36000,0.97
2219,12000,0.184
27256,18000,1.512
5632,36000,0.156
53474,36000,1.485
11209,16000,0.699
10277,24000,0.427
24183,36000,0.671
4814,12000,0.4
19437,16000,1.214
22631,24000,0.942
42712,36000,1.186
11003,12000,0.915
2336,18000,0.128
267,12000,0.02
2376,36000,0.066
50218,36000,1.394
7315,12000,0.608
6082,18000,0.337
20917,36000,0.58
11145,36000,0.309
17989,16000,1.123
20469,24000,0.852
39458,36000,1.095
9910,12000,0.824
637,16000,0.038
21653,16000,1.352
387,36000,0.01
21439,16000,1.339
9968,18000,0.553
36914,36000,1.025
21739,18000,1.206
18028,24000,0.75
5367,36000,0.148
17744,12000,1.477
2918,24000,0.121
52203,36000,1.45
23902,36000,0.663
6299,16000,0.392
15284,24000,0.636
13152,36000,0.364
42438,36000,1.178
14528,16000,0.907
18934,18000,1.051
31677,36000,0.879
1135,12000,0.093
25616,18000,1.422
15777,16000,0.985
32510,36000,0.902
55006,36000,1.527
45239,36000,1.256
27024,18000,1.5
20806,16000,1.299
15953,36000,0.442
2067,12000,0.171
9974,24000,0.415
5193,36000,0.143
34492,36000,0.957
8253,12000,0.686
22336,24000,0.93
23720,36000,0.658
53016,36000,1.472
19230,16000,1.201
18924,36000,0.525
4093,16000,0.254
25649,24000,1.068
28693,36000,0.796
12505,12000,1.04
13858,18000,0.769
38004,24000,1.583
47227,36000,1.311
18677,12000,1.555
23136,18000,1.284
47737,36000,1.325
8166,36000,0.226
7539,16000,0.47
4792,24000,0.199
18001,18000,0.998
26713,36000,0.741
10972,36000,0.304
414,12000,0.033
15259,18000,0.847
56678,36000,1.574
29513,36000,0.819
8792,16000,0.548
32705,24000,1.362
39271,36000,1.09
48042,36000,1.334
19149,18000,1.063
6657,24000,0.277
217,36000,0.005
3005,12000,0.249
28432,18000,1.578
10493,36000,0.291
18747,36000,0.52
19220,12000,1.6
42262,36000,1.173
4664,12000,0.387
2112,18000,0.116
45854,36000,1.273
32501,24000,1.353
10842,12000,0.902
11374,18000,0.631
31493,36000,0.874
21729,36000,0.603
22688,16000,1.417
27521,24000,1.146
50042,36000,1.389
13433,12000,1.118
5346,16000,0.332
10840,36000,0.301
29384,24000,1.224
34299,36000,0.952
6003,36000,0.166
23936,16000,1.495
19786,36000,0.549
52845,36000,1.467
24535,36000,0.681
7399,18000,0.41
4219,36000,0.117
13778,36000,0.382
14373,12000,1.196
16662,18000,0.925
42074,36000,1.168
32308,36000,0.897
1793,16000,0.111
34570,24000,1.44
12253,16000,0.764
11841,24000,0.493
24776,16000,1.547
37291,36000,1.035
20477,16000,1.279
24197,24000,1.007
7996,36000,0.221
55822,36000,1.55
3513,18000,0.194
3004,12000,0.248
26528,36000,0.736
5596,12000,0.465
17026,24000,0.709
15772,36000,0.437
45068,36000,1.251
11779,12000,0.98
19028,16000,1.188
22025,24000,0.917
4729,36000,0.131
52566,36000,1.459
1872,18000,0.103
18969,12000,1.579
23261,36000,0.646
13508,36000,0.374
11157,18000,0.618
45114,36000,1.252
41807,36000,1.161
10694,12000,0.889
27212,24000,1.133
31037,36000,0.862
2736,36000,0.076
22482,16000,1.404
26254,36000,0.729
7337,16000,0.457
22900,18000,1.271
23495,24000,0.978
44787,36000,1.243
15574,16000,0.972
4494,24000,0.186
54559,36000,1.515
1925,12000,0.158
26797,18000,1.487
6073,16000,0.378
15486,36000,0.43
8101,12000,0.673
9673,24000,0.402
20483,16000,1.279
34032,36000,0.945
18290,36000,0.508
2870,12000,0.236
18929,18000,1.05
40488,36000,1.124
36838,36000,1.022
12038,16000,0.751
28190,18000,1.565
24446,16000,1.527
55367,36000,1.537
20283,16000,1.266
11547,24000,0.48
7532,36000,0.209
5455,12000,0.452
3278,18000,0.181
23897,24000,0.995
26067,36000,0.724
1166,24000,0.048
49583,36000,1.377
21287,36000,0.59
5128,16000,0.319
55937,36000,1.553
10517,36000,0.292
13272,12000,1.105
15037,18000,0.834
38817,36000,1.078
29060,36000,0.806
265,12000,0.02
32397,24000,1.349
57359,36000,1.593
47588,36000,1.321
8583,16000,0.535
6366,24000,0.264
34266,24000,1.427
41619,36000,1.156
13316,36000,0.369
1597,16000,0.098
8227,24000,0.342
2566,36000,0.071
31863,36000,0.884
9826,16000,0.613
12067,24000,0.502
21090,36000,0.585
16816,12000,1.399
20328,18000,1.128
49397,36000,1.372
39643,36000,1.1
3789,12000,0.314
794,18000,0.043
11625,12000,0.967
16730,24000,0.696
2755,12000,0.228
44612,36000,1.238
23736,16000,1.482
29083,24000,1.211
15305,36000,0.425
8863,16000,0.553
7164,18000,0.397
19041,36000,0.528
33837,36000,0.94
24082,36000,0.668
16446,18000,0.912
34223,36000,0.95
52391,36000,1.454
14219,12000,1.183
8972,12000,0.746
8567,18000,0.475
30951,24000,1.289
36647,36000,1.017
15153,12000,1.261
17847,18000,0.99
27970,36000,0.777
55192,36000,1.532
2849,16000,0.176
36135,24000,1.505
25887,36000,0.719
8275,18000,0.459
11071,16000,0.691
38807,36000,1.077
44426,36000,1.233
34659,36000,0.962
10341,36000,0.287
571,36000,0.015
13282,16000,0.829
13418,24000,0.558
28868,36000,0.801
6382,12000,0.53
24220,18000,1.344
14469,18000,0.803
47414,36000,1.316
16735,16000,1.045
4681,18000,0.259
5725,12000,0.476
8346,36000,0.231
24987,16000,1.56
18600,24000,0.774
18110,36000,0.503
34141,48000,0.711
7967,18000,0.442
20075,16000,1.253
23592,24000,0.982
58858,48000,1.226
11472,12000,0.955
3049,18000,0.168
53921,36000,1.497
6784,48000,0.141
23522,16000,1.469
12329,18000,0.683
7471,12000,0.621
31492,48000,0.656
6935,18000,0.384
28771,24000,1.198
27707,24000,1.153
6057,24000,0.251
10575,12000,0.879
38124,48000,0.794
8378,16000,0.523
27585,36000,0.766
23769,48000,0.495
62846,48000,1.309
18703,18000,1.037
46143,36000,1.281
48489,48000,1.01
2704,12000,0.224
27960,18000,1.552
56628,48000,1.179
73215,48000,1.525
11836,16000,0.739
11240,24000,0.467
562,18000,0.03
48949,36000,1.359
27518,48000,0.573
3633,12000,0.302
13112,24000,0.545
9877,36000,0.274
39185,36000,1.088
13077,16000,0.816
14109,18000,0.782
28426,36000,0.789
125,36000,0.003
21325,16000,1.331
5482,12000,0.455
46952,36000,1.304
6230,12000,0.518
4450,18000,0.246
14063,12000,1.171
16216,18000,0.899
4099,36000,0.113
69225,48000,1.442
1388,16000,0.085
33956,24000,1.414
22631,36000,0.628
17153,48000,0.357
9622,16000,0.6
7925,24000,0.329
26190,18000,1.454
41860,48000,0.872
20099,18000,1.115
30406,36000,0.844
2793,48000,0.058
16669,12000,1.387
34206,36000,0.95
10870,16000,0.678
35826,24000,1.492
43979,36000,1.221
17601,12000,1.464
21504,18000,1.193
38068,36000,1.057
4901,36000,0.136
6094,16000,0.379
2612,24000,0.108
17533,24000,0.73
23450,36000,0.651
14327,16000,0.894
14982,24000,0.623
51746,36000,1.437
41984,36000,1.166

