1.0,0.76,0.654,0.564,0.653,0.623,0.601,0.653,0.618,0.569,1.0,0.694,0.655,0.644,0.653,0.649,0.665,0.638,0.66,0.656,1.0,0.746,0.711,0.73,0.663,0.772,0.725,0.712,0.709,0.742,1.0,0.791,0.812,0.789,0.752,0.801,0.786,0.75,0.777,0.797,
1.0,0.824,0.707,0.596,0.652,0.698,0.63,0.691,0.465,0.561,1.0,0.887,0.761,0.829,0.632,0.815,0.741,0.821,0.593,0.808,1.0,0.84,0.822,0.755,0.804,0.801,0.731,0.795,0.82,0.72,1.0,0.873,0.888,0.84,0.886,0.832,0.883,0.845,0.88,0.851,
1.0,0.71,0.621,0.592,0.525,0.56,0.519,0.573,0.495,0.564,1.0,0.687,0.64,0.682,0.627,0.619,0.645,0.619,0.657,0.662,1.0,0.802,0.763,0.79,0.79,0.796,0.764,0.806,0.762,0.778,1.0,0.823,0.832,0.813,0.842,0.83,0.853,0.81,0.844,0.817,
1.0,0.725,0.664,0.59,0.499,0.602,0.567,0.626,0.497,0.619,1.0,0.737,0.634,0.595,0.595,0.599,0.558,0.598,0.582,0.584,1.0,0.78,0.795,0.764,0.756,0.794,0.789,0.776,0.799,0.758,1.0,0.854,0.867,0.838,0.85,0.832,0.867,0.837,0.852,0.835,
1.0,0.742,0.675,0.612,0.61,0.63,0.609,0.625,0.548,0.502,1.0,0.762,0.626,0.608,0.588,0.668,0.619,0.557,0.58,0.694,1.0,0.808,0.78,0.733,0.805,0.799,0.715,0.774,0.782,0.722,1.0,0.839,0.845,0.828,0.851,0.81,0.855,0.808,0.853,0.797,
1.0,0.675,0.593,0.591,0.525,0.568,0.513,0.597,0.501,0.573,1.0,0.707,0.665,0.626,0.545,0.616,0.57,0.629,0.555,0.615,1.0,0.711,0.651,0.665,0.597,0.658,0.621,0.652,0.658,0.662,1.0,0.949,0.942,0.939,0.942,0.941,0.941,0.94,0.942,0.941,
1.0,0.712,0.596,0.596,0.528,0.562,0.554,0.558,0.551,0.551,1.0,0.687,0.597,0.573,0.621,0.55,0.542,0.615,0.542,0.604,1.0,0.769,0.737,0.754,0.742,0.782,0.764,0.747,0.742,0.767,1.0,0.834,0.836,0.817,0.852,0.792,0.847,0.803,0.839,0.809,
1.0,0.781,0.646,0.65,0.595,0.644,0.591,0.61,0.56,0.669,1.0,0.733,0.667,0.656,0.649,0.645,0.645,0.678,0.688,0.631,1.0,0.884,0.847,0.821,0.83,0.845,0.818,0.832,0.854,0.826,1.0,0.964,0.957,0.957,0.958,0.958,0.956,0.957,0.957,0.956,
1.0,0.752,0.69,0.581,0.616,0.647,0.614,0.624,0.579,0.56,1.0,0.777,0.729,0.781,0.726,0.771,0.739,0.759,0.659,0.758,1.0,0.791,0.792,0.764,0.791,0.79,0.756,0.788,0.786,0.768,1.0,0.836,0.888,0.836,0.885,0.835,0.885,0.832,0.884,0.828,
1.0,0.773,0.637,0.705,0.607,0.625,0.622,0.525,0.61,0.551,1.0,0.864,0.722,0.602,0.721,0.674,0.542,0.789,0.727,0.605,1.0,0.781,0.716,0.682,0.718,0.786,0.717,0.708,0.72,0.768,1.0,0.974,0.969,0.968,0.972,0.969,0.967,0.968,0.965,0.969,
1.0,0.685,0.633,0.534,0.523,0.583,0.536,0.57,0.52,0.553,1.0,0.689,0.619,0.579,0.658,0.534,0.553,0.612,0.593,0.525,1.0,0.679,0.636,0.596,0.58,0.579,0.609,0.593,0.582,0.607,1.0,0.74,0.734,0.764,0.764,0.758,0.778,0.717,0.755,0.74,
1.0,0.765,0.604,0.688,0.595,0.594,0.62,0.636,0.539,0.67,1.0,0.71,0.728,0.649,0.667,0.679,0.649,0.662,0.645,0.66,1.0,0.738,0.776,0.709,0.685,0.723,0.748,0.766,0.679,0.726,1.0,0.783,0.768,0.792,0.761,0.77,0.78,0.79,0.772,0.798,
1.0,0.774,0.579,0.619,0.68,0.628,0.557,0.669,0.589,0.541,1.0,0.769,0.67,0.696,0.643,0.698,0.626,0.712,0.609,0.707,1.0,0.809,0.795,0.764,0.765,0.795,0.77,0.787,0.776,0.772,1.0,0.884,0.867,0.87,0.859,0.888,0.87,0.878,0.867,0.883,
1.0,0.803,0.704,0.589,0.609,0.667,0.655,0.633,0.551,0.716,1.0,0.808,0.639,0.747,0.638,0.747,0.614,0.757,0.568,0.742,1.0,0.765,0.774,0.741,0.727,0.742,0.754,0.742,0.682,0.703,1.0,0.816,0.794,0.777,0.798,0.808,0.801,0.774,0.777,0.806,
1.0,0.703,0.584,0.569,0.591,0.547,0.513,0.565,0.567,0.545,1.0,0.685,0.581,0.647,0.594,0.608,0.561,0.598,0.556,0.591,1.0,0.694,0.641,0.572,0.546,0.644,0.591,0.629,0.617,0.603,1.0,0.744,0.711,0.723,0.678,0.719,0.682,0.689,0.677,0.679,
1.0,0.847,0.692,0.669,0.717,0.656,0.62,0.828,0.647,0.655,1.0,0.871,0.839,0.729,0.852,0.803,0.718,0.845,0.806,0.716,1.0,0.902,0.87,0.891,0.875,0.895,0.874,0.886,0.878,0.89,1.0,0.986,0.987,0.981,0.991,0.986,0.988,0.987,0.99,0.986,
1.0,0.779,0.761,0.631,0.604,0.723,0.693,0.497,0.523,0.737,1.0,0.895,0.798,0.689,0.884,0.804,0.654,0.891,0.841,0.639,1.0,0.895,0.884,0.893,0.887,0.888,0.886,0.892,0.88,0.892,1.0,0.991,0.984,0.986,0.989,0.986,0.992,0.983,0.984,0.988,
1.0,0.672,0.624,0.576,0.562,0.59,0.537,0.584,0.535,0.558,1.0,0.645,0.634,0.656,0.527,0.592,0.605,0.61,0.604,0.586,1.0,0.69,0.644,0.644,0.621,0.64,0.641,0.623,0.657,0.619,1.0,0.794,0.758,0.753,0.739,0.74,0.783,0.742,0.79,0.747,
1.0,0.783,0.693,0.647,0.656,0.673,0.66,0.657,0.521,0.758,1.0,0.795,0.782,0.771,0.682,0.778,0.76,0.768,0.724,0.757,1.0,0.808,0.81,0.791,0.776,0.78,0.776,0.768,0.797,0.783,1.0,0.882,0.876,0.881,0.872,0.864,0.866,0.884,0.869,0.859,
1.0,0.841,0.662,0.702,0.682,0.728,0.735,0.695,0.636,0.675,1.0,0.625,0.639,0.586,0.569,0.581,0.589,0.582,0.592,0.597,1.0,0.656,0.661,0.626,0.616,0.569,0.592,0.603,0.595,0.625,1.0,0.69,0.679,0.647,0.62,0.655,0.652,0.652,0.623,0.639,
1.0,0.783,0.637,0.579,0.637,0.657,0.55,0.678,0.602,0.514,1.0,0.818,0.618,0.674,0.645,0.59,0.645,0.631,0.584,0.666,1.0,0.761,0.761,0.749,0.642,0.71,0.756,0.781,0.655,0.753,1.0,0.797,0.753,0.766,0.759,0.748,0.79,0.76,0.758,0.763,
1.0,0.726,0.654,0.558,0.533,0.596,0.539,0.588,0.542,0.532,1.0,0.657,0.699,0.586,0.632,0.59,0.603,0.635,0.594,0.601,1.0,0.701,0.666,0.681,0.645,0.613,0.675,0.638,0.616,0.621,1.0,0.759,0.767,0.764,0.743,0.801,0.788,0.737,0.785,0.734,
1.0,0.777,0.733,0.619,0.655,0.627,0.51,0.605,0.599,0.511,1.0,0.807,0.692,0.665,0.649,0.617,0.635,0.781,0.676,0.63,1.0,0.862,0.727,0.78,0.83,0.732,0.783,0.829,0.767,0.796,1.0,0.972,0.968,0.97,0.968,0.967,0.97,0.969,0.968,0.968,
1.0,0.721,0.655,0.542,0.622,0.603,0.545,0.59,0.542,0.591,1.0,0.778,0.631,0.69,0.601,0.625,0.614,0.655,0.536,0.695,1.0,0.774,0.746,0.753,0.756,0.711,0.727,0.753,0.682,0.731,1.0,0.787,0.735,0.765,0.792,0.761,0.807,0.783,0.741,0.786,
1.0,0.735,0.605,0.582,0.543,0.599,0.536,0.607,0.531,0.569,1.0,0.748,0.624,0.618,0.593,0.656,0.492,0.593,0.623,0.577,1.0,0.734,0.658,0.643,0.629,0.668,0.613,0.669,0.622,0.672,1.0,0.73,0.734,0.717,0.711,0.707,0.675,0.703,0.736,0.698,
1.0,0.731,0.694,0.551,0.602,0.629,0.53,0.63,0.56,0.576,1.0,0.789,0.634,0.697,0.56,0.603,0.634,0.653,0.6,0.672,1.0,0.738,0.781,0.724,0.707,0.722,0.757,0.782,0.714,0.729,1.0,0.805,0.765,0.774,0.775,0.748,0.76,0.755,0.75,0.769,
1.0,0.791,0.626,0.651,0.57,0.702,0.567,0.668,0.546,0.698,1.0,0.781,0.71,0.735,0.696,0.71,0.726,0.733,0.733,0.736,1.0,0.911,0.809,0.742,0.846,0.771,0.738,0.856,0.802,0.736,1.0,0.888,0.865,0.847,0.874,0.87,0.852,0.873,0.854,0.875,
1.0,0.739,0.675,0.581,0.594,0.659,0.571,0.579,0.622,0.548,1.0,0.721,0.657,0.684,0.648,0.688,0.674,0.64,0.663,0.663,1.0,0.869,0.84,0.837,0.847,0.812,0.827,0.833,0.827,0.831,1.0,0.958,0.951,0.95,0.953,0.95,0.952,0.949,0.953,0.949,
1.0,0.799,0.635,0.655,0.624,0.655,0.597,0.598,0.653,0.555,1.0,0.793,0.717,0.637,0.701,0.733,0.585,0.701,0.725,0.597,1.0,0.725,0.8,0.758,0.736,0.719,0.744,0.759,0.732,0.678,1.0,0.852,0.756,0.743,0.824,0.757,0.769,0.822,0.766,0.802,
1.0,0.764,0.748,0.704,0.501,0.647,0.68,0.613,0.562,0.49,1.0,0.871,0.718,0.731,0.698,0.842,0.722,0.738,0.66,0.832,1.0,0.911,0.82,0.903,0.829,0.902,0.821,0.901,0.838,0.903,1.0,0.984,0.981,0.979,0.984,0.981,0.982,0.985,0.982,0.983,
1.0,0.766,0.672,0.632,0.607,0.629,0.655,0.612,0.599,0.524,1.0,0.768,0.76,0.75,0.689,0.755,0.73,0.757,0.688,0.725,1.0,0.832,0.793,0.773,0.801,0.777,0.766,0.791,0.783,0.769,1.0,0.839,0.896,0.845,0.893,0.834,0.895,0.84,0.885,0.842,
1.0,0.752,0.68,0.635,0.58,0.608,0.582,0.596,0.582,0.55,1.0,0.736,0.67,0.598,0.613,0.578,0.618,0.597,0.567,0.714,1.0,0.816,0.748,0.732,0.82,0.771,0.746,0.824,0.719,0.715,1.0,0.951,0.95,0.948,0.95,0.949,0.949,0.95,0.948,0.949,
1.0,0.765,0.602,0.545,0.675,0.606,0.53,0.656,0.553,0.578,1.0,0.785,0.62,0.686,0.644,0.572,0.65,0.647,0.557,0.679,1.0,0.729,0.628,0.684,0.667,0.68,0.618,0.695,0.632,0.697,1.0,0.763,0.756,0.784,0.773,0.76,0.786,0.77,0.772,0.777,
1.0,0.727,0.605,0.552,0.55,0.593,0.548,0.568,0.509,0.555,1.0,0.703,0.642,0.625,0.575,0.622,0.614,0.614,0.561,0.601,1.0,0.689,0.648,0.599,0.624,0.63,0.64,0.62,0.644,0.665,1.0,0.721,0.706,0.689,0.708,0.686,0.689,0.697,0.699,0.691,
1.0,0.786,0.549,0.669,0.59,0.648,0.573,0.626,0.592,0.71,1.0,0.795,0.709,0.628,0.629,0.68,0.628,0.737,0.654,0.636,1.0,0.779,0.745,0.675,0.713,0.752,0.726,0.696,0.709,0.764,1.0,0.963,0.956,0.959,0.957,0.958,0.957,0.955,0.959,0.958,
1.0,0.719,0.626,0.564,0.546,0.584,0.54,0.553,0.491,0.539,1.0,0.669,0.635,0.597,0.568,0.582,0.604,0.62,0.579,0.578,1.0,0.731,0.726,0.711,0.72,0.706,0.706,0.695,0.694,0.709,1.0,0.764,0.757,0.775,0.736,0.772,0.768,0.747,0.769,0.782,
1.0,0.707,0.61,0.59,0.59,0.621,0.53,0.619,0.504,0.622,1.0,0.776,0.737,0.622,0.633,0.675,0.64,0.659,0.625,0.679,1.0,0.765,0.757,0.734,0.718,0.724,0.748,0.713,0.669,0.731,1.0,0.758,0.748,0.782,0.754,0.753,0.771,0.775,0.771,0.802,
1.0,0.785,0.716,0.62,0.615,0.619,0.579,0.558,0.592,0.492,1.0,0.76,0.64,0.613,0.591,0.6,0.614,0.601,0.606,0.702,1.0,0.784,0.694,0.606,0.65,0.604,0.654,0.747,0.656,0.611,1.0,0.953,0.95,0.949,0.949,0.949,0.95,0.95,0.949,0.951,
1.0,0.697,0.629,0.561,0.499,0.553,0.582,0.539,0.513,0.581,1.0,0.7,0.628,0.573,0.627,0.571,0.57,0.618,0.551,0.568,1.0,0.668,0.624,0.632,0.565,0.576,0.603,0.607,0.587,0.637,1.0,0.759,0.753,0.768,0.75,0.733,0.731,0.758,0.735,0.797,
1.0,0.788,0.671,0.537,0.69,0.64,0.584,0.694,0.506,0.544,1.0,0.786,0.632,0.635,0.649,0.66,0.649,0.649,0.527,0.723,1.0,0.816,0.778,0.779,0.774,0.773,0.786,0.779,0.775,0.782,1.0,0.888,0.862,0.866,0.849,0.86,0.862,0.872,0.868,0.855,
1.0,0.693,0.659,0.581,0.497,0.575,0.587,0.551,0.511,0.599,1.0,0.658,0.649,0.578,0.611,0.557,0.564,0.616,0.615,0.578,1.0,0.717,0.624,0.633,0.632,0.66,0.584,0.658,0.619,0.658,1.0,0.776,0.77,0.765,0.758,0.747,0.753,0.761,0.784,0.816,
1.0,0.747,0.653,0.685,0.619,0.631,0.627,0.612,0.663,0.531,1.0,0.739,0.607,0.679,0.559,0.675,0.575,0.676,0.507,0.643,1.0,0.741,0.706,0.642,0.671,0.693,0.598,0.676,0.671,0.614,1.0,0.709,0.732,0.728,0.71,0.718,0.727,0.732,0.71,0.725,
1.0,0.704,0.609,0.595,0.521,0.575,0.55,0.568,0.511,0.592,1.0,0.706,0.617,0.554,0.579,0.609,0.584,0.566,0.58,0.565,1.0,0.688,0.626,0.611,0.634,0.654,0.627,0.618,0.652,0.635,1.0,0.723,0.694,0.699,0.724,0.686,0.689,0.722,0.742,0.749,
1.0,0.859,0.781,0.632,0.758,0.675,0.532,0.835,0.721,0.553,1.0,0.874,0.702,0.789,0.722,0.858,0.649,0.785,0.667,0.849,1.0,0.893,0.857,0.893,0.857,0.888,0.859,0.892,0.851,0.893,1.0,0.994,0.982,0.985,0.987,0.985,0.985,0.989,0.989,0.986,
1.0,0.743,0.686,0.549,0.566,0.646,0.533,0.562,0.572,0.606,1.0,0.739,0.599,0.648,0.612,0.595,0.619,0.587,0.597,0.682,1.0,0.784,0.804,0.787,0.769,0.787,0.75,0.785,0.797,0.767,1.0,0.86,0.866,0.83,0.855,0.83,0.871,0.83,0.863,0.829,
1.0,0.651,0.651,0.536,0.545,0.548,0.533,0.583,0.569,0.53,1.0,0.718,0.591,0.629,0.629,0.602,0.581,0.565,0.609,0.617,1.0,0.863,0.82,0.775,0.818,0.782,0.775,0.839,0.804,0.772,1.0,0.959,0.945,0.945,0.943,0.943,0.946,0.943,0.943,0.943,
1.0,0.691,0.603,0.532,0.593,0.569,0.54,0.563,0.579,0.556,1.0,0.673,0.625,0.628,0.591,0.603,0.608,0.6,0.605,0.584,1.0,0.736,0.71,0.709,0.694,0.707,0.719,0.72,0.691,0.719,1.0,0.773,0.766,0.796,0.722,0.744,0.78,0.744,0.746,0.771,
1.0,0.707,0.648,0.64,0.553,0.608,0.667,0.651,0.533,0.598,1.0,0.68,0.691,0.621,0.69,0.633,0.693,0.676,0.655,0.657,1.0,0.79,0.737,0.775,0.766,0.756,0.794,0.782,0.753,0.787,1.0,0.96,0.952,0.949,0.95,0.949,0.95,0.948,0.948,0.948,
1.0,0.752,0.647,0.573,0.653,0.641,0.542,0.622,0.556,0.526,1.0,0.728,0.608,0.622,0.619,0.582,0.624,0.571,0.585,0.684,1.0,0.786,0.776,0.748,0.772,0.798,0.749,0.783,0.755,0.732,1.0,0.959,0.953,0.955,0.95,0.953,0.954,0.952,0.956,0.953,
1.0,0.706,0.632,0.624,0.578,0.628,0.636,0.597,0.561,0.628,1.0,0.731,0.621,0.683,0.686,0.622,0.654,0.706,0.622,0.648,1.0,0.768,0.797,0.78,0.745,0.801,0.761,0.754,0.783,0.786,1.0,0.826,0.831,0.803,0.831,0.795,0.832,0.825,0.835,0.819,
1.0,0.689,0.579,0.633,0.548,0.597,0.52,0.61,0.538,0.539,1.0,0.667,0.685,0.634,0.562,0.589,0.653,0.647,0.588,0.602,1.0,0.684,0.668,0.656,0.62,0.591,0.642,0.63,0.659,0.651,1.0,0.783,0.718,0.737,0.693,0.691,0.694,0.726,0.693,0.715,
1.0,0.762,0.796,0.627,0.615,0.685,0.658,0.571,0.492,0.739,1.0,0.85,0.786,0.727,0.833,0.805,0.701,0.823,0.797,0.706,1.0,0.887,0.882,0.871,0.886,0.867,0.883,0.876,0.891,0.867,1.0,0.984,0.985,0.985,0.984,0.983,0.988,0.982,0.986,0.983,
1.0,0.715,0.612,0.584,0.487,0.612,0.588,0.554,0.504,0.587,1.0,0.711,0.589,0.563,0.61,0.552,0.585,0.655,0.572,0.59,1.0,0.749,0.625,0.609,0.613,0.558,0.647,0.617,0.571,0.654,1.0,0.764,0.741,0.767,0.727,0.78,0.791,0.744,0.768,0.757,
1.0,0.81,0.738,0.745,0.65,0.58,0.605,0.581,0.529,0.73,1.0,0.896,0.747,0.703,0.665,0.889,0.733,0.678,0.654,0.889,1.0,0.91,0.737,0.729,0.903,0.714,0.73,0.903,0.737,0.709,1.0,0.982,0.978,0.98,0.98,0.979,0.979,0.98,0.981,0.98,
1.0,0.687,0.634,0.621,0.55,0.551,0.54,0.598,0.532,0.566,1.0,0.623,0.644,0.594,0.595,0.633,0.606,0.577,0.58,0.604,1.0,0.72,0.647,0.603,0.624,0.575,0.595,0.594,0.598,0.616,1.0,0.685,0.666,0.658,0.632,0.611,0.657,0.657,0.62,0.62,
1.0,0.665,0.591,0.612,0.568,0.546,0.574,0.579,0.523,0.57,1.0,0.665,0.691,0.621,0.668,0.621,0.661,0.637,0.643,0.609,1.0,0.724,0.744,0.67,0.723,0.691,0.703,0.67,0.698,0.707,1.0,0.988,0.974,0.974,0.974,0.974,0.972,0.974,0.974,0.974,
1.0,0.718,0.619,0.563,0.581,0.633,0.595,0.573,0.59,0.581,1.0,0.731,0.647,0.623,0.553,0.604,0.608,0.627,0.573,0.645,1.0,0.662,0.619,0.633,0.659,0.582,0.684,0.603,0.673,0.601,1.0,0.832,0.809,0.805,0.833,0.827,0.827,0.801,0.826,0.82,
1.0,0.987,0.837,0.729,0.592,0.98,0.902,0.735,0.882,0.987,1.0,0.904,0.757,0.727,0.899,0.773,0.742,0.896,0.779,0.689,1.0,0.944,0.78,0.937,0.771,0.935,0.811,0.933,0.778,0.936,1.0,0.994,0.991,0.993,0.993,0.993,0.992,0.994,0.996,0.991,
1.0,0.683,0.639,0.568,0.512,0.558,0.564,0.581,0.558,0.521,1.0,0.727,0.634,0.603,0.561,0.6,0.574,0.599,0.584,0.536,1.0,0.661,0.626,0.618,0.615,0.578,0.612,0.601,0.626,0.594,1.0,0.74,0.692,0.693,0.703,0.704,0.716,0.681,0.713,0.679,
1.0,0.788,0.726,0.667,0.694,0.737,0.606,0.73,0.665,0.692,1.0,0.805,0.763,0.755,0.686,0.714,0.773,0.757,0.708,0.719,1.0,0.805,0.804,0.79,0.797,0.769,0.743,0.778,0.76,0.758,1.0,0.847,0.898,0.836,0.893,0.825,0.895,0.831,0.893,0.838,
1.0,0.713,0.576,0.582,0.567,0.545,0.516,0.628,0.534,0.579,1.0,0.703,0.666,0.647,0.564,0.64,0.618,0.664,0.575,0.619,1.0,0.696,0.679,0.654,0.639,0.652,0.61,0.667,0.663,0.616,1.0,0.7,0.749,0.72,0.724,0.72,0.715,0.707,0.709,0.709,
1.0,0.771,0.569,0.658,0.64,0.618,0.569,0.648,0.62,0.518,1.0,0.755,0.57,0.702,0.611,0.597,0.647,0.614,0.581,0.672,1.0,0.742,0.781,0.717,0.724,0.705,0.771,0.768,0.679,0.714,1.0,0.784,0.77,0.79,0.759,0.748,0.791,0.76,0.773,0.788,
1.0,0.722,0.643,0.647,0.543,0.578,0.513,0.65,0.56,0.555,1.0,0.73,0.654,0.578,0.593,0.642,0.575,0.593,0.643,0.557,1.0,0.717,0.659,0.587,0.707,0.622,0.664,0.675,0.644,0.606,1.0,0.845,0.835,0.833,0.826,0.833,0.832,0.831,0.82,0.833,
1.0,0.824,0.62,0.665,0.707,0.683,0.579,0.756,0.663,0.646,1.0,0.792,0.739,0.749,0.693,0.735,0.758,0.758,0.708,0.789,1.0,0.852,0.784,0.788,0.801,0.773,0.755,0.796,0.808,0.748,1.0,0.853,0.891,0.856,0.899,0.844,0.896,0.851,0.894,0.836,
1.0,0.771,0.624,0.657,0.596,0.63,0.6,0.573,0.606,0.585,1.0,0.739,0.619,0.686,0.557,0.628,0.61,0.642,0.598,0.629,1.0,0.754,0.696,0.651,0.698,0.71,0.616,0.656,0.672,0.569,1.0,0.749,0.702,0.728,0.712,0.694,0.723,0.724,0.714,0.731,
1.0,0.708,0.665,0.518,0.597,0.613,0.583,0.585,0.581,0.581,1.0,0.783,0.575,0.63,0.636,0.581,0.65,0.576,0.569,0.69,1.0,0.769,0.785,0.75,0.764,0.808,0.742,0.783,0.79,0.776,1.0,0.819,0.845,0.834,0.873,0.812,0.871,0.834,0.883,0.821,
1.0,0.756,0.628,0.691,0.576,0.64,0.554,0.685,0.569,0.699,1.0,0.77,0.709,0.741,0.716,0.719,0.735,0.74,0.736,0.695,1.0,0.828,0.795,0.752,0.817,0.775,0.757,0.81,0.749,0.771,1.0,0.874,0.924,0.843,0.916,0.856,0.915,0.847,0.915,0.84,
1.0,0.778,0.656,0.544,0.637,0.634,0.567,0.649,0.63,0.533,1.0,0.731,0.66,0.688,0.643,0.664,0.66,0.679,0.628,0.689,1.0,0.773,0.764,0.766,0.768,0.793,0.776,0.78,0.76,0.778,1.0,0.853,0.872,0.833,0.863,0.828,0.887,0.813,0.879,0.841,
1.0,0.696,0.691,0.625,0.602,0.534,0.505,0.582,0.483,0.574,1.0,0.75,0.643,0.605,0.589,0.605,0.548,0.597,0.578,0.547,1.0,0.786,0.682,0.627,0.603,0.637,0.652,0.736,0.654,0.645,1.0,0.949,0.947,0.946,0.946,0.947,0.945,0.946,0.946,0.947,
1.0,0.816,0.654,0.618,0.641,0.607,0.641,0.636,0.542,0.727,1.0,0.805,0.663,0.712,0.627,0.674,0.62,0.73,0.635,0.693,1.0,0.796,0.73,0.749,0.811,0.757,0.76,0.768,0.762,0.756,1.0,0.974,0.964,0.968,0.961,0.969,0.97,0.961,0.965,0.968,
1.0,0.758,0.681,0.577,0.673,0.627,0.558,0.674,0.565,0.572,1.0,0.769,0.624,0.651,0.639,0.558,0.66,0.669,0.543,0.656,1.0,0.79,0.654,0.661,0.656,0.67,0.615,0.666,0.607,0.669,1.0,0.772,0.763,0.759,0.773,0.77,0.779,0.783,0.776,0.779,
1.0,0.693,0.613,0.555,0.543,0.538,0.553,0.516,0.538,0.538,1.0,0.662,0.65,0.613,0.613,0.56,0.587,0.622,0.571,0.547,1.0,0.668,0.596,0.634,0.606,0.599,0.6,0.599,0.631,0.568,1.0,0.626,0.677,0.63,0.639,0.635,0.645,0.618,0.65,0.606,
1.0,0.677,0.575,0.593,0.544,0.571,0.558,0.53,0.531,0.527,1.0,0.67,0.636,0.58,0.585,0.559,0.604,0.587,0.58,0.57,1.0,0.731,0.695,0.697,0.699,0.702,0.69,0.666,0.719,0.705,1.0,0.788,0.751,0.755,0.776,0.762,0.774,0.767,0.75,0.765,
1.0,0.79,0.609,0.672,0.591,0.624,0.605,0.642,0.526,0.706,1.0,0.764,0.745,0.741,0.699,0.738,0.732,0.731,0.666,0.737,1.0,0.775,0.766,0.794,0.741,0.736,0.779,0.739,0.76,0.793,1.0,0.966,0.965,0.962,0.961,0.97,0.965,0.968,0.964,0.968,
1.0,0.694,0.617,0.629,0.588,0.599,0.596,0.568,0.597,0.531,1.0,0.715,0.644,0.603,0.62,0.584,0.581,0.627,0.618,0.644,1.0,0.75,0.63,0.635,0.673,0.638,0.649,0.655,0.673,0.634,1.0,0.949,0.943,0.941,0.94,0.941,0.942,0.941,0.942,0.94,
1.0,0.758,0.622,0.667,0.566,0.571,0.638,0.564,0.573,0.716,1.0,0.793,0.643,0.676,0.647,0.671,0.636,0.739,0.71,0.661,1.0,0.791,0.768,0.767,0.795,0.756,0.774,0.773,0.744,0.775,1.0,0.961,0.955,0.958,0.957,0.956,0.956,0.956,0.956,0.956,
1.0,0.686,0.649,0.651,0.579,0.633,0.581,0.615,0.591,0.525,1.0,0.722,0.674,0.614,0.586,0.637,0.592,0.628,0.536,0.649,1.0,0.656,0.695,0.659,0.631,0.659,0.604,0.667,0.65,0.622,1.0,0.753,0.72,0.668,0.771,0.696,0.697,0.729,0.733,0.69,
1.0,0.681,0.613,0.604,0.546,0.583,0.543,0.581,0.505,0.56,1.0,0.645,0.641,0.597,0.601,0.625,0.558,0.549,0.612,0.544,1.0,0.708,0.662,0.637,0.599,0.581,0.626,0.61,0.599,0.59,1.0,0.662,0.634,0.644,0.67,0.633,0.628,0.622,0.662,0.645,
1.0,0.717,0.63,0.644,0.593,0.628,0.618,0.627,0.563,0.646,1.0,0.735,0.656,0.648,0.675,0.643,0.678,0.673,0.642,0.629,1.0,0.78,0.794,0.78,0.763,0.819,0.761,0.727,0.774,0.751,1.0,0.833,0.85,0.814,0.838,0.814,0.827,0.815,0.838,0.816,
1.0,0.669,0.619,0.542,0.562,0.585,0.543,0.566,0.563,0.536,1.0,0.693,0.623,0.63,0.598,0.604,0.62,0.608,0.609,0.598,1.0,0.711,0.664,0.638,0.612,0.651,0.652,0.641,0.606,0.654,1.0,0.724,0.754,0.638,0.728,0.676,0.724,0.732,0.711,0.72,
1.0,0.774,0.68,0.61,0.646,0.591,0.669,0.591,0.541,0.711,1.0,0.749,0.648,0.694,0.633,0.66,0.638,0.699,0.653,0.702,1.0,0.781,0.754,0.748,0.78,0.757,0.785,0.802,0.752,0.771,1.0,0.971,0.96,0.968,0.963,0.966,0.964,0.964,0.965,0.964,
1.0,0.696,0.59,0.575,0.583,0.586,0.502,0.574,0.521,0.537,1.0,0.699,0.666,0.607,0.562,0.625,0.566,0.59,0.604,0.588,1.0,0.712,0.617,0.647,0.566,0.626,0.623,0.605,0.579,0.577,1.0,0.691,0.67,0.655,0.645,0.625,0.623,0.643,0.616,0.677,
1.0,0.773,0.625,0.671,0.558,0.631,0.635,0.603,0.629,0.544,1.0,0.783,0.691,0.614,0.736,0.705,0.615,0.721,0.708,0.601,1.0,0.752,0.708,0.748,0.719,0.747,0.717,0.741,0.721,0.749,1.0,0.888,0.867,0.859,0.86,0.868,0.872,0.879,0.863,0.869,
1.0,0.801,0.626,0.665,0.669,0.638,0.644,0.62,0.495,0.742,1.0,0.822,0.785,0.769,0.681,0.743,0.743,0.764,0.624,0.763,1.0,0.816,0.791,0.778,0.763,0.786,0.778,0.766,0.806,0.808,1.0,0.883,0.854,0.885,0.852,0.889,0.89,0.877,0.872,0.887,
1.0,0.768,0.682,0.635,0.593,0.639,0.62,0.636,0.563,0.531,1.0,0.771,0.601,0.622,0.612,0.677,0.618,0.617,0.591,0.667,1.0,0.759,0.725,0.757,0.708,0.763,0.701,0.747,0.679,0.761,1.0,0.882,0.845,0.846,0.845,0.848,0.835,0.839,0.833,0.853,
1.0,0.743,0.63,0.547,0.517,0.554,0.553,0.582,0.544,0.558,1.0,0.749,0.656,0.552,0.594,0.609,0.603,0.612,0.549,0.563,1.0,0.768,0.76,0.729,0.756,0.787,0.759,0.765,0.766,0.732,1.0,0.815,0.826,0.802,0.84,0.808,0.83,0.807,0.826,0.82,
1.0,0.756,0.66,0.642,0.585,0.639,0.66,0.628,0.517,0.668,1.0,0.716,0.678,0.661,0.656,0.649,0.647,0.685,0.657,0.686,1.0,0.796,0.796,0.802,0.79,0.773,0.767,0.769,0.766,0.779,1.0,0.835,0.891,0.823,0.877,0.819,0.887,0.821,0.884,0.829,
1.0,0.713,0.648,0.596,0.583,0.638,0.602,0.569,0.597,0.54,1.0,0.71,0.633,0.573,0.603,0.628,0.582,0.585,0.597,0.646,1.0,0.775,0.686,0.746,0.711,0.756,0.684,0.734,0.705,0.698,1.0,0.836,0.825,0.824,0.812,0.827,0.831,0.8,0.818,0.799,
1.0,0.791,0.706,0.594,0.739,0.749,0.577,0.769,0.644,0.685,1.0,0.782,0.761,0.762,0.682,0.746,0.733,0.765,0.716,0.776,1.0,0.839,0.818,0.803,0.802,0.8,0.781,0.808,0.776,0.772,1.0,0.845,0.898,0.846,0.898,0.848,0.896,0.828,0.896,0.834,
1.0,0.709,0.636,0.63,0.568,0.659,0.593,0.525,0.624,0.54,1.0,0.751,0.671,0.62,0.558,0.629,0.609,0.633,0.581,0.654,1.0,0.703,0.626,0.631,0.67,0.629,0.667,0.666,0.659,0.603,1.0,0.848,0.821,0.832,0.825,0.81,0.83,0.832,0.85,0.816,
1.0,0.78,0.699,0.619,0.586,0.69,0.583,0.589,0.634,0.613,1.0,0.746,0.629,0.663,0.591,0.549,0.639,0.606,0.547,0.654,1.0,0.773,0.72,0.723,0.642,0.721,0.729,0.734,0.664,0.746,1.0,0.747,0.765,0.808,0.773,0.803,0.792,0.718,0.793,0.774,
1.0,0.75,0.584,0.653,0.52,0.566,0.538,0.636,0.568,0.544,1.0,0.753,0.687,0.554,0.566,0.626,0.608,0.607,0.622,0.536,1.0,0.689,0.614,0.634,0.676,0.629,0.618,0.672,0.62,0.626,1.0,0.848,0.811,0.82,0.825,0.824,0.823,0.812,0.828,0.82,
1.0,0.791,0.619,0.713,0.652,0.754,0.595,0.759,0.64,0.726,1.0,0.784,0.764,0.759,0.623,0.754,0.768,0.752,0.657,0.742,1.0,0.751,0.736,0.771,0.755,0.776,0.782,0.736,0.76,0.799,1.0,0.936,0.831,0.917,0.826,0.917,0.834,0.918,0.835,0.92,
1.0,0.757,0.566,0.591,0.534,0.554,0.536,0.571,0.542,0.536,1.0,0.726,0.661,0.639,0.566,0.621,0.648,0.599,0.552,0.612,1.0,0.698,0.63,0.63,0.627,0.632,0.657,0.655,0.613,0.642,1.0,0.847,0.831,0.821,0.807,0.813,0.805,0.803,0.815,0.813,
1.0,0.775,0.584,0.698,0.558,0.635,0.585,0.598,0.618,0.521,1.0,0.736,0.716,0.747,0.698,0.738,0.712,0.698,0.742,0.734,1.0,0.862,0.74,0.759,0.818,0.738,0.764,0.815,0.767,0.747,1.0,0.97,0.957,0.953,0.964,0.964,0.96,0.959,0.961,0.956,
1.0,0.722,0.619,0.65,0.669,0.598,0.564,0.639,0.541,0.556,1.0,0.727,0.647,0.64,0.637,0.591,0.616,0.633,0.589,0.577,1.0,0.771,0.732,0.704,0.718,0.665,0.705,0.702,0.712,0.687,1.0,0.772,0.784,0.764,0.752,0.754,0.766,0.755,0.757,0.747,
1.0,0.742,0.627,0.663,0.59,0.668,0.544,0.691,0.639,0.546,1.0,0.765,0.58,0.643,0.665,0.628,0.632,0.642,0.541,0.715,1.0,0.77,0.757,0.731,0.696,0.72,0.703,0.775,0.677,0.738,1.0,0.805,0.773,0.828,0.772,0.744,0.792,0.778,0.765,0.803,
1.0,0.709,0.673,0.569,0.601,0.626,0.557,0.585,0.637,0.57,1.0,0.74,0.721,0.613,0.603,0.64,0.663,0.611,0.634,0.658,1.0,0.689,0.679,0.615,0.656,0.65,0.628,0.602,0.675,0.627,1.0,0.792,0.697,0.734,0.679,0.736,0.67,0.745,0.686,0.724,
1.0,0.91,0.891,0.712,0.698,0.754,0.606,0.821,0.789,0.701,1.0,0.853,0.732,0.703,0.709,0.819,0.731,0.714,0.701,0.825,1.0,0.915,0.715,0.765,0.902,0.723,0.733,0.898,0.696,0.723,1.0,0.982,0.977,0.976,0.975,0.976,0.978,0.977,0.977,0.976,
1.0,0.68,0.56,0.598,0.494,0.56,0.59,0.619,0.525,0.538,1.0,0.668,0.607,0.598,0.59,0.602,0.589,0.56,0.564,0.577,1.0,0.7,0.635,0.624,0.62,0.654,0.662,0.639,0.638,0.636,1.0,0.757,0.73,0.751,0.781,0.736,0.762,0.755,0.747,0.748,

1.0,0.722,0.516,0.482,0.503,0.534,0.412,0.5,0.433,0.53,1.0,0.56,0.621,0.553,0.561,0.496,0.605,0.477,0.566,0.581,1.0,0.684,0.688,0.633,0.668,0.618,0.666,0.656,0.634,0.653,1.0,0.75,0.718,0.742,0.681,0.696,0.763,0.689,0.727,0.732,
1.0,0.824,0.666,0.44,0.524,0.666,0.498,0.586,0.432,0.508,1.0,0.887,0.595,0.763,0.545,0.768,0.59,0.758,0.628,0.775,1.0,0.798,0.755,0.737,0.749,0.741,0.727,0.755,0.745,0.72,1.0,0.837,0.876,0.796,0.886,0.801,0.868,0.816,0.87,0.811,
1.0,0.624,0.455,0.443,0.579,0.463,0.439,0.492,0.561,0.43,1.0,0.565,0.55,0.628,0.567,0.535,0.648,0.537,0.538,0.589,1.0,0.762,0.757,0.701,0.741,0.7,0.709,0.74,0.725,0.694,1.0,0.793,0.818,0.789,0.795,0.775,0.779,0.774,0.803,0.773,
1.0,0.719,0.55,0.397,0.533,0.49,0.423,0.457,0.436,0.472,1.0,0.691,0.42,0.566,0.461,0.443,0.51,0.477,0.373,0.632,1.0,0.724,0.726,0.738,0.692,0.7,0.738,0.691,0.701,0.753,1.0,0.81,0.801,0.765,0.807,0.749,0.809,0.767,0.818,0.772,
1.0,0.738,0.529,0.549,0.454,0.636,0.563,0.473,0.444,0.534,1.0,0.719,0.43,0.466,0.584,0.534,0.437,0.356,0.562,0.623,1.0,0.759,0.722,0.682,0.695,0.715,0.677,0.697,0.724,0.712,1.0,0.783,0.783,0.745,0.77,0.764,0.786,0.76,0.776,0.738,
1.0,0.573,0.598,0.548,0.502,0.435,0.482,0.413,0.518,0.489,1.0,0.612,0.638,0.499,0.575,0.44,0.602,0.494,0.542,0.506,1.0,0.607,0.502,0.514,0.568,0.503,0.62,0.529,0.509,0.494,1.0,0.93,0.92,0.919,0.921,0.921,0.921,0.919,0.922,0.92,
1.0,0.538,0.432,0.398,0.634,0.447,0.427,0.375,0.458,0.428,1.0,0.55,0.381,0.582,0.461,0.47,0.559,0.501,0.369,0.536,1.0,0.699,0.662,0.68,0.673,0.689,0.702,0.682,0.674,0.662,1.0,0.767,0.802,0.775,0.795,0.731,0.794,0.751,0.789,0.748,
1.0,0.686,0.416,0.383,0.6,0.574,0.405,0.377,0.577,0.642,1.0,0.627,0.44,0.659,0.507,0.4,0.662,0.572,0.411,0.654,1.0,0.832,0.805,0.812,0.787,0.812,0.796,0.799,0.817,0.808,1.0,0.939,0.934,0.936,0.931,0.936,0.934,0.935,0.935,0.934,
1.0,0.768,0.46,0.584,0.423,0.687,0.557,0.601,0.388,0.499,1.0,0.739,0.638,0.703,0.651,0.682,0.647,0.697,0.694,0.69,1.0,0.779,0.734,0.741,0.752,0.739,0.762,0.749,0.733,0.74,1.0,0.819,0.858,0.781,0.86,0.803,0.855,0.818,0.849,0.779,
1.0,0.748,0.567,0.713,0.503,0.589,0.555,0.55,0.509,0.487,1.0,0.83,0.725,0.512,0.623,0.584,0.611,0.757,0.713,0.453,1.0,0.734,0.601,0.574,0.714,0.703,0.588,0.561,0.694,0.7,1.0,0.958,0.95,0.952,0.951,0.955,0.953,0.949,0.948,0.947,
1.0,0.476,0.401,0.656,0.536,0.422,0.556,0.389,0.549,0.509,1.0,0.587,0.441,0.594,0.479,0.406,0.527,0.481,0.416,0.508,1.0,0.5,0.62,0.478,0.539,0.429,0.515,0.447,0.595,0.484,1.0,0.681,0.658,0.691,0.692,0.679,0.686,0.688,0.705,0.71,
1.0,0.735,0.612,0.6,0.523,0.506,0.581,0.576,0.515,0.617,1.0,0.676,0.594,0.602,0.568,0.61,0.609,0.534,0.614,0.583,1.0,0.681,0.669,0.657,0.671,0.604,0.649,0.631,0.641,0.625,1.0,0.717,0.69,0.757,0.71,0.689,0.761,0.701,0.71,0.773,
1.0,0.747,0.49,0.544,0.647,0.418,0.532,0.614,0.368,0.535,1.0,0.709,0.653,0.68,0.607,0.615,0.594,0.653,0.614,0.695,1.0,0.734,0.717,0.761,0.701,0.703,0.712,0.677,0.706,0.713,1.0,0.869,0.84,0.826,0.808,0.844,0.799,0.82,0.831,0.825,
1.0,0.728,0.575,0.627,0.607,0.585,0.637,0.55,0.553,0.689,1.0,0.774,0.53,0.719,0.506,0.689,0.631,0.68,0.471,0.721,1.0,0.711,0.687,0.712,0.589,0.678,0.681,0.706,0.637,0.678,1.0,0.708,0.675,0.709,0.724,0.687,0.737,0.692,0.674,0.742,
1.0,0.539,0.401,0.596,0.555,0.394,0.548,0.426,0.534,0.454,1.0,0.559,0.412,0.572,0.449,0.437,0.509,0.619,0.429,0.573,1.0,0.575,0.528,0.488,0.551,0.46,0.543,0.471,0.542,0.476,1.0,0.666,0.611,0.592,0.604,0.569,0.583,0.592,0.612,0.592,
1.0,0.847,0.56,0.642,0.647,0.571,0.594,0.81,0.484,0.608,1.0,0.857,0.763,0.716,0.808,0.763,0.699,0.817,0.763,0.697,1.0,0.897,0.864,0.886,0.86,0.872,0.861,0.873,0.861,0.874,1.0,0.981,0.975,0.982,0.979,0.98,0.987,0.979,0.982,0.975,
1.0,0.798,0.724,0.62,0.442,0.688,0.486,0.338,0.533,0.787,1.0,0.895,0.748,0.684,0.884,0.75,0.688,0.889,0.754,0.711,1.0,0.878,0.863,0.887,0.867,0.893,0.854,0.889,0.876,0.866,1.0,0.987,0.985,0.981,0.977,0.989,0.977,0.984,0.983,0.982,
1.0,0.531,0.526,0.513,0.506,0.434,0.482,0.415,0.486,0.469,1.0,0.519,0.54,0.444,0.585,0.437,0.475,0.414,0.662,0.45,1.0,0.504,0.565,0.531,0.524,0.466,0.597,0.506,0.511,0.553,1.0,0.724,0.739,0.709,0.721,0.706,0.754,0.697,0.705,0.761,
1.0,0.84,0.579,0.599,0.581,0.527,0.685,0.52,0.476,0.742,1.0,0.76,0.713,0.725,0.519,0.712,0.746,0.738,0.661,0.71,1.0,0.733,0.717,0.756,0.711,0.734,0.797,0.719,0.711,0.809,1.0,0.876,0.867,0.845,0.869,0.86,0.863,0.868,0.857,0.86,
1.0,0.675,0.576,0.629,0.497,0.536,0.536,0.55,0.49,0.53,1.0,0.513,0.407,0.521,0.392,0.381,0.453,0.427,0.385,0.519,1.0,0.684,0.532,0.465,0.546,0.446,0.437,0.441,0.592,0.612,1.0,0.596,0.593,0.605,0.513,0.484,0.537,0.49,0.538,0.566,
1.0,0.782,0.469,0.478,0.519,0.425,0.381,0.663,0.379,0.551,1.0,0.733,0.46,0.631,0.508,0.421,0.52,0.424,0.603,0.664,1.0,0.693,0.677,0.661,0.636,0.677,0.696,0.668,0.635,0.634,1.0,0.725,0.661,0.72,0.707,0.678,0.745,0.706,0.658,0.721,
1.0,0.673,0.453,0.438,0.489,0.461,0.376,0.425,0.488,0.445,1.0,0.511,0.43,0.415,0.59,0.446,0.448,0.412,0.619,0.484,1.0,0.591,0.568,0.568,0.61,0.409,0.642,0.55,0.579,0.555,1.0,0.725,0.746,0.702,0.72,0.718,0.724,0.71,0.739,0.697,
1.0,0.795,0.727,0.476,0.55,0.412,0.463,0.514,0.403,0.52,1.0,0.766,0.559,0.525,0.555,0.497,0.646,0.728,0.534,0.5,1.0,0.837,0.698,0.729,0.807,0.652,0.754,0.794,0.683,0.715,1.0,0.959,0.953,0.954,0.951,0.952,0.954,0.953,0.954,0.953,
1.0,0.73,0.525,0.498,0.494,0.448,0.551,0.473,0.41,0.565,1.0,0.734,0.541,0.628,0.55,0.509,0.616,0.536,0.583,0.649,1.0,0.661,0.652,0.645,0.659,0.631,0.658,0.638,0.683,0.625,1.0,0.726,0.651,0.759,0.702,0.658,0.755,0.698,0.663,0.737,
1.0,0.684,0.471,0.485,0.56,0.458,0.449,0.491,0.543,0.472,1.0,0.655,0.392,0.628,0.441,0.465,0.581,0.525,0.397,0.523,1.0,0.577,0.568,0.656,0.531,0.448,0.62,0.514,0.537,0.665,1.0,0.624,0.662,0.621,0.697,0.579,0.633,0.591,0.683,0.593,
1.0,0.716,0.568,0.461,0.506,0.496,0.473,0.483,0.409,0.506,1.0,0.712,0.496,0.614,0.471,0.462,0.511,0.452,0.628,0.642,1.0,0.663,0.651,0.626,0.712,0.623,0.636,0.623,0.69,0.642,1.0,0.728,0.693,0.73,0.728,0.654,0.781,0.732,0.674,0.744,
1.0,0.745,0.422,0.513,0.515,0.662,0.427,0.495,0.613,0.662,1.0,0.716,0.672,0.672,0.688,0.681,0.671,0.676,0.715,0.671,1.0,0.908,0.714,0.659,0.798,0.712,0.654,0.795,0.71,0.642,1.0,0.857,0.821,0.815,0.818,0.805,0.806,0.829,0.829,0.825,
1.0,0.694,0.449,0.43,0.434,0.58,0.433,0.446,0.411,0.561,1.0,0.605,0.498,0.651,0.496,0.419,0.629,0.536,0.498,0.603,1.0,0.829,0.771,0.776,0.824,0.787,0.783,0.799,0.8,0.773,1.0,0.933,0.927,0.93,0.928,0.927,0.925,0.926,0.925,0.928,
1.0,0.753,0.479,0.595,0.471,0.566,0.56,0.572,0.522,0.575,1.0,0.731,0.695,0.533,0.66,0.623,0.653,0.663,0.658,0.498,1.0,0.641,0.656,0.636,0.708,0.591,0.652,0.626,0.703,0.625,1.0,0.814,0.681,0.762,0.746,0.679,0.763,0.768,0.671,0.741,
1.0,0.764,0.775,0.559,0.377,0.65,0.547,0.658,0.422,0.511,1.0,0.866,0.673,0.692,0.633,0.806,0.693,0.71,0.673,0.802,1.0,0.909,0.822,0.898,0.825,0.9,0.818,0.9,0.811,0.897,1.0,0.977,0.979,0.978,0.975,0.977,0.975,0.978,0.978,0.976,
1.0,0.783,0.507,0.625,0.464,0.68,0.565,0.591,0.464,0.538,1.0,0.726,0.679,0.683,0.667,0.676,0.691,0.674,0.693,0.676,1.0,0.8,0.727,0.742,0.748,0.709,0.739,0.754,0.714,0.764,1.0,0.815,0.885,0.805,0.881,0.816,0.886,0.799,0.885,0.817,
1.0,0.734,0.549,0.551,0.477,0.383,0.556,0.456,0.535,0.51,1.0,0.742,0.453,0.426,0.377,0.356,0.398,0.422,0.695,0.65,1.0,0.772,0.62,0.705,0.742,0.58,0.695,0.752,0.609,0.732,1.0,0.926,0.921,0.923,0.924,0.921,0.922,0.921,0.923,0.921,
1.0,0.665,0.398,0.587,0.527,0.379,0.578,0.534,0.397,0.6,1.0,0.764,0.489,0.637,0.582,0.398,0.581,0.386,0.527,0.684,1.0,0.673,0.614,0.629,0.633,0.592,0.655,0.582,0.634,0.595,1.0,0.716,0.703,0.679,0.71,0.7,0.685,0.699,0.689,0.701,
1.0,0.595,0.424,0.584,0.414,0.438,0.613,0.484,0.419,0.503,1.0,0.624,0.641,0.502,0.565,0.498,0.641,0.457,0.546,0.473,1.0,0.569,0.452,0.664,0.521,0.446,0.641,0.519,0.453,0.697,1.0,0.685,0.662,0.669,0.655,0.61,0.671,0.639,0.664,0.647,
1.0,0.738,0.46,0.489,0.565,0.488,0.477,0.463,0.544,0.671,1.0,0.73,0.485,0.658,0.514,0.468,0.599,0.695,0.501,0.634,1.0,0.701,0.605,0.55,0.705,0.709,0.645,0.538,0.695,0.697,1.0,0.942,0.94,0.938,0.935,0.937,0.937,0.939,0.937,0.937,
1.0,0.559,0.368,0.417,0.627,0.425,0.414,0.395,0.515,0.402,1.0,0.516,0.445,0.666,0.422,0.411,0.568,0.446,0.374,0.616,1.0,0.67,0.597,0.502,0.655,0.578,0.573,0.602,0.695,0.55,1.0,0.744,0.698,0.717,0.703,0.706,0.715,0.696,0.7,0.712,
1.0,0.71,0.496,0.421,0.505,0.535,0.441,0.459,0.396,0.494,1.0,0.681,0.627,0.66,0.621,0.595,0.595,0.634,0.626,0.62,1.0,0.691,0.699,0.645,0.69,0.66,0.702,0.663,0.684,0.632,1.0,0.71,0.7,0.712,0.681,0.685,0.752,0.691,0.717,0.739,
1.0,0.767,0.6,0.578,0.419,0.427,0.462,0.403,0.424,0.551,1.0,0.758,0.466,0.396,0.564,0.403,0.381,0.378,0.595,0.668,1.0,0.714,0.457,0.542,0.474,0.459,0.653,0.699,0.518,0.571,1.0,0.929,0.929,0.927,0.926,0.925,0.927,0.926,0.927,0.927,
1.0,0.521,0.434,0.53,0.544,0.46,0.522,0.374,0.493,0.512,1.0,0.55,0.405,0.635,0.48,0.396,0.609,0.475,0.386,0.563,1.0,0.612,0.583,0.507,0.551,0.428,0.587,0.449,0.583,0.514,1.0,0.686,0.692,0.671,0.691,0.67,0.68,0.656,0.668,0.697,
1.0,0.808,0.511,0.488,0.651,0.449,0.489,0.63,0.376,0.6,1.0,0.757,0.496,0.624,0.608,0.442,0.682,0.487,0.53,0.701,1.0,0.746,0.716,0.734,0.695,0.726,0.725,0.697,0.735,0.754,1.0,0.857,0.845,0.802,0.828,0.817,0.846,0.814,0.826,0.829,
1.0,0.542,0.57,0.418,0.549,0.462,0.489,0.387,0.536,0.452,1.0,0.559,0.409,0.635,0.495,0.408,0.575,0.476,0.421,0.577,1.0,0.685,0.649,0.583,0.597,0.614,0.593,0.568,0.597,0.57,1.0,0.713,0.659,0.657,0.673,0.671,0.672,0.696,0.683,0.671,
1.0,0.704,0.535,0.6,0.436,0.647,0.516,0.611,0.542,0.484,1.0,0.687,0.361,0.5,0.589,0.576,0.388,0.495,0.653,0.55,1.0,0.7,0.617,0.588,0.583,0.506,0.636,0.593,0.532,0.567,1.0,0.65,0.65,0.569,0.648,0.572,0.637,0.601,0.641,0.593,
1.0,0.498,0.481,0.623,0.51,0.441,0.509,0.454,0.5,0.535,1.0,0.552,0.46,0.687,0.434,0.455,0.576,0.47,0.428,0.59,1.0,0.585,0.581,0.622,0.567,0.491,0.663,0.501,0.616,0.611,1.0,0.669,0.645,0.618,0.651,0.633,0.624,0.666,0.678,0.688,
1.0,0.86,0.743,0.497,0.73,0.417,0.534,0.832,0.596,0.517,1.0,0.864,0.501,0.729,0.653,0.817,0.519,0.722,0.657,0.833,1.0,0.881,0.834,0.879,0.837,0.885,0.844,0.882,0.851,0.881,1.0,0.986,0.975,0.98,0.98,0.975,0.983,0.98,0.98,0.979,
1.0,0.728,0.539,0.424,0.407,0.522,0.487,0.451,0.433,0.519,1.0,0.683,0.463,0.559,0.596,0.45,0.548,0.366,0.619,0.642,1.0,0.688,0.692,0.734,0.674,0.697,0.753,0.669,0.69,0.674,1.0,0.795,0.796,0.793,0.823,0.803,0.808,0.767,0.8,0.769,
1.0,0.512,0.416,0.553,0.409,0.393,0.492,0.39,0.372,0.427,1.0,0.467,0.488,0.404,0.457,0.418,0.438,0.402,0.557,0.41,1.0,0.77,0.657,0.63,0.726,0.655,0.676,0.703,0.655,0.64,1.0,0.929,0.913,0.912,0.911,0.916,0.912,0.911,0.913,0.912,
1.0,0.578,0.405,0.581,0.539,0.425,0.51,0.443,0.547,0.52,1.0,0.553,0.644,0.485,0.598,0.498,0.576,0.44,0.58,0.499,1.0,0.705,0.65,0.662,0.677,0.665,0.647,0.635,0.685,0.639,1.0,0.691,0.698,0.719,0.673,0.718,0.72,0.679,0.694,0.722,
1.0,0.635,0.444,0.42,0.508,0.432,0.438,0.392,0.609,0.516,1.0,0.549,0.509,0.501,0.551,0.412,0.67,0.525,0.535,0.51,1.0,0.721,0.666,0.74,0.674,0.655,0.757,0.663,0.663,0.717,1.0,0.931,0.918,0.921,0.918,0.919,0.916,0.921,0.916,0.917,
1.0,0.747,0.5,0.446,0.503,0.408,0.431,0.488,0.571,0.542,1.0,0.686,0.406,0.513,0.471,0.38,0.462,0.413,0.648,0.649,1.0,0.715,0.649,0.731,0.699,0.635,0.767,0.7,0.607,0.736,1.0,0.937,0.93,0.927,0.929,0.929,0.925,0.931,0.928,0.929,
1.0,0.631,0.478,0.472,0.591,0.502,0.444,0.375,0.606,0.514,1.0,0.611,0.566,0.667,0.592,0.402,0.675,0.579,0.572,0.651,1.0,0.726,0.73,0.694,0.7,0.71,0.739,0.698,0.739,0.727,1.0,0.793,0.757,0.763,0.772,0.774,0.77,0.751,0.754,0.759,
1.0,0.676,0.463,0.629,0.425,0.424,0.494,0.447,0.358,0.563,1.0,0.611,0.627,0.458,0.6,0.449,0.577,0.455,0.541,0.464,1.0,0.543,0.444,0.604,0.486,0.43,0.61,0.449,0.429,0.598,1.0,0.735,0.68,0.656,0.647,0.658,0.617,0.656,0.66,0.644,
1.0,0.749,0.69,0.628,0.514,0.609,0.635,0.422,0.446,0.754,1.0,0.834,0.743,0.734,0.791,0.73,0.725,0.768,0.722,0.685,1.0,0.875,0.88,0.844,0.88,0.827,0.88,0.834,0.874,0.842,1.0,0.982,0.976,0.976,0.979,0.98,0.978,0.976,0.979,0.981,
1.0,0.679,0.495,0.609,0.476,0.51,0.555,0.384,0.522,0.606,1.0,0.627,0.396,0.672,0.523,0.421,0.593,0.507,0.397,0.568,1.0,0.65,0.608,0.628,0.537,0.415,0.611,0.436,0.583,0.576,1.0,0.714,0.697,0.669,0.701,0.674,0.686,0.722,0.686,0.669,
1.0,0.785,0.749,0.754,0.459,0.449,0.48,0.435,0.549,0.764,1.0,0.896,0.64,0.539,0.648,0.89,0.639,0.475,0.642,0.889,1.0,0.91,0.612,0.736,0.901,0.591,0.699,0.901,0.588,0.701,1.0,0.972,0.967,0.967,0.967,0.967,0.968,0.965,0.967,0.969,
1.0,0.576,0.514,0.538,0.49,0.451,0.493,0.424,0.472,0.515,1.0,0.535,0.42,0.59,0.429,0.416,0.536,0.457,0.403,0.624,1.0,0.553,0.542,0.484,0.617,0.444,0.524,0.422,0.613,0.48,1.0,0.547,0.587,0.533,0.528,0.504,0.532,0.509,0.587,0.555,
1.0,0.51,0.586,0.527,0.57,0.414,0.552,0.47,0.445,0.523,1.0,0.615,0.555,0.617,0.542,0.526,0.608,0.56,0.567,0.589,1.0,0.698,0.682,0.617,0.678,0.658,0.655,0.608,0.679,0.65,1.0,0.974,0.965,0.965,0.967,0.965,0.962,0.967,0.962,0.965,
1.0,0.573,0.432,0.597,0.435,0.475,0.541,0.452,0.414,0.518,1.0,0.683,0.452,0.429,0.544,0.502,0.435,0.393,0.608,0.574,1.0,0.493,0.577,0.639,0.57,0.441,0.643,0.486,0.565,0.625,1.0,0.79,0.786,0.765,0.793,0.772,0.793,0.757,0.793,0.771,
1.0,0.987,0.882,0.83,0.605,0.98,0.925,0.843,0.598,0.98,1.0,0.904,0.693,0.697,0.903,0.692,0.655,0.902,0.692,0.719,1.0,0.944,0.773,0.933,0.772,0.931,0.732,0.933,0.759,0.934,1.0,0.991,0.987,0.988,0.989,0.99,0.988,0.988,0.989,0.987,
1.0,0.448,0.362,0.546,0.496,0.402,0.466,0.383,0.468,0.434,1.0,0.535,0.402,0.64,0.476,0.431,0.576,0.45,0.373,0.574,1.0,0.481,0.642,0.457,0.603,0.489,0.572,0.46,0.603,0.437,1.0,0.626,0.587,0.575,0.61,0.658,0.574,0.622,0.603,0.589,
1.0,0.755,0.526,0.627,0.548,0.643,0.625,0.683,0.476,0.628,1.0,0.715,0.748,0.671,0.665,0.68,0.787,0.667,0.705,0.684,1.0,0.748,0.694,0.73,0.713,0.712,0.773,0.723,0.696,0.748,1.0,0.818,0.886,0.801,0.89,0.807,0.887,0.822,0.888,0.815,
1.0,0.658,0.487,0.598,0.535,0.429,0.481,0.486,0.398,0.545,1.0,0.638,0.605,0.48,0.609,0.483,0.583,0.485,0.614,0.48,1.0,0.626,0.547,0.67,0.534,0.549,0.627,0.531,0.517,0.616,1.0,0.679,0.658,0.605,0.658,0.608,0.645,0.601,0.628,0.616,
1.0,0.728,0.451,0.514,0.484,0.518,0.384,0.681,0.466,0.604,1.0,0.71,0.514,0.654,0.529,0.469,0.563,0.503,0.566,0.65,1.0,0.692,0.658,0.651,0.739,0.669,0.667,0.636,0.679,0.648,1.0,0.704,0.67,0.761,0.705,0.66,0.746,0.666,0.658,0.752,
1.0,0.707,0.578,0.467,0.572,0.438,0.467,0.639,0.544,0.446,1.0,0.771,0.537,0.571,0.427,0.645,0.62,0.492,0.43,0.569,1.0,0.666,0.511,0.604,0.645,0.487,0.659,0.605,0.573,0.62,1.0,0.82,0.777,0.796,0.784,0.77,0.763,0.775,0.779,0.784,
1.0,0.799,0.535,0.52,0.68,0.59,0.479,0.712,0.508,0.465,1.0,0.716,0.735,0.686,0.669,0.673,0.698,0.672,0.666,0.68,1.0,0.825,0.713,0.741,0.745,0.704,0.744,0.75,0.716,0.766,1.0,0.817,0.874,0.811,0.875,0.832,0.873,0.819,0.875,0.816,
1.0,0.719,0.42,0.627,0.48,0.645,0.52,0.588,0.517,0.549,1.0,0.632,0.509,0.5,0.68,0.495,0.508,0.511,0.54,0.477,1.0,0.683,0.609,0.552,0.652,0.523,0.586,0.552,0.646,0.553,1.0,0.656,0.662,0.65,0.631,0.567,0.619,0.6,0.658,0.627,
1.0,0.693,0.627,0.382,0.411,0.475,0.54,0.496,0.444,0.504,1.0,0.695,0.451,0.497,0.549,0.473,0.523,0.384,0.597,0.644,1.0,0.712,0.698,0.732,0.687,0.7,0.747,0.693,0.704,0.735,1.0,0.771,0.791,0.775,0.785,0.743,0.804,0.775,0.805,0.776,
1.0,0.759,0.398,0.592,0.48,0.518,0.389,0.484,0.655,0.652,1.0,0.65,0.612,0.563,0.692,0.588,0.625,0.582,0.67,0.584,1.0,0.785,0.606,0.678,0.743,0.655,0.729,0.76,0.635,0.742,1.0,0.843,0.876,0.814,0.89,0.802,0.886,0.8,0.908,0.799,
1.0,0.77,0.475,0.494,0.6,0.509,0.456,0.541,0.41,0.471,1.0,0.66,0.599,0.623,0.58,0.506,0.604,0.592,0.547,0.626,1.0,0.79,0.742,0.745,0.709,0.737,0.728,0.766,0.716,0.712,1.0,0.829,0.859,0.799,0.859,0.784,0.841,0.819,0.861,0.797,
1.0,0.683,0.559,0.489,0.634,0.448,0.456,0.433,0.496,0.414,1.0,0.753,0.544,0.581,0.458,0.415,0.538,0.427,0.43,0.536,1.0,0.696,0.594,0.522,0.493,0.465,0.631,0.683,0.533,0.476,1.0,0.931,0.928,0.931,0.929,0.928,0.929,0.929,0.931,0.929,
1.0,0.799,0.491,0.551,0.534,0.418,0.599,0.428,0.522,0.707,1.0,0.73,0.444,0.64,0.417,0.556,0.672,0.691,0.473,0.668,1.0,0.748,0.705,0.761,0.747,0.7,0.773,0.752,0.691,0.752,1.0,0.959,0.957,0.95,0.954,0.948,0.953,0.954,0.95,0.95,
1.0,0.714,0.565,0.585,0.633,0.39,0.515,0.617,0.431,0.571,1.0,0.775,0.531,0.656,0.507,0.438,0.637,0.449,0.563,0.63,1.0,0.677,0.614,0.596,0.611,0.552,0.655,0.574,0.605,0.579,1.0,0.745,0.707,0.734,0.747,0.681,0.716,0.73,0.731,0.729,
1.0,0.47,0.499,0.572,0.526,0.388,0.54,0.407,0.538,0.49,1.0,0.553,0.404,0.527,0.444,0.432,0.54,0.449,0.467,0.536,1.0,0.463,0.648,0.444,0.539,0.426,0.597,0.477,0.574,0.431,1.0,0.531,0.638,0.532,0.643,0.487,0.636,0.549,0.593,0.56,
1.0,0.478,0.382,0.527,0.573,0.393,0.517,0.406,0.497,0.521,1.0,0.496,0.368,0.573,0.435,0.388,0.541,0.426,0.378,0.615,1.0,0.698,0.59,0.625,0.653,0.586,0.611,0.579,0.658,0.58,1.0,0.737,0.661,0.709,0.658,0.666,0.706,0.687,0.666,0.686,
1.0,0.74,0.5,0.619,0.513,0.454,0.572,0.478,0.522,0.661,1.0,0.71,0.662,0.634,0.705,0.691,0.661,0.637,0.703,0.681,1.0,0.72,0.658,0.781,0.696,0.659,0.764,0.694,0.661,0.762,1.0,0.951,0.951,0.949,0.949,0.948,0.945,0.951,0.948,0.947,
1.0,0.593,0.472,0.562,0.387,0.385,0.568,0.393,0.476,0.584,1.0,0.547,0.412,0.395,0.496,0.375,0.383,0.404,0.632,0.492,1.0,0.637,0.59,0.527,0.55,0.521,0.599,0.565,0.581,0.513,1.0,0.918,0.915,0.914,0.915,0.912,0.914,0.914,0.912,0.913,
1.0,0.745,0.495,0.675,0.544,0.457,0.484,0.393,0.601,0.671,1.0,0.719,0.557,0.692,0.587,0.501,0.604,0.691,0.528,0.661,1.0,0.762,0.698,0.759,0.742,0.682,0.759,0.737,0.708,0.744,1.0,0.947,0.94,0.942,0.941,0.942,0.943,0.939,0.94,0.939,
1.0,0.656,0.393,0.561,0.393,0.45,0.537,0.537,0.425,0.567,1.0,0.727,0.475,0.494,0.513,0.483,0.481,0.482,0.591,0.55,1.0,0.576,0.576,0.643,0.588,0.526,0.624,0.512,0.616,0.604,1.0,0.594,0.676,0.559,0.684,0.517,0.635,0.511,0.665,0.538,
1.0,0.548,0.564,0.563,0.503,0.45,0.503,0.429,0.52,0.538,1.0,0.506,0.427,0.642,0.457,0.413,0.588,0.416,0.438,0.607,1.0,0.598,0.624,0.476,0.583,0.451,0.635,0.472,0.597,0.488,1.0,0.572,0.595,0.561,0.604,0.517,0.538,0.534,0.57,0.536,
1.0,0.647,0.467,0.444,0.628,0.486,0.419,0.399,0.579,0.503,1.0,0.629,0.507,0.662,0.55,0.408,0.652,0.517,0.488,0.615,1.0,0.753,0.704,0.708,0.701,0.683,0.704,0.705,0.703,0.726,1.0,0.779,0.768,0.755,0.767,0.763,0.767,0.777,0.772,0.781,
1.0,0.545,0.536,0.571,0.514,0.417,0.5,0.452,0.529,0.503,1.0,0.495,0.523,0.439,0.636,0.434,0.508,0.443,0.632,0.429,1.0,0.593,0.546,0.617,0.552,0.543,0.64,0.558,0.551,0.672,1.0,0.702,0.669,0.651,0.656,0.633,0.655,0.687,0.638,0.639,
1.0,0.744,0.477,0.664,0.558,0.399,0.613,0.401,0.573,0.683,1.0,0.713,0.604,0.625,0.584,0.576,0.632,0.665,0.59,0.624,1.0,0.76,0.733,0.769,0.756,0.714,0.776,0.749,0.706,0.749,1.0,0.965,0.951,0.951,0.954,0.952,0.954,0.955,0.948,0.952,
1.0,0.689,0.457,0.42,0.54,0.456,0.403,0.448,0.531,0.468,1.0,0.663,0.473,0.614,0.478,0.471,0.605,0.46,0.46,0.545,1.0,0.593,0.535,0.458,0.618,0.479,0.475,0.441,0.548,0.446,1.0,0.511,0.485,0.557,0.496,0.444,0.498,0.457,0.492,0.481,
1.0,0.782,0.479,0.672,0.377,0.66,0.653,0.552,0.462,0.526,1.0,0.735,0.594,0.569,0.697,0.551,0.612,0.677,0.581,0.541,1.0,0.68,0.691,0.67,0.684,0.635,0.71,0.65,0.719,0.656,1.0,0.863,0.81,0.804,0.817,0.824,0.806,0.819,0.822,0.814,
1.0,0.801,0.513,0.57,0.589,0.532,0.653,0.48,0.498,0.716,1.0,0.775,0.72,0.777,0.604,0.733,0.733,0.743,0.661,0.726,1.0,0.738,0.721,0.79,0.693,0.716,0.742,0.701,0.729,0.758,1.0,0.86,0.84,0.873,0.858,0.848,0.883,0.822,0.855,0.834,
1.0,0.79,0.544,0.466,0.376,0.596,0.509,0.607,0.456,0.556,1.0,0.706,0.62,0.451,0.599,0.612,0.551,0.478,0.648,0.63,1.0,0.74,0.682,0.702,0.7,0.702,0.675,0.73,0.714,0.696,1.0,0.835,0.789,0.804,0.786,0.795,0.789,0.797,0.789,0.783,
1.0,0.683,0.427,0.374,0.591,0.426,0.586,0.455,0.521,0.422,1.0,0.67,0.393,0.626,0.439,0.424,0.547,0.464,0.416,0.564,1.0,0.701,0.7,0.667,0.674,0.696,0.717,0.691,0.698,0.684,1.0,0.756,0.788,0.748,0.775,0.756,0.777,0.751,0.788,0.758,
1.0,0.722,0.465,0.673,0.509,0.514,0.494,0.463,0.553,0.662,1.0,0.635,0.633,0.655,0.633,0.474,0.655,0.593,0.566,0.664,1.0,0.813,0.736,0.736,0.759,0.736,0.715,0.742,0.765,0.725,1.0,0.811,0.863,0.771,0.863,0.775,0.857,0.778,0.863,0.764,
1.0,0.649,0.395,0.406,0.418,0.517,0.44,0.446,0.444,0.565,1.0,0.641,0.594,0.423,0.585,0.502,0.576,0.401,0.612,0.525,1.0,0.742,0.601,0.699,0.663,0.714,0.599,0.689,0.666,0.699,1.0,0.764,0.766,0.757,0.77,0.726,0.769,0.75,0.772,0.742,
1.0,0.815,0.625,0.523,0.687,0.643,0.504,0.729,0.555,0.474,1.0,0.746,0.712,0.694,0.658,0.699,0.73,0.692,0.626,0.703,1.0,0.797,0.715,0.748,0.758,0.712,0.774,0.737,0.712,0.736,1.0,0.819,0.887,0.799,0.886,0.806,0.887,0.812,0.888,0.824,
1.0,0.65,0.414,0.586,0.409,0.573,0.652,0.412,0.382,0.572,1.0,0.708,0.449,0.458,0.613,0.579,0.452,0.396,0.624,0.603,1.0,0.592,0.493,0.68,0.601,0.434,0.649,0.522,0.499,0.649,1.0,0.804,0.791,0.775,0.792,0.792,0.793,0.797,0.802,0.8,
1.0,0.726,0.583,0.476,0.521,0.539,0.476,0.491,0.5,0.527,1.0,0.638,0.567,0.536,0.551,0.426,0.581,0.439,0.5,0.509,1.0,0.756,0.707,0.673,0.66,0.69,0.693,0.712,0.626,0.673,1.0,0.661,0.666,0.697,0.638,0.673,0.71,0.643,0.668,0.716,
1.0,0.725,0.486,0.46,0.611,0.431,0.444,0.554,0.576,0.432,1.0,0.728,0.506,0.55,0.462,0.644,0.579,0.458,0.429,0.562,1.0,0.643,0.574,0.623,0.594,0.411,0.657,0.537,0.496,0.584,1.0,0.815,0.775,0.774,0.785,0.787,0.777,0.779,0.766,0.78,
1.0,0.784,0.529,0.68,0.491,0.679,0.662,0.682,0.449,0.713,1.0,0.735,0.687,0.678,0.594,0.681,0.68,0.668,0.566,0.666,1.0,0.719,0.667,0.715,0.675,0.663,0.701,0.676,0.665,0.721,1.0,0.934,0.787,0.909,0.799,0.908,0.806,0.91,0.793,0.909,
1.0,0.683,0.561,0.599,0.462,0.427,0.516,0.478,0.45,0.538,1.0,0.645,0.57,0.457,0.572,0.517,0.518,0.462,0.563,0.541,1.0,0.61,0.492,0.622,0.564,0.526,0.624,0.553,0.461,0.647,1.0,0.78,0.772,0.756,0.787,0.768,0.773,0.777,0.749,0.772,
1.0,0.767,0.381,0.658,0.398,0.544,0.564,0.555,0.485,0.522,1.0,0.662,0.609,0.658,0.702,0.628,0.595,0.617,0.69,0.625,1.0,0.833,0.714,0.746,0.774,0.682,0.725,0.781,0.701,0.723,1.0,0.951,0.943,0.938,0.947,0.94,0.939,0.939,0.944,0.942,
1.0,0.562,0.406,0.537,0.48,0.399,0.461,0.594,0.548,0.553,1.0,0.484,0.539,0.47,0.469,0.411,0.533,0.443,0.61,0.438,1.0,0.689,0.651,0.584,0.71,0.637,0.557,0.574,0.688,0.605,1.0,0.702,0.688,0.733,0.662,0.675,0.717,0.602,0.662,0.725,
1.0,0.72,0.489,0.524,0.511,0.45,0.445,0.635,0.441,0.57,1.0,0.741,0.455,0.679,0.529,0.458,0.572,0.455,0.596,0.657,1.0,0.718,0.677,0.688,0.687,0.678,0.69,0.683,0.694,0.662,1.0,0.714,0.652,0.76,0.726,0.661,0.731,0.688,0.655,0.751,
1.0,0.578,0.458,0.39,0.483,0.454,0.37,0.415,0.395,0.554,1.0,0.693,0.616,0.633,0.52,0.48,0.562,0.497,0.558,0.515,1.0,0.507,0.635,0.464,0.479,0.447,0.579,0.457,0.452,0.432,1.0,0.754,0.581,0.62,0.677,0.636,0.588,0.654,0.696,0.63,
1.0,0.907,0.907,0.624,0.559,0.599,0.513,0.824,0.712,0.622,1.0,0.795,0.638,0.543,0.699,0.782,0.639,0.573,0.75,0.777,1.0,0.913,0.635,0.671,0.899,0.606,0.69,0.897,0.592,0.685,1.0,0.968,0.966,0.961,0.959,0.96,0.958,0.961,0.961,0.962,
1.0,0.581,0.428,0.404,0.548,0.478,0.432,0.416,0.485,0.461,1.0,0.494,0.44,0.628,0.452,0.419,0.582,0.424,0.409,0.592,1.0,0.561,0.614,0.521,0.603,0.507,0.572,0.504,0.652,0.515,1.0,0.719,0.673,0.675,0.677,0.672,0.724,0.683,0.666,0.684,

1.0,0.711,0.53,0.47,0.501,0.505,0.481,0.517,0.422,0.508,1.0,0.563,0.61,0.53,0.592,0.475,0.63,0.491,0.589,0.568,1.0,0.708,0.668,0.659,0.678,0.626,0.692,0.632,0.663,0.649,1.0,0.71,0.754,0.738,0.682,0.707,0.741,0.745,0.733,0.728,
1.0,0.751,0.606,0.429,0.542,0.649,0.509,0.588,0.339,0.511,1.0,0.888,0.62,0.773,0.563,0.759,0.57,0.755,0.543,0.767,1.0,0.804,0.753,0.663,0.749,0.742,0.704,0.746,0.748,0.72,1.0,0.845,0.876,0.807,0.882,0.808,0.883,0.809,0.871,0.829,
1.0,0.641,0.447,0.464,0.622,0.479,0.474,0.483,0.55,0.417,1.0,0.611,0.555,0.627,0.529,0.535,0.618,0.521,0.518,0.614,1.0,0.777,0.746,0.725,0.741,0.741,0.723,0.754,0.689,0.713,1.0,0.797,0.828,0.765,0.79,0.798,0.783,0.763,0.796,0.776,
1.0,0.726,0.558,0.388,0.512,0.497,0.425,0.455,0.487,0.486,1.0,0.69,0.402,0.572,0.481,0.458,0.581,0.494,0.384,0.568,1.0,0.716,0.721,0.72,0.705,0.687,0.719,0.69,0.686,0.738,1.0,0.806,0.828,0.741,0.78,0.758,0.797,0.77,0.835,0.737,
1.0,0.743,0.502,0.534,0.453,0.63,0.606,0.474,0.495,0.555,1.0,0.738,0.443,0.413,0.528,0.544,0.413,0.376,0.656,0.607,1.0,0.745,0.712,0.689,0.7,0.734,0.679,0.727,0.719,0.68,1.0,0.777,0.784,0.742,0.771,0.774,0.773,0.759,0.775,0.738,
1.0,0.597,0.547,0.514,0.503,0.428,0.511,0.434,0.488,0.505,1.0,0.637,0.655,0.485,0.595,0.448,0.568,0.485,0.573,0.486,1.0,0.597,0.551,0.493,0.539,0.525,0.646,0.509,0.478,0.546,1.0,0.932,0.922,0.921,0.921,0.92,0.921,0.922,0.922,0.922,
1.0,0.605,0.444,0.385,0.579,0.476,0.458,0.426,0.481,0.433,1.0,0.521,0.38,0.643,0.452,0.373,0.585,0.459,0.38,0.584,1.0,0.7,0.667,0.705,0.68,0.662,0.693,0.665,0.677,0.683,1.0,0.767,0.81,0.763,0.809,0.757,0.811,0.744,0.801,0.751,
1.0,0.693,0.422,0.377,0.522,0.582,0.404,0.375,0.611,0.641,1.0,0.612,0.405,0.653,0.523,0.397,0.68,0.573,0.406,0.679,1.0,0.837,0.791,0.792,0.778,0.81,0.806,0.808,0.768,0.799,1.0,0.938,0.936,0.934,0.934,0.935,0.934,0.933,0.935,0.932,
1.0,0.748,0.474,0.601,0.417,0.704,0.544,0.543,0.432,0.511,1.0,0.724,0.665,0.687,0.685,0.699,0.652,0.69,0.652,0.687,1.0,0.779,0.747,0.737,0.746,0.721,0.714,0.76,0.749,0.738,1.0,0.8,0.866,0.802,0.845,0.799,0.866,0.802,0.866,0.779,
1.0,0.778,0.556,0.709,0.477,0.623,0.586,0.554,0.484,0.499,1.0,0.832,0.733,0.499,0.625,0.572,0.529,0.754,0.682,0.472,1.0,0.735,0.588,0.528,0.67,0.718,0.622,0.555,0.707,0.71,1.0,0.955,0.95,0.953,0.949,0.953,0.949,0.953,0.951,0.949,
1.0,0.493,0.394,0.617,0.562,0.435,0.537,0.402,0.552,0.516,1.0,0.578,0.408,0.538,0.51,0.414,0.529,0.486,0.389,0.496,1.0,0.487,0.508,0.5,0.526,0.439,0.542,0.448,0.622,0.467,1.0,0.722,0.688,0.683,0.692,0.668,0.68,0.669,0.69,0.685,
1.0,0.744,0.601,0.596,0.532,0.559,0.589,0.546,0.556,0.593,1.0,0.673,0.643,0.614,0.556,0.603,0.63,0.559,0.587,0.623,1.0,0.673,0.672,0.638,0.67,0.615,0.64,0.631,0.662,0.608,1.0,0.723,0.683,0.748,0.712,0.708,0.771,0.707,0.673,0.757,
1.0,0.798,0.507,0.521,0.638,0.399,0.519,0.625,0.377,0.613,1.0,0.705,0.657,0.686,0.585,0.603,0.646,0.661,0.588,0.678,1.0,0.726,0.705,0.766,0.701,0.703,0.751,0.709,0.687,0.737,1.0,0.892,0.84,0.807,0.812,0.833,0.818,0.83,0.84,0.838,
1.0,0.802,0.673,0.62,0.651,0.542,0.609,0.581,0.486,0.67,1.0,0.769,0.537,0.726,0.514,0.672,0.629,0.668,0.518,0.718,1.0,0.747,0.68,0.707,0.555,0.662,0.683,0.68,0.546,0.658,1.0,0.717,0.68,0.726,0.72,0.681,0.728,0.691,0.669,0.741,
1.0,0.522,0.364,0.534,0.588,0.406,0.566,0.443,0.515,0.494,1.0,0.584,0.381,0.576,0.458,0.457,0.523,0.612,0.453,0.545,1.0,0.583,0.607,0.47,0.541,0.459,0.535,0.502,0.551,0.478,1.0,0.652,0.591,0.65,0.632,0.559,0.595,0.645,0.633,0.578,
1.0,0.855,0.579,0.609,0.719,0.558,0.606,0.839,0.505,0.658,1.0,0.861,0.769,0.7,0.807,0.763,0.712,0.809,0.771,0.705,1.0,0.9,0.855,0.882,0.87,0.88,0.875,0.876,0.864,0.882,1.0,0.98,0.982,0.979,0.983,0.984,0.98,0.981,0.981,0.983,
1.0,0.777,0.717,0.61,0.494,0.684,0.485,0.339,0.556,0.759,1.0,0.895,0.748,0.686,0.889,0.749,0.633,0.887,0.752,0.707,1.0,0.875,0.878,0.87,0.863,0.892,0.869,0.889,0.871,0.877,1.0,0.986,0.986,0.982,0.981,0.984,0.977,0.985,0.98,0.986,
1.0,0.526,0.48,0.543,0.518,0.428,0.511,0.423,0.513,0.516,1.0,0.505,0.541,0.451,0.531,0.452,0.513,0.431,0.597,0.444,1.0,0.529,0.55,0.527,0.528,0.483,0.597,0.501,0.526,0.522,1.0,0.747,0.758,0.745,0.708,0.696,0.756,0.716,0.716,0.733,
1.0,0.793,0.516,0.666,0.536,0.509,0.694,0.503,0.434,0.733,1.0,0.759,0.741,0.731,0.605,0.712,0.714,0.729,0.629,0.722,1.0,0.724,0.718,0.76,0.693,0.719,0.77,0.711,0.727,0.766,1.0,0.874,0.831,0.873,0.83,0.878,0.853,0.853,0.855,0.839,
1.0,0.662,0.57,0.57,0.483,0.563,0.55,0.55,0.503,0.536,1.0,0.496,0.391,0.497,0.376,0.383,0.487,0.402,0.388,0.521,1.0,0.665,0.524,0.449,0.522,0.439,0.415,0.428,0.626,0.582,1.0,0.585,0.515,0.564,0.575,0.468,0.553,0.469,0.464,0.572,
1.0,0.778,0.438,0.462,0.51,0.443,0.381,0.672,0.393,0.553,1.0,0.758,0.493,0.644,0.52,0.457,0.523,0.449,0.642,0.635,1.0,0.735,0.722,0.682,0.66,0.673,0.682,0.691,0.669,0.674,1.0,0.73,0.67,0.71,0.686,0.673,0.722,0.698,0.662,0.745,
1.0,0.673,0.46,0.395,0.495,0.476,0.446,0.451,0.503,0.438,1.0,0.527,0.419,0.447,0.645,0.444,0.478,0.409,0.607,0.441,1.0,0.596,0.693,0.565,0.609,0.483,0.595,0.521,0.564,0.595,1.0,0.69,0.763,0.74,0.674,0.734,0.703,0.683,0.729,0.698,
1.0,0.755,0.739,0.469,0.565,0.419,0.455,0.493,0.435,0.511,1.0,0.767,0.58,0.521,0.56,0.479,0.607,0.725,0.597,0.515,1.0,0.83,0.692,0.73,0.795,0.675,0.765,0.795,0.703,0.736,1.0,0.958,0.955,0.953,0.956,0.954,0.953,0.951,0.953,0.954,
1.0,0.709,0.492,0.596,0.492,0.456,0.557,0.483,0.394,0.521,1.0,0.715,0.594,0.638,0.613,0.512,0.542,0.507,0.555,0.648,1.0,0.667,0.64,0.629,0.729,0.644,0.658,0.647,0.745,0.641,1.0,0.717,0.65,0.766,0.701,0.651,0.758,0.717,0.658,0.735,
1.0,0.681,0.472,0.511,0.588,0.454,0.496,0.528,0.479,0.482,1.0,0.67,0.394,0.665,0.453,0.519,0.489,0.534,0.412,0.555,1.0,0.588,0.548,0.685,0.51,0.509,0.651,0.511,0.535,0.684,1.0,0.619,0.686,0.636,0.699,0.63,0.722,0.588,0.725,0.601,
1.0,0.721,0.557,0.458,0.496,0.479,0.528,0.445,0.417,0.532,1.0,0.714,0.457,0.631,0.457,0.454,0.56,0.486,0.585,0.637,1.0,0.662,0.64,0.642,0.684,0.604,0.645,0.638,0.654,0.61,1.0,0.746,0.673,0.702,0.72,0.675,0.718,0.709,0.7,0.76,
1.0,0.767,0.446,0.506,0.524,0.679,0.445,0.529,0.549,0.662,1.0,0.714,0.702,0.672,0.673,0.653,0.729,0.685,0.723,0.682,1.0,0.909,0.722,0.671,0.815,0.722,0.675,0.82,0.712,0.633,1.0,0.858,0.821,0.838,0.84,0.826,0.808,0.798,0.818,0.822,
1.0,0.694,0.428,0.449,0.443,0.541,0.461,0.411,0.404,0.581,1.0,0.574,0.496,0.647,0.48,0.424,0.67,0.531,0.51,0.608,1.0,0.844,0.812,0.795,0.767,0.796,0.769,0.78,0.795,0.788,1.0,0.934,0.927,0.925,0.926,0.927,0.925,0.929,0.93,0.925,
1.0,0.735,0.469,0.605,0.495,0.553,0.561,0.602,0.523,0.536,1.0,0.727,0.739,0.51,0.657,0.658,0.539,0.658,0.676,0.509,1.0,0.649,0.649,0.632,0.696,0.59,0.65,0.636,0.678,0.591,1.0,0.808,0.673,0.768,0.742,0.672,0.726,0.744,0.655,0.75,
1.0,0.793,0.754,0.581,0.386,0.691,0.544,0.641,0.428,0.475,1.0,0.877,0.641,0.701,0.676,0.816,0.673,0.72,0.688,0.81,1.0,0.908,0.835,0.899,0.821,0.9,0.806,0.898,0.83,0.897,1.0,0.981,0.98,0.973,0.977,0.978,0.979,0.977,0.974,0.978,
1.0,0.776,0.509,0.635,0.484,0.657,0.601,0.597,0.493,0.505,1.0,0.716,0.72,0.695,0.715,0.68,0.659,0.681,0.671,0.673,1.0,0.791,0.717,0.782,0.754,0.701,0.774,0.743,0.706,0.785,1.0,0.836,0.889,0.804,0.887,0.799,0.888,0.824,0.883,0.813,
1.0,0.737,0.563,0.588,0.47,0.404,0.523,0.471,0.527,0.516,1.0,0.752,0.449,0.416,0.359,0.352,0.387,0.412,0.546,0.639,1.0,0.762,0.586,0.696,0.745,0.601,0.71,0.752,0.599,0.708,1.0,0.923,0.921,0.921,0.921,0.921,0.921,0.924,0.921,0.922,
1.0,0.671,0.411,0.571,0.567,0.38,0.575,0.53,0.376,0.648,1.0,0.723,0.496,0.605,0.545,0.463,0.527,0.419,0.57,0.691,1.0,0.66,0.654,0.631,0.606,0.587,0.643,0.558,0.598,0.61,1.0,0.738,0.686,0.688,0.695,0.694,0.682,0.697,0.688,0.701,
1.0,0.598,0.427,0.597,0.442,0.432,0.511,0.468,0.391,0.527,1.0,0.575,0.625,0.438,0.615,0.478,0.629,0.467,0.602,0.481,1.0,0.533,0.467,0.634,0.503,0.516,0.66,0.495,0.52,0.649,1.0,0.646,0.672,0.647,0.668,0.62,0.67,0.616,0.656,0.641,
1.0,0.735,0.471,0.548,0.661,0.501,0.497,0.479,0.525,0.67,1.0,0.731,0.465,0.676,0.56,0.483,0.658,0.685,0.47,0.63,1.0,0.726,0.666,0.551,0.692,0.71,0.639,0.549,0.681,0.703,1.0,0.948,0.938,0.94,0.938,0.942,0.939,0.936,0.941,0.939,
1.0,0.577,0.378,0.425,0.554,0.425,0.432,0.394,0.581,0.446,1.0,0.524,0.355,0.676,0.417,0.403,0.596,0.465,0.366,0.554,1.0,0.621,0.56,0.523,0.697,0.552,0.54,0.551,0.626,0.568,1.0,0.705,0.692,0.723,0.674,0.691,0.702,0.668,0.709,0.734,
1.0,0.731,0.553,0.475,0.55,0.557,0.513,0.508,0.427,0.521,1.0,0.681,0.629,0.621,0.662,0.583,0.584,0.614,0.632,0.642,1.0,0.711,0.718,0.658,0.663,0.644,0.704,0.659,0.717,0.638,1.0,0.712,0.727,0.75,0.706,0.715,0.751,0.707,0.72,0.751,
1.0,0.728,0.577,0.517,0.405,0.423,0.399,0.402,0.489,0.524,1.0,0.742,0.47,0.391,0.624,0.417,0.385,0.375,0.583,0.673,1.0,0.711,0.515,0.526,0.513,0.434,0.648,0.687,0.529,0.574,1.0,0.929,0.927,0.925,0.927,0.928,0.927,0.925,0.928,0.924,
1.0,0.555,0.383,0.583,0.49,0.466,0.531,0.397,0.485,0.508,1.0,0.563,0.396,0.595,0.473,0.377,0.63,0.485,0.382,0.55,1.0,0.558,0.57,0.502,0.572,0.42,0.593,0.442,0.585,0.518,1.0,0.684,0.673,0.663,0.652,0.702,0.704,0.677,0.696,0.694,
1.0,0.761,0.519,0.544,0.645,0.458,0.519,0.665,0.365,0.507,1.0,0.785,0.491,0.627,0.641,0.463,0.655,0.474,0.577,0.699,1.0,0.738,0.744,0.748,0.702,0.722,0.746,0.719,0.728,0.752,1.0,0.863,0.864,0.821,0.843,0.812,0.851,0.808,0.828,0.798,
1.0,0.538,0.602,0.381,0.567,0.466,0.511,0.377,0.47,0.454,1.0,0.585,0.453,0.609,0.487,0.406,0.582,0.505,0.404,0.586,1.0,0.651,0.651,0.601,0.578,0.615,0.64,0.624,0.562,0.591,1.0,0.721,0.674,0.709,0.676,0.688,0.665,0.686,0.697,0.684,
1.0,0.721,0.506,0.615,0.419,0.681,0.545,0.614,0.596,0.494,1.0,0.695,0.399,0.548,0.553,0.573,0.405,0.516,0.636,0.525,1.0,0.699,0.584,0.584,0.565,0.555,0.582,0.563,0.558,0.58,1.0,0.649,0.661,0.602,0.627,0.595,0.643,0.565,0.652,0.598,
1.0,0.507,0.465,0.559,0.516,0.427,0.523,0.445,0.537,0.521,1.0,0.544,0.463,0.595,0.436,0.482,0.588,0.479,0.416,0.587,1.0,0.573,0.546,0.6,0.533,0.509,0.628,0.514,0.58,0.643,1.0,0.685,0.607,0.614,0.654,0.619,0.666,0.646,0.661,0.62,
1.0,0.808,0.728,0.502,0.735,0.493,0.509,0.819,0.648,0.497,1.0,0.861,0.521,0.733,0.674,0.842,0.508,0.735,0.653,0.82,1.0,0.889,0.862,0.883,0.841,0.889,0.862,0.883,0.836,0.87,1.0,0.986,0.981,0.978,0.975,0.982,0.977,0.976,0.977,0.983,
1.0,0.745,0.559,0.534,0.427,0.513,0.467,0.472,0.443,0.482,1.0,0.68,0.513,0.555,0.576,0.437,0.555,0.423,0.549,0.618,1.0,0.706,0.692,0.7,0.667,0.693,0.754,0.672,0.69,0.755,1.0,0.81,0.795,0.784,0.812,0.784,0.803,0.78,0.823,0.785,
1.0,0.509,0.435,0.535,0.423,0.399,0.512,0.41,0.376,0.467,1.0,0.45,0.467,0.391,0.447,0.389,0.461,0.398,0.515,0.448,1.0,0.765,0.681,0.638,0.71,0.662,0.654,0.715,0.662,0.638,1.0,0.927,0.914,0.915,0.916,0.913,0.915,0.913,0.915,0.914,
1.0,0.564,0.4,0.586,0.554,0.404,0.561,0.461,0.565,0.522,1.0,0.526,0.612,0.479,0.609,0.462,0.645,0.441,0.603,0.489,1.0,0.666,0.664,0.688,0.664,0.667,0.663,0.613,0.663,0.617,1.0,0.7,0.693,0.745,0.708,0.678,0.74,0.695,0.701,0.73,
1.0,0.637,0.432,0.46,0.432,0.434,0.444,0.399,0.597,0.484,1.0,0.564,0.581,0.528,0.491,0.438,0.637,0.529,0.508,0.547,1.0,0.735,0.659,0.767,0.658,0.639,0.723,0.675,0.633,0.736,1.0,0.934,0.917,0.92,0.916,0.92,0.915,0.921,0.916,0.923,
1.0,0.766,0.48,0.503,0.515,0.412,0.42,0.452,0.598,0.469,1.0,0.698,0.438,0.516,0.392,0.384,0.442,0.419,0.597,0.647,1.0,0.721,0.649,0.734,0.69,0.637,0.75,0.698,0.634,0.747,1.0,0.935,0.93,0.928,0.927,0.927,0.928,0.926,0.93,0.927,
1.0,0.656,0.458,0.418,0.645,0.515,0.468,0.421,0.542,0.538,1.0,0.643,0.584,0.614,0.612,0.416,0.647,0.533,0.533,0.593,1.0,0.714,0.726,0.746,0.68,0.714,0.773,0.676,0.715,0.752,1.0,0.781,0.762,0.767,0.757,0.771,0.761,0.741,0.76,0.758,
1.0,0.694,0.427,0.595,0.434,0.462,0.504,0.462,0.377,0.58,1.0,0.596,0.636,0.46,0.541,0.471,0.621,0.446,0.598,0.457,1.0,0.527,0.465,0.581,0.435,0.422,0.602,0.462,0.44,0.528,1.0,0.75,0.625,0.664,0.658,0.662,0.637,0.664,0.666,0.655,
1.0,0.754,0.709,0.644,0.528,0.594,0.635,0.411,0.496,0.76,1.0,0.82,0.734,0.738,0.791,0.725,0.745,0.787,0.731,0.689,1.0,0.872,0.881,0.839,0.868,0.854,0.874,0.842,0.877,0.838,1.0,0.985,0.983,0.976,0.975,0.977,0.979,0.979,0.978,0.976,
1.0,0.662,0.483,0.549,0.559,0.49,0.536,0.386,0.497,0.598,1.0,0.657,0.427,0.602,0.518,0.405,0.617,0.504,0.39,0.595,1.0,0.742,0.523,0.633,0.541,0.448,0.59,0.434,0.574,0.597,1.0,0.744,0.689,0.681,0.692,0.673,0.669,0.696,0.691,0.679,
1.0,0.787,0.773,0.706,0.48,0.456,0.451,0.444,0.536,0.746,1.0,0.899,0.639,0.479,0.663,0.877,0.62,0.484,0.647,0.879,1.0,0.906,0.592,0.692,0.902,0.578,0.708,0.901,0.586,0.71,1.0,0.97,0.966,0.968,0.969,0.968,0.967,0.97,0.967,0.966,
1.0,0.53,0.472,0.55,0.472,0.456,0.516,0.439,0.462,0.497,1.0,0.51,0.433,0.686,0.421,0.401,0.538,0.437,0.408,0.595,1.0,0.58,0.499,0.482,0.623,0.47,0.53,0.439,0.577,0.465,1.0,0.522,0.607,0.49,0.578,0.541,0.522,0.48,0.681,0.577,
1.0,0.532,0.572,0.568,0.542,0.437,0.519,0.45,0.551,0.518,1.0,0.611,0.549,0.617,0.547,0.512,0.625,0.561,0.551,0.613,1.0,0.716,0.66,0.626,0.669,0.673,0.678,0.651,0.688,0.626,1.0,0.976,0.965,0.967,0.965,0.965,0.965,0.965,0.962,0.967,
1.0,0.582,0.44,0.588,0.437,0.499,0.577,0.432,0.396,0.618,1.0,0.663,0.473,0.443,0.576,0.475,0.434,0.386,0.59,0.542,1.0,0.546,0.57,0.634,0.609,0.459,0.613,0.536,0.579,0.637,1.0,0.797,0.793,0.783,0.775,0.791,0.784,0.775,0.796,0.785,
1.0,0.987,0.856,0.83,0.631,0.98,0.925,0.853,0.585,0.98,1.0,0.904,0.694,0.744,0.904,0.694,0.741,0.901,0.693,0.684,1.0,0.944,0.81,0.933,0.747,0.932,0.788,0.932,0.778,0.933,1.0,0.993,0.989,0.989,0.99,0.988,0.988,0.988,0.989,0.99,
1.0,0.434,0.361,0.549,0.434,0.391,0.533,0.403,0.452,0.465,1.0,0.512,0.416,0.583,0.432,0.418,0.553,0.476,0.382,0.591,1.0,0.494,0.674,0.464,0.56,0.448,0.602,0.458,0.612,0.456,1.0,0.62,0.592,0.604,0.605,0.601,0.601,0.549,0.583,0.541,
1.0,0.751,0.527,0.611,0.551,0.648,0.63,0.685,0.537,0.624,1.0,0.722,0.742,0.68,0.649,0.682,0.735,0.679,0.672,0.682,1.0,0.753,0.7,0.766,0.717,0.698,0.749,0.716,0.699,0.771,1.0,0.827,0.887,0.806,0.89,0.816,0.886,0.799,0.884,0.815,
1.0,0.703,0.51,0.573,0.506,0.425,0.568,0.499,0.425,0.524,1.0,0.625,0.596,0.492,0.572,0.481,0.563,0.501,0.616,0.471,1.0,0.614,0.593,0.626,0.54,0.533,0.641,0.538,0.513,0.632,1.0,0.684,0.669,0.633,0.643,0.604,0.648,0.576,0.641,0.629,
1.0,0.735,0.472,0.488,0.464,0.529,0.431,0.635,0.482,0.609,1.0,0.695,0.473,0.646,0.54,0.498,0.555,0.484,0.551,0.651,1.0,0.726,0.66,0.633,0.699,0.632,0.659,0.651,0.678,0.638,1.0,0.702,0.658,0.741,0.686,0.659,0.746,0.679,0.663,0.76,
1.0,0.724,0.527,0.44,0.565,0.426,0.493,0.62,0.566,0.442,1.0,0.729,0.578,0.565,0.453,0.641,0.577,0.475,0.445,0.544,1.0,0.676,0.517,0.638,0.61,0.558,0.593,0.618,0.567,0.606,1.0,0.807,0.788,0.79,0.771,0.774,0.784,0.782,0.788,0.777,
1.0,0.801,0.522,0.515,0.691,0.565,0.52,0.734,0.52,0.54,1.0,0.723,0.736,0.681,0.684,0.685,0.737,0.675,0.678,0.677,1.0,0.805,0.726,0.754,0.745,0.712,0.736,0.744,0.708,0.788,1.0,0.833,0.882,0.834,0.874,0.817,0.874,0.823,0.874,0.819,
1.0,0.696,0.432,0.632,0.442,0.607,0.576,0.58,0.546,0.55,1.0,0.642,0.491,0.509,0.611,0.502,0.456,0.498,0.597,0.515,1.0,0.684,0.61,0.608,0.599,0.494,0.606,0.564,0.612,0.523,1.0,0.66,0.672,0.635,0.647,0.588,0.619,0.605,0.654,0.578,
1.0,0.752,0.585,0.499,0.426,0.496,0.473,0.476,0.466,0.48,1.0,0.69,0.459,0.47,0.508,0.467,0.506,0.373,0.606,0.618,1.0,0.733,0.699,0.703,0.694,0.711,0.72,0.705,0.695,0.715,1.0,0.768,0.801,0.746,0.797,0.771,0.803,0.772,0.807,0.79,
1.0,0.804,0.455,0.596,0.481,0.567,0.447,0.501,0.547,0.6,1.0,0.649,0.628,0.599,0.653,0.568,0.598,0.603,0.664,0.584,1.0,0.806,0.655,0.739,0.727,0.656,0.76,0.737,0.631,0.763,1.0,0.834,0.846,0.807,0.891,0.817,0.91,0.81,0.899,0.835,
1.0,0.767,0.496,0.487,0.607,0.51,0.498,0.565,0.453,0.535,1.0,0.63,0.632,0.643,0.587,0.527,0.675,0.567,0.614,0.613,1.0,0.774,0.781,0.759,0.719,0.771,0.736,0.707,0.707,0.752,1.0,0.834,0.876,0.811,0.856,0.786,0.871,0.781,0.845,0.794,
1.0,0.692,0.614,0.479,0.582,0.449,0.512,0.428,0.467,0.428,1.0,0.763,0.532,0.63,0.446,0.43,0.562,0.455,0.428,0.54,1.0,0.717,0.555,0.508,0.514,0.543,0.652,0.667,0.563,0.521,1.0,0.933,0.93,0.928,0.931,0.928,0.93,0.929,0.929,0.93,
1.0,0.778,0.497,0.587,0.527,0.399,0.633,0.401,0.546,0.697,1.0,0.735,0.469,0.639,0.474,0.601,0.639,0.684,0.458,0.635,1.0,0.769,0.676,0.742,0.764,0.695,0.73,0.742,0.693,0.762,1.0,0.961,0.949,0.951,0.952,0.95,0.953,0.955,0.951,0.952,
1.0,0.745,0.512,0.489,0.622,0.41,0.559,0.631,0.394,0.552,1.0,0.742,0.453,0.659,0.514,0.445,0.673,0.461,0.579,0.636,1.0,0.643,0.676,0.612,0.66,0.586,0.667,0.593,0.576,0.594,1.0,0.758,0.741,0.718,0.716,0.707,0.721,0.697,0.705,0.709,
1.0,0.52,0.482,0.552,0.531,0.42,0.509,0.401,0.553,0.467,1.0,0.554,0.437,0.577,0.453,0.436,0.525,0.454,0.39,0.497,1.0,0.43,0.579,0.451,0.536,0.438,0.501,0.435,0.551,0.405,1.0,0.602,0.636,0.558,0.634,0.509,0.623,0.527,0.586,0.576,
1.0,0.483,0.395,0.584,0.547,0.398,0.516,0.403,0.502,0.502,1.0,0.496,0.408,0.553,0.409,0.386,0.572,0.479,0.402,0.592,1.0,0.677,0.678,0.632,0.674,0.602,0.601,0.62,0.627,0.667,1.0,0.757,0.657,0.696,0.686,0.66,0.657,0.679,0.663,0.7,
1.0,0.738,0.531,0.677,0.519,0.469,0.556,0.491,0.607,0.658,1.0,0.712,0.675,0.654,0.661,0.693,0.658,0.648,0.708,0.691,1.0,0.728,0.664,0.766,0.689,0.658,0.77,0.701,0.657,0.756,1.0,0.959,0.949,0.949,0.946,0.952,0.951,0.948,0.951,0.949,
1.0,0.611,0.439,0.6,0.438,0.444,0.546,0.438,0.534,0.553,1.0,0.547,0.41,0.387,0.5,0.425,0.42,0.406,0.624,0.478,1.0,0.653,0.523,0.587,0.542,0.488,0.613,0.576,0.589,0.548,1.0,0.921,0.914,0.913,0.916,0.915,0.914,0.913,0.916,0.917,
1.0,0.744,0.449,0.667,0.539,0.423,0.475,0.383,0.576,0.678,1.0,0.723,0.511,0.636,0.567,0.561,0.615,0.676,0.513,0.654,1.0,0.759,0.68,0.73,0.732,0.702,0.721,0.734,0.7,0.762,1.0,0.944,0.941,0.94,0.941,0.939,0.94,0.941,0.938,0.938,
1.0,0.618,0.417,0.593,0.422,0.468,0.526,0.51,0.463,0.584,1.0,0.723,0.447,0.495,0.505,0.498,0.457,0.465,0.547,0.593,1.0,0.599,0.635,0.626,0.615,0.501,0.66,0.485,0.641,0.647,1.0,0.611,0.651,0.6,0.665,0.535,0.674,0.572,0.675,0.515,
1.0,0.53,0.574,0.53,0.559,0.455,0.486,0.43,0.453,0.553,1.0,0.514,0.435,0.613,0.441,0.431,0.58,0.436,0.409,0.63,1.0,0.623,0.621,0.467,0.619,0.476,0.544,0.451,0.575,0.469,1.0,0.577,0.589,0.561,0.615,0.507,0.532,0.485,0.562,0.561,
1.0,0.666,0.482,0.472,0.552,0.513,0.459,0.391,0.564,0.543,1.0,0.632,0.515,0.673,0.568,0.408,0.617,0.532,0.522,0.649,1.0,0.748,0.704,0.709,0.674,0.702,0.709,0.699,0.692,0.725,1.0,0.805,0.768,0.779,0.77,0.755,0.771,0.771,0.771,0.764,
1.0,0.526,0.551,0.591,0.534,0.443,0.513,0.441,0.537,0.524,1.0,0.489,0.592,0.465,0.563,0.44,0.571,0.46,0.595,0.446,1.0,0.6,0.555,0.643,0.554,0.552,0.619,0.555,0.544,0.633,1.0,0.722,0.669,0.659,0.661,0.634,0.646,0.619,0.633,0.663,
1.0,0.752,0.454,0.653,0.559,0.456,0.605,0.381,0.637,0.667,1.0,0.711,0.624,0.63,0.598,0.572,0.625,0.672,0.596,0.63,1.0,0.754,0.719,0.755,0.745,0.714,0.747,0.74,0.72,0.743,1.0,0.963,0.952,0.953,0.949,0.955,0.951,0.952,0.955,0.947,
1.0,0.617,0.439,0.427,0.502,0.43,0.4,0.494,0.553,0.453,1.0,0.626,0.49,0.527,0.506,0.49,0.599,0.442,0.438,0.615,1.0,0.56,0.512,0.453,0.611,0.473,0.491,0.413,0.589,0.475,1.0,0.521,0.485,0.535,0.519,0.464,0.499,0.474,0.475,0.513,
1.0,0.761,0.46,0.672,0.412,0.643,0.595,0.558,0.476,0.56,1.0,0.736,0.614,0.537,0.707,0.509,0.636,0.683,0.591,0.548,1.0,0.686,0.733,0.679,0.708,0.654,0.672,0.657,0.711,0.649,1.0,0.857,0.834,0.811,0.817,0.798,0.819,0.806,0.843,0.832,
1.0,0.749,0.533,0.582,0.544,0.509,0.641,0.452,0.557,0.729,1.0,0.773,0.728,0.766,0.647,0.728,0.758,0.762,0.645,0.712,1.0,0.746,0.721,0.763,0.735,0.725,0.734,0.704,0.712,0.755,1.0,0.888,0.87,0.831,0.859,0.84,0.882,0.813,0.875,0.841,
1.0,0.714,0.499,0.443,0.363,0.703,0.54,0.648,0.471,0.526,1.0,0.71,0.617,0.465,0.576,0.629,0.57,0.457,0.617,0.597,1.0,0.748,0.652,0.721,0.651,0.71,0.672,0.72,0.65,0.729,1.0,0.823,0.788,0.784,0.791,0.793,0.792,0.788,0.787,0.793,
1.0,0.706,0.468,0.375,0.629,0.459,0.532,0.443,0.544,0.432,1.0,0.688,0.402,0.537,0.508,0.449,0.533,0.476,0.365,0.552,1.0,0.73,0.688,0.708,0.691,0.694,0.717,0.684,0.682,0.713,1.0,0.772,0.774,0.738,0.775,0.731,0.762,0.746,0.766,0.734,
1.0,0.718,0.438,0.673,0.48,0.54,0.517,0.515,0.523,0.658,1.0,0.632,0.683,0.674,0.634,0.483,0.648,0.551,0.633,0.623,1.0,0.796,0.76,0.741,0.773,0.759,0.731,0.726,0.773,0.74,1.0,0.806,0.86,0.781,0.856,0.773,0.853,0.772,0.834,0.802,
1.0,0.669,0.413,0.41,0.401,0.503,0.402,0.419,0.462,0.551,1.0,0.659,0.596,0.431,0.531,0.49,0.557,0.394,0.584,0.501,1.0,0.738,0.646,0.682,0.691,0.687,0.677,0.671,0.643,0.706,1.0,0.772,0.758,0.743,0.759,0.73,0.739,0.737,0.746,0.754,
1.0,0.814,0.652,0.532,0.685,0.624,0.603,0.725,0.531,0.583,1.0,0.746,0.738,0.7,0.626,0.698,0.721,0.699,0.641,0.691,1.0,0.799,0.722,0.757,0.741,0.711,0.719,0.739,0.708,0.772,1.0,0.851,0.885,0.821,0.886,0.792,0.881,0.82,0.885,0.808,
1.0,0.667,0.411,0.587,0.404,0.579,0.649,0.445,0.415,0.556,1.0,0.718,0.474,0.436,0.578,0.558,0.436,0.416,0.587,0.565,1.0,0.613,0.514,0.664,0.628,0.487,0.627,0.519,0.531,0.634,1.0,0.786,0.791,0.767,0.773,0.798,0.78,0.781,0.792,0.762,
1.0,0.723,0.589,0.438,0.548,0.548,0.458,0.506,0.494,0.521,1.0,0.635,0.584,0.512,0.574,0.431,0.568,0.474,0.542,0.511,1.0,0.778,0.711,0.719,0.613,0.715,0.662,0.694,0.619,0.683,1.0,0.665,0.676,0.719,0.638,0.661,0.715,0.636,0.661,0.707,
1.0,0.739,0.524,0.47,0.504,0.441,0.459,0.559,0.514,0.442,1.0,0.724,0.505,0.548,0.449,0.625,0.513,0.495,0.413,0.534,1.0,0.63,0.491,0.551,0.58,0.446,0.721,0.589,0.545,0.577,1.0,0.798,0.769,0.791,0.775,0.776,0.764,0.808,0.788,0.788,
1.0,0.798,0.531,0.675,0.445,0.686,0.69,0.698,0.495,0.692,1.0,0.731,0.686,0.663,0.671,0.681,0.683,0.69,0.559,0.672,1.0,0.712,0.668,0.737,0.698,0.666,0.715,0.68,0.673,0.711,1.0,0.933,0.806,0.911,0.78,0.909,0.787,0.909,0.809,0.908,
1.0,0.662,0.494,0.616,0.474,0.463,0.497,0.496,0.469,0.602,1.0,0.655,0.543,0.485,0.594,0.514,0.523,0.459,0.536,0.533,1.0,0.67,0.545,0.657,0.543,0.52,0.629,0.543,0.486,0.614,1.0,0.809,0.786,0.76,0.759,0.755,0.782,0.788,0.794,0.775,
1.0,0.73,0.432,0.65,0.398,0.595,0.533,0.609,0.463,0.523,1.0,0.666,0.598,0.617,0.742,0.644,0.564,0.615,0.72,0.629,1.0,0.831,0.697,0.726,0.812,0.688,0.725,0.798,0.685,0.747,1.0,0.949,0.94,0.942,0.94,0.943,0.945,0.945,0.943,0.94,
1.0,0.56,0.431,0.605,0.436,0.414,0.579,0.614,0.55,0.46,1.0,0.518,0.565,0.45,0.511,0.408,0.573,0.45,0.604,0.456,1.0,0.702,0.609,0.56,0.682,0.655,0.593,0.584,0.712,0.633,1.0,0.699,0.653,0.719,0.644,0.641,0.742,0.664,0.658,0.725,
1.0,0.748,0.51,0.504,0.496,0.441,0.435,0.611,0.459,0.531,1.0,0.749,0.406,0.67,0.561,0.455,0.558,0.461,0.584,0.638,1.0,0.704,0.671,0.679,0.64,0.675,0.671,0.7,0.689,0.655,1.0,0.707,0.654,0.727,0.714,0.654,0.745,0.705,0.665,0.759,
1.0,0.589,0.445,0.445,0.436,0.448,0.418,0.42,0.429,0.556,1.0,0.685,0.652,0.641,0.54,0.491,0.566,0.519,0.572,0.528,1.0,0.541,0.518,0.463,0.48,0.465,0.553,0.481,0.487,0.44,1.0,0.748,0.622,0.645,0.643,0.652,0.58,0.62,0.617,0.653,
1.0,0.903,0.849,0.619,0.599,0.573,0.531,0.817,0.78,0.594,1.0,0.806,0.64,0.527,0.687,0.767,0.62,0.512,0.654,0.778,1.0,0.914,0.606,0.655,0.899,0.599,0.703,0.897,0.617,0.681,1.0,0.967,0.96,0.961,0.959,0.961,0.962,0.962,0.958,0.96,
1.0,0.559,0.467,0.465,0.552,0.465,0.455,0.427,0.458,0.451,1.0,0.48,0.446,0.641,0.446,0.423,0.59,0.446,0.407,0.603,1.0,0.601,0.621,0.515,0.647,0.495,0.604,0.511,0.605,0.529,1.0,0.73,0.705,0.69,0.696,0.656,0.677,0.695,0.692,0.683,


