

Data analysis for each instance 
AVG,MED,MAX,MIN
0.673,0.666,1,0.647,
0.657,0.65,0.964,0.65,
0.56,0.554,0.847,0.552,
0.68,0.673,1,0.672,
0.665,0.661,1,0.653,
0.709,0.702,1,0.702,
0.604,0.597,0.881,0.592,
0.658,0.65,0.983,0.65,
0.664,0.656,1,0.656,
0.606,0.61,0.94,0.572,
0.667,0.662,1,0.657,
0.628,0.623,0.93,0.619,
0.625,0.618,0.918,0.618,
0.644,0.645,1,0.542,
0.685,0.678,1,0.676,
0.676,0.668,0.991,0.668,
0.646,0.644,1,0.556,
0.603,0.596,0.926,0.591,
0.56,0.562,0.872,0.525,
0.671,0.665,1,0.662,
0.638,0.632,0.952,0.63,
0.617,0.625,0.939,0.562,
0.561,0.554,0.871,0.537,
0.68,0.672,1,0.672,
0.634,0.627,0.941,0.625,
0.68,0.673,0.998,0.671,
0.679,0.673,1,0.67,
0.639,0.632,0.934,0.631,
0.622,0.615,0.925,0.615,
0.655,0.65,1,0.557,
0.637,0.629,1,0.585,
0.568,0.561,0.847,0.561,
0.671,0.663,1,0.663,
0.685,0.678,1,0.677,
0.681,0.674,1,0.672,
0.681,0.674,1,0.672,
0.675,0.667,0.993,0.667,
0.686,0.678,1,0.678,
0.617,0.611,0.916,0.609,
0.638,0.647,0.919,0.615,
0.672,0.664,1,0.664,
0.578,0.571,0.873,0.571,
0.688,0.681,1,0.659,
0.607,0.601,0.925,0.583,
0.648,0.64,0.994,0.638,
0.686,0.678,1,0.678,
0.67,0.664,1,0.66,
0.656,0.65,0.996,0.607,
0.62,0.613,0.907,0.613,
0.659,0.651,1,0.642,
0.659,0.652,0.97,0.652,
0.648,0.641,1,0.639,
0.633,0.626,0.93,0.626,
0.605,0.597,0.917,0.576,
0.591,0.584,0.883,0.584,
0.604,0.599,0.914,0.576,
0.621,0.61,1,0.574,
0.671,0.663,1,0.663,
0.643,0.636,0.952,0.636,
0.683,0.676,1,0.675,
0.684,0.676,1,0.676,
0.683,0.675,1,0.675,
0.587,0.58,0.867,0.58,
0.676,0.67,1,0.667,
0.696,0.694,1,0.682,
0.628,0.622,0.924,0.619,
0.613,0.611,1,0.51,
0.641,0.634,0.963,0.631,
0.645,0.642,1,0.552,
0.612,0.6,0.963,0.566,
0.662,0.655,1,0.609,
0.671,0.663,1,0.663,
0.634,0.627,0.935,0.627,
0.67,0.662,0.981,0.662,
0.587,0.583,0.872,0.577,
0.659,0.651,1,0.639,
0.629,0.623,0.933,0.621,
0.679,0.672,1,0.672,
0.644,0.636,0.952,0.636,
0.599,0.591,0.901,0.577,
0.646,0.642,0.954,0.636,
0.661,0.653,1,0.634,
0.624,0.62,0.993,0.541,
0.661,0.655,0.987,0.652,
0.687,0.68,1,0.679,
0.67,0.662,1,0.662,
0.629,0.624,0.97,0.544,
0.66,0.652,1,0.652,
0.649,0.641,1,0.638,
0.663,0.655,0.993,0.654,
0.631,0.623,0.955,0.613,
0.665,0.658,0.976,0.658,
0.676,0.668,1,0.668,
0.659,0.653,1,0.649,
0.559,0.552,0.905,0.548,
0.619,0.61,1,0.523,
0.656,0.649,0.96,0.648,
0.589,0.582,0.873,0.582,
0.674,0.668,1,0.664,
0.676,0.669,1,0.668,
0.681,0.674,1,0.673,
0.683,0.675,1,0.675,
0.648,0.641,0.969,0.641,
0.679,0.671,1,0.671,
0.643,0.635,0.982,0.631,
0.626,0.619,0.943,0.619,
0.655,0.647,0.975,0.647,
0.613,0.605,0.926,0.605,
0.628,0.627,1,0.564,
0.644,0.64,0.941,0.633,
0.572,0.574,0.928,0.383,
0.677,0.671,1,0.667,
0.685,0.679,1,0.673,
0.566,0.559,0.854,0.557,
0.685,0.677,1,0.677,
0.681,0.674,1,0.673,
0.67,0.662,1,0.662,
0.68,0.673,1,0.672,
0.638,0.631,0.957,0.629,
0.686,0.679,1,0.679,
0.658,0.65,0.992,0.649,
0.646,0.641,0.975,0.596,
0.662,0.654,1,0.654,
0.596,0.594,0.91,0.531,
0.646,0.638,0.968,0.638,
0.614,0.606,0.95,0.598,
0.627,0.622,0.933,0.617,
0.685,0.678,1,0.676,
0.671,0.665,0.989,0.661,
0.639,0.633,0.959,0.63,
0.653,0.647,0.971,0.644,
0.668,0.661,1,0.608,
0.613,0.606,0.908,0.605,
0.633,0.626,0.942,0.626,
0.686,0.679,0.993,0.678,
0.64,0.633,0.938,0.632,
0.623,0.616,0.921,0.615,
0.624,0.617,0.933,0.617,
0.567,0.566,0.908,0.489,
0.672,0.664,1,0.664,
0.645,0.646,1,0.612,
0.687,0.68,1,0.679,
0.672,0.664,1,0.664,
0.685,0.678,1,0.678,
0.622,0.615,0.92,0.615,
0.67,0.662,0.984,0.662,
0.647,0.639,0.965,0.634,
0.674,0.667,1,0.665,
0.546,0.541,0.816,0.538,
0.643,0.661,1,0.608,
0.678,0.671,0.981,0.671,
0.668,0.66,0.986,0.658,
0.492,0.486,0.768,0.486,
0.662,0.654,0.989,0.654,
0.657,0.65,0.958,0.649,
0.667,0.659,1,0.659,
0.662,0.655,0.971,0.655,
0.682,0.674,1,0.674,
0.69,0.694,1,0.671,
0.574,0.561,1,0.471,
0.64,0.633,0.943,0.633,
0.641,0.649,1,0.611,
0.682,0.674,1,0.674,
0.667,0.659,1,0.659,
0.663,0.655,0.998,0.655,
0.495,0.502,0.779,0.432,
0.667,0.66,0.977,0.66,
0.633,0.626,0.932,0.626,
0.664,0.658,1,0.624,
0.64,0.634,0.939,0.632,
0.667,0.66,0.984,0.659,
0.681,0.673,1,0.673,
0.663,0.656,1,0.655,
0.607,0.602,0.946,0.575,
0.68,0.672,1,0.671,
0.645,0.641,0.978,0.634,
0.664,0.656,1,0.656,
0.677,0.669,0.993,0.669,
0.662,0.655,0.977,0.654,
0.649,0.642,0.958,0.642,
0.619,0.611,0.934,0.609,
0.682,0.674,1,0.674,
0.637,0.631,0.954,0.628,
0.66,0.653,1,0.646,
0.595,0.589,0.902,0.587,
0.685,0.677,1,0.677,
0.683,0.676,1,0.675,
0.612,0.607,0.962,0.595,
0.622,0.621,1,0.537,
0.684,0.676,1,0.676,
0.5,0.481,0.82,0.473,
0.684,0.677,1,0.676,
0.678,0.67,1,0.67,
0.644,0.637,0.94,0.637,
0.663,0.655,0.99,0.655,
0.628,0.611,1,0.517,
0.679,0.671,0.994,0.671,
0.663,0.656,0.97,0.656,
0.694,0.697,1,0.676,
0.584,0.587,0.937,0.517,
0.647,0.64,0.949,0.639,
0.593,0.586,0.883,0.586,
0.442,0.451,0.788,0.287,
0.646,0.639,0.951,0.639,
0.682,0.674,1,0.674,
0.665,0.658,1,0.63,
0.668,0.661,1,0.66,
0.649,0.648,0.966,0.618,
0.615,0.608,0.907,0.607,
0.664,0.656,1,0.656,
0.601,0.595,0.893,0.592,
0.676,0.668,1,0.667,
0.645,0.64,0.955,0.635,
0.596,0.589,0.876,0.589,
0.648,0.641,0.953,0.641,
0.683,0.675,1,0.675,
0.621,0.615,0.932,0.596,
0.618,0.607,1,0.576,
0.653,0.647,1,0.635,
0.623,0.635,1,0.494,
0.623,0.616,0.924,0.616,
0.629,0.622,0.94,0.6,
0.66,0.653,0.985,0.652,
0.678,0.671,1,0.669,
0.654,0.648,0.968,0.645,
0.66,0.656,0.984,0.649,
0.68,0.672,1,0.672,
0.614,0.595,1,0.526,
0.681,0.673,1,0.673,
0.674,0.667,1,0.665,
0.637,0.63,0.938,0.63,
0.63,0.622,0.947,0.622,
0.68,0.672,1,0.671,
0.663,0.656,1,0.654,
0.66,0.656,0.992,0.629,
0.678,0.67,1,0.67,
0.675,0.667,1,0.667,
0.645,0.641,0.962,0.633,
0.674,0.666,0.983,0.666,
0.568,0.562,0.878,0.542,
0.682,0.674,1,0.674,
0.625,0.634,1,0.555,
0.573,0.57,0.875,0.545,
0.683,0.675,1,0.675,
0.678,0.67,0.997,0.67,
0.669,0.661,1,0.659,
0.589,0.587,1,0.498,
0.673,0.665,1,0.665,
0.656,0.648,0.975,0.648,
0.672,0.664,1,0.657,
0.58,0.573,0.857,0.573,
0.652,0.645,0.971,0.644,
0.48,0.476,0.752,0.432,
0.618,0.613,0.907,0.609,
0.675,0.667,1,0.667,
0.68,0.672,1,0.672,
0.64,0.634,0.958,0.619,
0.673,0.665,1,0.665,
0.679,0.671,1,0.671,
0.631,0.624,0.928,0.624,
0.663,0.657,1,0.654,
0.57,0.566,0.847,0.56,
0.659,0.652,0.986,0.651,
0.654,0.647,0.968,0.643,
0.639,0.631,0.958,0.631,
0.608,0.599,0.908,0.588,
0.672,0.665,1,0.664,
0.676,0.668,1,0.668,
0.613,0.611,1,0.543,
0.54,0.54,0.925,0.433,
0.598,0.589,0.995,0.54,
0.579,0.575,0.975,0.498,
0.558,0.556,0.947,0.496,
0.586,0.588,1,0.504,
0.566,0.563,0.979,0.475,
0.594,0.595,1,0.516,
0.528,0.526,0.925,0.465,
0.602,0.595,1,0.532,
0.54,0.548,0.915,0.461,
0.575,0.567,0.959,0.528,
0.523,0.514,0.89,0.46,
0.592,0.587,1,0.509,
0.576,0.569,0.986,0.501,
0.574,0.567,0.977,0.51,
0.554,0.542,0.96,0.447,
0.513,0.506,0.862,0.439,
0.543,0.546,1,0.406,
0.518,0.516,0.876,0.474,
0.615,0.612,1,0.561,
0.583,0.575,0.955,0.541,
0.607,0.603,1,0.54,
0.601,0.597,1,0.548,
0.59,0.587,1,0.524,
0.604,0.601,1,0.542,
0.561,0.558,0.965,0.472,
0.573,0.558,1,0.504,
0.589,0.585,1,0.52,
0.584,0.579,1,0.5,
0.608,0.603,1,0.56,
0.583,0.583,0.963,0.539,
0.588,0.577,1,0.554,
0.598,0.589,0.962,0.535,
0.584,0.575,1,0.52,
0.598,0.596,0.965,0.53,
0.585,0.591,1,0.497,
0.539,0.534,0.923,0.473,
0.592,0.584,1,0.533,
0.577,0.569,1,0.482,
0.549,0.541,0.933,0.501,
0.54,0.536,0.932,0.446,
0.571,0.565,0.946,0.511,
0.582,0.574,0.983,0.486,
0.552,0.544,0.997,0.456,
0.6,0.613,1,0.474,
0.586,0.578,1,0.506,
0.582,0.573,0.957,0.545,
0.582,0.588,0.981,0.452,
0.581,0.575,0.991,0.515,
0.546,0.539,0.867,0.539,
0.59,0.577,1,0.537,
0.57,0.564,0.999,0.446,
0.586,0.586,1,0.48,
0.594,0.593,1,0.543,
0.542,0.537,0.912,0.487,
0.58,0.577,1,0.455,
0.616,0.612,1,0.566,
0.593,0.589,0.953,0.529,
0.576,0.571,0.968,0.495,
0.523,0.516,0.866,0.462,
0.598,0.591,1,0.532,
0.572,0.577,0.936,0.495,
0.537,0.53,0.892,0.479,
0.599,0.593,0.972,0.547,
0.583,0.581,0.955,0.541,
0.535,0.533,0.868,0.486,
0.525,0.536,0.902,0.469,
0.537,0.536,0.901,0.421,
0.539,0.54,0.936,0.48,
0.603,0.595,1,0.552,
0.551,0.549,0.937,0.514,
0.582,0.573,1,0.539,
0.549,0.521,0.983,0.462,
0.631,0.623,1,0.622,
0.551,0.547,0.932,0.478,
0.55,0.552,0.966,0.435,
0.583,0.576,0.954,0.533,
0.56,0.567,0.952,0.474,
0.578,0.573,0.965,0.522,
0.559,0.555,0.924,0.498,
0.582,0.577,0.959,0.525,
0.58,0.581,1,0.508,
0.623,0.617,1,0.545,
0.526,0.528,0.931,0.427,
0.585,0.583,0.978,0.487,
0.527,0.532,0.885,0.436,
0.598,0.593,1,0.53,
0.521,0.522,0.899,0.439,
0.594,0.587,0.957,0.531,
0.507,0.498,0.861,0.451,
0.597,0.592,0.995,0.536,
0.596,0.592,0.991,0.521,
0.605,0.6,1,0.518,
0.585,0.579,1,0.491,
0.496,0.492,0.821,0.449,
0.589,0.583,0.974,0.494,
0.586,0.583,0.976,0.534,
0.586,0.578,0.943,0.578,
0.561,0.556,0.932,0.51,
0.521,0.518,0.888,0.405,
0.599,0.595,1,0.539,
0.562,0.558,0.907,0.455,
0.607,0.601,1,0.521,
0.585,0.579,0.975,0.539,
0.574,0.569,0.953,0.52,
0.605,0.6,0.969,0.559,
0.6,0.602,0.982,0.539,
0.601,0.593,0.98,0.557,
0.569,0.569,0.926,0.468,
0.587,0.578,1,0.522,
0.584,0.579,0.949,0.494,
0.587,0.585,1,0.502,
0.574,0.567,0.989,0.511,
0.582,0.581,1,0.492,
0.599,0.602,1,0.496,
0.613,0.609,1,0.555,
0.625,0.616,1,0.616,
0.585,0.579,0.986,0.538,
0.57,0.562,0.963,0.533,
0.556,0.548,0.947,0.501,
0.587,0.583,0.989,0.508,
0.499,0.49,1,0.419,
0.57,0.565,1,0.489,
0.607,0.605,1,0.521,
0.602,0.599,0.977,0.547,
0.525,0.521,0.855,0.461,
0.576,0.569,1,0.496,
0.563,0.559,1,0.485,
0.587,0.58,1,0.524,
0.551,0.542,0.92,0.514,
0.579,0.574,0.956,0.521,
0.565,0.562,0.936,0.49,
0.56,0.568,0.977,0.472,
0.549,0.544,0.905,0.491,
0.597,0.598,0.962,0.53,
0.556,0.553,0.951,0.443,
0.583,0.577,0.942,0.541,
0.615,0.618,1,0.552,
0.591,0.585,1,0.527,
0.549,0.546,0.943,0.465,
0.599,0.598,0.993,0.523,
0.592,0.595,0.981,0.522,
0.533,0.529,0.911,0.414,
0.595,0.591,1,0.5,
0.574,0.568,1,0.518,
0.6,0.593,1,0.538,
0.502,0.504,0.857,0.41,
0.554,0.556,0.923,0.471,
0.565,0.552,1,0.499,
0.604,0.599,1,0.527,
0.595,0.591,0.989,0.511,
0.588,0.579,1,0.526,
0.571,0.564,1,0.462,
0.534,0.526,0.902,0.468,
0.614,0.612,1,0.549,
0.529,0.536,0.874,0.411,
0.548,0.541,0.931,0.477,
0.593,0.589,1,0.515,
0.596,0.595,0.986,0.545,
0.613,0.607,1,0.514,
0.558,0.554,0.971,0.453,
0.605,0.605,1,0.537,
0.592,0.583,1,0.546,
0.54,0.546,0.919,0.467,
0.56,0.55,0.953,0.507,
0.568,0.557,0.945,0.524,
0.584,0.575,1,0.517,
0.583,0.578,0.98,0.52,
0.6,0.595,1,0.546,
0.507,0.499,0.855,0.4,
0.606,0.601,0.981,0.565,
0.528,0.522,0.898,0.481,
0.564,0.557,0.941,0.524,
0.607,0.599,1,0.555,
0.593,0.584,0.989,0.556,
0.579,0.566,1,0.495,
0.551,0.546,0.935,0.444,
0.59,0.584,0.995,0.529,
0.599,0.595,1,0.545,
0.535,0.529,0.873,0.5,
0.563,0.56,0.94,0.518,
0.6,0.593,1,0.535,
0.587,0.589,1,0.493,
0.575,0.581,0.954,0.486,
0.607,0.608,1,0.502,
0.592,0.588,1,0.518,
0.565,0.558,0.975,0.497,
0.599,0.593,1,0.534,
0.575,0.567,0.977,0.506,
0.595,0.596,1,0.484,
0.616,0.611,0.986,0.569,
0.679,0.671,1,0.671,
0.64,0.633,0.957,0.632,
0.667,0.66,1,0.633,
0.645,0.638,0.95,0.638,
0.657,0.649,1,0.648,
0.532,0.526,0.789,0.526,
0.68,0.673,1,0.671,
0.684,0.676,1,0.676,
0.658,0.65,1,0.649,
0.682,0.674,1,0.674,
0.652,0.65,0.949,0.64,
0.606,0.599,0.906,0.599,
0.673,0.665,1,0.662,
0.687,0.679,1,0.677,
0.674,0.668,1,0.665,
0.546,0.541,0.84,0.518,
0.527,0.524,0.92,0.42,
0.681,0.673,1,0.673,
0.529,0.532,0.895,0.444,
0.617,0.618,1,0.516,
0.586,0.582,0.959,0.535,
0.63,0.623,1,0.598,
0.585,0.575,1,0.516,
0.585,0.577,1,0.489,
0.643,0.636,0.943,0.636,
0.673,0.669,0.99,0.661,
0.668,0.663,1,0.658,
0.675,0.667,1,0.667,
0.631,0.624,0.924,0.624,
0.662,0.654,1,0.654,
0.575,0.553,1,0.485,
0.661,0.656,0.988,0.649,
0.593,0.593,0.993,0.484,
0.608,0.61,1,0.516,
0.574,0.571,0.968,0.493,
0.591,0.588,0.984,0.532,
0.6,0.592,1,0.535,
0.561,0.556,0.954,0.425,
0.573,0.568,1,0.449,
0.595,0.593,1,0.514,


0.67,0.677,0.948,0.524,
0.699,0.685,1,0.623,
0.594,0.569,1,0.475,
0.656,0.661,0.916,0.481,
0.703,0.702,0.948,0.586,
0.718,0.72,0.969,0.593,
0.653,0.645,0.98,0.516,
0.681,0.677,1,0.559,
0.717,0.703,0.977,0.613,
0.583,0.571,1,0.474,
0.642,0.635,0.865,0.49,
0.613,0.606,1,0.468,
0.623,0.615,1,0.515,
0.583,0.582,0.938,0.453,
0.699,0.701,0.981,0.575,
0.718,0.72,1,0.609,
0.574,0.555,0.887,0.397,
0.608,0.601,0.95,0.428,
0.516,0.483,1,0.359,
0.596,0.575,0.973,0.457,
0.646,0.633,1,0.526,
0.528,0.514,1,0.368,
0.544,0.538,0.982,0.421,
0.666,0.655,0.99,0.544,
0.696,0.696,0.974,0.571,
0.678,0.677,1,0.59,
0.692,0.678,0.995,0.588,
0.626,0.605,1,0.529,
0.63,0.613,0.989,0.534,
0.563,0.556,0.941,0.449,
0.575,0.553,0.971,0.429,
0.621,0.608,0.895,0.548,
0.682,0.679,0.85,0.526,
0.722,0.712,0.978,0.609,
0.667,0.67,0.98,0.514,
0.698,0.692,0.995,0.594,
0.688,0.679,0.934,0.583,
0.72,0.72,0.921,0.599,
0.636,0.629,1,0.478,
0.666,0.651,1,0.547,
0.698,0.692,0.994,0.603,
0.555,0.545,0.987,0.41,
0.68,0.673,0.934,0.59,
0.574,0.569,1,0.419,
0.588,0.558,1,0.435,
0.671,0.653,0.936,0.557,
0.686,0.704,0.98,0.531,
0.622,0.61,1,0.501,
0.638,0.637,1,0.551,
0.571,0.573,0.976,0.462,
0.617,0.611,1,0.491,
0.674,0.674,0.949,0.548,
0.667,0.653,1,0.596,
0.547,0.53,1,0.413,
0.639,0.641,0.894,0.519,
0.603,0.603,1,0.441,
0.555,0.554,0.804,0.421,
0.696,0.693,0.994,0.565,
0.669,0.652,1,0.51,
0.691,0.692,0.946,0.592,
0.685,0.683,0.957,0.574,
0.672,0.676,0.945,0.572,
0.619,0.613,1,0.493,
0.677,0.67,0.996,0.572,
0.713,0.708,0.944,0.632,
0.664,0.653,1,0.559,
0.552,0.542,0.904,0.389,
0.67,0.657,1,0.552,
0.514,0.495,0.811,0.383,
0.597,0.571,1,0.427,
0.63,0.627,0.919,0.514,
0.673,0.653,0.996,0.543,
0.658,0.647,1,0.544,
0.714,0.708,1,0.593,
0.576,0.571,1,0.444,
0.663,0.665,0.899,0.509,
0.642,0.631,1,0.519,
0.684,0.673,0.924,0.566,
0.668,0.663,0.937,0.547,
0.621,0.617,1,0.49,
0.688,0.673,1,0.571,
0.577,0.566,0.848,0.414,
0.571,0.565,0.974,0.452,
0.708,0.703,1,0.583,
0.692,0.688,0.953,0.593,
0.66,0.66,0.986,0.485,
0.606,0.6,1,0.456,
0.685,0.676,0.958,0.577,
0.595,0.589,0.912,0.435,
0.674,0.671,0.987,0.555,
0.604,0.581,1,0.431,
0.691,0.677,1,0.584,
0.679,0.674,0.904,0.549,
0.676,0.665,0.987,0.506,
0.447,0.421,1,0.315,
0.516,0.489,0.924,0.368,
0.661,0.657,1,0.551,
0.608,0.604,1,0.477,
0.672,0.667,0.921,0.545,
0.694,0.692,0.899,0.584,
0.705,0.704,0.93,0.601,
0.678,0.684,0.877,0.533,
0.604,0.607,1,0.498,
0.665,0.669,0.934,0.51,
0.633,0.625,1,0.491,
0.605,0.595,1,0.496,
0.637,0.634,1,0.524,
0.641,0.64,1,0.489,
0.625,0.647,0.975,0.415,
0.666,0.661,0.956,0.589,
0.407,0.386,1,0.3,
0.647,0.643,0.881,0.524,
0.68,0.681,0.93,0.6,
0.561,0.548,1,0.418,
0.704,0.705,0.969,0.637,
0.712,0.71,0.958,0.544,
0.693,0.703,0.999,0.532,
0.66,0.655,0.952,0.52,
0.689,0.676,1,0.555,
0.662,0.67,0.868,0.518,
0.663,0.661,1,0.505,
0.577,0.571,1,0.447,
0.66,0.641,0.974,0.518,
0.54,0.527,1,0.415,
0.654,0.651,1,0.471,
0.603,0.591,0.941,0.435,
0.666,0.665,1,0.576,
0.695,0.7,0.939,0.563,
0.697,0.7,1,0.516,
0.679,0.683,1,0.535,
0.687,0.685,1,0.59,
0.646,0.637,0.984,0.549,
0.635,0.634,0.963,0.553,
0.666,0.647,1,0.49,
0.695,0.683,1,0.606,
0.665,0.653,1,0.594,
0.624,0.626,1,0.438,
0.637,0.64,0.95,0.514,
0.542,0.526,1,0.361,
0.669,0.662,0.969,0.562,
0.596,0.594,0.902,0.419,
0.702,0.699,0.912,0.567,
0.678,0.663,0.987,0.547,
0.653,0.661,0.804,0.491,
0.568,0.565,1,0.465,
0.69,0.68,1,0.598,
0.639,0.635,1,0.531,
0.689,0.685,0.995,0.577,
0.564,0.555,1,0.404,
0.591,0.58,0.89,0.446,
0.671,0.669,0.971,0.546,
0.658,0.653,1,0.505,
0.399,0.379,1,0.285,
0.648,0.631,1,0.538,
0.705,0.69,0.983,0.613,
0.635,0.623,0.978,0.499,
0.677,0.68,0.927,0.578,
0.665,0.657,0.89,0.549,
0.715,0.711,0.993,0.63,
0.509,0.501,0.848,0.368,
0.662,0.666,1,0.52,
0.584,0.575,0.912,0.451,
0.686,0.681,0.94,0.582,
0.693,0.696,0.965,0.551,
0.651,0.639,1,0.517,
0.479,0.461,1,0.324,
0.694,0.692,1,0.6,
0.687,0.685,1,0.578,
0.661,0.671,0.99,0.467,
0.635,0.633,0.962,0.518,
0.679,0.657,1,0.55,
0.685,0.69,0.923,0.545,
0.674,0.673,0.942,0.528,
0.557,0.552,1,0.404,
0.727,0.716,0.978,0.58,
0.637,0.637,1,0.462,
0.673,0.664,0.912,0.564,
0.695,0.692,1,0.589,
0.735,0.738,1,0.605,
0.644,0.628,1,0.554,
0.627,0.619,0.996,0.505,
0.7,0.696,0.947,0.559,
0.639,0.635,0.939,0.512,
0.65,0.639,0.879,0.538,
0.611,0.599,1,0.511,
0.69,0.68,0.955,0.552,
0.663,0.667,0.848,0.509,
0.606,0.601,1,0.49,
0.557,0.547,0.882,0.362,
0.712,0.716,0.892,0.588,
0.457,0.452,1,0.349,
0.705,0.702,0.987,0.59,
0.697,0.688,0.969,0.622,
0.663,0.657,1,0.544,
0.684,0.678,1,0.554,
0.568,0.575,0.953,0.43,
0.682,0.675,1,0.584,
0.691,0.686,1,0.582,
0.708,0.709,0.913,0.597,
0.519,0.502,1,0.388,
0.683,0.671,1,0.535,
0.616,0.609,0.974,0.484,
0.321,0.309,1,0.237,
0.678,0.667,1,0.572,
0.689,0.684,0.967,0.559,
0.647,0.657,0.892,0.502,
0.679,0.667,0.977,0.538,
0.609,0.599,1,0.442,
0.628,0.617,1,0.534,
0.729,0.718,0.982,0.605,
0.627,0.611,1,0.503,
0.673,0.677,0.974,0.496,
0.636,0.627,1,0.519,
0.629,0.621,1,0.514,
0.648,0.64,1,0.548,
0.692,0.698,0.942,0.597,
0.65,0.643,0.996,0.552,
0.648,0.643,0.884,0.476,
0.659,0.656,0.999,0.527,
0.478,0.466,0.913,0.346,
0.618,0.609,1,0.53,
0.665,0.658,0.925,0.535,
0.651,0.651,1,0.468,
0.684,0.675,0.987,0.57,
0.664,0.655,1,0.556,
0.612,0.605,1,0.456,
0.697,0.696,0.984,0.585,
0.577,0.577,0.899,0.439,
0.681,0.688,0.827,0.537,
0.675,0.675,0.951,0.53,
0.643,0.633,1,0.458,
0.657,0.651,1,0.523,
0.704,0.7,0.985,0.53,
0.626,0.631,0.862,0.469,
0.625,0.623,1,0.455,
0.675,0.676,0.955,0.541,
0.602,0.585,0.856,0.448,
0.654,0.644,1,0.548,
0.705,0.695,1,0.62,
0.545,0.528,1,0.407,
0.688,0.685,0.986,0.565,
0.603,0.609,0.997,0.415,
0.548,0.528,1,0.422,
0.709,0.708,0.985,0.558,
0.675,0.673,1,0.518,
0.696,0.691,0.968,0.549,
0.535,0.53,0.857,0.43,
0.676,0.654,0.982,0.55,
0.644,0.651,0.925,0.506,
0.674,0.672,0.941,0.53,
0.547,0.534,1,0.411,
0.681,0.667,0.985,0.597,
0.504,0.483,1,0.387,
0.657,0.647,0.951,0.53,
0.617,0.614,0.868,0.496,
0.617,0.602,0.909,0.49,
0.615,0.611,1,0.415,
0.726,0.726,0.942,0.558,
0.608,0.605,0.963,0.503,
0.651,0.64,1,0.503,
0.688,0.677,0.964,0.55,
0.591,0.578,1,0.479,
0.661,0.663,1,0.53,
0.667,0.662,1,0.502,
0.696,0.694,1,0.583,
0.56,0.559,0.822,0.4,
0.672,0.652,0.966,0.541,
0.659,0.651,0.883,0.543,
0.559,0.549,0.948,0.457,
0.498,0.487,1,0.395,
0.561,0.552,1,0.471,
0.498,0.493,1,0.403,
0.475,0.457,0.969,0.362,
0.534,0.532,0.939,0.41,
0.463,0.449,1,0.336,
0.544,0.538,0.933,0.454,
0.536,0.53,0.985,0.421,
0.516,0.508,0.959,0.409,
0.46,0.451,1,0.355,
0.534,0.518,1,0.452,
0.475,0.457,1,0.371,
0.56,0.554,0.938,0.447,
0.53,0.521,0.917,0.405,
0.504,0.484,1,0.396,
0.448,0.44,1,0.362,
0.484,0.469,0.947,0.385,
0.41,0.395,0.976,0.31,
0.489,0.471,0.884,0.391,
0.519,0.501,0.947,0.422,
0.527,0.514,1,0.425,
0.579,0.567,0.993,0.488,
0.594,0.589,0.94,0.505,
0.528,0.516,0.962,0.431,
0.551,0.534,0.991,0.482,
0.521,0.502,0.995,0.412,
0.532,0.516,0.883,0.452,
0.543,0.53,0.968,0.436,
0.504,0.498,0.926,0.386,
0.525,0.5,0.978,0.416,
0.501,0.474,1,0.405,
0.519,0.509,0.945,0.415,
0.568,0.556,1,0.47,
0.564,0.548,0.976,0.479,
0.539,0.528,1,0.435,
0.515,0.501,1,0.385,
0.487,0.475,0.961,0.362,
0.566,0.554,0.931,0.472,
0.506,0.499,0.934,0.385,
0.513,0.489,1,0.442,
0.481,0.467,0.944,0.38,
0.547,0.544,1,0.449,
0.522,0.512,0.972,0.401,
0.501,0.486,0.965,0.361,
0.504,0.493,0.987,0.347,
0.505,0.491,0.89,0.396,
0.553,0.537,1,0.457,
0.489,0.483,0.994,0.387,
0.501,0.482,0.979,0.379,
0.508,0.5,0.898,0.414,
0.499,0.487,0.951,0.387,
0.523,0.51,1,0.428,
0.556,0.542,1,0.453,
0.518,0.508,0.866,0.377,
0.502,0.499,0.992,0.378,
0.467,0.458,0.999,0.344,
0.52,0.512,0.985,0.415,
0.529,0.512,1,0.426,
0.504,0.493,1,0.411,
0.461,0.441,0.964,0.361,
0.57,0.568,0.899,0.459,
0.454,0.443,0.958,0.359,
0.524,0.516,0.873,0.433,
0.501,0.494,1,0.356,
0.548,0.536,1,0.441,
0.494,0.493,1,0.354,
0.483,0.472,0.973,0.319,
0.455,0.442,1,0.348,
0.474,0.465,1,0.371,
0.573,0.567,0.954,0.471,
0.505,0.49,1,0.395,
0.552,0.544,0.988,0.444,
0.41,0.396,1,0.324,
0.563,0.554,0.897,0.435,
0.507,0.502,1,0.405,
0.436,0.422,1,0.335,
0.573,0.565,1,0.48,
0.48,0.466,1,0.359,
0.504,0.498,1,0.367,
0.519,0.506,0.903,0.405,
0.532,0.513,1,0.451,
0.448,0.445,0.898,0.305,
0.513,0.514,0.939,0.393,
0.467,0.455,1,0.343,
0.51,0.495,1,0.401,
0.505,0.495,0.876,0.383,
0.529,0.522,0.976,0.423,
0.469,0.461,1,0.352,
0.551,0.534,1,0.447,
0.467,0.452,1,0.36,
0.539,0.526,1,0.439,
0.546,0.539,0.942,0.483,
0.54,0.526,0.872,0.407,
0.498,0.484,0.995,0.373,
0.452,0.439,0.902,0.342,
0.51,0.493,1,0.414,
0.543,0.531,1,0.438,
0.467,0.45,1,0.377,
0.545,0.532,1,0.455,
0.513,0.51,1,0.379,
0.558,0.543,0.981,0.457,
0.486,0.477,1,0.364,
0.563,0.55,0.95,0.488,
0.562,0.55,1,0.474,
0.526,0.519,1,0.422,
0.535,0.519,0.875,0.432,
0.512,0.492,0.994,0.416,
0.585,0.573,0.977,0.486,
0.484,0.469,1,0.381,
0.493,0.481,0.904,0.362,
0.504,0.491,0.995,0.375,
0.517,0.503,0.981,0.37,
0.53,0.52,1,0.412,
0.501,0.491,0.968,0.386,
0.584,0.574,0.997,0.477,
0.545,0.532,0.944,0.465,
0.52,0.505,0.957,0.366,
0.568,0.553,1,0.479,
0.514,0.512,0.864,0.413,
0.503,0.49,1,0.369,
0.448,0.439,1,0.355,
0.481,0.468,0.902,0.363,
0.481,0.477,0.9,0.328,
0.569,0.552,0.987,0.467,
0.585,0.572,1,0.435,
0.459,0.448,0.882,0.376,
0.535,0.524,0.895,0.439,
0.473,0.454,0.969,0.385,
0.519,0.516,0.88,0.412,
0.509,0.502,1,0.404,
0.512,0.514,1,0.408,
0.51,0.501,0.932,0.421,
0.484,0.473,1,0.39,
0.522,0.51,1,0.378,
0.533,0.518,1,0.441,
0.5,0.481,1,0.414,
0.47,0.461,0.98,0.355,
0.559,0.548,0.956,0.419,
0.545,0.529,0.956,0.438,
0.459,0.446,1,0.38,
0.546,0.534,1,0.433,
0.516,0.5,1,0.422,
0.442,0.428,1,0.36,
0.568,0.557,0.933,0.47,
0.462,0.45,0.874,0.354,
0.555,0.544,0.964,0.474,
0.477,0.464,0.988,0.359,
0.458,0.446,1,0.37,
0.47,0.468,0.843,0.392,
0.559,0.544,0.946,0.438,
0.519,0.506,1,0.448,
0.505,0.494,0.92,0.444,
0.571,0.567,0.994,0.472,
0.503,0.488,1,0.419,
0.498,0.486,0.969,0.406,
0.445,0.429,1,0.343,
0.475,0.462,1,0.381,
0.523,0.506,0.966,0.394,
0.578,0.562,1,0.494,
0.48,0.464,0.82,0.356,
0.495,0.484,0.96,0.369,
0.523,0.514,0.988,0.381,
0.51,0.502,0.99,0.4,
0.485,0.483,1,0.326,
0.496,0.482,1,0.423,
0.508,0.499,1,0.43,
0.524,0.512,0.956,0.406,
0.531,0.52,1,0.408,
0.544,0.537,0.935,0.456,
0.454,0.444,0.985,0.356,
0.539,0.522,1,0.447,
0.48,0.469,1,0.387,
0.548,0.533,1,0.443,
0.537,0.521,0.919,0.426,
0.537,0.53,1,0.402,
0.485,0.468,0.983,0.383,
0.542,0.532,1,0.468,
0.532,0.528,1,0.457,
0.54,0.53,0.951,0.465,
0.487,0.475,1,0.386,
0.521,0.51,1,0.446,
0.538,0.52,0.934,0.444,
0.479,0.473,0.969,0.365,
0.49,0.483,1,0.376,
0.58,0.562,0.958,0.466,
0.565,0.554,0.935,0.456,
0.509,0.502,1,0.357,
0.51,0.5,0.879,0.419,
0.54,0.53,1,0.412,
0.544,0.536,0.985,0.394,
0.487,0.475,1,0.382,
0.707,0.707,0.894,0.602,
0.653,0.643,1,0.553,
0.621,0.611,0.843,0.485,
0.679,0.667,0.973,0.559,
0.64,0.628,0.89,0.474,
0.557,0.55,0.91,0.43,
0.676,0.671,0.927,0.57,
0.714,0.702,0.958,0.636,
0.577,0.565,0.886,0.426,
0.7,0.7,0.936,0.575,
0.718,0.709,1,0.623,
0.612,0.591,0.957,0.507,
0.657,0.651,0.864,0.48,
0.723,0.713,0.929,0.636,
0.686,0.69,0.988,0.521,
0.554,0.542,1,0.4,
0.47,0.466,1,0.364,
0.699,0.71,0.92,0.566,
0.45,0.442,1,0.339,
0.549,0.536,0.836,0.422,
0.567,0.557,0.992,0.476,
0.572,0.569,0.915,0.461,
0.544,0.532,0.876,0.449,
0.514,0.504,0.935,0.374,
0.67,0.661,1,0.546,
0.683,0.678,1,0.54,
0.651,0.639,0.951,0.534,
0.63,0.619,0.908,0.485,
0.66,0.657,0.951,0.573,
0.643,0.639,0.951,0.498,
0.537,0.52,0.902,0.367,
0.674,0.663,1,0.497,
0.521,0.504,1,0.416,
0.518,0.506,0.901,0.409,
0.562,0.545,1,0.458,
0.522,0.51,1,0.424,
0.556,0.544,0.878,0.453,
0.489,0.48,1,0.407,
0.478,0.464,0.939,0.359,
0.562,0.558,0.929,0.472,


0.625,0.621,0.893,0.524,
0.643,0.642,0.876,0.564,
0.618,0.608,0.959,0.51,
0.554,0.549,0.71,0.437,
0.716,0.708,0.971,0.574,
0.705,0.703,0.954,0.57,
0.658,0.652,1,0.553,
0.69,0.684,0.999,0.572,
0.677,0.669,0.944,0.595,
0.609,0.605,0.915,0.488,
0.603,0.597,0.801,0.493,
0.568,0.56,0.823,0.455,
0.585,0.577,0.918,0.476,
0.572,0.561,0.76,0.463,
0.666,0.667,0.936,0.58,
0.71,0.708,0.995,0.614,
0.7,0.71,0.925,0.479,
0.585,0.57,1,0.462,
0.556,0.53,0.964,0.404,
0.578,0.579,0.838,0.374,
0.631,0.611,0.933,0.5,
0.563,0.55,0.886,0.43,
0.595,0.607,1,0.422,
0.569,0.564,0.81,0.483,
0.684,0.672,1,0.56,
0.646,0.643,0.875,0.551,
0.66,0.645,0.916,0.549,
0.529,0.522,0.861,0.421,
0.643,0.628,1,0.546,
0.522,0.521,0.767,0.428,
0.714,0.714,0.971,0.498,
0.644,0.633,1,0.542,
0.647,0.653,0.848,0.541,
0.661,0.655,0.919,0.558,
0.645,0.647,0.905,0.522,
0.686,0.681,0.95,0.608,
0.679,0.676,1,0.586,
0.629,0.637,0.833,0.533,
0.595,0.592,0.933,0.468,
0.669,0.663,0.957,0.554,
0.699,0.698,0.98,0.593,
0.598,0.587,1,0.452,
0.614,0.615,0.816,0.503,
0.59,0.587,0.995,0.436,
0.694,0.677,1,0.554,
0.602,0.591,0.846,0.509,
0.703,0.71,0.947,0.539,
0.67,0.664,0.98,0.526,
0.608,0.601,0.838,0.521,
0.622,0.617,0.947,0.524,
0.512,0.506,0.742,0.421,
0.696,0.704,0.983,0.569,
0.638,0.622,0.928,0.535,
0.594,0.583,1,0.48,
0.687,0.681,1,0.592,
0.589,0.599,0.894,0.435,
0.563,0.556,0.729,0.441,
0.695,0.692,0.979,0.548,
0.681,0.673,0.966,0.512,
0.638,0.636,0.832,0.551,
0.633,0.629,0.935,0.523,
0.634,0.628,0.881,0.515,
0.566,0.558,0.814,0.459,
0.728,0.734,0.986,0.541,
0.672,0.654,0.93,0.605,
0.661,0.651,1,0.536,
0.615,0.603,0.934,0.446,
0.687,0.679,0.994,0.562,
0.561,0.556,0.751,0.402,
0.579,0.565,0.899,0.428,
0.64,0.623,0.857,0.498,
0.638,0.622,0.916,0.531,
0.647,0.63,0.996,0.491,
0.667,0.665,0.902,0.573,
0.607,0.607,1,0.446,
0.66,0.653,0.857,0.492,
0.632,0.635,0.998,0.475,
0.611,0.598,0.806,0.49,
0.646,0.637,1,0.538,
0.63,0.625,0.905,0.51,
0.644,0.626,0.951,0.554,
0.581,0.579,0.811,0.461,
0.648,0.637,1,0.468,
0.655,0.645,1,0.52,
0.609,0.599,0.791,0.52,
0.678,0.672,0.959,0.521,
0.665,0.653,1,0.504,
0.679,0.653,0.928,0.523,
0.683,0.689,0.912,0.509,
0.658,0.647,1,0.551,
0.603,0.597,0.863,0.447,
0.655,0.652,0.927,0.577,
0.668,0.668,0.919,0.526,
0.618,0.617,0.925,0.51,
0.617,0.593,1,0.454,
0.582,0.578,0.783,0.446,
0.618,0.615,0.918,0.539,
0.566,0.565,0.856,0.449,
0.676,0.676,0.913,0.515,
0.608,0.608,0.78,0.514,
0.71,0.704,0.913,0.6,
0.648,0.643,0.81,0.515,
0.581,0.577,0.846,0.487,
0.573,0.567,0.812,0.473,
0.637,0.619,0.887,0.518,
0.605,0.595,0.932,0.461,
0.646,0.643,0.939,0.537,
0.612,0.603,0.926,0.443,
0.674,0.646,0.986,0.507,
0.673,0.671,1,0.564,
0.606,0.588,1,0.48,
0.616,0.611,0.861,0.5,
0.674,0.669,0.957,0.586,
0.561,0.554,0.947,0.44,
0.716,0.714,0.985,0.607,
0.677,0.671,0.863,0.556,
0.632,0.625,0.814,0.526,
0.573,0.568,0.781,0.468,
0.61,0.602,0.893,0.513,
0.599,0.599,0.788,0.497,
0.561,0.556,0.81,0.438,
0.628,0.627,0.993,0.503,
0.697,0.694,0.917,0.597,
0.608,0.604,1,0.469,
0.671,0.671,0.942,0.555,
0.688,0.675,1,0.555,
0.649,0.648,0.845,0.557,
0.638,0.641,0.922,0.523,
0.672,0.663,1,0.513,
0.748,0.756,0.99,0.592,
0.699,0.691,0.98,0.583,
0.61,0.601,0.914,0.5,
0.671,0.673,1,0.559,
0.66,0.656,0.998,0.494,
0.659,0.651,0.941,0.572,
0.66,0.651,0.95,0.593,
0.611,0.607,0.969,0.421,
0.648,0.633,1,0.542,
0.533,0.53,0.807,0.425,
0.662,0.654,0.906,0.569,
0.56,0.562,0.822,0.38,
0.677,0.672,0.93,0.52,
0.655,0.649,0.977,0.53,
0.582,0.585,0.693,0.455,
0.564,0.557,0.886,0.445,
0.687,0.683,0.993,0.605,
0.627,0.611,0.903,0.527,
0.659,0.643,0.979,0.571,
0.543,0.548,0.895,0.412,
0.616,0.609,0.894,0.46,
0.639,0.642,1,0.525,
0.68,0.668,0.983,0.556,
0.504,0.488,1,0.36,
0.646,0.639,0.929,0.559,
0.711,0.704,1,0.631,
0.646,0.632,0.945,0.49,
0.727,0.726,1,0.638,
0.613,0.61,0.807,0.506,
0.723,0.724,0.924,0.633,
0.67,0.655,0.868,0.471,
0.68,0.674,0.933,0.547,
0.693,0.702,0.859,0.476,
0.644,0.644,0.928,0.503,
0.666,0.667,0.864,0.549,
0.636,0.628,0.95,0.524,
0.524,0.516,1,0.354,
0.586,0.579,0.828,0.471,
0.685,0.679,0.985,0.594,
0.701,0.69,0.99,0.58,
0.649,0.639,1,0.532,
0.642,0.636,0.948,0.554,
0.682,0.683,0.936,0.541,
0.626,0.621,0.936,0.522,
0.595,0.595,0.937,0.437,
0.692,0.696,0.895,0.598,
0.656,0.656,0.972,0.496,
0.699,0.694,0.899,0.598,
0.663,0.658,0.921,0.577,
0.701,0.706,0.859,0.59,
0.592,0.577,0.878,0.501,
0.683,0.683,1,0.504,
0.665,0.663,0.805,0.513,
0.654,0.646,1,0.508,
0.667,0.661,0.871,0.558,
0.61,0.607,0.899,0.52,
0.646,0.645,0.856,0.519,
0.59,0.573,0.81,0.494,
0.595,0.589,0.909,0.467,
0.648,0.643,0.882,0.44,
0.696,0.699,0.906,0.578,
0.54,0.525,1,0.419,
0.662,0.66,0.851,0.509,
0.684,0.669,0.96,0.625,
0.56,0.551,0.823,0.446,
0.657,0.647,0.898,0.551,
0.636,0.641,0.935,0.469,
0.674,0.677,0.946,0.57,
0.623,0.619,0.829,0.568,
0.695,0.7,0.944,0.597,
0.594,0.593,0.97,0.449,
0.632,0.625,0.941,0.515,
0.632,0.623,1,0.485,
0.587,0.587,1,0.424,
0.63,0.617,0.896,0.548,
0.615,0.615,0.865,0.526,
0.644,0.652,0.88,0.496,
0.67,0.661,0.944,0.527,
0.559,0.563,0.857,0.441,
0.623,0.61,1,0.493,
0.69,0.695,0.911,0.566,
0.601,0.601,0.923,0.476,
0.615,0.612,0.845,0.467,
0.575,0.566,0.888,0.474,
0.526,0.518,0.803,0.46,
0.588,0.589,0.887,0.485,
0.655,0.662,0.842,0.581,
0.679,0.671,1,0.574,
0.686,0.683,0.88,0.536,
0.718,0.722,0.999,0.562,
0.652,0.645,0.913,0.447,
0.605,0.597,0.889,0.522,
0.667,0.653,1,0.555,
0.606,0.601,0.795,0.461,
0.584,0.578,0.795,0.492,
0.663,0.663,0.937,0.571,
0.643,0.639,0.906,0.526,
0.697,0.692,1,0.58,
0.639,0.646,0.927,0.497,
0.632,0.631,0.754,0.483,
0.667,0.662,0.921,0.58,
0.605,0.593,0.876,0.47,
0.655,0.651,0.983,0.555,
0.644,0.639,0.938,0.542,
0.673,0.675,0.838,0.5,
0.61,0.599,0.902,0.485,
0.58,0.571,0.839,0.522,
0.592,0.589,0.791,0.454,
0.664,0.662,0.921,0.53,
0.702,0.686,0.985,0.625,
0.585,0.565,0.983,0.473,
0.605,0.605,0.831,0.514,
0.669,0.669,0.997,0.507,
0.6,0.594,0.994,0.452,
0.689,0.688,0.989,0.55,
0.553,0.544,0.798,0.432,
0.728,0.724,0.961,0.57,
0.663,0.653,0.817,0.551,
0.626,0.622,0.838,0.493,
0.716,0.72,1,0.565,
0.66,0.671,0.878,0.518,
0.555,0.542,0.899,0.437,
0.693,0.69,1,0.58,
0.548,0.528,1,0.407,
0.671,0.657,1,0.55,
0.615,0.621,0.868,0.479,
0.599,0.589,0.836,0.462,
0.59,0.575,0.931,0.454,
0.723,0.719,0.95,0.587,
0.562,0.553,0.829,0.446,
0.656,0.649,0.972,0.493,
0.616,0.606,0.91,0.511,
0.544,0.542,0.825,0.459,
0.6,0.587,0.881,0.509,
0.635,0.631,0.961,0.556,
0.67,0.657,0.938,0.559,
0.589,0.585,1,0.439,
0.615,0.611,0.892,0.494,
0.617,0.609,0.751,0.517,
0.555,0.548,0.901,0.445,
0.572,0.563,0.979,0.43,
0.568,0.565,0.894,0.477,
0.534,0.523,0.919,0.434,
0.558,0.544,1,0.443,
0.609,0.609,0.926,0.506,
0.519,0.508,0.879,0.384,
0.564,0.548,0.951,0.464,
0.571,0.567,1,0.438,
0.596,0.582,0.978,0.495,
0.521,0.498,0.911,0.395,
0.579,0.568,0.997,0.487,
0.507,0.509,0.888,0.374,
0.61,0.597,0.991,0.525,
0.632,0.635,1,0.497,
0.538,0.53,0.885,0.431,
0.547,0.536,0.94,0.405,
0.574,0.56,1,0.464,
0.614,0.604,0.976,0.407,
0.566,0.558,1,0.464,
0.61,0.603,0.967,0.469,
0.544,0.535,0.938,0.456,
0.629,0.615,0.999,0.546,
0.642,0.639,0.969,0.565,
0.574,0.581,0.903,0.471,
0.597,0.589,0.962,0.512,
0.588,0.573,1,0.484,
0.552,0.546,0.81,0.465,
0.512,0.51,0.854,0.43,
0.57,0.567,0.97,0.404,
0.529,0.532,0.797,0.418,
0.512,0.508,0.853,0.423,
0.594,0.588,0.939,0.478,
0.59,0.58,0.983,0.502,
0.619,0.61,0.984,0.525,
0.532,0.524,0.833,0.47,
0.548,0.536,0.893,0.442,
0.58,0.565,1,0.452,
0.59,0.583,0.855,0.481,
0.537,0.532,0.778,0.443,
0.588,0.583,0.994,0.478,
0.604,0.595,1,0.406,
0.61,0.608,0.965,0.508,
0.59,0.571,1,0.49,
0.589,0.581,1,0.464,
0.514,0.514,0.826,0.402,
0.565,0.56,0.917,0.454,
0.588,0.579,0.983,0.506,
0.546,0.536,1,0.365,
0.577,0.577,1,0.451,
0.616,0.603,1,0.523,
0.533,0.534,0.905,0.412,
0.564,0.555,0.924,0.43,
0.617,0.611,0.929,0.537,
0.556,0.552,0.866,0.458,
0.574,0.57,1,0.47,
0.555,0.546,0.915,0.388,
0.583,0.577,0.906,0.447,
0.551,0.546,0.919,0.436,
0.556,0.542,0.947,0.435,
0.516,0.5,1,0.414,
0.551,0.545,0.804,0.452,
0.541,0.531,1,0.448,
0.585,0.576,1,0.427,
0.554,0.54,0.946,0.444,
0.578,0.575,0.92,0.455,
0.51,0.5,0.884,0.409,
0.521,0.523,1,0.377,
0.431,0.425,0.786,0.329,
0.567,0.55,0.97,0.423,
0.619,0.623,0.969,0.514,
0.582,0.581,0.995,0.459,
0.555,0.558,0.882,0.418,
0.488,0.479,0.876,0.373,
0.589,0.588,0.907,0.481,
0.541,0.533,0.838,0.421,
0.51,0.512,0.908,0.379,
0.608,0.598,0.965,0.472,
0.499,0.493,0.811,0.381,
0.512,0.506,0.903,0.379,
0.6,0.589,1,0.462,
0.588,0.582,0.973,0.508,
0.499,0.5,0.829,0.341,
0.588,0.594,0.888,0.467,
0.56,0.544,0.993,0.446,
0.53,0.523,0.804,0.407,
0.612,0.607,1,0.507,
0.588,0.582,0.998,0.452,
0.519,0.508,0.972,0.387,
0.581,0.569,0.967,0.512,
0.514,0.512,0.978,0.388,
0.581,0.574,0.95,0.467,
0.634,0.629,1,0.54,
0.568,0.56,0.867,0.459,
0.527,0.522,0.845,0.386,
0.541,0.53,1,0.425,
0.511,0.502,0.856,0.447,
0.59,0.585,0.964,0.5,
0.54,0.528,0.983,0.42,
0.528,0.527,0.89,0.44,
0.526,0.515,0.983,0.435,
0.613,0.615,0.932,0.515,
0.509,0.512,0.884,0.367,
0.571,0.56,0.872,0.483,
0.593,0.571,0.974,0.484,
0.572,0.561,0.898,0.468,
0.636,0.625,1,0.534,
0.576,0.567,1,0.452,
0.66,0.653,1,0.564,
0.561,0.551,1,0.424,
0.506,0.496,0.828,0.379,
0.585,0.571,1,0.464,
0.565,0.54,0.889,0.454,
0.56,0.559,0.979,0.45,
0.559,0.563,0.859,0.41,
0.588,0.573,0.941,0.47,
0.607,0.607,0.916,0.499,
0.609,0.602,0.927,0.507,
0.535,0.526,0.907,0.461,
0.636,0.625,1,0.495,
0.579,0.569,0.957,0.437,
0.617,0.617,1,0.45,
0.472,0.474,0.784,0.371,
0.551,0.542,0.913,0.361,
0.575,0.568,0.984,0.487,
0.571,0.565,0.95,0.482,
0.536,0.512,1,0.418,
0.493,0.485,0.753,0.411,
0.459,0.45,0.822,0.346,
0.57,0.565,0.921,0.498,
0.573,0.568,0.995,0.477,
0.55,0.543,0.853,0.453,
0.57,0.566,1,0.475,
0.555,0.555,0.907,0.44,
0.498,0.487,0.858,0.381,
0.529,0.525,0.869,0.429,
0.545,0.544,0.975,0.419,
0.592,0.583,1,0.478,
0.63,0.62,0.973,0.494,
0.614,0.607,0.97,0.521,
0.521,0.524,0.868,0.415,
0.589,0.584,0.902,0.462,
0.61,0.604,0.973,0.5,
0.523,0.508,0.952,0.396,
0.596,0.587,0.922,0.507,
0.591,0.594,0.874,0.447,
0.605,0.599,0.953,0.514,
0.531,0.526,1,0.419,
0.504,0.495,0.863,0.434,
0.544,0.538,0.804,0.42,
0.569,0.56,0.878,0.46,
0.565,0.553,0.958,0.478,
0.587,0.587,0.888,0.505,
0.622,0.617,0.933,0.524,
0.572,0.562,0.996,0.498,
0.587,0.583,0.959,0.465,
0.553,0.552,0.959,0.418,
0.536,0.534,0.862,0.44,
0.511,0.512,0.797,0.406,
0.607,0.595,0.931,0.531,
0.575,0.572,0.82,0.46,
0.602,0.593,1,0.485,
0.536,0.522,0.915,0.431,
0.565,0.556,0.909,0.455,
0.559,0.554,0.815,0.384,
0.505,0.49,0.853,0.432,
0.566,0.562,0.938,0.473,
0.529,0.512,0.913,0.426,
0.567,0.558,0.955,0.447,
0.542,0.536,0.848,0.475,
0.554,0.54,1,0.433,
0.585,0.581,1,0.471,
0.516,0.505,0.892,0.418,
0.568,0.558,0.987,0.503,
0.506,0.504,0.764,0.378,
0.624,0.621,0.991,0.447,
0.585,0.577,0.983,0.46,
0.571,0.562,0.944,0.477,
0.577,0.577,0.974,0.484,
0.605,0.605,0.924,0.496,
0.527,0.512,0.958,0.419,
0.571,0.562,0.955,0.501,
0.537,0.528,0.816,0.457,
0.583,0.579,0.953,0.459,
0.558,0.544,0.989,0.44,
0.627,0.621,0.943,0.471,
0.569,0.552,0.887,0.459,
0.528,0.535,0.787,0.325,
0.507,0.501,0.763,0.426,
0.601,0.599,0.956,0.442,
0.546,0.554,0.898,0.401,
0.632,0.629,1,0.503,
0.698,0.7,0.924,0.59,
0.669,0.671,0.986,0.554,
0.568,0.571,0.749,0.465,
0.674,0.667,1,0.578,
0.695,0.69,1,0.554,
0.612,0.603,1,0.485,
0.65,0.641,0.937,0.562,
0.696,0.688,0.98,0.623,
0.666,0.663,0.886,0.496,
0.611,0.599,0.933,0.526,
0.661,0.653,0.93,0.554,
0.632,0.631,1,0.504,
0.629,0.621,0.838,0.496,
0.708,0.706,0.937,0.621,
0.712,0.704,0.988,0.552,
0.545,0.54,0.847,0.45,
0.587,0.578,0.893,0.504,
0.693,0.698,0.912,0.548,
0.437,0.424,0.81,0.317,
0.55,0.545,0.823,0.455,
0.606,0.597,1,0.531,
0.584,0.575,0.974,0.496,
0.558,0.551,0.813,0.452,
0.543,0.541,0.903,0.42,
0.599,0.589,0.923,0.505,
0.672,0.665,0.947,0.517,
0.632,0.623,0.897,0.465,
0.635,0.613,0.967,0.531,
0.687,0.685,1,0.578,
0.689,0.675,0.92,0.529,
0.582,0.565,0.959,0.445,
0.623,0.613,0.878,0.52,
0.48,0.472,0.796,0.406,
0.578,0.578,0.869,0.428,
0.601,0.598,0.964,0.51,
0.601,0.579,0.992,0.478,
0.563,0.564,0.858,0.47,
0.562,0.556,0.908,0.472,
0.604,0.591,0.939,0.503,
0.594,0.587,0.919,0.505,




Further Data analysis of all test cases 
avg med max min 
AVGs,0.616,0.615,0.709,0.442,
MEDs,0.611,0.611,0.702,0.451,
MAXs,0.966,0.989,1,0.752,
MINs,0.576,0.576,0.702,0.287,


AVGs,0.589,0.583,0.735,0.321,
MEDs,0.581,0.571,0.738,0.309,
MAXs,0.966,0.987,1,0.804,
MINs,0.47,0.465,0.637,0.237,


AVGs,0.607,0.605,0.748,0.431,
MEDs,0.601,0.598,0.756,0.424,
MAXs,0.921,0.93,1,0.693,
MINs,0.488,0.487,0.638,0.317,



