

Data analysis for each instance 
AVG,MED,MAX,MIN
22544.5,22296,33498,21688,
20456.82,20229,30027,20229,
19292.02,19084,29158,19010,
27656.7,27357,40663,27334,
18693.56,18582,28098,18350,
20445.32,20238,28811,20238,
19388.28,19181.5,28276,19010,
20270.84,20032,30281,20029,
19778.18,19540,29791,19534,
24440.7,24624,37937,23097,
23205.9,23023,34780,22839,
22097.4,21921,32701,21775,
24216.28,23943,35557,23943,
26340.3,26379,40929,22193,
21853.74,21643,31922,21579,
19943.54,19716,29236,19715,
25605.64,25531,39655,22034,
23308.36,23050,35788,22825,
23999.3,24104,37355,22512,
28964,28694,43134,28570,
23373.14,23130,34862,23070,
31589.56,32021.5,48100,28765,
21514.04,21249,33436,20618,
26981.34,26680,39685,26680,
18739.16,18540,27831,18489,
23313.34,23079,34230,23024,
23691.5,23481,34867,23355,
26016.48,25756,38029,25690,
20364.1,20128,30265,20128,
28854.86,28634,44027,24539,
25119.38,24795,39432,23086,
18709.22,18470,27875,18470,
23950.82,23673,35693,23665,
19939.5,19725,29102,19712,
26941.72,26655,39575,26599,
19389.86,19203,28480,19142,
21329.14,21088,31422,21088,
22621.04,22374,33015,22369,
23044.54,22823,34209,22729,
21053.96,21347,30326,20286,
20113.28,19880,29932,19880,
22855.44,22575,34517,22575,
21980.36,21781,31969,21080,
25380.52,25139,38678,24386,
25239.44,24930,38733,24846,
23552.62,23295,34341,23276,
24369.44,24155,36362,24011,
21838.42,21641,33159,20221,
20850.02,20620,30489,20620,
26216.36,25898,39771,25541,
30377.24,30041,44682,30041,
21365.3,21111,32958,21076,
20406.82,20173,29977,20173,
25326.48,24991,38403,24112,
19251.84,19021,28746,19021,
21416.4,21241,32420,20439,
25269.46,24832,40710,23363,
20740.28,20499,30911,20487,
22656.32,22395,33538,22395,
22466.5,22231,32909,22202,
21259.14,21022,31096,21008,
23761.6,23498,34831,23498,
22771.52,22514,33629,22513,
21833.68,21645,32283,21519,
20775.12,20723,29880,20376,
19170.4,18990,28212,18907,
28816.38,28718,47013,23958,
19142.48,18934,28742,18835,
32623.94,32479,50617,27947,
23140.5,22686.5,36426,21426,
23651.46,23404,35737,21777,
22480.7,22212,33489,22212,
22680.44,22426,33450,22418,
22106.3,21857,32416,21856,
23611.32,23468,35074,23204,
19471.36,19255,29568,18887,
22637.9,22408,33567,22336,
24422.18,24169,35961,24161,
18990.58,18770,28089,18770,
18235.72,18008,27454,17579,
20721.26,20578,30594,20389,
28417.46,28090.5,43011,27253,
29209.96,29021,46490,25322,
21203.46,21010,31637,20899,
23817.02,23578.5,34676,23535,
23960.6,23676,35747,23676,
23976.54,23770,36974,20734,
18995.62,18765,28766,18762,
25422.5,25110,39193,25004,
21915.18,21661,32859,21630,
26191.24,25875.5,39657,25471,
20958.94,20726,30755,20726,
20742.32,20505,30680,20503,
20322.14,20139,30831,20000,
28291.44,27941.5,45829,27768,
28938.5,28522,46779,24449,
20958.52,20736,30668,20713,
23765.26,23490,35220,23490,
21864.84,21680,32431,21540,
21916.54,21679,32400,21647,
17812.74,17627.5,26147,17588,
21591.14,21348,31640,21347,
24193.6,23918,36161,23918,
21908.86,21663,32295,21663,
23018.78,22722.5,35159,22610,
24153.84,23867,36359,23867,
24898.8,24608,37078,24608,
23300.06,23014,35196,23014,
18440.22,18398,29355,16561,
20938.14,20824,30622,20592,
40578.38,40686,65809,27137,
22840.04,22637,33757,22522,
20756.74,20550.5,30289,20382,
25318.94,25017,38238,24929,
19499.44,19283,28478,19283,
18770.74,18568,27546,18542,
21449.4,21201,32026,21201,
25651.98,25386,37724,25347,
19979.98,19766,29993,19716,
25382.52,25108,36985,25106,
26501.78,26164,39932,26153,
26070.34,25860,39319,24037,
19977.22,19734,30169,19734,
25456.26,25354.5,38844,22659,
21504.4,21248,32262,21248,
24429.98,24086,37789,23792,
19686.38,19530,29318,19378,
22210.02,21981,32444,21946,
20890.06,20719,30792,20582,
19348.1,19165,29042,19074,
19550.12,19370,29064,19274,
22838.66,22613,34199,20802,
20856.7,20631,30910,20596,
20664.14,20419,30754,20419,
21462.1,21247,31099,21216,
19882.42,19674,29177,19648,
25860.1,25585,38276,25544,
20806.52,20561,31120,20561,
24673.4,24629,39493,21288,
21297.36,21051,31707,21050,
21870.62,21895,33893,20731,
22066.34,21847,32115,21805,
22890.14,22625,34066,22625,
26227.88,25941,38284,25941,
30150,29809,44589,29809,
20880.1,20644,30664,20644,
25051.6,24760,37403,24578,
21398.32,21188,31748,21119,
23795.44,23578,35518,23448,
26544.26,27278.5,41250,25094,
25384.68,25107,36745,25107,
25288.02,25003,37347,24898,
24609.3,24292,38437,24292,
23611.16,23335,35274,23335,
20255.24,20034,29520,20011,
25305.08,25009,37963,25009,
21496.88,21262,31492,21247,
23434.36,23178,34389,23166,
17929,18026,25986,17426,
27492.9,26904,47911,22568,
21421.86,21174,31527,21174,
26688.42,26991.5,41597,25408,
23870.84,23605,35025,23605,
19782.8,19554,29665,19543,
24703.74,24407,37179,24407,
27851.98,28247.5,43785,24318,
23489.4,23230,34379,23228,
18861.34,18645,27759,18644,
22131.3,21926,33324,20791,
23106.66,22884,33897,22805,
22749.12,22499,33556,22475,
21882.48,21635,32130,21635,
20905.2,20682,31506,20627,
25695.24,25472,40063,24354,
19798.14,19561,29128,19558,
20887.38,20736,31643,20521,
20717.08,20469,31203,20469,
21531.62,21290,31621,21290,
19061.26,18856.5,28131,18824,
24575.56,24298,36253,24298,
21630.02,21368,32647,21303,
21131.1,20895,31022,20894,
22037.92,21821,32991,21728,
24366.98,24121,36926,23856,
19397.68,19186,29385,19132,
21035.18,20800,30716,20800,
23590.76,23343,34548,23313,
25949,25718,40745,25222,
28181.82,28114.5,45309,24320,
20392.34,20161,29815,20161,
26843.78,25786,43997,25385,
22951.52,22715,33566,22685,
19958.14,19732,29469,19730,
24950.46,24678,36426,24677,
21024.42,20779,31411,20779,
27644.06,26877,44003,22760,
19639.4,19420,28777,19417,
20618.52,20390,30158,20390,
21651.22,21765,31207,21087,
30136.06,30255.5,48302,26675,
22136.04,21912,32488,21865,
22546.46,22281,33582,22281,
26020.54,26521,46433,16904,
21336.84,21099,31387,21098,
20224.54,19999,29680,19999,
21617.24,21391,32519,20471,
24235.44,23965,36248,23938,
27264.06,27224,40582,25949,
23657,23387,34910,23373,
20020.24,19780,30139,19780,
20221.48,20033,30044,19934,
23876.26,23602,35351,23585,
22823.28,22635,33802,22451,
21838.68,21592,32083,21591,
22526.78,22273,33142,22273,
19389.52,19173,28414,19173,
22186.44,21949.5,33294,21308,
18903.28,18595.5,30610,17622,
23784.02,23585,36449,23132,
25311.94,25785.5,40609,20076,
22389.22,22134,33177,22134,
22072.5,21831,33000,21068,
24133.28,23849,36005,23847,
25264.12,24987,37261,24937,
22493.1,22286,33261,22182,
25259.54,25099,37670,24823,
19994.3,19765,29395,19765,
21176.44,20524.5,34505,18151,
23873.8,23608,35086,23607,
20791.56,20583,30865,20510,
22004.02,21758,32363,21753,
20199,19962,30393,19947,
21614.84,21373,31825,21370,
23394.24,23139,35274,23065,
24726.92,24576,37188,23589,
23617.28,23354,34857,23354,
27260.82,26948,40392,26948,
21133.06,21011.5,31545,20751,
17672.96,17475,25777,17475,
25228.62,24977,38978,24049,
25349.18,25070,37199,25063,
22163.52,22476,35459,19695,
21951.7,21862,33524,20899,
23197.82,22937,33966,22934,
24686.84,24417,36332,24406,
20774.24,20530,31061,20460,
22193.36,22151,37688,18783,
19626.4,19403,29174,19401,
24929.74,24639,37071,24638,
21548.32,21307,32083,21094,
28632.74,28307,42335,28307,
18870.12,18674,28113,18629,
19722.9,19569,30879,17730,
20447.34,20272,30005,20164,
25734.08,25437,38116,25437,
28987.14,28663,42654,28663,
25088.72,24846,37516,24227,
19501.28,19269,28968,19269,
28973.96,28650,42671,28650,
24372.3,24096,35846,24096,
21587.14,21379.5,32563,21283,
20899.06,20768,31052,20544,
23627.82,23363,35343,23340,
22754.44,22517.5,33663,22360,
18821.32,18597,28245,18597,
21145.02,20824,31603,20452,
22285.38,22045,33150,22006,
25089.32,24804,37143,24804,
15412.18,15363.5,25138,13656,
13847.52,13824.5,23717,11100,
14319.34,14102.5,23803,12911,
15670.18,15568,26399,13496,
15554.74,15521,26408,13846,
14524.66,14569,24792,12495,
17839.94,17747,30859,14968,
14797.46,14815.5,24897,12836,
12437.7,12377,21793,10962,
15444.12,15268.5,25674,13669,
18196.98,18452,30812,15546,
14294.82,14112,23837,13133,
15716.06,15449,26735,13800,
13996.64,13892.5,23648,12044,
14433.4,14250.5,24700,12560,
15345.32,15150.5,26131,13635,
19751.16,19345,34270,15951,
14273.98,14066,23975,12205,
18436.04,18504,33931,13761,
14438.02,14377,24410,13194,
15949.72,15869,25915,14528,
16379.42,16142,26848,15213,
14130.54,14019,23266,12575,
11416.54,11331,18984,10398,
15367.82,15264.5,26031,13652,
13964.22,13918.5,23134,12538,
15325.08,15220.5,26331,12877,
13860.02,13482,24185,12189,
14265.3,14152,24215,12586,
15900.08,15777.5,27244,13627,
15915.22,15788,26171,14666,
16305.7,16300.5,26913,15067,
14107.04,13844,23985,13278,
14303.28,14077.5,23022,12805,
11608.14,11434.5,19890,10344,
13029.64,12993,21049,11571,
17068.86,17227.5,29147,14502,
15820.42,15670.5,27114,13898,
11582.94,11424.5,19559,10431,
15127.82,14923.5,26241,12641,
13763.94,13562.5,23387,12569,
14289.04,14192,24685,11805,
12740.24,12611,21125,11403,
15369.4,15147,25954,12824,
14608.3,14401,26370,12050,
17388.52,17734.5,28953,13732,
14500.68,14300.5,24725,12507,
12922.72,12738.5,21246,12096,
13007.74,13153,21944,10100,
15594.66,15434.5,26610,13841,
14137.66,13948,22416,13948,
15365.94,15044,26042,13990,
13209.2,13071.5,23154,10346,
13505.26,13500,23038,11060,
14759.42,14710.5,24826,13491,
14425.26,14283.5,24279,12969,
16698.1,16630.5,28786,13097,
16102.96,16001,26152,14796,
15043.96,14923.5,24175,13410,
16134.68,15989,27113,13849,
15986.24,15746,26453,14106,
14876.14,14697,24872,13237,
19399.98,19559,31723,16767,
12262.96,12099.5,20387,10951,
16748.94,16565.5,27156,15285,
14502.98,14446.5,23761,13453,
14849.9,14805,24117,13489,
15118.28,15424,25950,13504,
16032.7,15998.5,26905,12575,
16056.3,16070,27896,14309,
12851.26,12684.5,21301,11753,
12463.6,12419.5,21209,11620,
12653.64,12446,21727,11716,
19381.84,18401,34697,16303,
14641.52,14453,23196,14431,
15179.14,15074,25679,13170,
18762.74,18795.5,32929,14827,
13144.28,12996,21515,12012,
14470.64,14639,24597,12246,
15516.68,15371,25895,13995,
14513.16,14397.5,23972,12929,
14093,13954,23223,12703,
17354.8,17370,29919,15212,
17874.7,17702,28693,15624,
15207.22,15243,26886,12324,
15317.32,15261,25623,12762,
13564.24,13698.5,22799,11242,
16184.16,16063.5,27086,14356,
15388.74,15444,26586,12977,
12778.4,12646.5,20603,11423,
15333.3,15068,26064,13649,
15451.4,15315,25739,13864,
14123.4,14031,23499,12359,
15078.6,14963.5,24926,12905,
17710.86,17549.5,30289,14884,
13720.8,13611,22713,12409,
15787.68,15650.5,26121,13248,
14015.8,13929,23339,12772,
18600,18345,29940,18345,
14060.62,13909.5,23361,12783,
13204,13144.5,22518,10280,
14040.7,13917,23423,12626,
16217.02,16097,26161,13126,
13583.72,13442.5,22371,11656,
12537.6,12415,20892,11556,
14891.1,14762,24730,13486,
14801.32,14672,23672,13649,
16610.94,16664,27174,14920,
12448.46,12291.5,20289,11526,
17741.7,17737,28887,14591,
17777.26,17514.5,30303,15813,
15004.08,14880,24399,12690,
16203.46,16158.5,27607,13867,
13139.6,12961.5,22646,11695,
17326.76,17294,29767,14631,
13864.2,13935.5,23156,11480,
14646.16,14532.5,23888,13265,
16103.4,15881,25781,15881,
12949.64,12799.5,21802,11912,
15006.92,14809,25344,14028,
15199.48,14988.5,25858,13679,
18446,18341,31078,15958,
13887.66,13638,27831,11667,
16494.24,16340,28928,14139,
13357.48,13307,21991,11466,
12792.9,12732,20766,11619,
15255.22,15153,24866,13398,
17460.8,17243.5,30339,15038,
16624.38,16503.5,29520,14329,
15093.48,14926,25727,13485,
15315.74,15057,25546,14287,
15479.62,15348.5,25566,13936,
14317.38,14244.5,23707,12411,
15573.86,15780,27157,13128,
13869,13765.5,22891,12415,
15710.86,15737,25301,13947,
15995.64,15912.5,27360,12732,
17312.5,17125,27962,16066,
14226.26,14292,23130,12766,
13380.28,13262.5,22652,11944,
17869.1,17738,30664,15118,
14219.14,14200,23572,12428,
13520.34,13591.5,22411,11923,
16866.16,16722,28820,13101,
13927.56,13846.5,23400,11709,
14438.9,14300,25156,13021,
12761.66,12617,21284,11453,
15701.76,15764.5,26795,12825,
18220.06,18251,30328,15490,
18166.18,17763,32153,16032,
14147.6,14039.5,23428,12337,
14386.16,14315.5,23922,12366,
15939.98,15715,27115,14276,
11923.3,11764,20885,9639,
14450.46,14239,24388,12660,
16330.7,16280,26600,14616,
16926.7,17178,27974,13152,
16404.84,16184,27847,14256,
17223.38,17100.5,29026,14948,
13277.94,13244.5,21957,12148,
21639.26,21443,35338,18172,
14478.88,14393,25207,11767,
16726,16706.5,27646,14851,
14874.16,14673.5,25137,13720,
18811.94,18987.5,32002,16261,
15237.12,14944,25925,13793,
15426.1,15125.5,25675,14242,
16454.82,16191.5,28191,14580,
14160.1,14028.5,23782,12622,
14425.2,14325.5,24063,13135,
15504.98,15278.5,26153,12240,
13007.3,12903,21072,12137,
14139,13958.5,24041,12878,
13217.74,13050,22038,12277,
15727.46,15539.5,25908,14371,
14859.9,14637,24776,13932,
18138.26,17719,31343,15530,
12354.58,12252,20982,9963,
14938.16,14787.5,25215,13394,
14782.02,14682,24687,13452,
15038.76,14854.5,24524,14047,
13986.42,13909,23355,12872,
15419.38,15250.5,25701,13756,
18604.72,18645.5,31687,15624,
16187,16363,26878,13685,
12751.82,12771,20997,10534,
14114.46,14026,23855,12358,
17103.14,16911.5,29524,15054,
16248.26,16093,27122,14483,
15164.06,14950.5,25754,13332,
14519.46,14551,24413,11820,
19332.48,19180,30925,17846,
20739.64,20506,30556,20494,
21897.94,21664,32755,21616,
24150.12,23888,36212,22928,
18950.2,18733,27871,18731,
20197.38,19952,30728,19927,
20970.74,20724,31115,20724,
21438.28,21219,31533,21161,
20194.4,19970,29524,19969,
23209.64,22932,35271,22902,
20203.4,19975,29621,19952,
20643.68,20563,30026,20261,
20348.9,20107,30384,20107,
23216.66,22946,34488,22829,
18654.6,18443,27156,18373,
23484.7,23265,34812,23164,
23080.68,22847,35464,21888,
13791.16,13733,24094,10990,
20955.86,20716,30798,20716,
18950.78,19064,32078,15915,
14897.7,14916,24130,12445,
13113.26,13036.5,21468,11976,
14411.98,14259,22891,13692,
15198.06,14948.5,25993,13409,
13983.26,13816.5,23917,11688,
24595.86,24320,36089,24320,
24571.38,24454,36183,24136,
19793.04,19615,29628,19485,
25994.8,25696,38525,25696,
20200.82,19974,29612,19973,
26646.82,26326,40253,26326,
19146.74,18417.5,33301,16139,
23956.48,23783,35813,23534,
16238.28,16246.5,27197,13246,
15928.04,15994,26201,13518,
11662.12,11613,19688,10031,
13557.04,13485,22548,12192,
14643.44,14460,24422,13064,
15881.16,15737.5,27013,12034,
17290.9,17150,30208,13572,
14492.7,14447.5,24375,12525,


23006.68,22920,32991,20515,
21323.6,20831.5,30344,20102,
20349.88,20159.5,29477,18930,
26980.34,26519.5,41093,25214,
19626.1,19392.5,28541,18526,
20514.64,20292,29744,19670,
19913.82,19745,28765,19091,
20815.5,20611.5,30575,18399,
20118.42,19916,29811,18688,
23495.58,23407.5,37275,20139,
22655.76,22625.5,35144,17880,
20438.06,20023,33619,18775,
24626.84,24442,35834,21134,
21914.12,21536.5,39642,18498,
22254.44,22062,31524,21244,
20536.54,20333.5,28781,19362,
21146.9,20904,37150,17108,
23137.1,22734.5,36818,19314,
22245.1,22032,37797,19413,
26011.38,25890,43631,22194,
23212.54,22989,34047,21167,
26045.62,25502.5,46189,22632,
19807.3,19558.5,31505,17165,
25894.72,25588,39928,24284,
19489.98,19319,27957,18594,
23158.26,22939,34388,21501,
23884.56,23677.5,34560,22628,
24670.98,24327,38790,22846,
20827.4,20543.5,30723,19774,
24940.74,24642.5,43584,20039,
21926.78,21273.5,37335,19646,
19921.1,19729,28071,18927,
23941.66,23634.5,35163,22375,
20524,20365.5,29044,19438,
26071.46,25836,39970,24542,
19855.2,19653.5,28735,19051,
22037.38,21781.5,31386,21403,
23330.24,23115,32680,22168,
23381.16,23195,34818,21993,
21375,21038.5,30682,20256,
20591.56,20392,30376,19577,
21844.68,21657,33152,19541,
22015.16,21971.5,31174,20860,
23385.04,23140,36630,20851,
20182.94,19660,38945,18261,
23640.96,23378.5,33340,22491,
23747.8,23615,36763,21320,
19787.62,19485,32537,17727,
21025.42,20901,29864,20350,
20684.32,20112.5,39468,19736,
27740.74,27561,43942,25616,
22442.46,22311,31322,20838,
20895.68,20682,30074,19868,
21548.7,21229,37502,18598,
20630.12,19992,32453,18765,
20658.62,20416,32927,18861,
21085.26,20789.5,39557,17399,
21351.68,21148.5,29714,20186,
22806.5,22461.5,33748,21633,
23092.08,22905,32943,22212,
21558.6,21387.5,31027,20090,
23603.42,23343.5,34884,22378,
23301.88,23069.5,34034,21961,
22200.38,22247,31719,19927,
21178.42,20966.5,30280,20474,
19928.72,19797.5,28085,19006,
21367.2,20020,45266,19082,
20011.06,19755.5,30507,19195,
27087.44,26400.5,50386,23862,
21672.88,21450.5,35166,18661,
22276.22,21961.5,35941,19869,
21736.76,21497,33313,18991,
22853.32,22598,33934,21589,
22399.28,22160.5,32269,21373,
21917.12,21459.5,35765,20461,
19108.72,18751.5,29984,17920,
23159.7,22848.5,34285,21710,
24255.98,23891.5,34926,21394,
19556.52,19429,27669,18444,
18767.72,18449,28237,17120,
21726.68,21489,30161,20430,
24443.58,24100.5,41498,20388,
26152.6,25431.5,45328,23893,
21803.2,21639.5,31332,19992,
23962.18,23800.5,34336,22905,
23652.44,23489.5,36368,20634,
20568.52,19377.5,36192,17694,
19624.74,19566,28671,18053,
19807.04,19074.5,40185,17649,
21593.82,21661.5,32067,19332,
23804.74,23794.5,39211,19614,
21569.68,21374.5,31093,20880,
21394.46,21247,30105,20224,
20950.22,20855.5,30767,19450,
17757.96,16926.5,46048,16078,
24543.62,23713,44790,22560,
21324.88,21279.5,29333,19928,
24174.68,23942.5,35566,21178,
21858.78,21652,31643,19890,
22248.34,22133.5,32783,20449,
18467.74,18364,24804,17349,
21704.48,21612.5,30988,19882,
22585.6,22150,35778,19157,
22140.32,21907.5,32458,20699,
22397.44,22226,36223,18745,
22959.02,22831.5,36748,19364,
23250.56,23039.5,35963,21046,
22915.1,22839.5,33261,19948,
18080.58,18120.5,28885,14645,
21605.94,21367,31076,20867,
27528.62,26600,63869,25709,
21653.76,21713.5,33555,18624,
21259.84,21106.5,30471,19657,
24112.46,23852,39364,19678,
19975.58,19774.5,28117,19293,
19227.78,19034.5,27403,18581,
21959.4,21740,32468,20099,
24521.1,24216.5,36960,22970,
21312.58,21077.5,31729,19322,
25014.82,25044,36771,22639,
26400.38,26171,39185,24545,
22667.3,22474.5,38358,18734,
19508.48,19329.5,31134,17418,
22677,22450,36763,19241,
21363.98,21106,31405,19431,
22218.38,21803.5,37210,20103,
20513.08,20362,29597,19098,
22746.54,22496,32055,21957,
21530.04,21360,30536,20411,
20248.28,19851.5,28306,18926,
20284.26,20151,28634,18853,
21290.08,21314,35143,19061,
21488.92,21238,30097,20479,
21114.1,20950.5,29449,19463,
21524.44,21291.5,30629,20612,
20525.64,20236,29294,19680,
25372.3,25116.5,38647,22885,
21054.4,20838.5,30441,19435,
19718.46,17581,38830,16657,
21605.2,21361.5,32096,20153,
20451.04,20456,33823,17017,
22680,22505,32566,21551,
23665.64,23356.5,35094,22300,
26132.56,25883,38570,24496,
26200.1,25908,45038,23301,
21440.8,21243,31433,19969,
24402.92,24217.5,36341,21814,
21633.64,21416,31597,20356,
23422.4,23211,36265,20877,
24137.64,24146,38929,19562,
24419.82,24232.5,37329,21767,
24362.6,23867,36119,22032,
17957.9,17591,37835,14789,
22487.9,22085.5,35687,20555,
21433.46,21178.5,29226,20313,
23763.2,23578.5,38006,21764,
22167.54,21897.5,31068,21040,
23365.56,23024.5,34656,21965,
18606.02,18399.5,26765,17634,
23131.82,22910,45341,18699,
21763.74,21602.5,32271,19751,
23811.06,23497.5,39859,19541,
24472.44,24242,35716,23392,
19982,19636,29650,17332,
23894.48,23570,37900,21076,
25731.26,25116.5,41776,21936,
24493.56,24236.5,35914,23466,
19562.26,19347,28031,18823,
21674.42,21444.5,33191,19519,
22662.76,22476.5,34084,20933,
22893.38,22801,34052,20582,
22459.92,22207,31543,21302,
21449.4,21249.5,31873,20385,
22703.6,22124.5,38507,19777,
20767.16,20343.5,31823,19450,
20297.68,19851.5,32053,18971,
20995.88,20667,31709,19673,
22239.46,22001.5,32257,21339,
20283.1,19768,28411,18934,
24202.04,23911,35376,22817,
20577.86,20231,34391,17907,
21662.24,21426,31361,20581,
22178.88,22111.5,32284,20317,
23706.58,23382,37567,21250,
19225.5,19126.5,28798,17828,
21266.74,21127.5,30209,19861,
23806.3,23664,34856,21766,
25052.8,24875.5,38049,22350,
23071.7,21852.5,44075,20158,
20810.68,20631.5,29203,19637,
24826.78,24534,42901,21966,
23450.8,23242,33691,22349,
20598.32,20392.5,29688,19914,
24894.3,24676,36887,23051,
21937.58,21698.5,32083,21192,
21536.92,21009.5,42812,18972,
20222.44,20170.5,29214,18490,
21168.56,20961.5,28884,20271,
22444.52,22226,32288,21488,
26049.46,25327.5,47173,21314,
22762.54,22510.5,32688,22029,
23170.48,22972.5,32559,21473,
17600.16,16912,51683,16068,
22296.64,21657.5,31615,20595,
20809.48,20558.5,29865,20003,
21259.78,20939.5,33314,19518,
24350.32,24096,37374,21283,
25730.12,25443,39582,22921,
23595.38,23356.5,33733,22361,
21313.94,21050.5,31266,19415,
20791.12,20543.5,30408,19732,
23838.94,23715.5,34409,21607,
22560.6,22292.5,35031,20371,
22855.2,22733.5,32061,21341,
22324.24,22151.5,33257,21118,
19608.5,19443.5,28098,18657,
22534.78,22294,32261,19989,
18772.52,18471.5,31192,17266,
21730.9,21231,35397,17044,
19068.32,18543.5,39593,16992,
22136,22075,33190,20551,
22190.12,21970.5,32989,20635,
23534.08,23348,35174,21021,
25014.32,24699,37472,22804,
22445.86,22190,33900,20744,
23316.9,23319.5,38972,19142,
20536.38,20327,29124,19321,
18041.64,17544,32822,15806,
23384.92,23232,35074,20875,
21029.6,20883.5,29944,19799,
22739.62,22535,32757,21103,
20639.96,20489,31455,18671,
22136.48,21930.5,31943,21060,
22280.9,21806,36346,18876,
22671.02,22282,36657,19896,
24112.32,23787.5,34698,22433,
24469.66,24522,40750,19415,
21067.44,20837.5,30246,19782,
18216.14,18022.5,25778,17490,
22443.86,21947,36846,19630,
25123.82,24890,37803,23586,
21404.16,21131,34035,19665,
20426.2,20163.5,34220,18289,
23505.7,23299.5,33376,21868,
23726.6,23613.5,37043,20846,
22003.94,21816.5,33936,19727,
18541.56,17754.5,37374,17291,
19691.66,19567,28615,18136,
24391.38,24354,39710,20161,
21631.82,21382,32434,19976,
26697.98,26278,43053,24095,
19612.12,19417.5,28301,18799,
18821.82,18407,30176,16009,
21185.2,20964.5,29558,20029,
23828.24,23453.5,38652,21074,
26282.8,25963.5,42862,23203,
23218.38,23253.5,35158,20141,
21257.14,21297,29319,19357,
25675.42,25199.5,41239,22934,
24003.46,23661.5,36165,22335,
22167.02,21776.5,33888,20361,
21320.46,21170,30567,19621,
23069.24,22924.5,34749,20756,
23059.56,22905.5,33806,21535,
20202.3,20022,29239,18823,
20145.86,20902.5,31536,15600,
21802.1,21614.5,32658,19210,
23340.78,22976.5,37094,20999,
13312.24,13008,24834,11825,
12592.84,12501.5,25325,10897,
12783.2,12496.5,23528,11473,
12443.66,12049,26366,10760,
12662.08,12385.5,25396,11003,
12384.58,12112.5,25324,10700,
13683.76,13243.5,30835,12818,
13116.98,12875.5,24947,11460,
11912.52,11595.5,21171,10814,
12549.74,12253.5,25410,10942,
15441.58,15078.5,31739,12866,
12598.64,12290.5,23977,11007,
13569.16,13259.5,26921,12061,
12879.32,12735,22647,11607,
12780.34,12517,24346,10718,
12875.28,12458.5,25210,10909,
14871.24,14370.5,32832,13648,
12963.48,12711.5,22211,11002,
13495.2,13011,32678,12472,
12887.56,12532.5,23545,11128,
13130.26,12837.5,24955,11557,
13954.48,13637,27489,12317,
13308.68,13153,23484,10753,
11207.12,11158.5,18799,9796,
13299.68,13066,26721,11172,
12286,12116.5,23103,10416,
13794.08,13443.5,25965,12259,
13007.04,12779,24523,11386,
12097.48,11923,24020,10360,
13489.78,13153,26152,11266,
13620.52,13179,26245,11891,
13198.14,12905.5,26886,11832,
11926.36,11625,24017,10426,
13179.76,12917.5,23241,11490,
10963.98,10694,20262,9649,
10717.02,10478,21398,9099,
14557.02,14106,28210,12373,
13949.72,13794.5,27212,11939,
10978.2,10829,19226,9623,
13016.42,12839,25375,11674,
12533.62,12242,23586,11240,
11349.52,10948,24043,10106,
11868.34,11634.5,21260,10221,
12557.74,12295.5,24600,11182,
11716.24,11150.5,25560,10541,
14714.68,14315.5,29454,12503,
12363.1,12236.5,23992,10846,
11759.76,11500.5,21600,10241,
10766.56,10564,21803,9209,
12412.44,12076,25889,10538,
12929.88,12590.5,22113,11545,
12996.78,12657.5,26606,11757,
11635.06,11341,22609,10154,
12126.62,11862,23195,10699,
12657.48,12358.5,25144,11230,
12970.46,12684.5,24907,11437,
13309.94,12893.5,27314,11296,
13989.54,13798,25275,11581,
13426.8,13067,24045,11786,
13761.1,13468,26083,12266,
13700.72,13362,25770,12162,
13774.82,13552,24504,11920,
14590.76,14129,31869,13372,
11516.38,11358.5,20669,9430,
13278.68,13070,26145,11758,
12881.26,12504.5,24416,11207,
12911.14,12614.5,24324,10673,
13353.42,12956.5,23868,11728,
12765.94,12385,27425,11532,
13558,13267,29602,11288,
12155.18,11977.5,20485,10857,
11027.82,10851.5,20675,9690,
11814.54,11603.5,21601,10640,
13686.32,13237,34001,12875,
12553.66,12263.5,22954,11066,
13152.36,12899.5,25637,11328,
14459.08,14190,31947,12030,
12004.74,11783.5,22001,10143,
12293.96,11890.5,24682,10236,
13713.6,13469,26443,12413,
12881.24,12657.5,23834,11226,
12135.72,11858.5,23696,10696,
12472.5,12071.5,28653,11512,
14004.16,13613,28989,12409,
12512.82,12137.5,26075,10969,
12793.44,12616.5,26227,10733,
12712.1,12602.5,23074,10001,
14061.24,13735.5,27051,12678,
13219.08,12891,26992,10975,
11478.96,11198,20817,10394,
13074.44,12783,26168,10823,
13240.56,12845,25936,11468,
12702.22,12451.5,23895,11130,
13108.76,12812.5,24994,10898,
15384.06,15120,30688,12913,
11367.5,11065,22802,9362,
13691.96,13536.5,26170,11937,
11802,11427,23576,10388,
13674.62,13160,30169,12160,
12904.84,12685,25088,11322,
12184.46,11847.5,22933,10369,
12445.96,12111,23096,11318,
14099.44,13919.5,25160,11928,
12149.22,11865,22300,10824,
11226.68,10915,21263,9655,
12970.22,12665.5,24355,11553,
12954.2,12761.5,23736,11188,
13498.54,13239.5,26537,11907,
11665.28,11496.5,20137,10030,
14738.24,14596.5,27731,12455,
14136.22,13533.5,29220,12348,
12162.02,12032,24802,10209,
13633.8,13339,27481,11994,
11412.8,11097.5,21836,9748,
14460.08,13926,30146,12971,
12326.2,11994,22956,10763,
12686.26,12401,24176,11479,
12661.88,12518,26077,11025,
12150.06,11889.5,21890,10974,
12843.72,12647,24581,10813,
13131.44,12976.5,25294,11308,
12902.28,12370.5,29918,11762,
13002.86,13046,27232,10738,
13998.84,13781,27514,11617,
11804.22,11439,22047,10302,
11477.26,11298,20723,9542,
12789.2,12477,25377,10445,
15159.7,14693,30650,13560,
14055.48,13585,30574,12879,
13600.88,13331.5,25863,12183,
12597.46,12364,25177,10765,
13754.96,13499,25758,12099,
12340.28,11870.5,23713,10616,
13656.48,13368.5,26383,12493,
12358.48,12164.5,22184,10235,
13335.62,13059.5,25129,11718,
13822.92,13577.5,26210,12269,
13567.16,13289,26950,11676,
12450.72,12189.5,21945,10881,
11777.16,11539,22132,10688,
14306.38,13957,29959,12199,
12220.96,11799.5,23846,10562,
11706.92,11540,23306,9684,
12654.82,12151.5,29033,11836,
12916.28,12775,23125,11161,
10399,10083.5,24862,9588,
11672.38,11390.5,22032,10099,
13928.34,13779.5,27346,11679,
14120.88,13948.5,29793,11992,
14922.78,14733.5,31173,12684,
12615.62,12334.5,23657,11253,
12177.46,11805.5,24161,10924,
13933.42,13645.5,27188,12288,
11805.72,11590,21992,10013,
13354.2,13069,23433,11595,
12829.5,12559.5,26697,11160,
13053.78,12513.5,26894,11586,
13706.76,13417,28588,11900,
14511.14,14241.5,28326,12808,
12706.12,12547,22263,11089,
16834.94,16440,34235,14552,
12477.34,12149,24390,10924,
14035.26,13866,27806,12353,
12975.18,12763,25554,11390,
14730.08,14306,29743,13010,
13066.5,12696,25532,11239,
13535,13356.5,25241,11414,
14248.32,13941.5,26457,11710,
12816.7,12601.5,24335,11250,
13199.18,12910,23975,11674,
13647.42,13341,25242,12024,
11072.36,10952.5,21095,9303,
11965.48,11719.5,23410,10314,
11953.12,11640.5,22069,10645,
13744.94,13551,26265,12020,
12924.48,12541,25088,11044,
15151.18,14946.5,29811,12657,
11298.56,11197,21091,9457,
12760.38,12540,24801,11222,
12697.94,12473,24780,11068,
12903.16,12642.5,23808,11246,
12093.58,11675.5,23513,10727,
12797.98,12482.5,26120,11602,
14225.62,13789,30883,12821,
13301.54,12889.5,26552,11410,
11799.34,11553.5,21181,10614,
12797.14,12533.5,24198,11401,
14317.7,13913,30435,12342,
13520.38,13141.5,27203,12343,
12765.56,12458.5,25367,10950,
12685.18,12468.5,24042,11305,
14526.84,13989.5,30093,12318,
21323.42,21081,30617,20196,
22126.52,21897,32075,20839,
23286.16,23106.5,36493,20241,
19504.04,19274,28000,18465,
18927.8,18625,30495,17096,
20876.92,20623.5,30436,19466,
21821.72,21597.5,31652,20548,
20584.76,20440.5,29175,19583,
17780.14,16900.5,34626,15325,
20672.36,20471,29510,19718,
21671.42,21244.5,30563,20170,
20694.3,20439,29254,18852,
23041.48,22806,33051,21232,
19251.78,19123.5,26295,18584,
23774.86,23740.5,34043,21450,
22512.64,22546.5,35094,19073,
11277.1,10958,23707,10329,
21410.72,21277.5,30993,20346,
14578.66,13635.5,30812,12846,
12474.74,12094.5,24769,11177,
12133.64,11988.5,21293,10530,
13014.16,12719,22791,11258,
13672.66,13371,23909,12462,
12033.5,11822,24322,10067,
24782.94,24536,36443,23270,
24229.56,24107.5,36464,21842,
20352.12,20152,28613,19022,
24094.8,23608,34421,20583,
20906.74,20666.5,29935,20192,
24573.32,23841.5,40040,21423,
18753.2,18685.5,31376,15661,
24117.82,23768,36219,21880,
13771.66,13498,26775,11915,
12769.88,12472.5,26509,11299,
10923.44,10687,19808,9732,
11764.14,11463,21821,9605,
13381.48,13220,23970,11694,
13179.24,12976,27988,11143,
14092.56,13664,28833,12620,
13349.72,13116,24363,11451,


19993.08,19751,29172,19023,
21250.04,21093.5,31032,20023,
21002.78,20763.5,30768,19562,
23633.66,23403,34336,22107,
21233.14,21025,30494,20284,
20345.52,20183.5,28926,19282,
20988.42,20837.5,30207,20133,
20909.46,20781,30791,18817,
19991.22,19838,29099,18897,
24759.18,24624,33451,22220,
20445.26,20296.5,30023,19164,
20063.04,19962.5,29995,18476,
23133.46,22975,33850,22092,
22965.36,22764.5,31932,21157,
21388.7,21198,29933,20180,
22114,21933.5,31406,20633,
26384.4,26244,37150,24007,
22461.16,22421,33767,20188,
23887.18,23718.5,36217,21317,
25012.68,24570,38857,20381,
22562.08,22344,31407,20671,
27087.16,26654.5,41919,23663,
22342.4,22230,31518,19521,
21778,21543,31531,20952,
19869.52,19760.5,28885,18161,
22138.02,21975,31893,20877,
22552.22,22303.5,32453,21470,
21117.1,20884.5,30743,20131,
20046.92,19885.5,29180,19212,
22102.72,21700,36130,21270,
23799.04,23527,37335,21880,
21647.74,21752,31983,19071,
23356,23164,33870,20866,
19335.82,19146.5,27277,18388,
25030.98,24819.5,36235,23741,
19752.06,19543.5,28232,18834,
20995.18,20761.5,30235,20390,
20877.66,20703.5,29157,19593,
21696.74,21442,31731,20431,
21971.92,21811,31702,20758,
20599.1,20456,30376,19266,
24330.96,24194,33996,21534,
18925.6,18710.5,27040,18130,
24489.08,24332,36762,22246,
25127.46,24579,38945,22830,
20227.52,20073.5,28964,19377,
24400.4,24122,36159,22162,
22449.18,22284,32981,20788,
19840.16,19733.5,28489,18896,
25276.14,25389.5,38709,22722,
26589.38,26427.5,38180,22997,
22985.46,22850.5,33064,21640,
20377.64,20139,29599,19608,
24117.32,23798.5,36850,21660,
22261.14,22000,32864,21187,
20119.9,19964.5,29927,18173,
23153.14,22995,34496,21081,
21336.78,21144.5,29827,20368,
23981.76,23938,36014,21503,
22200.66,22057,31863,20430,
19741.9,19512.5,29063,18563,
22789.7,22586.5,32467,21981,
21689.46,21487.5,31375,20771,
22466.66,21985,31269,20795,
20527.24,20281.5,30013,19669,
19950.6,19767.5,28323,19110,
31041.64,30699,45266,29237,
19708.64,19303.5,30296,18737,
27585.84,27172,43484,26914,
20387.26,20177.5,29570,19837,
22096.28,21843.5,32607,20860,
20636.36,20410.5,29265,19600,
23045.76,22750.5,33934,22083,
21424.48,21257.5,31056,20233,
23500.34,23324.5,35195,22140,
19622.02,19503.5,28807,17886,
22529.6,22296,32677,21262,
22054.28,21828.5,32254,21083,
18463.24,18330.5,25088,17221,
19241.52,19026,28420,18368,
19910.96,19736,27585,18907,
23460.88,23083.5,36231,21277,
28589.12,27365,45754,24770,
20238.22,20058,28335,18627,
20910.4,20719,29323,20043,
25428.62,25236,37300,23839,
25596.76,25369,36355,24276,
18655.96,18355.5,25928,17533,
26196.4,25829.5,40185,24563,
20976.92,20791,29839,19761,
23439.2,23111,34396,21412,
20746.96,20522.5,29573,20264,
20281.18,20190,28877,19203,
19181.9,19130,27645,17760,
29475.12,29126.5,46048,27991,
25001.72,24844.5,38735,22254,
19774.52,19573.5,28629,19096,
22291.74,22116.5,32481,20962,
22387.22,22217,32078,21032,
19098,18852.5,27320,18359,
18998.34,18888.5,25716,17938,
21222.94,21035,30316,20541,
21585.54,21482,31786,20299,
18654.16,18477,26684,17899,
24143.42,23946.5,36223,22505,
23552.84,23255.5,34781,22351,
24406.24,24211,34224,22011,
22624.3,22444,33329,19764,
19019.04,18419,28133,16398,
21737.58,21457,31196,20928,
43764.26,43260,63869,41104,
19926.24,19708,28172,18684,
20623.22,20400,29622,19834,
26286.6,26090,39535,23748,
19990.02,19831.5,28351,19110,
18278.86,18108,25986,17602,
19695.26,19611.5,28758,18699,
22169.66,21965.5,31119,21078,
19884.86,19653.5,28264,19164,
22282.38,22077.5,31891,20096,
23970.94,23754,34418,23091,
25288.28,25158,35605,23463,
21762.04,22170.5,32627,18940,
25073.86,24934,35660,22742,
21267.3,21103,30318,20179,
25857.22,25742,38667,23057,
20178.96,19856,28959,19279,
20761.68,20607,29185,19449,
20442.68,20300.5,28961,19310,
22509.92,22451.5,32751,21116,
20313.82,20188.5,29001,19316,
20761.08,20379,30751,20088,
22190.08,21927.5,30884,20608,
21141.3,21030.5,29726,19378,
20529.56,20376.5,28840,19521,
20528.94,20329,29615,19747,
26054.94,25763,38682,24619,
21317.54,21121.5,30395,20288,
23061.66,22799.5,33329,22093,
21890.32,21760.5,31735,19610,
18546.58,18378.5,27465,17447,
21648.9,21472.5,30973,20183,
21809,21489,31926,20568,
24030.22,23858,34302,23102,
26607,26368,38869,25329,
21107.78,20812.5,30366,20156,
23458.34,23237,33429,21440,
20682.58,20505.5,29228,19951,
22348.36,22120,32735,20718,
25165,25018.5,37148,21956,
23393.4,23166,34512,21333,
26695.42,26574.5,37677,24176,
25488.88,25442.5,37835,21882,
22949.06,22704.5,33951,21699,
22533.58,22314,31596,21547,
23460.08,23344,34963,21963,
23858.12,23643,34203,23032,
21085.52,20879,29841,19453,
18533.92,18389,26459,17530,
31341.2,30897,45341,28965,
22099.1,21895.5,31942,20945,
27971.8,27712,39859,26334,
22535.86,22285.5,32110,21662,
19845.16,19604.5,29185,18347,
23363.64,23053,34322,21034,
28895.9,28718.5,41363,26252,
19892.5,19684.5,28568,19200,
20237.74,20041.5,29022,19502,
22764.92,22555.5,33191,21929,
23610.84,23408,34953,21817,
21579.44,21335,32888,19866,
21790.98,21618,30137,20878,
19946.18,19852.5,29355,18434,
23852.36,23816,34998,21500,
20392.86,20140.5,29271,19521,
21615.1,21397,31668,20732,
22422.26,22127.5,32981,21199,
21778.24,21566.5,31246,20874,
19504.88,19315,28050,18693,
22493.3,22280,31866,20848,
23666.08,23472.5,34392,21416,
20632.8,20375,29624,19754,
22416.94,22245,31828,21309,
25368.24,25070,37929,22962,
19986.68,19764,28849,18293,
20332.46,20079,28604,19425,
21517.96,21277.5,30715,20432,
23954.82,23753,34096,21701,
29988.6,29756.5,44075,28333,
20840.5,20632,30424,19790,
29416.2,29130,42901,27111,
21663.24,21419.5,30958,21255,
20159.12,20005.5,28988,19606,
20592.68,20424.5,29576,19628,
20953.34,20614,30910,18976,
27920.8,29118,42812,22885,
20280.92,20139,29042,19145,
19179.32,19002.5,27086,18446,
21854.44,21608.5,31507,20723,
31105.16,31100.5,45864,27942,
22071.64,21883,31896,21416,
23289.56,23089,32533,21681,
30954.02,30260,51683,28152,
20045.6,19826,28857,19427,
18745.32,18452.5,25201,17160,
22550.66,22417.5,33277,20698,
25736.84,25678.5,38577,23188,
23078,22827.5,33974,21354,
23821.24,23599.5,33337,21505,
20112.9,19947,29457,19143,
20761.82,20584.5,29436,19837,
22795.48,22586.5,32031,21514,
20394.36,20083,30185,19434,
19034.28,18805,27312,18319,
19913.24,19780.5,28905,18850,
18311.36,18153.5,26186,17657,
23700.66,23471.5,33597,22507,
20002.58,19996,30615,18444,
24607.32,24450,35397,23185,
26870.7,26623.5,39593,23154,
21566.76,21479,30905,20102,
21664.56,21481.5,31178,20750,
21346.76,21127,29344,20116,
21684.86,21479.5,31005,20005,
22445.18,22166.5,33009,21653,
25020.3,24948,37331,22810,
21466.94,21180.5,30238,20288,
20865.54,20761.5,31120,19133,
21545.96,21098.5,30697,20703,
20799.64,20637,29736,19233,
20462.2,20183.5,29431,19120,
21882.22,21704.5,32805,20010,
20866.1,20621.5,29789,19709,
24377.18,24073,36346,22403,
22859.7,22626.5,32752,20785,
20201.52,19977.5,29410,19476,
23266.9,23146.5,34930,20766,
22291.62,22078,31817,20950,
18609.1,18440.5,26372,17750,
26282.34,26034,38330,23917,
22913.68,22687.5,33251,21905,
22923.64,22936.5,34035,20954,
21968.88,21865.5,34818,18899,
23138.78,22924.5,33483,21642,
19973.3,19834.5,29050,18741,
22892.78,22694.5,33252,21821,
23472.98,23228.5,36263,22411,
17949.52,17748.5,25472,17164,
27822.06,27565,41221,25388,
20945.38,20677,30935,19314,
28293.72,27965,42053,25683,
20473.66,20317,29565,19829,
20992.88,20823,30176,19397,
21747.88,21628.5,30431,20294,
23404.98,23248,34664,21516,
25675.62,25514,37626,24158,
22086.1,21855,30457,20669,
20589.46,20473,29416,19428,
24739.82,24404,35271,23105,
24474.14,24119.5,36104,22917,
20519.32,20420.5,30165,18498,
20656.78,20588,29085,17683,
20886.04,20489.5,30518,19519,
22240.5,22034.5,32368,21201,
19124.72,18926,27856,18488,
19989.82,19840,28489,18682,
19643.98,19515.5,27677,18579,
22662.3,22575.5,33127,20921,
13820.36,13573.5,22367,12666,
15081.4,15022,24352,13162,
13415.7,13263,21665,12512,
14800.98,14675.5,23210,14092,
15954.32,15765.5,24805,14444,
14237.32,14013.5,24091,13102,
15610.38,15467,26907,13937,
15895.6,15670,26522,14439,
13503.46,13437,22087,12170,
14963.74,14846.5,24516,13820,
16640.72,16397,29164,15263,
13886.72,13839,23012,12977,
14437.48,14164.5,24450,13032,
14541.88,14450.5,23342,13125,
15525.04,15259.5,25823,13586,
14117.44,13919,23164,13319,
19061.16,19109,30913,15847,
16313.22,16535,26553,13746,
20964.66,20748,32678,19835,
15594.06,15404.5,24968,14438,
15462.9,15318,25609,13937,
15952.38,15764.5,26142,14669,
13995.68,13792,23785,12219,
12370.34,12193.5,19019,11720,
14496.1,14225.5,24941,13072,
13597.22,13470.5,22619,12173,
16091.28,16018,26295,14321,
13976.38,13950.5,23093,12432,
12899.9,12719,21196,11196,
16106.12,15868.5,27192,14625,
13912.9,13677.5,22777,12986,
14197.64,13939,23329,13611,
14320.58,14039,24197,13341,
13611.1,13421.5,22652,12620,
12266.84,12109.5,20410,10631,
11563.1,11401,18894,10597,
15040.46,14874.5,25883,13441,
17275.34,17034,28585,15475,
11588.8,11493.5,18627,10645,
12559.28,11835.5,24115,11443,
14199.48,14048,23435,12925,
15430.68,15618.5,24553,12860,
13922.16,13754,22427,13201,
15690.2,15544,25075,14372,
13605.9,13486.5,22645,12756,
15176.42,15061,24257,13835,
14345.42,14203,23238,12898,
12998.7,12820.5,21742,11851,
10627.76,10484.5,19371,9502,
15240.58,15052,25162,14539,
16045.16,15792.5,25727,14851,
14560.26,14336.5,23957,13196,
13405.26,13306,21436,11856,
14336.02,14157,23463,12882,
14028.8,13816,23484,12829,
14613.28,14509.5,24334,13295,
15374.32,15052.5,24220,13900,
15114.86,14686.5,25275,13340,
13852.26,13662,22619,13058,
15980.18,15673.5,25468,14811,
16451.08,16229.5,26406,15143,
13713.68,13574.5,21839,12681,
19326.74,19103.5,31784,18057,
13633.6,13535.5,22382,12634,
14772.8,14517,25807,13450,
14359.2,14200,23361,12593,
13857.2,13649,23033,12551,
15388.92,15162.5,23868,13127,
12597.74,12387,20793,11039,
16817.68,16718.5,27395,15395,
13277.06,13163.5,21522,12340,
12958.4,12877.5,21007,11718,
12067.44,11900.5,18760,11447,
15728.64,15321,30349,14353,
13736.48,13419.5,22249,12674,
14868.14,14805.5,23828,13392,
16410.06,16024.5,26359,14627,
13975.78,14021,22869,12393,
13008.62,12986.5,21105,12099,
13533.42,13358.5,22625,12333,
15599.36,15371.5,25689,14614,
14462.14,14222.5,23899,13426,
13926.76,13439.5,27258,12384,
16360.56,16063.5,27537,15041,
15577.46,15428.5,23859,14122,
13061.22,12890.5,21572,12247,
15781,15784,27076,13620,
15741.64,15573.5,25837,14007,
16952.76,16629.5,28481,14537,
12437.94,12244,20548,11497,
14672.84,14658,27791,12297,
14520.98,14310.5,24547,13274,
15185.32,15043,25336,13949,
14151.92,13938.5,23292,13124,
15756.68,15747.5,25686,13257,
15315.06,15140.5,25608,13831,
13600,13440.5,22608,12619,
13940.28,13818,23064,12885,
16745.94,16536,27538,15728,
13021.56,12859,21037,12198,
13755.76,13478.5,23225,12239,
13810.04,13679.5,22485,12434,
14587.3,14412,22637,13508,
13311.68,13230,21885,11701,
13265.72,13254.5,21412,11525,
15044.88,14964,24256,13291,
15703.76,15595.5,26085,14295,
15709.14,15545.5,25667,13995,
13947.12,13778.5,22606,12720,
16703.82,16464.5,25930,15568,
15644.48,15384,25724,14894,
14975.7,14875.5,24331,13724,
15437.48,15223.5,24489,14525,
13018.02,12922,20440,12054,
17507.18,17361.5,29645,15958,
13207.9,13125.5,22122,11816,
14587.92,14387,23942,13658,
16066.24,15956,27101,14341,
12337.62,12186,20218,11314,
15734.68,15557,25815,13724,
15647.42,15451.5,23927,14352,
18516.76,18277,29918,17480,
12420.7,12241.5,21854,11374,
16424.18,16181,25635,14637,
12716.64,12545,20510,12065,
12459.98,12246.5,20455,11512,
15533.52,15650.5,26966,13450,
15378.98,15485.5,27211,13594,
13743.12,13568,22388,12249,
14908.02,14644.5,24638,13619,
15614.9,15710,24504,13761,
15011.84,14733,23722,13505,
14328.48,14180,23150,13692,
14327.92,14092.5,25244,13051,
13542.34,13405.5,20606,12026,
13451.18,13316,21833,12571,
15465.56,15146,25227,13902,
16793.34,16589.5,26672,15152,
15062.36,14824,24661,14270,
13834.5,13720.5,21987,12690,
17171.46,16881,26803,15699,
13479.48,13303.5,22143,12515,
13452.92,13220.5,21672,12493,
15049.72,14822,28244,13658,
13836.98,13626.5,22584,13161,
13484.2,13208.5,24862,12675,
13427.68,13336.5,22335,11838,
16330.42,16394.5,27346,14125,
15860.42,15589.5,25230,12952,
18075.36,17814.5,28282,16658,
13450.66,13349,21669,11737,
14042.16,13802,23348,13077,
16240.46,16059.5,25965,15219,
12577.46,12360,20359,11277,
14736.62,14520,22691,13651,
15705.44,15525.5,25925,14595,
16599.44,16342.5,27343,14825,
16975.22,16878.5,27983,15067,
14537.12,14408.5,23029,13514,
13289.22,13149.5,21579,12122,
20509.44,20074,33880,19016,
14714.8,14536.5,24596,12721,
14115.08,13627.5,25069,11719,
14252.24,14166.5,23464,12049,
18160,17852,29260,16651,
13317.5,13100.5,22026,11872,
15259.02,15331,24882,13305,
15202.68,15043,24476,14233,
13769.5,13460,23286,12401,
12755.46,12612.5,20500,12127,
16068.76,15871,26370,14452,
12432.2,12404,20787,10698,
13383.98,13206,21341,12408,
14273.74,14052,23476,13424,
14170,14077.5,23158,12051,
15830.66,15622,26399,14116,
18062.94,17906,28102,16778,
12670.96,12682.5,20196,11167,
14718.9,14608,24942,13047,
14889.84,14754,24540,13703,
14957.42,14785,24052,13984,
14708.88,14546.5,23740,13588,
13752.88,13637,22517,12604,
17740.4,17540.5,29459,15814,
15124.28,14946,23555,13841,
12905.82,12848,21092,11245,
13534.76,13410,22794,12285,
15077.72,14818.5,26415,12670,
13920.4,13755.5,21791,13513,
16394.72,16223,26026,14858,
13484.16,13302.5,20880,12453,
19361.18,19112.5,30090,18071,
21974.54,21799.5,31450,20713,
22613.02,22354,32714,20816,
23095.7,22829,33986,21732,
19105.72,18918.5,27121,18103,
20840.78,20573.5,30589,19615,
24195.06,23980.5,33801,22485,
20576.62,20386,29566,19837,
20622.18,20575,28531,19541,
22801.1,22512.5,34626,20734,
17874.44,17705,25302,17049,
20197.44,19962,28963,19112,
21911.48,21756,31622,20089,
21922.6,21661,30635,20480,
19682.44,19363,28427,18813,
24177.54,24074.5,34043,21805,
22518.52,22076.5,34002,20872,
13862.84,13635,23912,13168,
21385.8,21222.5,30677,20338,
14726,14324.5,27854,13287,
14327.26,14163.5,23926,12757,
13222.52,13070,21298,11970,
13853.88,13690,22486,12633,
13775.52,13536,22346,12909,
12854.48,12669,20513,12460,
22166.26,21939.5,32044,21318,
24526.26,24352.5,35363,23172,
19032.1,18846.5,26622,17973,
23500.86,23067,34280,22116,
22626.6,22449,32499,21503,
27667.24,27551.5,40040,26066,
18515.88,18319.5,26945,16795,
22800.76,22701,34823,20501,
12714.66,12523,20169,11906,
16442.28,16217,26176,15363,
12763.42,12658.5,20509,11450,
14347.48,14196,22211,12689,
13973.38,13895,22791,12710,
15730.38,15554,27988,13244,
17340.9,17131,28833,14745,
14610.9,14477,24060,13311,




Further Data analysis of all test cases 
avg med max min 
AVGs,19656.138,19967.68,40578.38,11416.54,
MEDs,19484.173,19733,40686,11331,
MAXs,30640.036,30289,65809,18984,
MINs,18422.206,19603,30041,9639,


AVGs,18339.668,20164.4,27740.74,10399,
MEDs,18060.916,19786,27561,10083.5,
MAXs,30473.652,30172.5,63869,18799,
MINs,16490.506,18582.5,25709,9099,


AVGs,19188.248,19988.25,43764.26,10627.76,
MEDs,18996.997,19828.75,43260,10484.5,
MAXs,29050.586,28994.5,63869,18627,
MINs,17741.7,18825.5,41104,9502,



