

Data analysis for each instance 
AVG,MED,MAX,MIN
0.851,0.85,1,0.814,
0.855,0.853,1,0.853,
0.792,0.793,0.953,0.787,
0.934,0.933,1,0.922,
0.821,0.825,0.985,0.811,
0.86,0.858,0.987,0.858,
0.829,0.828,0.972,0.828,
0.845,0.85,1,0.837,
0.849,0.848,1,0.833,
0.826,0.824,1,0.806,
0.835,0.842,1,0.822,
0.847,0.845,1,0.841,
0.854,0.852,1,0.852,
0.802,0.799,1,0.798,
0.855,0.853,1,0.853,
0.822,0.821,0.962,0.821,
0.797,0.806,1,0.781,
0.807,0.81,1,0.798,
0.8,0.798,1,0.793,
0.851,0.849,1,0.845,
0.846,0.85,1,0.838,
0.803,0.804,1,0.785,
0.812,0.813,0.985,0.804,
0.875,0.871,0.999,0.871,
0.852,0.85,1,0.85,
0.855,0.853,1,0.852,
0.854,0.853,1,0.851,
0.879,0.877,1,0.876,
0.822,0.82,0.964,0.819,
0.808,0.807,1,0.801,
0.779,0.781,1,0.743,
0.781,0.78,0.93,0.778,
0.866,0.864,1,0.864,
0.855,0.853,1,0.853,
0.893,0.892,1,0.889,
0.854,0.852,1,0.852,
0.843,0.841,0.987,0.841,
0.856,0.854,1,0.854,
0.848,0.846,1,0.844,
0.835,0.842,1,0.814,
0.852,0.85,1,0.841,
0.817,0.821,0.979,0.808,
0.856,0.855,1,0.854,
0.831,0.83,1,0.828,
0.944,0.938,1,0.928,
0.859,0.858,1,0.847,
0.846,0.847,1,0.842,
0.82,0.818,1,0.811,
0.856,0.854,1,0.853,
0.905,0.909,1,0.868,
0.945,0.946,0.996,0.829,
0.838,0.849,1,0.823,
0.855,0.853,1,0.852,
0.82,0.82,1,0.812,
0.772,0.771,0.908,0.771,
0.831,0.829,1,0.827,
0.777,0.784,1,0.754,
0.849,0.851,1,0.843,
0.835,0.833,0.978,0.833,
0.855,0.853,1,0.853,
0.855,0.853,1,0.853,
0.833,0.832,1,0.826,
0.854,0.852,1,0.852,
0.763,0.762,0.895,0.757,
0.864,0.87,1,0.855,
0.855,0.853,1,0.853,
0.789,0.785,1,0.775,
0.846,0.849,1,0.84,
0.789,0.81,1,0.694,
0.798,0.812,0.986,0.777,
0.853,0.861,1,0.841,
0.863,0.861,1,0.857,
0.854,0.851,1,0.851,
0.855,0.853,1,0.853,
0.895,0.894,1,0.893,
0.835,0.834,1,0.826,
0.852,0.851,1,0.85,
0.863,0.862,1,0.86,
0.854,0.853,1,0.851,
0.837,0.836,1,0.833,
0.855,0.853,1,0.853,
0.837,0.838,1,0.826,
0.82,0.835,1,0.8,
0.85,0.849,1,0.846,
0.892,0.89,1,0.89,
0.84,0.839,1,0.835,
0.799,0.795,0.992,0.74,
0.849,0.847,1,0.845,
0.783,0.781,1,0.742,
0.834,0.832,1,0.826,
0.865,0.863,1,0.852,
0.855,0.853,1,0.853,
0.855,0.853,1,0.846,
0.85,0.848,1,0.848,
0.706,0.709,1,0.646,
0.819,0.833,1,0.794,
0.856,0.855,1,0.84,
0.852,0.85,1,0.842,
0.853,0.851,1,0.851,
0.853,0.851,1,0.851,
0.854,0.852,1,0.852,
0.855,0.853,1,0.853,
0.819,0.825,1,0.788,
0.861,0.86,1,0.859,
0.844,0.845,1,0.821,
0.833,0.843,1,0.819,
0.846,0.85,1,0.839,
0.838,0.836,1,0.836,
0.769,0.767,1,0.752,
0.855,0.853,1,0.853,
0.726,0.723,1,0.641,
0.855,0.857,1,0.848,
0.854,0.853,1,0.831,
0.799,0.796,0.971,0.796,
0.856,0.854,1,0.854,
0.854,0.852,1,0.852,
0.852,0.85,1,0.85,
0.881,0.879,1,0.879,
0.844,0.841,1,0.841,
0.832,0.853,1,0.802,
0.897,0.896,1,0.895,
0.826,0.835,1,0.806,
0.83,0.828,1,0.828,
0.833,0.838,1,0.822,
0.844,0.842,1,0.842,
0.821,0.814,1,0.811,
0.841,0.84,1,0.839,
0.855,0.854,1,0.853,
0.854,0.852,1,0.852,
0.817,0.82,1,0.81,
0.842,0.841,0.993,0.84,
0.844,0.842,1,0.828,
0.819,0.818,0.962,0.816,
0.852,0.85,1,0.85,
0.858,0.859,1,0.854,
0.855,0.853,1,0.853,
0.892,0.891,1,0.887,
0.852,0.85,1,0.845,
0.792,0.789,1,0.787,
0.852,0.85,1,0.85,
0.748,0.744,1,0.742,
0.857,0.857,1,0.854,
0.851,0.85,1,0.802,
0.844,0.853,1,0.808,
0.83,0.83,1,0.822,
0.854,0.852,1,0.852,
0.857,0.855,1,0.855,
0.849,0.851,1,0.84,
0.85,0.848,1,0.848,
0.837,0.836,1,0.823,
0.852,0.85,1,0.849,
0.851,0.851,1,0.846,
0.781,0.778,1,0.747,
0.843,0.843,1,0.838,
0.791,0.789,0.924,0.789,
0.838,0.836,1,0.836,
0.81,0.809,0.949,0.809,
0.852,0.85,1,0.85,
0.833,0.831,0.98,0.831,
0.737,0.733,1,0.678,
0.837,0.836,0.981,0.836,
0.837,0.835,1,0.83,
0.87,0.868,1,0.868,
0.846,0.843,1,0.837,
0.85,0.848,1,0.826,
0.809,0.807,1,0.798,
0.881,0.88,1,0.88,
0.824,0.823,0.966,0.823,
0.846,0.847,1,0.816,
0.854,0.852,1,0.846,
0.853,0.851,1,0.851,
0.855,0.853,1,0.852,
0.835,0.836,1,0.829,
0.827,0.825,1,0.815,
0.874,0.873,1,0.873,
0.833,0.831,1,0.831,
0.81,0.809,0.971,0.807,
0.854,0.852,1,0.852,
0.851,0.85,1,0.848,
0.855,0.853,1,0.852,
0.78,0.781,0.939,0.773,
0.855,0.853,1,0.853,
0.827,0.831,0.989,0.819,
0.85,0.85,1,0.847,
0.825,0.831,1,0.808,
0.856,0.854,1,0.854,
0.855,0.853,1,0.853,
0.829,0.833,1,0.802,
0.777,0.773,1,0.707,
0.841,0.839,0.984,0.839,
0.779,0.78,1,0.719,
0.896,0.895,1,0.895,
0.854,0.852,1,0.852,
0.964,0.963,1,0.958,
0.852,0.85,1,0.85,
0.818,0.832,1,0.797,
0.855,0.853,1,0.853,
0.855,0.853,1,0.853,
0.855,0.853,1,0.853,
0.793,0.792,1,0.696,
0.862,0.86,1,0.86,
0.808,0.806,0.949,0.806,
0.631,0.647,1,0.495,
0.853,0.852,1,0.848,
0.855,0.853,1,0.853,
0.836,0.837,1,0.832,
0.917,0.916,1,0.911,
0.877,0.875,1,0.874,
0.854,0.852,1,0.852,
0.85,0.848,1,0.848,
0.853,0.851,1,0.85,
0.853,0.851,1,0.849,
0.885,0.885,1,0.876,
0.855,0.853,1,0.853,
0.855,0.853,1,0.853,
0.854,0.853,1,0.837,
0.813,0.811,0.968,0.811,
0.781,0.779,1,0.772,
0.822,0.828,1,0.784,
0.781,0.792,1,0.754,
0.866,0.864,1,0.864,
0.856,0.853,1,0.853,
0.851,0.849,1,0.849,
0.921,0.921,1,0.911,
0.853,0.851,1,0.851,
0.868,0.869,1,0.862,
0.854,0.852,1,0.852,
0.78,0.798,1,0.741,
0.866,0.864,1,0.864,
0.853,0.851,1,0.845,
0.854,0.852,1,0.852,
0.798,0.799,0.957,0.792,
0.854,0.852,1,0.852,
0.84,0.84,1,0.758,
0.856,0.854,1,0.813,
0.932,0.932,1,0.93,
0.864,0.864,0.999,0.761,
0.841,0.841,1,0.837,
0.848,0.846,0.991,0.846,
0.909,0.905,0.993,0.903,
0.836,0.833,1,0.833,
0.793,0.795,1,0.785,
0.817,0.819,1,0.806,
0.854,0.853,1,0.837,
0.848,0.852,1,0.839,
0.847,0.849,1,0.832,
0.782,0.78,1,0.736,
0.851,0.851,1,0.847,
0.792,0.792,0.939,0.789,
0.851,0.849,1,0.849,
0.888,0.884,1,0.874,
0.852,0.85,1,0.85,
0.793,0.802,1,0.773,
0.806,0.805,0.945,0.803,
0.844,0.842,1,0.836,
0.909,0.908,1,0.9,
0.837,0.835,1,0.824,
0.828,0.827,0.972,0.827,
0.852,0.85,1,0.845,
0.852,0.849,0.997,0.848,
0.916,0.921,1,0.874,
0.852,0.85,1,0.85,
0.849,0.851,1,0.841,
0.852,0.851,1,0.847,
0.837,0.835,1,0.829,
0.858,0.864,1,0.841,
0.85,0.848,1,0.848,
0.873,0.871,1,0.871,
0.757,0.754,1,0.754,
0.77,0.768,1,0.742,
0.755,0.753,1,0.751,
0.726,0.722,1,0.722,
0.728,0.727,1,0.724,
0.72,0.717,1,0.717,
0.699,0.699,1,0.689,
0.714,0.71,0.984,0.71,
0.71,0.707,1,0.705,
0.738,0.734,1,0.733,
0.716,0.714,1,0.705,
0.745,0.742,1,0.741,
0.744,0.742,1,0.739,
0.752,0.749,1,0.749,
0.732,0.732,1,0.724,
0.751,0.747,1,0.747,
0.72,0.717,1,0.715,
0.694,0.692,0.941,0.689,
0.688,0.685,1,0.619,
0.722,0.719,0.987,0.717,
0.709,0.706,0.968,0.705,
0.754,0.749,1,0.748,
0.749,0.747,1,0.744,
0.727,0.725,0.972,0.723,
0.73,0.729,1,0.72,
0.747,0.743,1,0.743,
0.739,0.735,1,0.735,
0.745,0.742,1,0.74,
0.717,0.713,1,0.713,
0.711,0.708,0.992,0.7,
0.743,0.739,1,0.738,
0.739,0.735,1,0.735,
0.722,0.718,1,0.718,
0.755,0.752,1,0.751,
0.743,0.74,1,0.738,
0.739,0.736,1,0.736,
0.735,0.733,1,0.729,
0.711,0.707,0.986,0.707,
0.738,0.738,1,0.732,
0.719,0.716,1,0.715,
0.723,0.72,0.973,0.719,
0.715,0.71,1,0.71,
0.752,0.75,1,0.747,
0.738,0.735,1,0.735,
0.71,0.707,1,0.654,
0.727,0.723,1,0.718,
0.726,0.722,1,0.722,
0.74,0.737,1,0.737,
0.697,0.694,1,0.675,
0.715,0.711,1,0.704,
0.744,0.741,0.99,0.741,
0.716,0.713,1,0.711,
0.728,0.725,1,0.725,
0.726,0.723,1,0.722,
0.744,0.742,1,0.739,
0.738,0.738,1,0.729,
0.712,0.71,1,0.702,
0.721,0.719,0.99,0.714,
0.754,0.754,1,0.727,
0.735,0.731,1,0.73,
0.763,0.76,1,0.76,
0.757,0.754,1,0.753,
0.731,0.732,1,0.723,
0.675,0.679,0.923,0.664,
0.724,0.721,1,0.721,
0.749,0.741,1,0.737,
0.733,0.729,1,0.729,
0.696,0.693,1,0.693,
0.743,0.738,0.996,0.736,
0.71,0.706,1,0.705,
0.743,0.74,0.992,0.74,
0.699,0.696,0.985,0.693,
0.736,0.738,1,0.726,
0.683,0.682,1,0.624,
0.753,0.75,1,0.749,
0.733,0.731,1,0.728,
0.697,0.692,1,0.669,
0.739,0.736,1,0.736,
0.726,0.724,1,0.721,
0.741,0.74,1,0.735,
0.705,0.702,0.942,0.702,
0.742,0.738,1,0.738,
0.688,0.685,1,0.665,
0.732,0.729,1,0.729,
0.717,0.713,1,0.713,
0.733,0.73,1,0.73,
0.7,0.698,0.957,0.695,
0.751,0.747,1,0.746,
0.71,0.706,1,0.706,
0.755,0.773,1,0.73,
0.715,0.712,1,0.71,
0.742,0.739,1,0.738,
0.751,0.748,1,0.747,
0.745,0.741,1,0.741,
0.736,0.732,1,0.732,
0.638,0.636,0.913,0.634,
0.743,0.739,1,0.739,
0.741,0.738,1,0.737,
0.726,0.722,1,0.722,
0.752,0.748,1,0.746,
0.732,0.728,1,0.728,
0.745,0.748,1,0.735,
0.735,0.734,1,0.73,
0.751,0.748,1,0.747,
0.735,0.732,1,0.732,
0.749,0.746,1,0.745,
0.73,0.726,0.979,0.726,
0.725,0.721,1,0.721,
0.751,0.748,1,0.746,
0.729,0.725,1,0.725,
0.726,0.724,1,0.722,
0.721,0.719,1,0.716,
0.736,0.733,1,0.732,
0.753,0.794,0.975,0.706,
0.729,0.728,1,0.722,
0.74,0.737,1,0.737,
0.745,0.742,1,0.742,
0.734,0.731,1,0.728,
0.754,0.765,1,0.737,
0.682,0.682,0.962,0.676,
0.735,0.731,1,0.731,
0.695,0.691,1,0.68,
0.611,0.618,1,0.593,
0.706,0.704,1,0.701,
0.754,0.75,1,0.75,
0.741,0.738,1,0.738,
0.717,0.717,1,0.709,
0.753,0.75,1,0.745,
0.727,0.725,1,0.722,
0.74,0.737,1,0.737,
0.725,0.721,1,0.72,
0.74,0.738,1,0.736,


0.857,0.856,1,0.828,
0.859,0.857,1,0.856,
0.817,0.816,0.953,0.813,
0.935,0.934,1,0.92,
0.845,0.844,0.985,0.841,
0.854,0.847,0.987,0.846,
0.835,0.833,0.972,0.832,
0.858,0.857,1,0.856,
0.857,0.856,1,0.854,
0.857,0.855,1,0.844,
0.858,0.856,1,0.853,
0.876,0.875,1,0.874,
0.859,0.857,1,0.857,
0.827,0.826,1,0.763,
0.859,0.857,1,0.856,
0.826,0.824,0.962,0.824,
0.854,0.854,1,0.83,
0.857,0.855,1,0.853,
0.856,0.855,1,0.839,
0.861,0.859,1,0.854,
0.883,0.882,1,0.881,
0.842,0.841,0.939,0.768,
0.843,0.841,0.985,0.831,
0.975,0.975,1,0.911,
0.858,0.857,1,0.855,
0.859,0.857,1,0.856,
0.859,0.857,1,0.852,
0.885,0.881,1,0.88,
0.828,0.826,0.964,0.824,
0.871,0.871,1,0.844,
0.85,0.852,1,0.823,
0.798,0.797,0.93,0.796,
0.883,0.881,1,0.879,
0.86,0.858,1,0.857,
0.899,0.897,1,0.894,
0.859,0.857,1,0.856,
0.848,0.846,0.987,0.845,
0.86,0.858,1,0.857,
0.856,0.857,1,0.848,
0.837,0.821,1,0.818,
0.858,0.857,1,0.856,
0.839,0.837,0.979,0.816,
0.859,0.858,1,0.838,
0.856,0.855,1,0.849,
0.982,0.986,1,0.949,
0.857,0.857,1,0.847,
0.857,0.855,1,0.854,
0.883,0.882,1,0.88,
0.859,0.857,1,0.856,
0.956,0.957,1,0.916,
0.955,0.956,1,0.817,
0.846,0.855,1,0.828,
0.858,0.857,1,0.856,
0.916,0.914,1,0.9,
0.779,0.777,0.908,0.776,
0.857,0.855,1,0.852,
0.771,0.766,1,0.726,
0.857,0.855,1,0.854,
0.839,0.838,0.978,0.836,
0.859,0.857,1,0.856,
0.859,0.857,1,0.857,
0.84,0.839,1,0.832,
0.859,0.857,1,0.856,
0.769,0.767,0.895,0.765,
0.865,0.858,1,0.857,
0.859,0.858,1,0.855,
0.832,0.849,1,0.721,
0.858,0.856,1,0.855,
0.917,0.921,1,0.637,
0.839,0.837,1,0.835,
0.87,0.868,1,0.859,
0.864,0.866,1,0.856,
0.886,0.884,1,0.883,
0.858,0.857,1,0.844,
0.914,0.913,1,0.911,
0.857,0.855,1,0.853,
0.858,0.856,1,0.855,
0.867,0.865,1,0.864,
0.858,0.856,1,0.854,
0.857,0.855,1,0.844,
0.859,0.857,1,0.856,
0.886,0.885,1,0.883,
0.933,0.933,1,0.842,
0.858,0.856,1,0.854,
0.895,0.893,1,0.893,
0.858,0.856,1,0.855,
0.848,0.847,0.992,0.832,
0.857,0.856,1,0.853,
0.854,0.853,1,0.814,
0.857,0.856,1,0.855,
0.918,0.919,1,0.879,
0.859,0.857,1,0.856,
0.859,0.857,1,0.852,
0.858,0.856,1,0.853,
0.76,0.78,1,0.566,
0.863,0.864,1,0.838,
0.856,0.858,1,0.823,
0.858,0.856,1,0.855,
0.858,0.857,1,0.854,
0.858,0.856,1,0.856,
0.859,0.858,1,0.856,
0.859,0.857,1,0.856,
0.836,0.852,1,0.814,
0.866,0.865,1,0.863,
0.857,0.856,1,0.853,
0.864,0.863,1,0.856,
0.857,0.856,1,0.854,
0.857,0.855,1,0.854,
0.854,0.854,1,0.841,
0.86,0.858,1,0.856,
0.741,0.761,1,0.501,
0.87,0.869,1,0.867,
0.859,0.857,1,0.836,
0.833,0.83,0.971,0.827,
0.859,0.858,1,0.853,
0.859,0.857,1,0.856,
0.859,0.856,1,0.854,
0.887,0.885,1,0.883,
0.86,0.857,1,0.83,
0.836,0.828,1,0.807,
0.901,0.9,1,0.899,
0.856,0.855,1,0.853,
0.858,0.856,1,0.85,
0.851,0.851,1,0.833,
0.858,0.856,1,0.855,
0.868,0.863,1,0.863,
0.857,0.856,1,0.855,
0.859,0.858,1,0.857,
0.858,0.857,1,0.855,
0.849,0.855,1,0.835,
0.853,0.852,0.993,0.85,
0.905,0.904,1,0.901,
0.826,0.824,0.962,0.823,
0.858,0.857,1,0.856,
0.861,0.858,1,0.858,
0.86,0.858,1,0.857,
0.909,0.91,1,0.896,
0.847,0.856,1,0.824,
0.854,0.854,1,0.832,
0.859,0.857,1,0.855,
0.799,0.798,1,0.794,
0.861,0.858,1,0.857,
0.857,0.856,1,0.81,
0.864,0.875,1,0.81,
0.97,0.971,1,0.859,
0.859,0.857,1,0.857,
0.869,0.867,1,0.863,
0.859,0.857,1,0.854,
0.857,0.856,1,0.854,
0.884,0.883,1,0.88,
0.862,0.857,1,0.854,
0.858,0.856,1,0.855,
0.848,0.852,1,0.694,
0.857,0.856,1,0.847,
0.794,0.793,0.924,0.793,
0.856,0.854,1,0.853,
0.814,0.813,0.949,0.809,
0.862,0.861,1,0.86,
0.848,0.84,0.98,0.839,
0.817,0.822,1,0.72,
0.841,0.84,0.981,0.839,
0.859,0.856,1,0.851,
0.877,0.876,1,0.875,
0.858,0.856,1,0.854,
0.857,0.855,1,0.852,
0.854,0.852,1,0.844,
0.886,0.884,1,0.869,
0.829,0.828,0.966,0.827,
0.904,0.903,1,0.901,
0.859,0.857,1,0.856,
0.858,0.857,1,0.855,
0.859,0.857,1,0.856,
0.858,0.856,1,0.854,
0.879,0.878,1,0.871,
0.868,0.858,1,0.856,
0.856,0.855,1,0.854,
0.832,0.831,0.971,0.829,
0.859,0.857,1,0.856,
0.858,0.857,1,0.854,
0.868,0.867,1,0.866,
0.805,0.803,0.939,0.789,
0.859,0.857,1,0.856,
0.848,0.846,0.989,0.844,
0.858,0.856,1,0.855,
0.857,0.856,1,0.843,
0.859,0.858,1,0.857,
0.859,0.857,1,0.857,
0.832,0.83,1,0.828,
0.808,0.843,1,0.736,
0.845,0.843,0.984,0.842,
0.885,0.884,1,0.869,
0.901,0.9,1,0.899,
0.859,0.857,1,0.856,
0.968,0.967,1,0.966,
0.858,0.856,1,0.855,
0.876,0.876,1,0.863,
0.859,0.857,1,0.856,
0.859,0.858,1,0.856,
0.86,0.857,1,0.857,
0.831,0.86,1,0.695,
0.867,0.865,1,0.864,
0.814,0.812,0.949,0.811,
0.453,0.444,1,0.444,
0.859,0.857,1,0.856,
0.859,0.857,1,0.85,
0.856,0.855,1,0.849,
0.926,0.925,1,0.924,
0.886,0.884,1,0.875,
0.858,0.856,1,0.855,
0.858,0.856,1,0.856,
0.859,0.857,1,0.855,
0.858,0.856,1,0.855,
0.892,0.89,1,0.888,
0.859,0.857,1,0.856,
0.859,0.857,1,0.856,
0.859,0.858,1,0.847,
0.83,0.828,0.968,0.827,
0.852,0.853,1,0.831,
0.859,0.857,1,0.856,
0.838,0.848,1,0.712,
0.875,0.873,1,0.869,
0.866,0.864,1,0.862,
0.858,0.856,1,0.855,
0.931,0.93,1,0.929,
0.858,0.857,1,0.855,
0.879,0.878,1,0.877,
0.859,0.857,1,0.856,
0.807,0.792,1,0.754,
0.877,0.875,1,0.874,
0.861,0.859,1,0.856,
0.859,0.857,1,0.856,
0.821,0.819,0.957,0.817,
0.859,0.857,1,0.856,
0.857,0.856,1,0.854,
0.89,0.889,1,0.888,
0.94,0.939,1,0.937,
0.87,0.87,1,0.792,
0.858,0.856,1,0.854,
0.852,0.85,0.991,0.85,
0.996,0.996,1,0.974,
0.842,0.839,1,0.838,
0.861,0.859,1,0.858,
0.856,0.856,1,0.837,
0.859,0.857,1,0.857,
0.849,0.849,1,0.844,
0.859,0.856,1,0.854,
0.836,0.847,1,0.68,
0.858,0.857,1,0.855,
0.806,0.804,0.939,0.802,
0.857,0.855,1,0.851,
0.89,0.889,1,0.879,
0.858,0.857,1,0.855,
0.856,0.855,1,0.836,
0.81,0.809,0.945,0.808,
0.857,0.856,1,0.854,
0.916,0.914,1,0.904,
0.857,0.856,1,0.855,
0.834,0.833,0.972,0.831,
0.863,0.861,1,0.859,
0.856,0.854,0.997,0.852,
0.917,0.917,1,0.872,
0.859,0.857,1,0.855,
0.876,0.874,1,0.873,
0.866,0.864,1,0.863,
0.856,0.854,1,0.851,
0.863,0.857,1,0.854,
0.87,0.868,1,0.866,
0.885,0.883,1,0.882,
0.778,0.776,1,0.767,
0.781,0.778,1,0.732,
0.781,0.777,1,0.774,
0.724,0.717,1,0.699,
0.769,0.766,1,0.76,
0.765,0.762,1,0.731,
0.695,0.688,1,0.644,
0.756,0.751,0.984,0.743,
0.756,0.746,1,0.738,
0.762,0.759,1,0.744,
0.736,0.731,1,0.703,
0.776,0.772,1,0.769,
0.773,0.77,1,0.763,
0.761,0.753,1,0.741,
0.771,0.768,1,0.751,
0.776,0.773,1,0.747,
0.674,0.662,1,0.653,
0.734,0.734,0.941,0.686,
0.697,0.702,1,0.55,
0.763,0.759,0.987,0.751,
0.746,0.743,0.968,0.732,
0.79,0.786,1,0.775,
0.78,0.776,1,0.772,
0.758,0.756,0.972,0.752,
0.775,0.77,1,0.758,
0.778,0.775,1,0.771,
0.773,0.769,1,0.763,
0.777,0.774,1,0.769,
0.77,0.767,1,0.747,
0.712,0.702,0.992,0.645,
0.775,0.772,1,0.766,
0.775,0.772,1,0.766,
0.77,0.768,1,0.756,
0.777,0.774,1,0.77,
0.778,0.775,1,0.768,
0.775,0.773,1,0.761,
0.768,0.765,1,0.752,
0.753,0.75,0.986,0.732,
0.777,0.774,1,0.77,
0.766,0.764,1,0.748,
0.755,0.752,0.973,0.741,
0.765,0.761,1,0.75,
0.782,0.78,1,0.772,
0.772,0.768,1,0.764,
0.686,0.684,1,0.608,
0.748,0.752,1,0.679,
0.768,0.766,1,0.752,
0.776,0.773,1,0.769,
0.696,0.689,1,0.649,
0.76,0.758,1,0.73,
0.777,0.77,0.99,0.765,
0.765,0.762,1,0.755,
0.772,0.768,1,0.75,
0.77,0.767,1,0.749,
0.776,0.773,1,0.767,
0.775,0.771,1,0.768,
0.697,0.694,1,0.679,
0.762,0.758,0.99,0.753,
0.789,0.776,1,0.746,
0.771,0.767,1,0.763,
0.781,0.768,1,0.75,
0.78,0.776,1,0.749,
0.732,0.726,1,0.676,
0.712,0.712,0.923,0.693,
0.739,0.736,1,0.723,
0.785,0.778,1,0.77,
0.772,0.768,1,0.764,
0.756,0.76,1,0.684,
0.764,0.757,1,0.753,
0.763,0.757,1,0.721,
0.766,0.767,0.992,0.745,
0.761,0.758,0.985,0.748,
0.772,0.773,1,0.758,
0.594,0.599,1,0.552,
0.779,0.776,1,0.773,
0.771,0.768,1,0.754,
0.609,0.611,1,0.561,
0.781,0.776,1,0.769,
0.76,0.762,1,0.688,
0.779,0.776,1,0.767,
0.731,0.729,0.942,0.72,
0.779,0.775,1,0.767,
0.624,0.616,1,0.611,
0.742,0.737,1,0.736,
0.754,0.754,1,0.699,
0.771,0.768,1,0.756,
0.743,0.738,0.957,0.728,
0.776,0.773,1,0.767,
0.747,0.753,1,0.697,
0.793,0.804,1,0.756,
0.741,0.754,1,0.701,
0.772,0.77,1,0.762,
0.777,0.775,1,0.756,
0.776,0.772,1,0.765,
0.768,0.771,1,0.741,
0.703,0.697,0.913,0.676,
0.774,0.77,1,0.759,
0.775,0.772,1,0.763,
0.763,0.761,1,0.75,
0.79,0.776,1,0.759,
0.776,0.772,1,0.765,
0.773,0.768,1,0.76,
0.772,0.77,1,0.762,
0.78,0.776,1,0.77,
0.777,0.774,1,0.767,
0.777,0.773,1,0.767,
0.762,0.758,0.979,0.753,
0.764,0.763,1,0.734,
0.781,0.777,1,0.773,
0.768,0.764,1,0.761,
0.736,0.73,1,0.7,
0.768,0.764,1,0.744,
0.771,0.768,1,0.761,
0.797,0.822,0.975,0.744,
0.765,0.76,1,0.742,
0.776,0.772,1,0.764,
0.777,0.774,1,0.765,
0.768,0.766,1,0.754,
0.791,0.794,1,0.772,
0.731,0.727,0.962,0.711,
0.77,0.767,1,0.752,
0.613,0.615,1,0.578,
0.623,0.618,1,0.53,
0.697,0.684,1,0.643,
0.78,0.777,1,0.76,
0.779,0.775,1,0.77,
0.764,0.762,1,0.743,
0.775,0.78,1,0.759,
0.724,0.722,1,0.668,
0.773,0.77,1,0.766,
0.768,0.765,1,0.753,
0.774,0.77,1,0.767,


0.783,0.782,0.913,0.741,
0.809,0.807,0.941,0.807,
0.857,0.856,1,0.856,
0.645,0.644,0.751,0.644,
0.857,0.856,1,0.856,
0.859,0.857,1,0.857,
0.858,0.857,1,0.857,
0.848,0.847,0.988,0.847,
0.838,0.836,0.975,0.836,
0.847,0.846,0.989,0.843,
0.722,0.721,0.842,0.721,
0.762,0.761,0.889,0.761,
0.756,0.755,0.879,0.755,
0.694,0.693,0.81,0.693,
0.818,0.817,0.952,0.817,
0.859,0.858,1,0.858,
0.853,0.852,1,0.847,
0.808,0.807,0.944,0.806,
0.834,0.833,0.976,0.833,
0.774,0.773,0.894,0.751,
0.798,0.797,0.931,0.797,
0.652,0.65,0.761,0.65,
0.856,0.854,1,0.854,
0.651,0.65,0.759,0.65,
0.845,0.844,0.984,0.844,
0.784,0.783,0.914,0.783,
0.74,0.739,0.862,0.739,
0.637,0.636,0.742,0.636,
0.866,0.864,1,0.864,
0.69,0.689,0.788,0.689,
0.854,0.853,1,0.852,
0.858,0.856,1,0.856,
0.769,0.768,0.897,0.765,
0.802,0.801,0.934,0.801,
0.764,0.763,0.891,0.763,
0.816,0.814,0.949,0.814,
0.859,0.857,1,0.857,
0.766,0.765,0.892,0.765,
0.775,0.774,0.903,0.774,
0.854,0.852,0.994,0.852,
0.853,0.851,0.993,0.851,
0.858,0.856,1,0.853,
0.711,0.71,0.827,0.71,
0.734,0.733,0.858,0.733,
0.856,0.855,1,0.84,
0.704,0.703,0.82,0.703,
0.855,0.854,0.998,0.854,
0.883,0.881,0.997,0.881,
0.764,0.763,0.89,0.763,
0.844,0.842,0.987,0.842,
0.59,0.589,0.688,0.588,
0.834,0.832,0.972,0.832,
0.833,0.832,0.971,0.832,
0.861,0.86,0.967,0.86,
0.858,0.856,1,0.855,
0.773,0.772,0.901,0.772,
0.749,0.748,0.875,0.748,
0.849,0.848,0.989,0.848,
0.857,0.856,1,0.841,
0.769,0.768,0.896,0.768,
0.772,0.771,0.899,0.771,
0.693,0.692,0.807,0.692,
0.766,0.765,0.893,0.765,
0.859,0.857,1,0.856,
0.835,0.834,0.972,0.832,
0.832,0.831,0.969,0.831,
0.887,0.886,1,0.871,
0.846,0.844,0.986,0.844,
0.736,0.735,0.864,0.72,
0.668,0.667,0.78,0.667,
0.804,0.828,0.967,0.776,
0.758,0.757,0.884,0.757,
0.84,0.838,0.979,0.837,
0.796,0.795,0.927,0.79,
0.83,0.829,0.968,0.829,
0.788,0.787,0.919,0.787,
0.819,0.818,0.956,0.818,
0.697,0.696,0.812,0.696,
0.858,0.857,1,0.857,
0.847,0.846,0.988,0.846,
0.796,0.795,0.927,0.795,
0.751,0.75,0.878,0.749,
0.767,0.766,0.889,0.755,
0.78,0.779,0.911,0.779,
0.767,0.766,0.893,0.765,
0.818,0.816,0.953,0.816,
0.877,0.876,1,0.831,
0.808,0.807,0.943,0.807,
0.854,0.853,1,0.821,
0.802,0.8,0.939,0.8,
0.757,0.756,0.885,0.756,
0.804,0.802,0.935,0.802,
0.841,0.84,0.979,0.84,
0.769,0.768,0.897,0.768,
0.849,0.847,1,0.839,
0.862,0.866,0.867,0.832,
0.782,0.781,0.911,0.781,
0.786,0.785,0.917,0.765,
0.853,0.852,0.994,0.852,
0.793,0.791,0.923,0.791,
0.847,0.846,0.986,0.846,
0.765,0.764,0.892,0.764,
0.738,0.736,0.859,0.736,
0.69,0.689,0.804,0.689,
0.856,0.855,1,0.846,
0.801,0.799,0.929,0.799,
0.818,0.817,0.954,0.817,
0.788,0.787,0.919,0.786,
0.801,0.8,0.936,0.797,
0.832,0.831,0.969,0.831,
0.848,0.848,1,0.758,
0.721,0.72,0.84,0.72,
0.844,0.843,0.983,0.791,
0.856,0.854,1,0.854,
0.836,0.834,0.972,0.832,
0.817,0.816,0.952,0.816,
0.732,0.731,0.853,0.731,
0.684,0.683,0.798,0.683,
0.725,0.724,0.845,0.724,
0.691,0.69,0.804,0.686,
0.648,0.647,0.756,0.647,
0.832,0.831,0.939,0.831,
0.79,0.789,0.921,0.789,
0.838,0.836,0.978,0.835,
0.808,0.807,0.942,0.804,
0.856,0.853,1,0.853,
0.836,0.835,0.974,0.835,
0.774,0.773,0.902,0.773,
0.818,0.817,0.954,0.817,
0.852,0.85,0.992,0.85,
0.859,0.857,1,0.856,
0.752,0.75,0.878,0.75,
0.858,0.856,1,0.856,
0.844,0.843,0.984,0.843,
0.795,0.793,0.924,0.793,
0.858,0.856,0.999,0.856,
0.682,0.681,0.795,0.681,
0.826,0.824,0.962,0.824,
0.744,0.742,0.869,0.742,
0.786,0.785,0.911,0.78,
0.608,0.607,0.71,0.607,
0.794,0.793,0.924,0.793,
0.779,0.778,0.908,0.777,
0.65,0.649,0.757,0.649,
0.616,0.615,0.719,0.615,
0.856,0.854,0.996,0.854,
0.771,0.769,0.899,0.769,
0.802,0.8,0.934,0.8,
0.78,0.779,0.91,0.779,
0.777,0.775,0.907,0.775,
0.732,0.731,0.854,0.731,
0.777,0.776,0.906,0.759,
0.854,0.853,1,0.846,
0.816,0.814,0.951,0.813,
0.86,0.858,1,0.858,
0.858,0.857,0.967,0.845,
0.859,0.857,1,0.857,
0.722,0.721,0.84,0.721,
0.859,0.858,1,0.858,
0.853,0.851,1,0.85,
0.858,0.857,1,0.848,
0.855,0.856,1,0.851,
0.805,0.804,0.938,0.741,
0.779,0.778,0.863,0.778,
0.785,0.783,0.916,0.783,
0.835,0.833,0.977,0.833,
0.71,0.709,0.827,0.709,
0.859,0.858,1,0.858,
0.856,0.855,1,0.855,
0.853,0.851,0.993,0.851,
0.815,0.814,0.949,0.813,
0.851,0.849,0.99,0.849,
0.764,0.763,0.892,0.763,
0.767,0.765,0.896,0.765,
0.841,0.84,0.98,0.84,
0.847,0.846,0.988,0.846,
0.858,0.856,1,0.856,
0.823,0.821,0.958,0.821,
0.847,0.846,0.988,0.846,
0.714,0.713,0.832,0.713,
0.857,0.855,1,0.855,
0.835,0.833,0.972,0.827,
0.858,0.856,1,0.855,
0.819,0.817,0.955,0.817,
0.851,0.849,0.992,0.849,
0.791,0.79,0.921,0.79,
0.757,0.756,0.882,0.756,
0.755,0.753,0.88,0.752,
0.852,0.85,1,0.824,
0.859,0.858,1,0.858,
0.874,0.873,1,0.835,
0.738,0.736,0.859,0.736,
0.827,0.825,0.963,0.825,
0.693,0.692,0.808,0.692,
0.812,0.81,0.946,0.808,
0.705,0.704,0.825,0.704,
0.794,0.793,0.924,0.793,
0.767,0.766,0.892,0.766,
0.83,0.829,0.967,0.829,
0.866,0.866,0.966,0.764,
0.701,0.7,0.817,0.7,
0.858,0.856,1,0.856,
0.821,0.813,1,0.694,
0.819,0.817,0.953,0.816,
0.758,0.757,0.882,0.757,
0.821,0.82,0.958,0.82,
0.767,0.765,0.894,0.765,
0.68,0.679,0.793,0.679,
0.812,0.811,0.947,0.811,
0.81,0.809,0.944,0.809,
0.798,0.797,0.931,0.797,
0.729,0.728,0.85,0.728,
0.739,0.738,0.862,0.738,
0.721,0.72,0.841,0.72,
0.734,0.733,0.855,0.733,
0.789,0.788,0.919,0.788,
0.858,0.856,1,0.856,
0.818,0.816,0.954,0.816,
0.856,0.854,1,0.854,
0.855,0.854,1,0.817,
0.834,0.833,0.951,0.833,
0.88,0.879,0.943,0.873,
0.755,0.754,0.881,0.754,
0.693,0.692,0.808,0.692,
0.828,0.826,0.964,0.826,
0.815,0.813,0.95,0.813,
0.822,0.821,0.957,0.821,
0.804,0.803,0.939,0.802,
0.758,0.757,0.884,0.757,
0.8,0.799,0.933,0.799,
0.772,0.771,0.899,0.771,
0.858,0.856,1,0.856,
0.744,0.743,0.866,0.742,
0.805,0.804,0.94,0.804,
0.769,0.767,0.896,0.767,
0.712,0.711,0.83,0.711,
0.72,0.718,0.838,0.718,
0.848,0.846,0.988,0.846,
0.859,0.858,1,0.858,
0.99,0.99,0.995,0.969,
0.67,0.669,0.78,0.668,
0.824,0.823,0.962,0.822,
0.77,0.769,0.898,0.769,
0.848,0.846,0.987,0.846,
0.638,0.637,0.744,0.637,
0.854,0.852,0.995,0.852,
0.833,0.839,0.971,0.765,
0.77,0.769,0.897,0.769,
0.821,0.835,1,0.771,
0.796,0.795,0.929,0.795,
0.733,0.732,0.856,0.731,
0.844,0.842,0.985,0.842,
0.857,0.855,1,0.855,
0.859,0.857,1,0.857,
0.758,0.757,0.885,0.757,
0.747,0.746,0.872,0.746,
0.718,0.717,0.838,0.717,
0.858,0.857,1,0.857,
0.676,0.675,0.788,0.675,
0.858,0.856,1,0.856,
0.78,0.778,0.909,0.777,
0.795,0.794,0.927,0.794,
0.748,0.747,0.873,0.747,
0.752,0.751,0.876,0.751,
0.831,0.83,0.969,0.83,
0.751,0.75,0.878,0.75,
0.741,0.74,0.864,0.74,
0.771,0.77,0.891,0.716,
0.696,0.693,0.894,0.693,
0.765,0.762,0.991,0.762,
0.709,0.706,0.908,0.706,
0.679,0.676,0.888,0.676,
0.702,0.699,0.915,0.699,
0.757,0.754,0.99,0.754,
0.6,0.596,0.792,0.594,
0.769,0.766,1,0.766,
0.743,0.74,0.96,0.74,
0.691,0.688,0.896,0.667,
0.695,0.692,0.914,0.692,
0.75,0.747,0.969,0.747,
0.743,0.74,0.963,0.74,
0.752,0.749,0.965,0.749,
0.707,0.704,0.918,0.704,
0.683,0.68,0.88,0.68,
0.663,0.66,0.875,0.66,
0.772,0.769,1,0.757,
0.747,0.745,1,0.682,
0.773,0.769,1,0.769,
0.771,0.768,1,0.768,
0.703,0.7,0.906,0.7,
0.761,0.758,0.98,0.758,
0.78,0.777,1,0.777,
0.727,0.724,0.948,0.724,
0.749,0.746,0.965,0.746,
0.741,0.738,0.98,0.738,
0.667,0.664,0.858,0.664,
0.665,0.662,0.861,0.662,
0.761,0.758,1,0.758,
0.673,0.67,0.867,0.67,
0.671,0.668,0.851,0.658,
0.756,0.753,0.984,0.753,
0.741,0.738,0.95,0.738,
0.766,0.763,0.985,0.763,
0.681,0.678,0.88,0.678,
0.642,0.639,0.834,0.639,
0.764,0.76,1,0.76,
0.773,0.77,0.996,0.77,
0.64,0.637,0.836,0.632,
0.775,0.772,1,0.772,
0.761,0.758,1,0.758,
0.766,0.763,0.982,0.763,
0.75,0.744,1,0.737,
0.687,0.688,0.913,0.679,
0.629,0.626,0.819,0.626,
0.664,0.661,0.892,0.661,
0.761,0.758,0.981,0.758,
0.686,0.683,0.902,0.683,
0.732,0.728,0.963,0.728,
0.78,0.776,1,0.776,
0.612,0.609,0.799,0.609,
0.7,0.696,0.905,0.696,
0.768,0.764,0.998,0.764,
0.714,0.711,0.921,0.711,
0.706,0.702,0.929,0.702,
0.669,0.666,0.881,0.666,
0.772,0.768,1,0.768,
0.727,0.724,0.938,0.724,
0.701,0.698,0.91,0.698,
0.731,0.728,0.947,0.728,
0.702,0.699,0.9,0.699,
0.795,0.794,0.976,0.733,
0.775,0.772,1,0.772,
0.75,0.747,0.978,0.746,
0.721,0.718,0.931,0.718,
0.717,0.714,0.93,0.714,
0.702,0.699,0.924,0.699,
0.585,0.583,0.758,0.583,
0.738,0.734,0.967,0.734,
0.78,0.777,1,0.777,
0.767,0.764,1,0.764,
0.669,0.666,0.861,0.666,
0.66,0.66,0.895,0.635,
0.736,0.733,0.947,0.733,
0.661,0.658,0.859,0.658,
0.622,0.628,0.827,0.611,
0.74,0.737,0.955,0.737,
0.648,0.645,0.847,0.645,
0.672,0.669,0.868,0.669,
0.777,0.774,1,0.774,
0.715,0.712,0.923,0.712,
0.655,0.687,0.953,0.614,
0.728,0.724,0.951,0.724,
0.709,0.706,0.931,0.706,
0.645,0.642,0.836,0.642,
0.773,0.77,1,0.77,
0.677,0.674,0.874,0.674,
0.691,0.688,0.899,0.688,
0.755,0.752,0.973,0.752,
0.708,0.705,0.93,0.705,
0.687,0.684,0.889,0.684,
0.741,0.738,0.953,0.738,
0.723,0.72,0.933,0.72,
0.646,0.644,0.842,0.627,
0.765,0.762,1,0.762,
0.656,0.653,0.847,0.653,
0.764,0.761,0.988,0.761,
0.678,0.675,0.889,0.671,
0.695,0.692,0.892,0.692,
0.732,0.729,0.944,0.725,
0.74,0.737,0.954,0.737,
0.689,0.686,0.893,0.686,
0.706,0.703,0.905,0.703,
0.733,0.73,0.949,0.73,
0.729,0.726,0.937,0.726,
0.777,0.773,1,0.773,
0.691,0.688,0.904,0.683,
0.785,0.782,0.985,0.768,
0.713,0.709,0.926,0.709,
0.624,0.621,0.819,0.621,
0.73,0.727,0.956,0.727,
0.709,0.706,0.92,0.706,
0.771,0.768,1,0.768,
0.732,0.729,0.952,0.729,
0.715,0.712,0.922,0.712,
0.764,0.761,0.984,0.761,
0.721,0.717,0.937,0.717,
0.711,0.708,0.914,0.708,
0.763,0.759,1,0.759,
0.735,0.732,0.954,0.732,
0.751,0.747,1,0.747,
0.605,0.603,0.811,0.598,
0.71,0.707,0.936,0.707,
0.746,0.743,0.955,0.743,
0.76,0.757,0.976,0.757,
0.75,0.746,0.976,0.746,
0.601,0.599,0.779,0.599,
0.578,0.576,0.752,0.576,
0.669,0.666,0.864,0.666,
0.737,0.734,0.964,0.734,
0.758,0.755,0.979,0.755,




Further Data analysis of all test cases 
avg med max min 
AVGs,0.804,0.829,0.964,0.611,
MEDs,0.803,0.831,0.963,0.618,
MAXs,0.995,1,1,0.895,
MINs,0.794,0.813,0.958,0.495,


AVGs,0.825,0.856,0.996,0.453,
MEDs,0.824,0.855,0.996,0.444,
MAXs,0.995,1,1,0.895,
MINs,0.807,0.839,0.974,0.444,


AVGs,0.77,0.77,0.99,0.578,
MEDs,0.768,0.768,0.99,0.576,
MAXs,0.927,0.94,1,0.688,
MINs,0.764,0.765,0.969,0.576,



