

Data analysis for each instance 
AVG,MED,MAX,MIN
22544.5,22296,33498,21688,
20456.82,20229,30027,20229,
19292.02,19084,29158,19010,
27656.7,27357,40663,27334,
18693.56,18582,28098,18350,
20445.32,20238,28811,20238,
19388.28,19181.5,28276,19010,
20270.84,20032,30281,20029,
19778.18,19540,29791,19534,
24440.7,24624,37937,23097,
23205.9,23023,34780,22839,
22097.4,21921,32701,21775,
24216.28,23943,35557,23943,
26340.3,26379,40929,22193,
21853.74,21643,31922,21579,
19943.54,19716,29236,19715,
25605.64,25531,39655,22034,
23308.36,23050,35788,22825,
23999.3,24104,37355,22512,
28964,28694,43134,28570,
23373.14,23130,34862,23070,
31589.56,32021.5,48100,28765,
21514.04,21249,33436,20618,
26981.34,26680,39685,26680,
18739.16,18540,27831,18489,
23313.34,23079,34230,23024,
23691.5,23481,34867,23355,
26016.48,25756,38029,25690,
20364.1,20128,30265,20128,
28854.86,28634,44027,24539,
25119.38,24795,39432,23086,
18709.22,18470,27875,18470,
23950.82,23673,35693,23665,
19939.5,19725,29102,19712,
26941.72,26655,39575,26599,
19389.86,19203,28480,19142,
21329.14,21088,31422,21088,
22621.04,22374,33015,22369,
23044.54,22823,34209,22729,
21053.96,21347,30326,20286,
20113.28,19880,29932,19880,
22855.44,22575,34517,22575,
21980.36,21781,31969,21080,
25380.52,25139,38678,24386,
25239.44,24930,38733,24846,
23552.62,23295,34341,23276,
24369.44,24155,36362,24011,
21838.42,21641,33159,20221,
20850.02,20620,30489,20620,
26216.36,25898,39771,25541,
30377.24,30041,44682,30041,
21365.3,21111,32958,21076,
20406.82,20173,29977,20173,
25326.48,24991,38403,24112,
19251.84,19021,28746,19021,
21416.4,21241,32420,20439,
25269.46,24832,40710,23363,
20740.28,20499,30911,20487,
22656.32,22395,33538,22395,
22466.5,22231,32909,22202,
21259.14,21022,31096,21008,
23761.6,23498,34831,23498,
22771.52,22514,33629,22513,
21833.68,21645,32283,21519,
20775.12,20723,29880,20376,
19170.4,18990,28212,18907,
28816.38,28718,47013,23958,
19142.48,18934,28742,18835,
32623.94,32479,50617,27947,
23140.5,22686.5,36426,21426,
23651.46,23404,35737,21777,
22480.7,22212,33489,22212,
22680.44,22426,33450,22418,
22106.3,21857,32416,21856,
23611.32,23468,35074,23204,
19471.36,19255,29568,18887,
22637.9,22408,33567,22336,
24422.18,24169,35961,24161,
18990.58,18770,28089,18770,
18235.72,18008,27454,17579,
20721.26,20578,30594,20389,
28417.46,28090.5,43011,27253,
29209.96,29021,46490,25322,
21203.46,21010,31637,20899,
23817.02,23578.5,34676,23535,
23960.6,23676,35747,23676,
23976.54,23770,36974,20734,
18995.62,18765,28766,18762,
25422.5,25110,39193,25004,
21915.18,21661,32859,21630,
26191.24,25875.5,39657,25471,
20958.94,20726,30755,20726,
20742.32,20505,30680,20503,
20322.14,20139,30831,20000,
28291.44,27941.5,45829,27768,
28938.5,28522,46779,24449,
20958.52,20736,30668,20713,
23765.26,23490,35220,23490,
21864.84,21680,32431,21540,
21916.54,21679,32400,21647,
17812.74,17627.5,26147,17588,
21591.14,21348,31640,21347,
24193.6,23918,36161,23918,
21908.86,21663,32295,21663,
23018.78,22722.5,35159,22610,
24153.84,23867,36359,23867,
24898.8,24608,37078,24608,
23300.06,23014,35196,23014,
18440.22,18398,29355,16561,
20938.14,20824,30622,20592,
40578.38,40686,65809,27137,
22840.04,22637,33757,22522,
20756.74,20550.5,30289,20382,
25318.94,25017,38238,24929,
19499.44,19283,28478,19283,
18770.74,18568,27546,18542,
21449.4,21201,32026,21201,
25651.98,25386,37724,25347,
19979.98,19766,29993,19716,
25382.52,25108,36985,25106,
26501.78,26164,39932,26153,
26070.34,25860,39319,24037,
19977.22,19734,30169,19734,
25456.26,25354.5,38844,22659,
21504.4,21248,32262,21248,
24429.98,24086,37789,23792,
19686.38,19530,29318,19378,
22210.02,21981,32444,21946,
20890.06,20719,30792,20582,
19348.1,19165,29042,19074,
19550.12,19370,29064,19274,
22838.66,22613,34199,20802,
20856.7,20631,30910,20596,
20664.14,20419,30754,20419,
21462.1,21247,31099,21216,
19882.42,19674,29177,19648,
25860.1,25585,38276,25544,
20806.52,20561,31120,20561,
24673.4,24629,39493,21288,
21297.36,21051,31707,21050,
21870.62,21895,33893,20731,
22066.34,21847,32115,21805,
22890.14,22625,34066,22625,
26227.88,25941,38284,25941,
30150,29809,44589,29809,
20880.1,20644,30664,20644,
25051.6,24760,37403,24578,
21398.32,21188,31748,21119,
23795.44,23578,35518,23448,
26544.26,27278.5,41250,25094,
25384.68,25107,36745,25107,
25288.02,25003,37347,24898,
24609.3,24292,38437,24292,
23611.16,23335,35274,23335,
20255.24,20034,29520,20011,
25305.08,25009,37963,25009,
21496.88,21262,31492,21247,
23434.36,23178,34389,23166,
17929,18026,25986,17426,
27492.9,26904,47911,22568,
21421.86,21174,31527,21174,
26688.42,26991.5,41597,25408,
23870.84,23605,35025,23605,
19782.8,19554,29665,19543,
24703.74,24407,37179,24407,
27851.98,28247.5,43785,24318,
23489.4,23230,34379,23228,
18861.34,18645,27759,18644,
22131.3,21926,33324,20791,
23106.66,22884,33897,22805,
22749.12,22499,33556,22475,
21882.48,21635,32130,21635,
20905.2,20682,31506,20627,
25695.24,25472,40063,24354,
19798.14,19561,29128,19558,
20887.38,20736,31643,20521,
20717.08,20469,31203,20469,
21531.62,21290,31621,21290,
19061.26,18856.5,28131,18824,
24575.56,24298,36253,24298,
21630.02,21368,32647,21303,
21131.1,20895,31022,20894,
22037.92,21821,32991,21728,
24366.98,24121,36926,23856,
19397.68,19186,29385,19132,
21035.18,20800,30716,20800,
23590.76,23343,34548,23313,
25949,25718,40745,25222,
28181.82,28114.5,45309,24320,
20392.34,20161,29815,20161,
26843.78,25786,43997,25385,
22951.52,22715,33566,22685,
19958.14,19732,29469,19730,
24950.46,24678,36426,24677,
21024.42,20779,31411,20779,
27644.06,26877,44003,22760,
19639.4,19420,28777,19417,
20618.52,20390,30158,20390,
21651.22,21765,31207,21087,
30136.06,30255.5,48302,26675,
22136.04,21912,32488,21865,
22546.46,22281,33582,22281,
26020.54,26521,46433,16904,
21336.84,21099,31387,21098,
20224.54,19999,29680,19999,
21617.24,21391,32519,20471,
24235.44,23965,36248,23938,
27264.06,27224,40582,25949,
23657,23387,34910,23373,
20020.24,19780,30139,19780,
20221.48,20033,30044,19934,
23876.26,23602,35351,23585,
22823.28,22635,33802,22451,
21838.68,21592,32083,21591,
22526.78,22273,33142,22273,
19389.52,19173,28414,19173,
22186.44,21949.5,33294,21308,
18903.28,18595.5,30610,17622,
23784.02,23585,36449,23132,
25311.94,25785.5,40609,20076,
22389.22,22134,33177,22134,
22072.5,21831,33000,21068,
24133.28,23849,36005,23847,
25264.12,24987,37261,24937,
22493.1,22286,33261,22182,
25259.54,25099,37670,24823,
19994.3,19765,29395,19765,
21176.44,20524.5,34505,18151,
23873.8,23608,35086,23607,
20791.56,20583,30865,20510,
22004.02,21758,32363,21753,
20199,19962,30393,19947,
21614.84,21373,31825,21370,
23394.24,23139,35274,23065,
24726.92,24576,37188,23589,
23617.28,23354,34857,23354,
27260.82,26948,40392,26948,
21133.06,21011.5,31545,20751,
17672.96,17475,25777,17475,
25228.62,24977,38978,24049,
25349.18,25070,37199,25063,
22163.52,22476,35459,19695,
21951.7,21862,33524,20899,
23197.82,22937,33966,22934,
24686.84,24417,36332,24406,
20774.24,20530,31061,20460,
22193.36,22151,37688,18783,
19626.4,19403,29174,19401,
24929.74,24639,37071,24638,
21548.32,21307,32083,21094,
28632.74,28307,42335,28307,
18870.12,18674,28113,18629,
19722.9,19569,30879,17730,
20447.34,20272,30005,20164,
25734.08,25437,38116,25437,
28987.14,28663,42654,28663,
25088.72,24846,37516,24227,
19501.28,19269,28968,19269,
28973.96,28650,42671,28650,
24372.3,24096,35846,24096,
21587.14,21379.5,32563,21283,
20899.06,20768,31052,20544,
23627.82,23363,35343,23340,
22754.44,22517.5,33663,22360,
18821.32,18597,28245,18597,
21145.02,20824,31603,20452,
22285.38,22045,33150,22006,
25089.32,24804,37143,24804,
15412.18,15363.5,25138,13656,
13847.52,13824.5,23717,11100,
14319.34,14102.5,23803,12911,
15670.18,15568,26399,13496,
15554.74,15521,26408,13846,
14524.66,14569,24792,12495,
17839.94,17747,30859,14968,
14797.46,14815.5,24897,12836,
12437.7,12377,21793,10962,
15444.12,15268.5,25674,13669,
18196.98,18452,30812,15546,
14294.82,14112,23837,13133,
15716.06,15449,26735,13800,
13996.64,13892.5,23648,12044,
14433.4,14250.5,24700,12560,
15345.32,15150.5,26131,13635,
19751.16,19345,34270,15951,
14273.98,14066,23975,12205,
18436.04,18504,33931,13761,
14438.02,14377,24410,13194,
15949.72,15869,25915,14528,
16379.42,16142,26848,15213,
14130.54,14019,23266,12575,
11416.54,11331,18984,10398,
15367.82,15264.5,26031,13652,
13964.22,13918.5,23134,12538,
15325.08,15220.5,26331,12877,
13860.02,13482,24185,12189,
14265.3,14152,24215,12586,
15900.08,15777.5,27244,13627,
15915.22,15788,26171,14666,
16305.7,16300.5,26913,15067,
14107.04,13844,23985,13278,
14303.28,14077.5,23022,12805,
11608.14,11434.5,19890,10344,
13029.64,12993,21049,11571,
17068.86,17227.5,29147,14502,
15820.42,15670.5,27114,13898,
11582.94,11424.5,19559,10431,
15127.82,14923.5,26241,12641,
13763.94,13562.5,23387,12569,
14289.04,14192,24685,11805,
12740.24,12611,21125,11403,
15369.4,15147,25954,12824,
14608.3,14401,26370,12050,
17388.52,17734.5,28953,13732,
14500.68,14300.5,24725,12507,
12922.72,12738.5,21246,12096,
13007.74,13153,21944,10100,
15594.66,15434.5,26610,13841,
14137.66,13948,22416,13948,
15365.94,15044,26042,13990,
13209.2,13071.5,23154,10346,
13505.26,13500,23038,11060,
14759.42,14710.5,24826,13491,
14425.26,14283.5,24279,12969,
16698.1,16630.5,28786,13097,
16102.96,16001,26152,14796,
15043.96,14923.5,24175,13410,
16134.68,15989,27113,13849,
15986.24,15746,26453,14106,
14876.14,14697,24872,13237,
19399.98,19559,31723,16767,
12262.96,12099.5,20387,10951,
16748.94,16565.5,27156,15285,
14502.98,14446.5,23761,13453,
14849.9,14805,24117,13489,
15118.28,15424,25950,13504,
16032.7,15998.5,26905,12575,
16056.3,16070,27896,14309,
12851.26,12684.5,21301,11753,
12463.6,12419.5,21209,11620,
12653.64,12446,21727,11716,
19381.84,18401,34697,16303,
14641.52,14453,23196,14431,
15179.14,15074,25679,13170,
18762.74,18795.5,32929,14827,
13144.28,12996,21515,12012,
14470.64,14639,24597,12246,
15516.68,15371,25895,13995,
14513.16,14397.5,23972,12929,
14093,13954,23223,12703,
17354.8,17370,29919,15212,
17874.7,17702,28693,15624,
15207.22,15243,26886,12324,
15317.32,15261,25623,12762,
13564.24,13698.5,22799,11242,
16184.16,16063.5,27086,14356,
15388.74,15444,26586,12977,
12778.4,12646.5,20603,11423,
15333.3,15068,26064,13649,
15451.4,15315,25739,13864,
14123.4,14031,23499,12359,
15078.6,14963.5,24926,12905,
17710.86,17549.5,30289,14884,
13720.8,13611,22713,12409,
15787.68,15650.5,26121,13248,
14015.8,13929,23339,12772,
18600,18345,29940,18345,
14060.62,13909.5,23361,12783,
13204,13144.5,22518,10280,
14040.7,13917,23423,12626,
16217.02,16097,26161,13126,
13583.72,13442.5,22371,11656,
12537.6,12415,20892,11556,
14891.1,14762,24730,13486,
14801.32,14672,23672,13649,
16610.94,16664,27174,14920,
12448.46,12291.5,20289,11526,
17741.7,17737,28887,14591,
17777.26,17514.5,30303,15813,
15004.08,14880,24399,12690,
16203.46,16158.5,27607,13867,
13139.6,12961.5,22646,11695,
17326.76,17294,29767,14631,
13864.2,13935.5,23156,11480,
14646.16,14532.5,23888,13265,
16103.4,15881,25781,15881,
12949.64,12799.5,21802,11912,
15006.92,14809,25344,14028,
15199.48,14988.5,25858,13679,
18446,18341,31078,15958,
13887.66,13638,27831,11667,
16494.24,16340,28928,14139,
13357.48,13307,21991,11466,
12792.9,12732,20766,11619,
15255.22,15153,24866,13398,
17460.8,17243.5,30339,15038,
16624.38,16503.5,29520,14329,
15093.48,14926,25727,13485,
15315.74,15057,25546,14287,
15479.62,15348.5,25566,13936,
14317.38,14244.5,23707,12411,
15573.86,15780,27157,13128,
13869,13765.5,22891,12415,
15710.86,15737,25301,13947,
15995.64,15912.5,27360,12732,
17312.5,17125,27962,16066,
14226.26,14292,23130,12766,
13380.28,13262.5,22652,11944,
17869.1,17738,30664,15118,
14219.14,14200,23572,12428,
13520.34,13591.5,22411,11923,
16866.16,16722,28820,13101,
13927.56,13846.5,23400,11709,
14438.9,14300,25156,13021,
12761.66,12617,21284,11453,
15701.76,15764.5,26795,12825,
18220.06,18251,30328,15490,
18166.18,17763,32153,16032,
14147.6,14039.5,23428,12337,
14386.16,14315.5,23922,12366,
15939.98,15715,27115,14276,
11923.3,11764,20885,9639,
14450.46,14239,24388,12660,
16330.7,16280,26600,14616,
16926.7,17178,27974,13152,
16404.84,16184,27847,14256,
17223.38,17100.5,29026,14948,
13277.94,13244.5,21957,12148,
21639.26,21443,35338,18172,
14478.88,14393,25207,11767,
16726,16706.5,27646,14851,
14874.16,14673.5,25137,13720,
18811.94,18987.5,32002,16261,
15237.12,14944,25925,13793,
15426.1,15125.5,25675,14242,
16454.82,16191.5,28191,14580,
14160.1,14028.5,23782,12622,
14425.2,14325.5,24063,13135,
15504.98,15278.5,26153,12240,
13007.3,12903,21072,12137,
14139,13958.5,24041,12878,
13217.74,13050,22038,12277,
15727.46,15539.5,25908,14371,
14859.9,14637,24776,13932,
18138.26,17719,31343,15530,
12354.58,12252,20982,9963,
14938.16,14787.5,25215,13394,
14782.02,14682,24687,13452,
15038.76,14854.5,24524,14047,
13986.42,13909,23355,12872,
15419.38,15250.5,25701,13756,
18604.72,18645.5,31687,15624,
16187,16363,26878,13685,
12751.82,12771,20997,10534,
14114.46,14026,23855,12358,
17103.14,16911.5,29524,15054,
16248.26,16093,27122,14483,
15164.06,14950.5,25754,13332,
14519.46,14551,24413,11820,
19332.48,19180,30925,17846,
20739.64,20506,30556,20494,
21897.94,21664,32755,21616,
24150.12,23888,36212,22928,
18950.2,18733,27871,18731,
20197.38,19952,30728,19927,
20970.74,20724,31115,20724,
21438.28,21219,31533,21161,
20194.4,19970,29524,19969,
23209.64,22932,35271,22902,
20203.4,19975,29621,19952,
20643.68,20563,30026,20261,
20348.9,20107,30384,20107,
23216.66,22946,34488,22829,
18654.6,18443,27156,18373,
23484.7,23265,34812,23164,
23080.68,22847,35464,21888,
13791.16,13733,24094,10990,
20955.86,20716,30798,20716,
18950.78,19064,32078,15915,
14897.7,14916,24130,12445,
13113.26,13036.5,21468,11976,
14411.98,14259,22891,13692,
15198.06,14948.5,25993,13409,
13983.26,13816.5,23917,11688,
24595.86,24320,36089,24320,
24571.38,24454,36183,24136,
19793.04,19615,29628,19485,
25994.8,25696,38525,25696,
20200.82,19974,29612,19973,
26646.82,26326,40253,26326,
19146.74,18417.5,33301,16139,
23956.48,23783,35813,23534,
16238.28,16246.5,27197,13246,
15928.04,15994,26201,13518,
11662.12,11613,19688,10031,
13557.04,13485,22548,12192,
14643.44,14460,24422,13064,
15881.16,15737.5,27013,12034,
17290.9,17150,30208,13572,
14492.7,14447.5,24375,12525,


22490.66,22129,29705,17610,
21929.96,21707.5,32542,17339,
20089.48,19847.5,32905,14341,
27627.76,27264.5,44159,22520,
19527.9,19181,30089,15206,
20711.24,20545.5,28742,16988,
20772.32,20680.5,30054,15732,
20622.02,20767.5,31680,16496,
21569.06,21169.5,31008,17566,
22969.5,22757.5,40304,16962,
22092.58,21256.5,38025,16896,
21419.82,20964,32519,16916,
23608.68,23548,36691,18593,
22603.44,22384,37372,17052,
22019.16,21749,32492,18471,
21488.88,21210.5,28512,17772,
22655.62,22747.5,34538,15898,
22473.06,22450.5,38807,15791,
21740.42,21802.5,45274,14037,
27076.68,27133.5,47779,19171,
23701.66,23455.5,32781,18475,
27085.78,26523,45763,19039,
20679.3,20724,33431,13687,
26613.24,26421.5,40583,20575,
20456.34,20253,28151,16931,
23879.2,23931,35153,19523,
23673.14,23364,36504,18070,
25089.72,24990,35903,21142,
20594.46,20147,30953,17650,
25257.6,25509.5,40736,19660,
22206.18,22063,40708,13775,
20389.9,19856.5,28750,17131,
23922.8,23722.5,34907,20059,
20699.94,20541,27435,18311,
26518.46,26122.5,42773,20938,
19920.44,19699,26436,16787,
21169,20995,29554,16962,
23436.2,23131,30983,19037,
23180.62,23019.5,34477,16954,
22201.6,21832,33311,18551,
21033.44,20942.5,28496,16899,
22307.04,22060.5,32922,16792,
22008.66,21761.5,32268,19390,
22552.14,21955,36448,16640,
22849.28,21952.5,40373,17282,
22568.66,22326.5,30230,18841,
23852.76,23546,39106,17966,
21035.5,20736.5,32258,17115,
21343.28,21303.5,30043,18784,
22556.48,22454,38371,17428,
28367.14,28076,39895,22474,
21910.26,21746,32352,17443,
21490.7,20944.5,31504,18816,
24309.46,24337.5,42202,19198,
20483.26,20243,29935,16422,
20646.32,20900.5,29381,13719,
21849.96,21191,41924,17365,
21348.6,20895.5,31268,16703,
23224.76,22987,35485,18747,
23090.88,22782.5,33401,19295,
21577.24,21305,31444,17864,
23640.12,23663,30126,20014,
23658.08,23731.5,37663,18456,
22124.72,21992,33866,18113,
21104.04,20952,28151,17149,
20217.38,20525.5,27349,17126,
25327.24,24128.5,50795,18404,
20088.04,19717,33074,16298,
27642.64,26551,64416,19668,
22024.6,22086,40632,15751,
22672.4,22627.5,30019,16648,
22052.84,21834.5,33482,17874,
24076.14,23405.5,38021,18209,
23219.02,23122.5,33589,19078,
23431.16,23389,38964,18620,
19104.74,18908.5,26379,15346,
22499.86,22072.5,30289,15081,
24126.8,23262,37618,18632,
19356.64,19042,27370,16576,
19585.24,19159,31585,16094,
21855.32,21881.5,29470,17466,
25268.42,24580.5,32531,18547,
25861.28,25670,41568,17571,
22277.86,22068,30456,18186,
24208.06,23795,36663,21086,
23818.14,23245.5,39055,17719,
23407.26,22409.5,39205,15906,
19835.02,18873,28941,14647,
23674.98,22388.5,40405,15242,
21708.24,21572,33644,16498,
24600.18,23772,39766,14404,
21392.18,21085.5,32267,18136,
20581.64,20477,26757,16423,
20939.34,20356,31435,15402,
21281.34,19406.5,47271,14590,
25727.78,25251,46516,18177,
21340.52,21357,33261,17138,
24022.22,23712,33673,17363,
21557.2,21652.5,31843,17587,
22648.54,22389,27546,18967,
18438.68,18260,25413,15493,
22187.76,21857.5,32753,18646,
23312.36,22833,41426,18169,
21810.7,21201.5,34084,16892,
23462.3,22975.5,36714,18690,
23523.7,23252.5,39286,18415,
23836.54,23784.5,35878,16734,
23891.48,23222.5,33052,17898,
19282.98,18985,26688,13854,
21718.86,21459,31236,18833,
28796.62,27888,69947,20984,
21452.36,21202,32388,16844,
20727.82,20627,29823,17144,
24630.78,24166,40750,17553,
20001.48,19903.5,29414,16993,
19690.48,19665.5,25678,16562,
22608.76,22066.5,30529,15728,
24734.82,24180,36995,19723,
21597.14,21097,34629,16990,
23783.16,23526.5,30137,19128,
26507.66,26237,39478,22272,
23363.1,23142.5,39333,17715,
20049.42,20136.5,28542,15560,
22912.74,22768,41086,16469,
22089.22,21715.5,34639,17770,
24111.46,23670,41242,17927,
20930.5,20497,32078,17831,
22252.34,22321,31612,18469,
21257.76,21008,28421,16259,
20957.92,20677,33808,15902,
20341.22,19993,30414,17501,
21741.42,21435,35085,16773,
21518.6,21481,30814,17994,
21940.74,21887.5,28203,17103,
21864.48,21944,30898,18562,
20595.68,20594,31154,17459,
25046.7,25068.5,36601,18603,
20933.22,20755.5,30459,17766,
23655.84,23482.5,45772,17055,
21531.42,21226,31493,17535,
20739.22,21013.5,29879,14217,
22478.28,22234.5,31335,18683,
22955.92,22454.5,37010,17360,
25850.38,25261.5,41502,20079,
27352.1,27041,48580,20052,
21431.34,21366.5,31115,19087,
25093.46,24897.5,34806,19366,
21691.32,21563,32372,17653,
23760.94,23388,40124,16599,
24159.64,23944.5,40568,18879,
25152.8,24557,40823,20052,
24807.3,23990,33558,17510,
20344.52,19955,34193,12831,
22826.38,22673.5,37321,18770,
21576.1,21316.5,31396,18364,
23767.38,23652,35974,18929,
22272.3,22154,32340,18818,
23357.88,23118.5,33930,17985,
18741.34,18578,28531,15623,
25351.46,24554,54385,15802,
22114.56,22136.5,35270,17155,
24803.92,24246.5,49764,17609,
24522.96,24146.5,37345,20684,
20065.24,19687,26067,15812,
25128.22,24226.5,45624,16884,
25564.08,25540.5,39408,17331,
24349.04,24123,33852,20631,
20342,19809.5,28847,16571,
22466.54,21985.5,35878,17111,
22819.5,23119.5,33394,17333,
22489.9,22606,31633,16801,
21789.42,21731.5,29739,17746,
21263.62,21501.5,28329,16337,
23195.4,22531.5,32796,19410,
21165.6,20774,31318,16650,
20855,20819,31158,17384,
21406.18,21254,29088,15883,
22183.32,21995.5,33680,19027,
21392.98,21155.5,30283,16761,
23667.08,23487.5,37732,18410,
22703.2,22033.5,31657,19471,
21982.02,21352,29179,18843,
22272.24,21625.5,33523,17102,
24346.8,24156,37085,17877,
19300.92,19383.5,28636,15191,
21254.16,21009.5,30993,16502,
23729.38,23525,35921,17897,
25346.76,25290.5,40009,19679,
24530.68,24111.5,38134,16619,
22007.24,22148,31052,18137,
24406.66,24227,41226,18997,
23404.46,23252,30947,20327,
20711.78,20705.5,31205,17290,
24975.52,24389.5,32577,17676,
21614.66,21225,35269,16964,
24608.2,24339,41255,18758,
19757.44,19637,25942,16797,
20852.28,20490,33271,17567,
22581.24,22179.5,35397,19130,
27271.88,26553.5,47622,20050,
23426.84,23361.5,38393,19461,
23230.48,22771,32442,18767,
18311.26,17871.5,39662,12585,
22504.72,22324,34079,16858,
20591.96,20423.5,27373,17445,
21535.44,20830,33777,16991,
24360.32,23960.5,37667,21120,
25995.68,25115.5,42773,20451,
23990.56,23953,34729,19943,
22269.64,22140,33738,16169,
21055.1,20639,31251,17419,
24282.02,24423,35015,19910,
22658.52,22099.5,34878,18885,
22879.9,22774.5,34255,18173,
22150.58,21905.5,32178,17498,
19666.84,19696,26497,17059,
22851.64,22973,31181,19403,
19132.14,18756,30894,14412,
23929.2,23453.5,37198,18831,
20473.82,19538.5,40732,12789,
22099.34,22127.5,31161,16958,
22794.5,22617.5,34558,18217,
24444.62,24811.5,35181,19281,
25778.02,25226,38981,21756,
22807.84,22598.5,35863,18352,
23664.3,23215.5,35662,18956,
20749.06,20699.5,28122,17627,
19971.98,19529.5,28072,13939,
24059.62,23739,34674,19871,
20718.22,20269,28704,17773,
22893.16,22600.5,31117,17802,
20591.68,20223.5,32313,17782,
22216.84,21971,29797,17863,
22784.96,22321,35072,16314,
23286.34,23620,33670,17109,
23609.3,23754,35452,18761,
23646.4,23191,38830,17740,
21094.76,20784.5,30419,17507,
18736.46,18708,25999,15515,
24364.62,23838,39417,19319,
25357.68,24975,40123,18491,
21324.68,21024,30529,18454,
20070.2,20102.5,35403,13100,
23493.22,22948,34185,16984,
23586.62,23498,30986,19021,
22014.8,21527,33305,17540,
19957.98,19844.5,35091,11573,
19411.54,19400.5,29371,15715,
24343.8,24009.5,38719,19472,
21328.7,20940,33399,16730,
27568.26,26531,52121,19502,
19720,19433,28932,16866,
20357.54,20542.5,30217,13126,
21458.96,21038,30443,17973,
24018.8,23856.5,36629,18079,
26497.04,26321.5,44890,21344,
23505.58,22714.5,36082,17735,
20932.38,20829.5,31777,16223,
26133.9,25727,40390,20231,
24855.62,24533.5,38952,19633,
22477.76,22580.5,32336,17883,
22347.08,22798.5,35062,15984,
24075.72,23900,33674,18957,
22860.96,22649.5,32232,18674,
20632.56,20401.5,29355,15927,
19865.16,20049,32492,14455,
21942.16,21354.5,34182,16684,
23899.84,23460.5,35985,19814,
14087.32,13499.5,26887,11154,
12554.84,12393.5,22024,9077,
13138.08,12986,22616,10515,
13616.5,13275,27943,10736,
13435.84,13116.5,24447,9367,
13582.2,12960.5,27013,10489,
15009.9,14721,28972,11701,
13464.2,13150,24624,11259,
12530.8,12321,22690,9809,
13020.2,12682.5,25769,11132,
15277.68,15055.5,33490,12161,
13324.64,13052.5,25049,10872,
13953.64,13548.5,24143,9907,
13600.78,13481.5,23074,10602,
13223.78,13049.5,22221,10481,
13504.08,13226.5,25953,10715,
15815.56,15655,29640,12581,
13661.58,13530,22225,10433,
14185.7,13665,28800,10431,
13545.56,12970.5,23973,10891,
13704.14,13553.5,24190,11034,
14568.42,14045.5,26741,10983,
13578.58,13142,25562,10449,
11528.7,11497.5,20025,9612,
13756.78,13447.5,27343,10327,
13014.8,12944.5,24686,10525,
14618.18,14417.5,26639,11969,
13105.74,12689.5,22565,11157,
13219.86,12565,24278,10573,
13383.18,13307,20243,10187,
14440.12,14000,28595,11195,
13921.5,13655.5,27021,11395,
12341.58,11964,24709,9971,
13544.34,13359,20799,10774,
11570.62,11433,20052,9745,
11985.34,11504,20684,9652,
15156.46,14661,27846,11517,
13916.86,13604,27237,11204,
11185.6,11062.5,18333,8991,
13821.2,13399,30658,10589,
12864.28,12444,25697,10937,
12835.18,12181.5,25603,10234,
12024,11883.5,21058,9751,
13320.84,12783.5,24322,10702,
13132.38,12587,23555,9816,
14704.56,14224,32850,10234,
12485.12,12184.5,23492,9354,
12601.2,12149,22204,10584,
10896.02,10536,20233,8179,
13047.62,12808,24691,9832,
13305.22,13069,23325,11059,
13243.38,12723.5,25944,10070,
12072.84,11949.5,21057,9842,
12589.22,12553.5,22446,9975,
13362.5,13127.5,25889,11108,
13232.36,13099.5,23122,9659,
13911.46,13447,25267,9998,
14113.96,13591,24677,10819,
13629.2,13363,23119,10416,
13988.08,13624.5,27460,11055,
14247.66,14126,25626,11118,
14314.42,14046.5,25080,11520,
14714.76,14340,32937,11723,
12037.14,11781.5,21179,10191,
13720.5,13256,28426,10131,
13778.98,13757.5,24819,10457,
13407.24,13080,21202,9223,
13713.14,13248.5,26824,9310,
13761.38,13233.5,27759,10570,
13844.68,13398,32340,9930,
12142.36,12044.5,18999,9769,
11565.48,11390.5,20863,9694,
12094.8,11638.5,19035,9770,
14164.16,13450,36481,11326,
12862.18,12751.5,21312,9760,
13721.1,13309.5,27244,11269,
14950.12,14416,38396,10404,
12832.96,12631.5,24134,10772,
12311.36,12188,22168,9675,
13338.54,12878,24348,10147,
13240.3,12978,24817,10059,
12845.38,12630,23831,10681,
14617.78,14028.5,31505,10393,
14719.48,14716.5,32336,11967,
13207.88,13160,27526,10265,
13451.92,13201,25867,10287,
13148.6,13058,25926,10099,
14162.78,13503.5,27818,10815,
13467.2,13387.5,29230,8973,
11634.38,11143.5,22571,9441,
13764.04,13673.5,29299,10039,
13845.26,13554,25556,11549,
13550.22,13327.5,24909,11044,
13996.46,13581.5,27581,11138,
15389.36,14950,30458,13198,
13028.68,12848,23325,9576,
13486.88,13265,23512,11629,
12844.6,12698.5,24562,10061,
14893.92,14332.5,33091,11549,
13544.3,13395.5,26900,11190,
12898.32,12716.5,23688,9983,
12942.5,12853,21256,10128,
14320.92,14178.5,24598,10048,
12832.6,12675.5,23482,10563,
12073.88,11875.5,22820,8163,
13548.02,13166,26401,11090,
13436.64,13188,22580,11470,
14051.3,13658.5,27043,10131,
12233.86,12070,19836,9783,
15249.36,14906,26810,10923,
15470.5,15206,34374,11895,
12647.76,12299,22402,9466,
13991.16,13788.5,24801,10211,
12292.56,12069,22538,9549,
14988.9,14368.5,31831,11580,
13868,13751.5,25002,10672,
13522.6,13408,25718,11337,
12997.52,12622.5,25769,10872,
12272.12,12137,21839,9782,
13738.76,13527.5,26736,10290,
13819.42,13694.5,26562,10809,
14476.24,14007,31255,9772,
13258.38,12329,27296,9236,
13959.98,13963,30508,8722,
12447.12,12227.5,22330,10615,
12164.98,11853,22479,10208,
13227.56,12780.5,25464,10330,
15582.22,15064.5,30078,12401,
13925.76,13129,27888,10007,
13463.12,13053.5,26139,10030,
14279.6,14298.5,23435,10561,
13874.06,13427,28895,10610,
12943.82,12596.5,23966,10498,
13199.6,13022.5,26437,8545,
13184.3,12969,23142,10047,
13999.74,13813.5,22745,11839,
14479.14,14176.5,24415,10987,
13584.06,13290.5,25200,10116,
13188.74,13074,25023,10156,
12136.9,11932.5,21078,9785,
14836.96,14243.5,30301,11788,
12946.58,12708.5,22808,10488,
12094.78,11885,23073,9704,
14058.8,14007.5,28819,10916,
12962,12595.5,21665,10296,
11654.94,11379.5,28355,8919,
11859.82,11404,21236,9557,
14081.48,13377,30642,9745,
14743.02,14541,30852,11128,
15019.42,14515.5,33242,11766,
12998.18,12958.5,22320,9975,
12583.96,12495.5,25559,10495,
14077.3,13588,26807,12045,
12068.36,12076.5,21087,9741,
13608.28,13308,24387,10778,
13413,13215.5,27759,10341,
14274.64,14190.5,27566,10540,
14470.1,13914,29835,11429,
14455.88,14369,28630,11274,
12700.88,12406,24284,10605,
15623.62,15327,32160,9424,
12971.96,12685,21758,9761,
14308.96,13694,26312,11020,
13045.36,12965.5,24819,10334,
16334.22,16170,27480,12538,
13430.02,13325.5,22795,10507,
13643.7,13506,24863,11024,
14929.94,14427.5,26700,11529,
12628.6,12066,22973,9425,
13537,13191.5,23947,10533,
13839.4,13635,24624,9996,
11569.34,11263,22315,8753,
13001.34,12908.5,24624,9611,
12560.7,12315.5,22595,10574,
14472.3,14071,27872,11650,
13689.16,13246.5,27370,10083,
15214.56,15012.5,30107,11256,
12155.6,12035,21682,9585,
13178.64,12780,23500,10450,
13820.44,13522,26276,10507,
13914.86,13762,26874,10827,
13002.62,12634,23395,9960,
13655.9,13318,26532,11122,
15201.18,14793,32611,11171,
13964.72,13854,23944,11169,
12554.76,12258,22770,10354,
13445.44,13508,24251,10737,
15122.18,14834.5,27908,11181,
14257,13959.5,25988,11282,
13981,13689.5,26372,10915,
13172.04,13050.5,23927,9851,
15056.96,14756,29168,11723,
22202.76,21776.5,35111,17284,
22241.9,22214.5,31615,19006,
24009.04,23465,41814,18543,
20161.24,20024.5,31290,16783,
19983.12,19660.5,30466,14577,
22132.48,21769,30650,18545,
21714.96,21477,32056,18246,
20988.6,20690.5,31270,17723,
20463.94,20266.5,29142,15112,
20624.5,20645,30909,17011,
22867.96,22636,31993,18900,
20499.02,20371,27402,16210,
23353.96,23763.5,33017,16208,
19613.74,19643,27480,17208,
23767.58,23463,32962,18455,
23324.32,22627,48775,16470,
12244.96,12004,24255,9964,
21507.98,21390,35003,16979,
16374.28,16469.5,29846,10409,
13643,13379,23797,9729,
12807.36,12551,20836,10408,
13122.72,12711.5,24130,11176,
14316.64,14153.5,27918,11199,
12379.44,12209.5,20660,10292,
24780.96,24600.5,38791,18689,
23860.24,23749.5,34451,17080,
19815.88,19646,27354,15176,
24058.68,23977.5,31510,18102,
21384.3,21350.5,30037,17659,
25024.44,25509,34702,17825,
18045.2,17797.5,31940,12461,
24745.82,24661,43070,18296,
14212.32,13928.5,22991,10508,
13552.36,13179,29354,10200,
11435,11306.5,20243,8023,
12283.32,12237,21638,9556,
13524.2,13269.5,22358,10695,
13801.24,13704.5,28646,10561,
14751.02,14222,25433,12144,
13912.68,13535.5,24048,10628,


20674.96,20576.5,28944,17174,
20075.92,19875.5,27795,16585,
21211.98,21394,34510,16783,
23325.04,22784,34859,19350,
19872.94,19955,29359,15757,
20326.3,20158,28029,17420,
20711.34,20610,31258,16991,
20739.64,20483.5,32075,15454,
20118.58,19872,28010,17107,
24943.3,24689.5,39422,19374,
21085.6,20731,35089,16828,
20131.34,19904,30095,16831,
22300.22,21800,33678,18813,
22982.76,23021,33504,15016,
21259.68,20938.5,29483,18630,
21359.6,21051.5,29039,18095,
27995.34,28699,35259,20163,
22474.78,22532.5,39619,17083,
23579.4,23749,41121,17234,
26198.38,25342.5,43660,21170,
23449.98,23066,30418,18645,
29104.38,29138.5,42707,21792,
23150.02,22401,35068,15823,
22803.74,22580.5,33549,18608,
20155.58,20069.5,29462,16217,
22822.44,22957.5,35542,18444,
22664.98,22571.5,35480,18001,
21364.82,21484,29324,17356,
20953.74,20670.5,28909,17991,
22109.48,21895.5,31984,17501,
28308.62,28167.5,41168,19506,
21274.74,20972,28600,18018,
23177.04,23154.5,33796,19159,
19199.14,19097,26412,16683,
25795.94,25697.5,39872,19647,
19521.98,19443,26236,16756,
21185.24,21017,29497,15320,
20626.7,20590,27073,17217,
21994.02,21601,32599,15840,
22507.98,22158.5,34679,19474,
21002.42,20510.5,29706,16301,
23474.74,23393.5,31833,17336,
20155.9,19849.5,31536,16812,
23650.78,23600,35241,14670,
26160.42,25578.5,40373,20854,
20471.92,20390,27984,17433,
25139.36,25294.5,39062,18924,
22907.48,22748,32258,19972,
20662.56,20614,29367,18127,
25479.76,25223.5,37484,20688,
23988.82,23909,33954,19377,
22732.38,22621,33796,18135,
20864.24,20420.5,30086,17757,
27043.88,26541.5,38258,21267,
22003.14,21627,33392,17413,
20372.06,19958,28929,15449,
24382.62,24023.5,38539,17635,
21347.36,21015.5,30469,16814,
23874.34,23607,35232,19237,
21469.14,21407.5,31698,17025,
20261.98,19953.5,30782,17296,
21916.94,21656.5,27897,18590,
21528.3,21333.5,31140,17242,
23402.92,23206.5,34906,18918,
20076.86,19834.5,29111,16899,
19842,20061.5,25168,15781,
32369.02,31818.5,50336,25262,
20397.44,20227,31979,15967,
30226.48,29660,57514,20121,
20863.64,20452.5,32882,15146,
22703.84,22328.5,31257,17277,
21247.3,21070,31658,17843,
23028.74,22549,37944,18429,
22187.42,22082.5,30798,18233,
24317.76,23933,38964,19545,
19231.46,18840,24781,14408,
22261.02,22034.5,30004,15764,
21550.94,21388,34627,16069,
19028.22,18698,25812,15803,
19653.08,19619.5,28322,16248,
20302.72,20385,25182,16362,
26158.98,26615,32258,18920,
28516.24,28366.5,43438,20082,
20741.82,20711.5,27963,16691,
21320.88,20955,31407,18696,
23876.18,23784.5,37434,17022,
25633.98,25084,39205,17874,
19609.74,18952,28283,15218,
26795.46,26989,40405,18474,
21558.3,21377,29999,17459,
24709.22,24423,35950,16552,
20317.88,20168,29263,17697,
20278.08,20247.5,27508,16577,
18718.92,18670,26162,14932,
29459.96,29463,47271,17761,
27829.3,27697.5,39868,21574,
19940.62,20032,29741,17021,
22656.4,22535,31299,17103,
21816.52,21680,31233,17311,
20208.5,19912.5,25837,17713,
18889.58,18770.5,26033,15425,
21185.86,20918.5,31796,18179,
21823.22,21654,32289,18364,
18702.24,18444.5,26304,16133,
24763.62,24588.5,36714,18810,
23135.4,22924.5,34508,17580,
24298.16,24263.5,35375,16822,
23193.96,23264.5,31195,17887,
20638.42,20363,27055,15297,
21830.56,21582.5,31756,18729,
42482.82,41383.5,69947,32457,
20436.44,20514.5,30809,16884,
20579.08,20588.5,29172,17129,
26295.82,26091,40071,20060,
20548.16,20404.5,30194,18025,
18508.42,18487.5,23484,15981,
20594,20311.5,25910,16581,
21533.78,21373,29452,17402,
18564.3,18469.5,24921,15283,
21803.48,21495,27500,18681,
21975.48,21897,30188,16709,
25328.76,25453.5,39333,18676,
21089.26,21086.5,29799,16662,
25580.74,26131,37136,19509,
22391.04,22437.5,30672,17423,
27412.82,26913.5,38718,21462,
20692.82,20564,31968,16711,
20309.96,20424.5,25728,17195,
20807.88,20908.5,27345,16673,
22700.64,22411.5,36263,17833,
20753.12,20410.5,32651,18026,
20215.48,20114,30455,16529,
22891.62,22896.5,34065,18722,
21897.06,22170,27653,17078,
20752.86,20958.5,29484,17517,
20590.24,20503.5,31698,17525,
24462.72,24181,36043,19520,
21684.76,21279,29706,18128,
23707.78,23201,41755,19269,
21347.48,21272.5,32587,18283,
18970.96,18800,24843,13636,
21400.26,21509.5,29059,17682,
22061.96,21775.5,32100,16470,
22959.58,22259,35621,17505,
26515.78,26470.5,41770,17486,
21201.08,21064,30819,18005,
24701.7,24715,32501,19811,
20699.44,20427.5,30665,17675,
23202.4,22917.5,35863,15950,
25521.76,25103.5,40368,18495,
23382.14,23154.5,37822,18575,
25402.88,25579,34242,18535,
25259.16,24008,40552,16771,
22603.46,22154.5,35239,18598,
21860.2,21439.5,31449,19066,
24001.94,23813.5,34129,18535,
23642.86,23496,35478,19918,
21565,21183.5,33219,18296,
18976.88,19005,27390,15062,
29396.84,28560,54385,19158,
22297.5,22056,32448,17584,
29902.2,29411.5,49764,21302,
22664.78,22396.5,35178,19404,
19655,19584.5,26315,15999,
24410.88,23852,41577,17998,
28555.56,28402,38100,18847,
20399.08,20144.5,28548,16966,
20646.48,20744,30081,16953,
23839.7,23446,35878,18926,
22792.8,22848.5,31911,17811,
21491.78,21197.5,31081,16494,
21899.98,21843,29723,18692,
19731.4,19757,28361,16022,
24624.96,24585,30249,20706,
20182.4,19986,31295,15601,
21921.82,21136,31158,17063,
21786.52,21587,30278,16997,
21160.08,21147,32079,17152,
20304.82,20428.5,26636,17400,
22281.42,21878.5,35213,17342,
23548.48,23110.5,33733,18522,
21514,21521.5,30656,18111,
22614.14,22551.5,32244,18327,
24865.98,24604,36841,18273,
19715.66,19307,25934,16521,
20000.4,19861.5,28658,16956,
20968.94,20919,31234,16731,
24887.06,24772.5,34431,18873,
29322.02,29983.5,39145,20372,
21463.02,21263.5,30938,17256,
29936.6,29246,37575,23867,
21997.48,21945,28765,18050,
20077.08,19828.5,27889,17340,
21556.54,21354,27726,17748,
20731.24,20665,31183,17128,
27486.94,27425.5,39724,20583,
19389.12,19241.5,24990,15660,
19137.82,18921,28258,16434,
21905.34,21168.5,34315,18193,
30665.76,30666,45723,19289,
21854.78,21596.5,36300,17401,
24252.64,24191.5,32220,20547,
32241.12,33545,44029,17472,
21052.24,20753.5,29603,16829,
18396.16,18094.5,24526,15609,
21516.06,21449,31481,16733,
24306.12,23841,36576,19110,
23830.92,23541,31886,18540,
23953.14,24195.5,33121,18741,
20871.86,20634,30783,16281,
20191.2,19981,28997,15961,
21972.54,22225,29426,17128,
20218.68,19923,28691,16908,
19115.14,18835,28032,16168,
19838.14,19579.5,28194,15419,
18797.22,18718,26507,16699,
24187.5,24239,32138,19929,
20770.08,20649,29840,15264,
26428.14,26568.5,37198,18512,
27626.3,27163,40732,17754,
21464.38,21342,30104,18288,
23021,22653,32803,19568,
21955.38,21711.5,28716,17463,
21905.44,21801.5,32113,18866,
22825.02,22879.5,33905,19098,
24486.52,24340.5,37671,19497,
20773.48,20427,28929,17841,
22087.26,22256,29690,16715,
22532.88,22575.5,30121,19428,
20219.38,19999,27047,16662,
21367.58,21056.5,28619,16838,
21067.4,20658,31306,17332,
20071.98,19795,27530,17860,
24624.94,24371,34986,18880,
21651.7,21410,33670,15145,
20310.06,19808,29823,16912,
23628.92,23252.5,35089,18973,
21796.12,21503.5,29704,16536,
18558.3,18345.5,26627,15660,
26104.16,25537.5,39167,20072,
22326.34,21953,33090,17374,
23411.54,22903.5,30529,20156,
22707.56,22559,36151,16229,
22929.54,22472.5,33553,16090,
19665.9,19191.5,25977,15986,
22969.18,22871.5,36843,18220,
23676.68,23306.5,34028,16295,
18472.08,18448,26246,15221,
27050.8,27077.5,42119,21670,
21225.66,21266,32545,16866,
27675.08,27169,49782,20255,
20038.34,19788.5,30442,17106,
21945.4,21878,30030,15803,
21709.32,21509,29330,17550,
23954.72,23821.5,36649,18286,
25630.2,25674,38787,21212,
22688.9,22395.5,31261,18217,
21226.98,21077.5,33368,16341,
24436.26,24120.5,35982,19291,
25237.58,25046,37343,20030,
20606.74,20397.5,28913,17322,
20435.66,19966,31959,16389,
21506.6,21281,29138,16981,
21718.14,21506.5,29571,16845,
19605.88,19449.5,26045,16194,
20954.58,20730.5,30520,15021,
20131.92,19825,30084,16407,
22456.72,22164,30942,18317,
14122.06,13797,22820,12096,
14696.58,14524,22752,10352,
13150.76,13020.5,19954,10986,
14844.34,14792,24515,11761,
15728.98,15393,23844,11597,
14994.8,14597,26546,11341,
15992.84,15919.5,27245,12390,
14650.5,14469.5,23767,11674,
13069.36,12777.5,22795,10782,
15005.96,14754.5,24390,13054,
17348.74,17348,29215,12919,
14539.44,14438.5,24924,11382,
14990.6,14890,24873,11358,
14635.16,14630,23267,11286,
15578.26,15490.5,21524,11957,
14207.66,13871.5,23366,11917,
18458.36,17942.5,27872,15792,
15993.7,15485.5,24566,11920,
20293.42,19787,28800,11425,
15487.5,15531.5,25810,11808,
16129.34,16185.5,24372,12567,
15351.32,15284.5,25735,12329,
14755.84,14496.5,26075,12225,
12131.56,11987.5,20467,10172,
15071.84,14764,25957,12122,
13862.58,13808.5,22662,11382,
16396.7,16438.5,23891,12938,
13408.78,13257,22140,10402,
12696.78,12554,20791,10864,
16466.84,16122.5,22668,13366,
14230.34,14092.5,24879,10351,
14236.48,14001,23035,12403,
14787.22,14439,24709,11530,
13711.74,13631.5,20735,11404,
12492.58,12388,20375,9633,
11589.1,11267,18640,9512,
15595.42,15376,24175,11946,
16493.74,16257.5,29354,12927,
11689.44,11566.5,18265,9570,
14161.76,14010.5,24720,11327,
14795.54,14372.5,27939,12190,
15345.98,15220.5,26466,12102,
13632.06,13593,22047,11444,
15491.4,15301,25141,12085,
12436.44,12276.5,23174,10209,
14491.18,13995,25285,11411,
14185.94,14289.5,23392,9927,
13257.82,12851.5,22447,11326,
11375.36,11258.5,19347,8834,
15715.96,15678.5,23430,12057,
15996.42,15808.5,27005,13332,
13974.98,13505.5,23153,10858,
13396.92,13412.5,21141,10202,
13943.46,13862,22446,11290,
14349.56,14224.5,24911,12035,
14999.26,14875,20982,10843,
15901.4,15724.5,23482,10378,
15860.4,15728,25044,11950,
14124.22,13910,24025,10428,
15894.24,15831.5,26331,12127,
16055.5,15996.5,23931,12288,
13856.96,13710.5,22483,11686,
18966.08,18751,32937,14901,
13616.76,13387.5,23110,12024,
15306.9,15083,26524,10758,
14884.76,14519,23869,11682,
13981.38,13847.5,21081,9816,
15024.54,14793,27282,10200,
12994.54,12492.5,21477,10690,
16795.3,16424.5,33328,11018,
12967.08,12698,19633,10285,
13173.8,13148,20706,11186,
12065.8,11844.5,17996,9430,
18679.52,18369.5,31814,15306,
13451.92,13412,20659,10795,
15012.36,14766.5,23857,12792,
17921,17729.5,33308,14108,
13552.2,13314.5,23766,10846,
13144.8,13134.5,20228,10487,
13618.56,13462.5,21187,10236,
15121.02,14997.5,22399,13163,
14139.54,13909,21089,11587,
16352.62,15866.5,29009,11221,
16906,16562,30211,14014,
16310.92,16281.5,25726,11572,
13705.1,13547.5,21415,10781,
15951.08,15582.5,29353,12735,
16243.96,15779,28720,12578,
15122.02,15142.5,28372,11676,
12690.94,12421,20497,10444,
15130.2,14931,27029,10754,
14795.66,14457.5,24458,11932,
15182.06,14869,25822,12330,
14879.16,14773,27195,10679,
15965.36,15548,27892,12757,
15263.68,15089,25639,12048,
13551.3,13365,24020,11455,
13807.42,13474,23547,11169,
16423.34,16050.5,30513,12118,
13160.56,12962.5,22839,11076,
12938.98,12850.5,20405,9969,
14156.26,14003,19666,11900,
15096.24,15073,23282,11294,
12988.5,12784.5,22106,11360,
12788.42,12759,20352,9442,
15036.24,14810.5,24506,11800,
16345.36,16027,25865,13166,
15899.14,15559,26445,11737,
13850.36,13600,21647,11488,
17428.1,17644,25454,12879,
16012.76,15971.5,27854,11775,
14004.08,14060.5,22453,11022,
15297.54,15102,22438,11284,
13450.3,13302,21420,10337,
16670.26,16483.5,29396,12325,
14100.58,13784,24169,11334,
14779.82,14452,25321,12861,
15752.6,15596.5,24483,12299,
12440.6,12387,20815,10249,
16719.6,16500,27934,12488,
15954.02,15855.5,25147,12642,
19559.78,19670,31255,12647,
13334.96,12855.5,26474,9993,
15689.08,15306,28045,9750,
12963.66,12720,21504,11438,
12269.9,12093.5,20701,10555,
15587.92,15112.5,25464,11686,
15132.5,14804,25153,12527,
14241.16,13821,22624,10283,
14316.08,14061.5,23304,11942,
16219.52,16198.5,23093,12315,
14971.24,14661.5,26035,12547,
14939.98,14609,26023,12697,
15571.54,15641,26437,11319,
12749.14,12673.5,20371,10149,
14188.78,13878.5,22085,11559,
15959.82,16193,24527,11990,
16575.2,16476,25284,12088,
14693.22,14643,26587,11513,
13920.46,13867,20764,11188,
16762.28,16676.5,28531,13538,
13558.18,13487,21510,11100,
13860.58,13777,23042,10808,
15818.2,15653.5,25967,13022,
13928.86,13823.5,22087,11918,
14532.3,13885,28355,11064,
13339.64,13090.5,22862,11426,
16695.66,16339,30642,12159,
16121.28,15954,26600,12879,
17265.08,17077,30403,13215,
13036.68,12910,19593,10136,
14448.42,14331.5,24862,11689,
16191.98,15980.5,25452,14012,
12872.02,12797,20027,10516,
15312.46,15314.5,24741,10956,
16313.08,16278.5,27792,12404,
17668.04,17428.5,28298,13229,
16133.28,15963,27053,12545,
14335.1,14199.5,23594,11550,
13486.14,13218,22559,11050,
19991.84,19476.5,31419,14063,
15437.76,15392.5,22436,11428,
15105.98,15090.5,22468,11811,
14205.92,13959.5,22929,11180,
18435.96,18471,26959,12619,
13740.34,13593.5,19598,10680,
14873.34,14744.5,24219,12981,
15016.24,14988.5,23410,12252,
13619.8,13460,21767,10138,
13279.96,13014,20225,10991,
16381.18,16261.5,25069,11128,
12268.84,12137,19830,9681,
13558.78,13491.5,22129,10509,
13268.36,13154,22177,10915,
13667.22,13249.5,23774,10818,
15750.02,15931.5,26485,12022,
18146.34,17716,29463,13880,
12724.9,12755,21124,10439,
14168.42,14075,23268,10914,
15618.06,15458,24437,11773,
15358.92,15489,24000,11989,
14283.48,14203.5,22713,11009,
14036.88,13702,23331,12069,
18356.26,18150.5,31345,13655,
15674.88,15764.5,23295,12720,
13503.54,13267,23250,10815,
13544.98,13311,23485,10831,
15349.88,15319.5,26253,10587,
14235.08,14045,21608,12225,
15288.14,15132,26728,12371,
13198.48,13055.5,22346,9557,
18998.04,18902.5,29168,15047,
21951.6,21623.5,34005,17502,
22884,23031.5,31534,19501,
21552.82,21200,37728,16492,
20112.3,19644,31663,17251,
21533.54,21188,31614,16141,
23978.94,23178,32979,18651,
20785.52,20648,31629,17501,
20563.98,20499,29606,17401,
21825.94,21929.5,29142,17779,
18118.9,17800.5,25300,15461,
20913.06,20702,29890,17267,
21551.88,21238,27609,16745,
22222.5,22282.5,30370,17366,
19213.68,18901.5,28239,16663,
24349.74,24151.5,32860,19112,
23129.56,22807.5,36369,18430,
15314.24,15034.5,25596,13258,
21076.84,20862.5,32684,16094,
16435.98,16565,23100,11945,
14394.16,14161.5,22658,10625,
13471.54,13191.5,20603,10512,
13585.98,13354,22834,11599,
14450.76,14105,25170,11894,
12544.46,12294,20515,9845,
22174.32,21686.5,33651,18699,
23657.36,23721,32455,16910,
19224.72,19227.5,26467,15061,
24311.62,24222,32993,17454,
22345.84,22002,31084,18188,
26324.2,25952.5,36592,15833,
19488.74,19283,33454,14497,
22946.3,22790.5,37070,17400,
13213.78,13229.5,18903,9181,
14010.96,13504.5,27831,11258,
12326.36,12111.5,19036,9617,
13658.08,13563.5,20692,10037,
13739.54,13635,20617,10976,
16038.76,15690,25941,12994,
18666.54,18103.5,24769,14962,
14719.74,14464,22973,12133,




Further Data analysis of all test cases 
avg med max min 
AVGs,19656.138,19967.68,40578.38,11416.54,
MEDs,19484.173,19733,40686,11331,
MAXs,30640.036,30289,65809,18984,
MINs,18422.206,19603,30041,9639,


AVGs,18802.26,20540.33,28796.62,10896.02,
MEDs,18521.354,20267.75,28076,10536,
MAXs,30804.032,30416.5,69947,18333,
MINs,14647.522,15904,22520,8023,


AVGs,19331.499,20155.74,42482.82,11375.36,
MEDs,19141.327,19917.75,41383.5,11258.5,
MAXs,29241.132,28921,69947,17996,
MINs,15195.918,16092,32457,8834,



