

Data analysis for each instance 
AVG,MED,MAX,MIN
22544.5,22296,33498,21688,
20456.82,20229,30027,20229,
19292.02,19084,29158,19010,
27656.7,27357,40663,27334,
18693.56,18582,28098,18350,
20445.32,20238,28811,20238,
19388.28,19181.5,28276,19010,
20270.84,20032,30281,20029,
19778.18,19540,29791,19534,
24440.7,24624,37937,23097,
23205.9,23023,34780,22839,
22097.4,21921,32701,21775,
24216.28,23943,35557,23943,
26340.3,26379,40929,22193,
21853.74,21643,31922,21579,
19943.54,19716,29236,19715,
25605.64,25531,39655,22034,
23308.36,23050,35788,22825,
23999.3,24104,37355,22512,
28964,28694,43134,28570,
23373.14,23130,34862,23070,
31589.56,32021.5,48100,28765,
21514.04,21249,33436,20618,
26981.34,26680,39685,26680,
18739.16,18540,27831,18489,
23313.34,23079,34230,23024,
23691.5,23481,34867,23355,
26016.48,25756,38029,25690,
20364.1,20128,30265,20128,
28854.86,28634,44027,24539,
25119.38,24795,39432,23086,
18709.22,18470,27875,18470,
23950.82,23673,35693,23665,
19939.5,19725,29102,19712,
26941.72,26655,39575,26599,
19389.86,19203,28480,19142,
21329.14,21088,31422,21088,
22621.04,22374,33015,22369,
23044.54,22823,34209,22729,
21053.96,21347,30326,20286,
20113.28,19880,29932,19880,
22855.44,22575,34517,22575,
21980.36,21781,31969,21080,
25380.52,25139,38678,24386,
25239.44,24930,38733,24846,
23552.62,23295,34341,23276,
24369.44,24155,36362,24011,
21838.42,21641,33159,20221,
20850.02,20620,30489,20620,
26216.36,25898,39771,25541,
30377.24,30041,44682,30041,
21365.3,21111,32958,21076,
20406.82,20173,29977,20173,
25326.48,24991,38403,24112,
19251.84,19021,28746,19021,
21416.4,21241,32420,20439,
25269.46,24832,40710,23363,
20740.28,20499,30911,20487,
22656.32,22395,33538,22395,
22466.5,22231,32909,22202,
21259.14,21022,31096,21008,
23761.6,23498,34831,23498,
22771.52,22514,33629,22513,
21833.68,21645,32283,21519,
20775.12,20723,29880,20376,
19170.4,18990,28212,18907,
28816.38,28718,47013,23958,
19142.48,18934,28742,18835,
32623.94,32479,50617,27947,
23140.5,22686.5,36426,21426,
23651.46,23404,35737,21777,
22480.7,22212,33489,22212,
22680.44,22426,33450,22418,
22106.3,21857,32416,21856,
23611.32,23468,35074,23204,
19471.36,19255,29568,18887,
22637.9,22408,33567,22336,
24422.18,24169,35961,24161,
18990.58,18770,28089,18770,
18235.72,18008,27454,17579,
20721.26,20578,30594,20389,
28417.46,28090.5,43011,27253,
29209.96,29021,46490,25322,
21203.46,21010,31637,20899,
23817.02,23578.5,34676,23535,
23960.6,23676,35747,23676,
23976.54,23770,36974,20734,
18995.62,18765,28766,18762,
25422.5,25110,39193,25004,
21915.18,21661,32859,21630,
26191.24,25875.5,39657,25471,
20958.94,20726,30755,20726,
20742.32,20505,30680,20503,
20322.14,20139,30831,20000,
28291.44,27941.5,45829,27768,
28938.5,28522,46779,24449,
20958.52,20736,30668,20713,
23765.26,23490,35220,23490,
21864.84,21680,32431,21540,
21916.54,21679,32400,21647,
17812.74,17627.5,26147,17588,
21591.14,21348,31640,21347,
24193.6,23918,36161,23918,
21908.86,21663,32295,21663,
23018.78,22722.5,35159,22610,
24153.84,23867,36359,23867,
24898.8,24608,37078,24608,
23300.06,23014,35196,23014,
18440.22,18398,29355,16561,
20938.14,20824,30622,20592,
40578.38,40686,65809,27137,
22840.04,22637,33757,22522,
20756.74,20550.5,30289,20382,
25318.94,25017,38238,24929,
19499.44,19283,28478,19283,
18770.74,18568,27546,18542,
21449.4,21201,32026,21201,
25651.98,25386,37724,25347,
19979.98,19766,29993,19716,
25382.52,25108,36985,25106,
26501.78,26164,39932,26153,
26070.34,25860,39319,24037,
19977.22,19734,30169,19734,
25456.26,25354.5,38844,22659,
21504.4,21248,32262,21248,
24429.98,24086,37789,23792,
19686.38,19530,29318,19378,
22210.02,21981,32444,21946,
20890.06,20719,30792,20582,
19348.1,19165,29042,19074,
19550.12,19370,29064,19274,
22838.66,22613,34199,20802,
20856.7,20631,30910,20596,
20664.14,20419,30754,20419,
21462.1,21247,31099,21216,
19882.42,19674,29177,19648,
25860.1,25585,38276,25544,
20806.52,20561,31120,20561,
24673.4,24629,39493,21288,
21297.36,21051,31707,21050,
21870.62,21895,33893,20731,
22066.34,21847,32115,21805,
22890.14,22625,34066,22625,
26227.88,25941,38284,25941,
30150,29809,44589,29809,
20880.1,20644,30664,20644,
25051.6,24760,37403,24578,
21398.32,21188,31748,21119,
23795.44,23578,35518,23448,
26544.26,27278.5,41250,25094,
25384.68,25107,36745,25107,
25288.02,25003,37347,24898,
24609.3,24292,38437,24292,
23611.16,23335,35274,23335,
20255.24,20034,29520,20011,
25305.08,25009,37963,25009,
21496.88,21262,31492,21247,
23434.36,23178,34389,23166,
17929,18026,25986,17426,
27492.9,26904,47911,22568,
21421.86,21174,31527,21174,
26688.42,26991.5,41597,25408,
23870.84,23605,35025,23605,
19782.8,19554,29665,19543,
24703.74,24407,37179,24407,
27851.98,28247.5,43785,24318,
23489.4,23230,34379,23228,
18861.34,18645,27759,18644,
22131.3,21926,33324,20791,
23106.66,22884,33897,22805,
22749.12,22499,33556,22475,
21882.48,21635,32130,21635,
20905.2,20682,31506,20627,
25695.24,25472,40063,24354,
19798.14,19561,29128,19558,
20887.38,20736,31643,20521,
20717.08,20469,31203,20469,
21531.62,21290,31621,21290,
19061.26,18856.5,28131,18824,
24575.56,24298,36253,24298,
21630.02,21368,32647,21303,
21131.1,20895,31022,20894,
22037.92,21821,32991,21728,
24366.98,24121,36926,23856,
19397.68,19186,29385,19132,
21035.18,20800,30716,20800,
23590.76,23343,34548,23313,
25949,25718,40745,25222,
28181.82,28114.5,45309,24320,
20392.34,20161,29815,20161,
26843.78,25786,43997,25385,
22951.52,22715,33566,22685,
19958.14,19732,29469,19730,
24950.46,24678,36426,24677,
21024.42,20779,31411,20779,
27644.06,26877,44003,22760,
19639.4,19420,28777,19417,
20618.52,20390,30158,20390,
21651.22,21765,31207,21087,
30136.06,30255.5,48302,26675,
22136.04,21912,32488,21865,
22546.46,22281,33582,22281,
26020.54,26521,46433,16904,
21336.84,21099,31387,21098,
20224.54,19999,29680,19999,
21617.24,21391,32519,20471,
24235.44,23965,36248,23938,
27264.06,27224,40582,25949,
23657,23387,34910,23373,
20020.24,19780,30139,19780,
20221.48,20033,30044,19934,
23876.26,23602,35351,23585,
22823.28,22635,33802,22451,
21838.68,21592,32083,21591,
22526.78,22273,33142,22273,
19389.52,19173,28414,19173,
22186.44,21949.5,33294,21308,
18903.28,18595.5,30610,17622,
23784.02,23585,36449,23132,
25311.94,25785.5,40609,20076,
22389.22,22134,33177,22134,
22072.5,21831,33000,21068,
24133.28,23849,36005,23847,
25264.12,24987,37261,24937,
22493.1,22286,33261,22182,
25259.54,25099,37670,24823,
19994.3,19765,29395,19765,
21176.44,20524.5,34505,18151,
23873.8,23608,35086,23607,
20791.56,20583,30865,20510,
22004.02,21758,32363,21753,
20199,19962,30393,19947,
21614.84,21373,31825,21370,
23394.24,23139,35274,23065,
24726.92,24576,37188,23589,
23617.28,23354,34857,23354,
27260.82,26948,40392,26948,
21133.06,21011.5,31545,20751,
17672.96,17475,25777,17475,
25228.62,24977,38978,24049,
25349.18,25070,37199,25063,
22163.52,22476,35459,19695,
21951.7,21862,33524,20899,
23197.82,22937,33966,22934,
24686.84,24417,36332,24406,
20774.24,20530,31061,20460,
22193.36,22151,37688,18783,
19626.4,19403,29174,19401,
24929.74,24639,37071,24638,
21548.32,21307,32083,21094,
28632.74,28307,42335,28307,
18870.12,18674,28113,18629,
19722.9,19569,30879,17730,
20447.34,20272,30005,20164,
25734.08,25437,38116,25437,
28987.14,28663,42654,28663,
25088.72,24846,37516,24227,
19501.28,19269,28968,19269,
28973.96,28650,42671,28650,
24372.3,24096,35846,24096,
21587.14,21379.5,32563,21283,
20899.06,20768,31052,20544,
23627.82,23363,35343,23340,
22754.44,22517.5,33663,22360,
18821.32,18597,28245,18597,
21145.02,20824,31603,20452,
22285.38,22045,33150,22006,
25089.32,24804,37143,24804,
15412.18,15363.5,25138,13656,
13847.52,13824.5,23717,11100,
14319.34,14102.5,23803,12911,
15670.18,15568,26399,13496,
15554.74,15521,26408,13846,
14524.66,14569,24792,12495,
17839.94,17747,30859,14968,
14797.46,14815.5,24897,12836,
12437.7,12377,21793,10962,
15444.12,15268.5,25674,13669,
18196.98,18452,30812,15546,
14294.82,14112,23837,13133,
15716.06,15449,26735,13800,
13996.64,13892.5,23648,12044,
14433.4,14250.5,24700,12560,
15345.32,15150.5,26131,13635,
19751.16,19345,34270,15951,
14273.98,14066,23975,12205,
18436.04,18504,33931,13761,
14438.02,14377,24410,13194,
15949.72,15869,25915,14528,
16379.42,16142,26848,15213,
14130.54,14019,23266,12575,
11416.54,11331,18984,10398,
15367.82,15264.5,26031,13652,
13964.22,13918.5,23134,12538,
15325.08,15220.5,26331,12877,
13860.02,13482,24185,12189,
14265.3,14152,24215,12586,
15900.08,15777.5,27244,13627,
15915.22,15788,26171,14666,
16305.7,16300.5,26913,15067,
14107.04,13844,23985,13278,
14303.28,14077.5,23022,12805,
11608.14,11434.5,19890,10344,
13029.64,12993,21049,11571,
17068.86,17227.5,29147,14502,
15820.42,15670.5,27114,13898,
11582.94,11424.5,19559,10431,
15127.82,14923.5,26241,12641,
13763.94,13562.5,23387,12569,
14289.04,14192,24685,11805,
12740.24,12611,21125,11403,
15369.4,15147,25954,12824,
14608.3,14401,26370,12050,
17388.52,17734.5,28953,13732,
14500.68,14300.5,24725,12507,
12922.72,12738.5,21246,12096,
13007.74,13153,21944,10100,
15594.66,15434.5,26610,13841,
14137.66,13948,22416,13948,
15365.94,15044,26042,13990,
13209.2,13071.5,23154,10346,
13505.26,13500,23038,11060,
14759.42,14710.5,24826,13491,
14425.26,14283.5,24279,12969,
16698.1,16630.5,28786,13097,
16102.96,16001,26152,14796,
15043.96,14923.5,24175,13410,
16134.68,15989,27113,13849,
15986.24,15746,26453,14106,
14876.14,14697,24872,13237,
19399.98,19559,31723,16767,
12262.96,12099.5,20387,10951,
16748.94,16565.5,27156,15285,
14502.98,14446.5,23761,13453,
14849.9,14805,24117,13489,
15118.28,15424,25950,13504,
16032.7,15998.5,26905,12575,
16056.3,16070,27896,14309,
12851.26,12684.5,21301,11753,
12463.6,12419.5,21209,11620,
12653.64,12446,21727,11716,
19381.84,18401,34697,16303,
14641.52,14453,23196,14431,
15179.14,15074,25679,13170,
18762.74,18795.5,32929,14827,
13144.28,12996,21515,12012,
14470.64,14639,24597,12246,
15516.68,15371,25895,13995,
14513.16,14397.5,23972,12929,
14093,13954,23223,12703,
17354.8,17370,29919,15212,
17874.7,17702,28693,15624,
15207.22,15243,26886,12324,
15317.32,15261,25623,12762,
13564.24,13698.5,22799,11242,
16184.16,16063.5,27086,14356,
15388.74,15444,26586,12977,
12778.4,12646.5,20603,11423,
15333.3,15068,26064,13649,
15451.4,15315,25739,13864,
14123.4,14031,23499,12359,
15078.6,14963.5,24926,12905,
17710.86,17549.5,30289,14884,
13720.8,13611,22713,12409,
15787.68,15650.5,26121,13248,
14015.8,13929,23339,12772,
18600,18345,29940,18345,
14060.62,13909.5,23361,12783,
13204,13144.5,22518,10280,
14040.7,13917,23423,12626,
16217.02,16097,26161,13126,
13583.72,13442.5,22371,11656,
12537.6,12415,20892,11556,
14891.1,14762,24730,13486,
14801.32,14672,23672,13649,
16610.94,16664,27174,14920,
12448.46,12291.5,20289,11526,
17741.7,17737,28887,14591,
17777.26,17514.5,30303,15813,
15004.08,14880,24399,12690,
16203.46,16158.5,27607,13867,
13139.6,12961.5,22646,11695,
17326.76,17294,29767,14631,
13864.2,13935.5,23156,11480,
14646.16,14532.5,23888,13265,
16103.4,15881,25781,15881,
12949.64,12799.5,21802,11912,
15006.92,14809,25344,14028,
15199.48,14988.5,25858,13679,
18446,18341,31078,15958,
13887.66,13638,27831,11667,
16494.24,16340,28928,14139,
13357.48,13307,21991,11466,
12792.9,12732,20766,11619,
15255.22,15153,24866,13398,
17460.8,17243.5,30339,15038,
16624.38,16503.5,29520,14329,
15093.48,14926,25727,13485,
15315.74,15057,25546,14287,
15479.62,15348.5,25566,13936,
14317.38,14244.5,23707,12411,
15573.86,15780,27157,13128,
13869,13765.5,22891,12415,
15710.86,15737,25301,13947,
15995.64,15912.5,27360,12732,
17312.5,17125,27962,16066,
14226.26,14292,23130,12766,
13380.28,13262.5,22652,11944,
17869.1,17738,30664,15118,
14219.14,14200,23572,12428,
13520.34,13591.5,22411,11923,
16866.16,16722,28820,13101,
13927.56,13846.5,23400,11709,
14438.9,14300,25156,13021,
12761.66,12617,21284,11453,
15701.76,15764.5,26795,12825,
18220.06,18251,30328,15490,
18166.18,17763,32153,16032,
14147.6,14039.5,23428,12337,
14386.16,14315.5,23922,12366,
15939.98,15715,27115,14276,
11923.3,11764,20885,9639,
14450.46,14239,24388,12660,
16330.7,16280,26600,14616,
16926.7,17178,27974,13152,
16404.84,16184,27847,14256,
17223.38,17100.5,29026,14948,
13277.94,13244.5,21957,12148,
21639.26,21443,35338,18172,
14478.88,14393,25207,11767,
16726,16706.5,27646,14851,
14874.16,14673.5,25137,13720,
18811.94,18987.5,32002,16261,
15237.12,14944,25925,13793,
15426.1,15125.5,25675,14242,
16454.82,16191.5,28191,14580,
14160.1,14028.5,23782,12622,
14425.2,14325.5,24063,13135,
15504.98,15278.5,26153,12240,
13007.3,12903,21072,12137,
14139,13958.5,24041,12878,
13217.74,13050,22038,12277,
15727.46,15539.5,25908,14371,
14859.9,14637,24776,13932,
18138.26,17719,31343,15530,
12354.58,12252,20982,9963,
14938.16,14787.5,25215,13394,
14782.02,14682,24687,13452,
15038.76,14854.5,24524,14047,
13986.42,13909,23355,12872,
15419.38,15250.5,25701,13756,
18604.72,18645.5,31687,15624,
16187,16363,26878,13685,
12751.82,12771,20997,10534,
14114.46,14026,23855,12358,
17103.14,16911.5,29524,15054,
16248.26,16093,27122,14483,
15164.06,14950.5,25754,13332,
14519.46,14551,24413,11820,
19332.48,19180,30925,17846,
20739.64,20506,30556,20494,
21897.94,21664,32755,21616,
24150.12,23888,36212,22928,
18950.2,18733,27871,18731,
20197.38,19952,30728,19927,
20970.74,20724,31115,20724,
21438.28,21219,31533,21161,
20194.4,19970,29524,19969,
23209.64,22932,35271,22902,
20203.4,19975,29621,19952,
20643.68,20563,30026,20261,
20348.9,20107,30384,20107,
23216.66,22946,34488,22829,
18654.6,18443,27156,18373,
23484.7,23265,34812,23164,
23080.68,22847,35464,21888,
13791.16,13733,24094,10990,
20955.86,20716,30798,20716,
18950.78,19064,32078,15915,
14897.7,14916,24130,12445,
13113.26,13036.5,21468,11976,
14411.98,14259,22891,13692,
15198.06,14948.5,25993,13409,
13983.26,13816.5,23917,11688,
24595.86,24320,36089,24320,
24571.38,24454,36183,24136,
19793.04,19615,29628,19485,
25994.8,25696,38525,25696,
20200.82,19974,29612,19973,
26646.82,26326,40253,26326,
19146.74,18417.5,33301,16139,
23956.48,23783,35813,23534,
16238.28,16246.5,27197,13246,
15928.04,15994,26201,13518,
11662.12,11613,19688,10031,
13557.04,13485,22548,12192,
14643.44,14460,24422,13064,
15881.16,15737.5,27013,12034,
17290.9,17150,30208,13572,
14492.7,14447.5,24375,12525,


22716.28,22487.5,32671,19190,
21467.74,21061.5,29731,19902,
20185.66,20163.5,28760,17355,
26979.32,26661.5,42261,23909,
19645.28,19426.5,27883,18350,
20622.06,20355.5,29214,19369,
20133.12,19953.5,28574,18443,
20911.22,20697,30527,19134,
20050.72,19758,29715,17732,
23753.36,23491,38884,20794,
22416,22473,33222,17890,
20766.66,20625,33066,18670,
24800.5,24662.5,36753,21933,
21181.56,20799,38697,16783,
22181.78,22191,30889,20272,
20679.06,20466.5,28712,19014,
21034.74,20407.5,43272,16097,
23279.62,22795.5,36874,20280,
21647.42,21220,36348,17900,
26344.68,26211.5,44616,22772,
23150.2,22882.5,34932,20872,
27034.98,26694.5,48645,22307,
20705.1,20419,33802,16093,
26163.18,25967,40008,23192,
19690.36,19514,28094,17967,
23227.4,23090.5,33917,21130,
24036.96,23672,34659,22201,
25213.04,25001,37658,22446,
20780.9,20393.5,29929,18692,
25438.86,25271.5,44540,21985,
21569.42,21081,38085,17080,
20119.12,20026,29606,18390,
23989.72,23670,37415,21395,
20595.82,20431.5,29674,19431,
26199.34,26068,39403,23467,
19637.12,19405,28327,18349,
21966.44,21800.5,31536,18832,
23665.46,23496.5,34125,21900,
23519.44,23296.5,33403,21067,
21401.6,21246.5,29798,19483,
20417.76,20135.5,29958,18570,
21964.46,21656,34288,19323,
21846.26,21588,32085,20444,
23730.98,23449.5,40763,20457,
21011.04,20673.5,38021,17954,
23465.74,23260,33200,21724,
23794.38,23657.5,34576,21291,
20234.86,19931.5,34813,18047,
21409.16,21099.5,31020,20022,
21752.12,21347.5,39683,18914,
27991.64,27750,44803,24428,
22318.24,22332,32140,19853,
21237.98,20908.5,30807,19526,
23321.14,23027,41032,19874,
20160.56,19765,28912,17380,
20627.82,20288.5,30248,18475,
21272.54,21260,37464,16923,
21447.98,21316,30229,19786,
23102.86,22858.5,32619,21605,
23148.48,23009,34337,21177,
21556.86,21385,31151,19329,
23666,23681.5,34702,21370,
23209.68,23148,33155,20637,
22182.78,22001,30960,20029,
21085.56,20865.5,30315,19562,
20013.2,19799,27719,18217,
25163.8,25339.5,47904,18819,
20146.74,19953.5,28593,18656,
26955.9,26342,46771,21982,
22052.52,21760.5,38777,18271,
22414.26,22358,35089,20131,
22160.32,21938,33118,20153,
22779.28,22698,33684,20688,
22470.5,22418,31140,20895,
22280.76,22070,33514,19899,
19278.2,19037.5,29170,17302,
22991.06,22830.5,34811,20835,
24608.28,24515.5,36186,22201,
19567.3,19383,27919,17973,
18732.58,18559.5,29022,17023,
21845,21608.5,30669,19563,
25326.7,24846,44403,19272,
26714.42,26405.5,44945,22971,
22179,21959,31138,19930,
24056.24,23861,35439,22106,
23830.32,23694,33954,21661,
22536.04,22505.5,36057,18448,
19602.4,19521.5,28177,17241,
22012.26,21431,41563,17336,
21858.76,21831.5,31154,18903,
22987.36,22593.5,39490,16199,
21531.22,21311,30746,20037,
21166.64,21139,30270,18814,
21339.5,21458.5,30821,18301,
18198.46,17417.5,43707,16386,
24959.64,24611.5,48224,21641,
21215.14,21178,30704,19365,
24362.86,24148.5,38149,18532,
21771.66,21529,32116,19600,
22223.6,21944,34381,19464,
18160.98,17923.5,25252,16615,
21702.32,21559.5,31238,19139,
22447.1,22349,34725,19400,
22122.66,21860,31901,19762,
22647.02,22522,34036,19974,
23103.82,22986.5,34586,20129,
23759.24,23576,37148,21196,
23098.94,22952,35384,19828,
18330.3,18030.5,32139,15105,
21647.62,21346,30664,20109,
27680.32,26674.5,69176,23218,
21675.36,21547,33025,17846,
20962.48,20900.5,28806,19063,
24765.02,24450,39229,20497,
19870.68,19755.5,27672,18817,
19372.82,19231.5,28245,17670,
21964.76,21624,34177,19645,
24546.34,24357.5,36597,22064,
21579.48,21250.5,31985,18973,
24490.74,24275,34614,22290,
26473.9,26313,39775,24545,
23238,23077.5,42418,20315,
19569.62,19561,28682,16456,
22529.12,21942,40773,19727,
21543.66,21367.5,32556,19238,
21551.08,20793.5,39296,17699,
20687.54,20358.5,30229,18685,
22681.48,22482.5,32763,20848,
21531.22,21287.5,30144,19674,
20694.96,20341,32092,18582,
20219.46,20112,28951,18866,
21662.98,21442,33588,18578,
21551.08,21437,31287,20068,
21281.36,21296.5,28914,19264,
21475.22,21475.5,29418,19659,
20592.62,20352.5,29480,19432,
25486,25338,38080,21428,
21075.72,20869,30761,18958,
22971.06,22642,39872,18037,
21552.8,21310,31605,20376,
20464.18,20376.5,34228,17178,
22562.02,22435.5,31812,21427,
23335.82,23186.5,32311,21075,
25927.76,25918.5,38300,22838,
26084.22,25604.5,44226,22976,
21311.8,21156.5,30554,19361,
24455.78,24187.5,37850,21698,
21838.3,21597.5,30490,20063,
23239.24,23177,35379,20096,
24538.4,24230.5,43916,21360,
24526.04,24375,37372,21663,
24522.56,24154,39031,20864,
19352.76,18928.5,41769,15145,
22589.28,22482,34438,20028,
21465.82,21276.5,29096,20035,
23529.84,23425,37677,20280,
22267.92,21905,34639,20492,
23222.02,23065.5,34793,20657,
18682.96,18687.5,26089,16936,
22921.84,22306,44090,18075,
21642.82,21398,31932,19182,
24796.34,24771.5,42945,19539,
24385.86,24099.5,34418,23008,
20267.56,20127.5,31684,17850,
23875.66,23763.5,37565,20292,
26263.86,25808,45094,21913,
24445.52,24136,35352,22209,
19594.86,19361,27805,18150,
21808.82,21522,36728,18195,
22797,22486,33790,20760,
23073.64,22823,33813,20799,
22413.68,22246.5,31500,20739,
21442.1,21240.5,32217,18743,
22309.66,22021.5,42292,17961,
20877.22,20474,29042,18952,
20598.18,20345,31055,17677,
20971.42,20831,29042,18943,
22205.02,21972,31339,20920,
21014.08,20974.5,31164,19069,
24448.56,24337.5,35238,21643,
21217.12,20712,37562,18786,
21641.5,21541.5,30443,19843,
22120.3,21886,34625,19226,
24219.08,24128,34183,21802,
19356.4,19167,29014,17489,
21221.5,21158,29575,19578,
23659.46,23447,35421,21361,
24818.62,24546.5,39233,21571,
23236.94,22585.5,45040,18741,
20860.56,20609,30418,19279,
24395,24158.5,44312,20751,
23442.34,23303.5,33632,22101,
20615.66,20446.5,29520,18435,
25052.02,24790.5,36430,23019,
22140.4,21998,32154,20822,
24950.44,24680,42316,19871,
20218.98,20017.5,28133,18471,
21051,20998.5,29205,18378,
22377.7,22139.5,32532,20982,
26080.58,25853.5,46051,21235,
23118.32,22937,32466,21349,
23064.36,22935.5,33639,21360,
17078.48,16627,50606,13405,
22356.62,21946,31059,20210,
20726.04,20524.5,29659,19305,
20981.9,20718,30073,18825,
24367.5,24340,36522,22234,
25716.48,25424,41820,22490,
23622.22,23535.5,34089,20478,
21615.46,21255,32584,19051,
21091.16,20952.5,29589,18932,
23848.76,23564,34759,21589,
22520.16,22395.5,33203,20789,
22671.72,22269.5,33604,20337,
22306.44,22139.5,33729,19427,
19691.04,19505,27785,18561,
22448.18,22147,33978,19998,
18568.16,18384,29999,16435,
22736.04,22609.5,37365,18457,
19045.44,18088,41672,16381,
22496.74,22297,33002,20124,
22405.8,22379,32608,19970,
23829.36,23834.5,34588,20824,
25372.36,25097.5,38328,23136,
22445.32,22079,32009,20385,
22793.4,22572,36508,19269,
20358.16,20263,27948,18845,
18535.12,18089.5,35031,15300,
22995.12,22783,35323,20763,
21024.2,20765.5,29606,18865,
22567.9,22443,31637,18566,
20649.9,20430,29200,19123,
22384.64,22227,32135,20762,
22007.66,21515.5,31889,18927,
22937.78,22537,37163,18814,
24202.08,23946,34421,22331,
24219.3,24290,38866,18699,
21265.66,21013.5,31755,19348,
18296.22,18129,25806,17146,
24037.44,23688,42146,19763,
25473.86,25230.5,36507,23314,
21429.68,21059,36627,19473,
20568.76,20377,32207,16788,
23594.64,23345,35208,21412,
24098.64,23694,33260,21205,
22030,21908,33012,19162,
19101.86,18883,36954,16276,
19695.82,19506,29312,18559,
24424.88,24072.5,35643,21341,
21585.04,21391.5,31121,19908,
26764.8,26534.5,40744,24132,
19759.44,19576.5,28353,18702,
18941.44,18434,31151,14851,
21298.18,20992.5,30698,19980,
24060.76,23710.5,34794,21674,
26204.94,25754.5,40443,23223,
22744.06,22502.5,38070,18955,
21081.5,20805.5,31564,18683,
25581.76,25411,42760,21582,
24161.54,24035.5,36357,21895,
22419.9,22084.5,34172,19976,
21527.78,21301,31200,19724,
23363.78,23254,36020,20693,
23145.68,23005.5,34604,21063,
20103.86,19863,29818,18438,
19929.44,20532.5,32346,15374,
22036.9,21776.5,32817,19738,
23761.3,23333,36688,21499,
13773.28,13419.5,24679,12180,
12724.32,12614,24655,10572,
12765.54,12461,23606,11696,
12653.38,12326.5,26782,10899,
13110.66,12745,26719,10996,
12610.56,12467.5,24041,11039,
14285.32,13841.5,31143,12438,
13188.5,12938.5,24956,11555,
12136.46,11954,21887,10128,
12779.22,12435,26098,11822,
15366.3,15235.5,30945,12790,
12512.16,12245,23670,11427,
13794.3,13461.5,26656,11864,
12899.88,12635,23122,11541,
12856.72,12664.5,24896,11133,
13064.66,12703.5,25297,11167,
15411.54,14856.5,35767,13778,
13281.22,12995,24825,11748,
14418.34,13947,29770,12338,
13158.26,12954,24770,11040,
13187.12,12936.5,25962,11104,
14315.6,14066.5,27016,12864,
12989.46,12879.5,22531,11242,
11199.64,10993,18811,9490,
13459.5,13151,24826,11857,
12338.7,12084.5,22799,11134,
13843.52,13564.5,26096,11916,
12846.78,12521,23981,11523,
12551.5,12184,23734,10335,
12977,12594,28953,10986,
13448.22,12992.5,27308,11709,
13474.08,13331,27134,11998,
12247.92,12056.5,22835,10216,
13286.16,12915,25068,11990,
11174.48,10983.5,19766,9297,
11198.5,10901,21002,9998,
14733.76,14269.5,28238,12934,
13754.56,13453.5,26592,12230,
11179.26,11037.5,19656,10132,
13209.86,12962,26278,11304,
12774.14,12635.5,23367,10736,
12390.28,12069.5,25061,10278,
11945.22,11683,21680,10779,
12866.6,12481,25852,11389,
12553.7,12283,26793,10444,
14628.68,14144,26661,12706,
12587.74,12306,24676,10580,
11948.3,11654,20623,10757,
10745.34,10500,22669,9066,
12873.04,12509.5,26884,10761,
12704.42,12409.5,22803,11275,
13006.32,12735,25122,11444,
11843.4,11784.5,23210,10266,
12384.58,12158,21923,10867,
12565.26,12172.5,24013,10543,
13018.42,12754,24359,11448,
13693.72,13332.5,25481,11412,
13890.46,13788.5,26665,11690,
13081.74,12748,24188,11821,
13986.54,13788.5,26721,12503,
13793.4,13524,25424,12230,
13922.74,13817,25208,12231,
14636.22,14135,31069,13120,
11699.28,11492,20126,10272,
13163.82,12743.5,27256,11155,
12914.8,12578.5,23403,11277,
13130.98,12823,23887,10723,
13082.26,12702.5,26382,10562,
12980.48,12667,28160,11609,
13596.04,13206,26633,10986,
11935.32,11661.5,20758,10596,
11226.8,10891.5,21625,10141,
11584.4,11327,21592,10266,
14176.96,13722.5,34943,12502,
12734.64,12489,22644,10835,
13445.92,13250,25808,10983,
14502.36,14194,34655,12771,
12495.56,12430,22689,10696,
12091.6,11871,23349,10182,
13667.24,13484,26512,12019,
13039.24,12759,24048,11522,
12675,12439.5,23968,11040,
12775.8,12221,30223,11135,
14371.9,14099.5,27034,12493,
12520.68,12017.5,26754,10309,
12836,12509.5,25083,10608,
12519.54,12454,23229,10284,
14005.24,13611,27176,12697,
13275.1,12901.5,25800,11142,
11431.76,11149,20408,10140,
13515.64,13262,25793,10167,
13736.92,13484,26458,11546,
13035.02,12742,23436,11401,
13155.08,12974,26753,11085,
15006.88,14795.5,29913,12396,
11692.92,11594.5,22203,8895,
13589.54,13349.5,25824,11820,
12316.28,11963.5,23675,10637,
14502.16,14029.5,28325,12703,
13073.66,12801,24365,11699,
12261.28,12058,22676,10088,
12762.04,12541.5,23393,11115,
13710,13612,26965,11255,
12324.46,12105,23242,10264,
11264.26,11099.5,20415,9461,
13095.3,12731,24098,11666,
13071.48,12874.5,24026,11246,
13782.1,13646.5,27712,11283,
11585.92,11372.5,19962,10589,
14798.88,14510.5,29330,11916,
15212.84,14817.5,31024,13128,
12460.02,12110,24166,10325,
13620.76,13282,27621,11926,
11762.86,11520.5,22243,10497,
14622.62,14130.5,29024,12896,
12966.3,12757.5,22456,11434,
12830.9,12572.5,23297,11546,
12744.28,12557.5,23964,11392,
12169.52,11912,21303,10843,
12734.56,12635,27118,10414,
13026.16,12703.5,25407,11145,
13234.9,12763,29354,11727,
13445.18,13416,28562,10173,
14279.34,13913.5,29094,11181,
12146.42,11857,21505,10806,
12095.84,11986.5,20566,10521,
12813.24,12502.5,23882,11155,
15326.3,14972,31498,13798,
13902.9,13526,30135,11929,
13524.5,13304.5,26428,11685,
13784.4,13700,25726,11212,
13654.88,13350.5,25871,11890,
12627.14,12371,23394,10825,
13113.06,12896.5,25606,10994,
12683.46,12562.5,22495,10510,
13516.18,13284.5,24145,11628,
13835.32,13544,27540,11967,
13761.3,13466,28997,11589,
12503.88,12224,22887,10393,
12181.02,11916.5,22513,11147,
14585.86,14129,31147,12904,
12666.16,12347.5,23913,10254,
11438.84,11127.5,21973,9669,
13393.38,13005,28809,10858,
12872,12661.5,22769,11333,
10668.68,10187,24719,9301,
11746.18,11527.5,21826,10454,
13821.58,13602,26347,11548,
14654.26,14308.5,30665,12541,
14986.86,14714,30489,11957,
13126.98,12745.5,23917,11362,
12319.52,12116.5,22900,10196,
13999.88,13678.5,27334,12598,
11985.62,11815,21921,9609,
13415.52,13064,24546,11883,
12858.82,12590,25636,11431,
13573.98,13185.5,28278,11594,
14119.92,13767.5,26152,12442,
14651.72,14232,29873,12664,
12544.92,12489.5,22172,10622,
16347.16,15865.5,32745,14378,
12718.56,12338.5,26558,10781,
13905.88,13575.5,29325,11991,
13040.86,12809,24732,11628,
15077.22,14504,34462,12544,
13288.02,13082.5,25285,11400,
13602.28,13252,24626,12385,
14498.32,14206.5,26496,12664,
12802.74,12524,23957,10878,
13140.8,12859,24868,11550,
13664.94,13418.5,26304,12019,
11423.46,11311.5,20821,9928,
12380.6,12138,23715,10914,
11932.8,11647,22287,10188,
13921,13650.5,25207,12131,
12939.42,12743.5,22772,11643,
15077.04,14479.5,31793,12952,
11596.68,11445,20650,9537,
13167.78,12916,24620,11692,
13196.84,12940,24039,11977,
13167,12873,25355,10787,
12290.8,12043.5,22773,11223,
12818.54,12397,25840,11557,
14572.64,13984,30492,12728,
13673.36,13303.5,27437,11899,
11939.28,11700,21336,10456,
13001.86,12747.5,24037,11423,
14732.7,14479,27169,12364,
13707.16,13354,28309,12438,
13074.66,12743.5,26043,11023,
12978.6,12641.5,24158,11491,
14709.38,14219,31866,12547,
21587.22,21389.5,30414,20127,
22183.54,22059,33921,19809,
23060.22,22942.5,34428,19650,
19502.6,19332.5,27469,18050,
19008.8,18694,29995,15917,
21564.1,21496,33999,18368,
21542.16,21439,30498,19721,
20652.3,20564.5,30358,19396,
18468.82,17945,35819,15836,
20506.64,20351,29006,18847,
22106.98,22040.5,30253,20223,
20499.66,20313.5,30577,18322,
23194.64,22973,34252,20984,
19420.36,19253,28017,18055,
23949.8,23891.5,34551,20675,
22643.2,22219.5,39158,17826,
11755.74,11489.5,25308,10018,
21394.28,21123.5,31706,19997,
15823.96,15458,32960,13596,
12720.28,12423.5,24294,10819,
12312.26,12064.5,21521,10437,
13060.34,12637,23308,11492,
13614.76,13394.5,26426,12186,
12371.5,12233.5,23826,10541,
24843.6,24532,35644,23002,
24537.82,24412.5,36078,21783,
20024.22,19859.5,28652,18373,
24123.18,23667,35509,21181,
20991.44,20850,29338,19494,
24769.96,23811,42693,21666,
18423.26,17977,34687,14408,
24299.52,24128,33618,21529,
13899.7,13642.5,27547,11689,
13065.12,12759,25157,11583,
11057.58,10894.5,19781,9611,
12058.06,11631,23971,10008,
13509.92,13251,24586,12203,
13425.28,13373,27187,10629,
14191.78,13941.5,30556,12274,
13393.72,13167,23840,11410,


20169.44,19904,30655,18235,
21246.68,21072.5,30058,19550,
20797.44,20694,30527,18232,
23519.24,23253.5,33794,21297,
20980.62,20991,28740,18793,
20310.66,20112.5,28082,18986,
21050.56,20874.5,30264,19180,
21184.66,21010.5,29385,19669,
20024.98,19876,28566,18266,
24401.08,23972,35925,21024,
20422.36,20210.5,27901,18273,
20019.02,19902,28522,18049,
23165.3,22938.5,32753,21349,
22029.56,21715.5,31312,19100,
21410.8,21338.5,29916,19912,
21872.6,21695.5,29636,19796,
26456.28,25880.5,43272,20673,
22673.18,22165,32388,18400,
22866.42,22675,35497,18992,
25009.54,25062.5,37755,21397,
22960.18,22742.5,33987,21122,
27910.94,27874.5,44375,23616,
22664.36,22432,33949,19517,
22101.08,22004.5,31185,19980,
19648.84,19395,28635,17711,
22023.32,21930,30294,20248,
22692.3,22490.5,32294,20650,
21168.66,20977.5,29825,19173,
20194.98,20016.5,28674,19085,
22850.04,22148.5,36942,19815,
26288.14,26171,38085,20317,
21376.6,21369.5,29228,18389,
23244.54,23023,35029,20182,
19256.68,19104.5,27337,18275,
25137.26,24932,35817,22430,
19832,19604.5,28659,18688,
20990.24,20852,29468,19268,
20865.24,20617,29979,19347,
21884.9,21710,31337,19844,
21988.14,21828,31721,20080,
20614.94,20402.5,29800,19218,
24670.54,24589,35642,20028,
18969.96,18750.5,26866,17992,
24759.22,24337,40869,21912,
25570.92,25314.5,38021,20888,
20302.06,20085.5,28783,18987,
24696.56,24708.5,32976,22058,
22769.2,22511.5,34031,20664,
20005.04,19776.5,28299,18766,
25197.78,25167,39176,23324,
26606.2,26555.5,39672,23595,
22982.78,22753.5,32799,20816,
20514.58,20332.5,29216,19252,
24948.22,24874.5,38076,21930,
22048.4,21881.5,32856,19742,
20021.88,19769,27261,18788,
23372.42,23074,32668,20552,
21384.3,21217.5,30272,19180,
24128.88,23977.5,33029,22749,
21495.12,21285.5,32538,19510,
19743.98,19575,27601,17946,
22805.1,22618,32921,21294,
21688.18,21676,30464,19413,
22929.12,22504,31554,20601,
20461.6,20319.5,30454,18992,
19852,19625,27181,18392,
31125.74,30713.5,49676,27281,
20756.9,20753,29508,18573,
27358.26,26995.5,39869,23033,
20993.98,20805.5,33035,18427,
22292.26,22058.5,34502,20370,
20952.68,20614,29743,18854,
22880.16,22652,31788,20876,
21435.16,21240,30211,19642,
23480.82,23082.5,32140,21316,
19576.3,19312.5,28571,17189,
22449.52,22274,33219,20467,
22008,21824,31557,20052,
18665.22,18447,26122,17149,
19201.84,18954,27822,17656,
20012.4,19911,28138,18617,
24774.52,24608,39440,20896,
28466.44,27352.5,44847,23480,
20589.92,20410.5,28192,18866,
21001.12,20843.5,30622,19583,
25495.36,25529.5,35431,23563,
24820.56,24232.5,36057,22093,
18823.5,18457,27022,16546,
26565.22,26827.5,41563,21887,
21143.26,21045.5,30175,19848,
23118.78,22819.5,35683,19220,
20729.16,20557.5,29489,19544,
20119.62,20090.5,28402,17978,
19259.28,19117,27598,18030,
29372.88,29110,43707,27247,
24441.22,23915.5,41579,18539,
19724.18,19596.5,28060,18357,
22402.3,22130,33357,19916,
22579.26,22384,33508,20588,
19394.08,19028,30272,17673,
18555.66,18471,26061,16690,
21306.22,21131,31182,19402,
21446.8,21412.5,30269,19778,
18624.2,18384.5,27080,17741,
24155.54,23818,34036,21809,
23415.46,23182,34090,21842,
24331.76,24122,36078,21685,
22629.14,22367.5,34872,20024,
19549.72,18883.5,27762,15396,
21769.38,21575.5,31341,20465,
43787.22,43499.5,69176,38377,
20181.32,19919,29072,17965,
20532.84,20300,28930,19009,
26296.42,26087.5,38110,21883,
19811.18,19684,28410,18323,
18529.22,18286.5,26387,17175,
19741.6,19670.5,29242,18267,
22374.24,22237,30759,19343,
20192.36,19997.5,29134,18511,
22278.54,21952.5,31453,20251,
24060.76,23792,34924,22440,
25237.1,25193.5,36731,23157,
21233.88,21031,31088,17758,
24890.06,24777.5,39390,22311,
21678.6,21264,31390,19769,
26128.64,25740.5,40910,23054,
20420.6,20250,28821,18991,
20718.42,20465,29002,19211,
20464.54,20333,28319,18523,
22595.1,22279.5,35068,20589,
20417.22,20241.5,29388,18894,
20858.5,20676.5,29486,18699,
22566.26,22309,32748,20835,
21375.62,21304.5,29032,19130,
20455.72,20260,28282,18577,
20583.02,20347.5,29410,19411,
26008.68,25726,36948,21829,
21344.46,21098.5,31086,19883,
23083.8,22651.5,35612,20741,
21850.74,21703.5,31737,20019,
18526.86,18234.5,28196,16762,
21729.08,21500,30758,20185,
21979.42,21765,31376,20041,
24077.72,23764.5,34697,22258,
26541.46,26431.5,38127,24175,
21225.88,20942,31892,19972,
23434.16,23212,33981,20873,
20792.42,20562,29893,19622,
22210.58,21936.5,32759,20075,
25422.98,25251.5,40221,22391,
23255.36,23145,33226,21335,
26604.1,26330,39528,24669,
26294.12,25867.5,41769,22148,
23023.52,22995.5,33098,20338,
22414.34,22112.5,31190,20902,
23715.64,23323,34016,22107,
23830.32,23550,34867,22287,
21031.54,20832.5,30937,19115,
18815.54,18693.5,26484,17186,
30643.5,30606,44090,27118,
22325.24,22114.5,32686,19194,
27762.52,27446,42945,24038,
22578.14,22330.5,32211,21021,
19908.5,19826.5,28792,17183,
23428.06,23232.5,33319,21224,
28948.4,28617,43787,25350,
19988.9,19876.5,29167,18749,
20186.9,19992,28894,19246,
23084.56,22882.5,36728,20686,
23582.76,23308,35293,21710,
21844.78,21663,31324,19508,
21789.3,21654,30189,20329,
19681.8,19502,28684,18388,
23677.36,23611.5,38432,19147,
20289.72,20055.5,28784,19251,
21601.12,21437.5,31055,19186,
22333.26,22076.5,31652,20372,
21984.08,21798.5,31018,20203,
19591.84,19347,28703,18454,
22583.64,22462,31547,19904,
23753.88,23705,36940,20822,
20642.38,20519,27976,19389,
22430.84,22230.5,32359,20437,
25340.52,25102.5,34758,23177,
20159.58,19958.5,29788,18843,
20536.26,20301.5,30439,18937,
21516.2,21274,31864,19948,
24707.84,24476.5,36951,21924,
29650.72,29507,45040,27540,
20965.1,20753.5,31554,18926,
29481.74,29018,44312,26073,
21803.34,21675.5,30352,20310,
20158.92,20043,28605,18869,
20601.36,20431.5,29203,18797,
20702.56,20585.5,29678,19135,
27510.4,26986.5,42316,22980,
20194.06,20103.5,28351,18484,
19132.76,18904,26761,18082,
21907,21730,32151,20350,
30289.68,30320,45717,23968,
22040.54,21870.5,30284,19973,
23358.12,23297.5,34286,21352,
28208.98,27392.5,50606,22347,
20262.88,20042,29473,18965,
18233.9,18075.5,24489,16872,
22542.62,22321,30683,20319,
25523.44,25224.5,36040,22930,
23095.78,22819.5,34391,20783,
23973.34,23874.5,32891,22002,
20179.94,20030,30434,18119,
20880.06,20901,28779,19042,
22772.62,22706,32284,20695,
20229.06,20003.5,28148,19056,
19008.12,18835.5,27584,17587,
19969.4,19762.5,28748,18518,
18399.82,18176.5,26207,17426,
23655.34,23355.5,35292,21590,
20453.36,20399.5,30161,18003,
24920.84,24588,37365,22524,
27015.86,26858.5,41672,23718,
21517.44,21354.5,31049,20000,
22845.88,22493.5,35661,20569,
21577.2,21400.5,31262,19294,
21580.94,21451,29612,20310,
22441.68,22095,32082,20737,
24695.9,24474.5,36091,22302,
21375.7,21436.5,29321,19549,
21078.28,20897.5,33113,18329,
21730.76,21546,31807,19223,
20785.56,20768,28771,19215,
20468.68,20238,29105,18492,
21950.64,21825.5,31417,20561,
20857.62,20580.5,29921,19678,
24358.34,24197,32046,21755,
22905.36,22955.5,33949,19962,
20208.44,20055,28499,19037,
23920.52,23546,32770,21301,
22257.2,22226,31795,19664,
18578.56,18403,26294,17270,
27112.4,26906,42146,23890,
22968.12,22808,32919,21194,
22713.68,22325.5,36627,19267,
22968.36,23071,33165,19946,
23265.22,23184.5,32974,21493,
20259.96,19845.5,28663,18441,
23072.18,22884,33234,21638,
23942.32,23462,36498,22615,
17960.38,17810,26619,16602,
27627.22,27432,39840,25262,
20824.08,20708.5,27684,18951,
28043.74,27770.5,38981,25367,
20566.12,20351.5,29076,19172,
21147.44,20856,31056,19229,
21678.8,21473,32218,19762,
23314.64,23068.5,33121,20924,
25465.32,25231,34790,23217,
21981.54,21754,32070,19743,
20602.28,20424,30120,19052,
24624.68,24318,35864,22480,
24541.74,24406,35456,21921,
20565.86,20559.5,29208,18588,
20466.28,20453,29869,17771,
21225.86,20826,32143,19200,
22090.62,21930,31718,19385,
19062.56,18867.5,27655,17551,
20538.78,20274.5,30374,18789,
19575.46,19400.5,27911,18499,
21660.96,21313,32289,19153,
13884.64,13716.5,22571,12388,
14904.6,14775.5,24363,12866,
13317.82,13206,21668,11715,
14880.9,14670,24056,13677,
15801.96,15478,26020,13864,
14793.64,14641,22503,12997,
16159.34,15906,28511,14001,
15774.92,15712,25461,13260,
13446.32,13334.5,21793,12062,
14876.14,14725,25163,13599,
17458.7,17384.5,28792,14300,
13683.72,13543,22888,11916,
14689.54,14471.5,24399,13381,
14625.18,14444,22884,12761,
15340.84,15164.5,26454,13219,
13896.42,13692,24230,12303,
19284.06,19052,34485,16132,
16035.84,16172,28389,12473,
20158.98,20005,29770,17787,
15269.16,14962,26072,13540,
15644.08,15385.5,24946,13752,
16292.48,16237,25536,14695,
14478.06,14320.5,23020,12890,
12167.92,12085.5,19394,10967,
14033.78,13825,23033,12149,
13585.48,13462.5,21656,12118,
16262.66,16228.5,25457,14308,
13839.84,13703.5,23218,12205,
12926.08,12805,20588,11466,
16151.52,15877.5,29570,14293,
13976.1,13712,23228,12173,
14277.22,14067,23666,12755,
14340.28,14165.5,22392,12953,
13540.22,13303.5,22629,12064,
12417.18,12257,19965,11311,
11547.28,11322.5,19474,10234,
15722.48,15480.5,24884,13206,
17250.2,17157.5,27940,15365,
11687.82,11534,19206,10516,
14604.62,14591,25256,12420,
14297.78,14111,23123,12563,
15879.72,15965.5,25938,13690,
13880.88,13655,22406,13038,
15637.52,15428,25824,14010,
14801.98,14603.5,24822,13837,
14902.24,14778.5,23673,13436,
14451.34,14303,24641,12065,
13119.68,12977,20716,11707,
12116.58,12004,20340,10937,
15455.12,15208,26386,14240,
16088.74,15801.5,26025,14884,
14663.12,14622,23414,12266,
13520.1,13350,21543,11862,
14410.46,14241.5,22746,13380,
14128.62,14029,23221,12515,
14558.12,14439,23604,12377,
15872.34,15687,23677,13419,
15714.52,15764,26044,13583,
13818.36,13651,22542,11367,
15998.54,15910.5,26373,14359,
16462.02,16446.5,25518,14227,
13752.88,13547,22696,12552,
19475.64,19207.5,31918,17427,
13477.98,13353.5,21888,11972,
15437.8,15316.5,26530,13161,
14278.26,14088.5,22977,12337,
13742,13551,22516,11701,
14573.48,14262,27100,12398,
12574.24,12371.5,21302,11253,
16318.84,16159,25432,14038,
13160.8,13026.5,21309,11885,
13008.22,12829,22220,11609,
11965.82,11761.5,18904,11207,
18020.4,18583.5,31160,13458,
13775.62,13636.5,22196,12314,
14656.78,14610.5,24802,12522,
16830.56,16669,29487,14081,
14063.82,14104,22630,11302,
12934.9,12925.5,20560,11207,
13508.34,13340.5,23219,11669,
15652.92,15486.5,25215,14108,
14381.46,14218.5,23244,12999,
17060.08,16872.5,29491,12552,
16482.58,16281.5,25983,14631,
15495.34,15247.5,25075,13662,
13139.8,12977.5,21276,11854,
15886.76,15709,25629,13988,
16330.3,16119,26367,14513,
17147.68,17163,27929,13278,
12361.92,12218,20082,11226,
15931.72,15765,26468,12924,
14672.96,14394,25041,13271,
15268.06,14983,25190,13818,
14199.6,14062,24130,12074,
15599.26,15547.5,25503,12945,
15205.46,15116.5,24045,13318,
13617.38,13433,22557,12301,
13860.24,13929.5,22586,12102,
16975.18,16803.5,26643,15788,
13089.46,12972,21136,11982,
13646.64,13582,22685,12130,
14009,13848,22576,12637,
14688.08,14715.5,22479,13248,
13174.22,13036,21847,11528,
12821.06,12720,21366,11019,
15081.22,14882.5,24217,12378,
15465.48,15258.5,26800,14070,
15973.6,15892.5,27712,13985,
14088.18,13871.5,22871,12895,
16948.42,16644,27230,15154,
15674.96,15462.5,26551,14612,
14705.2,14508,23408,13078,
15438.58,15292.5,24771,13496,
13145.62,12927,19976,11903,
17170.82,17098.5,26771,14199,
13273.96,13227,21338,11137,
14439.02,14244.5,23299,13184,
15712.74,15562.5,24956,13910,
12295.9,12169.5,19399,11020,
16563.92,16350.5,27774,14128,
15611.36,15387,25179,13753,
18559.5,18414.5,29354,17062,
13971.44,13823.5,24123,11714,
16428.22,16303,27522,14306,
12829.74,12677.5,20438,11908,
12515.5,12398.5,20059,11364,
15919.78,15812.5,26001,13045,
15920.64,15794,27918,13199,
13451.8,13486,21308,11562,
14784.5,14417,24892,13057,
15578.94,15396,26266,13427,
15173.82,14966.5,26148,12972,
14270.44,14024,23586,13016,
15623.06,15446.5,25036,13139,
13359.36,13296,21600,11627,
13755.6,13503,21825,12221,
15634.04,15531.5,26197,14136,
16918.54,16819,28589,14993,
15064.16,14852,24485,13821,
13696.96,13654.5,23224,11708,
17249,17026.5,28929,15286,
13781.88,13594,22262,11955,
13464.06,13336,20967,11577,
15679,15322,27301,13441,
13796.72,13678.5,22212,12372,
13585.74,13153,24719,12021,
13337.94,13180.5,22105,11884,
16345.38,16115.5,25995,14115,
16204.46,16002.5,27077,14145,
17720.24,17625.5,27925,15499,
13439.54,13255,22690,11607,
14128.46,13908.5,22573,13112,
16227.92,16154.5,26412,14916,
12756.54,12579,20770,11464,
14899.24,14896.5,22184,12389,
15783.28,15629,25789,14411,
17391.2,17323.5,29028,14796,
16668.04,16469.5,25369,14340,
14597.4,14359,23406,13394,
13178.58,12907.5,21856,11973,
20257.1,20013.5,32324,18181,
15415.12,15317,25594,13405,
15007.06,14995,26234,12605,
14140.38,14007,23129,12295,
17931.86,17602,31428,15061,
13382,13310,22831,11638,
15313.88,15305,24036,13504,
15042.06,14982.5,24459,12593,
13911.16,13844,22504,12409,
12830.26,12658,20410,11981,
15938.34,15801,27424,13667,
12625.76,12590.5,20523,11003,
13508.48,13328,21892,11647,
14204.64,13942,23454,13224,
14139.14,14173,22114,12329,
15764.66,15657.5,24266,14018,
18645.04,18204.5,31368,16468,
12209.84,11979,20101,11059,
14819.52,14655.5,24196,13552,
15179.92,15047,23989,13584,
15044.28,14886.5,25651,13628,
14450.78,14249,23266,12933,
13747.7,13601,22671,12572,
17238.42,16999.5,30441,14599,
15166.16,14928.5,25264,13923,
12831.4,12816.5,21434,11295,
13452.8,13212.5,22356,11867,
15375.4,15263,22934,12868,
13964.44,13851,22875,12686,
16331.8,16132,27881,14049,
13481.3,13393,20920,12126,
19192.3,18929.5,31866,16985,
21948.72,21693.5,31378,20322,
22860.58,22776,34150,20751,
23038.88,22794,32092,21471,
19308.86,19257.5,27095,17282,
20784.78,20592,29155,18346,
24640.06,24191,36613,22484,
20617.3,20413,29691,19163,
20584.36,20492,28946,18921,
23031.94,22669.5,35904,21162,
17826.92,17634.5,24782,16949,
20331.08,20100.5,28068,18809,
21360.02,21133.5,31310,19104,
22017.62,21886.5,31200,19681,
19581.06,19324,28283,18550,
24467.76,24332.5,34489,22181,
22910.74,22364.5,38104,20410,
14842.72,14754.5,24675,13291,
21433.3,20983,32206,19909,
16218.98,16059.5,28397,13521,
14124.36,13942,23265,11696,
13425.96,13285.5,21604,12481,
13748.86,13619.5,22100,12733,
13969.66,13766.5,22709,12609,
12771.48,12614,20076,11891,
22054.58,21919.5,30990,20271,
24684.8,24621.5,35612,22445,
19188.5,19010.5,27482,18206,
24158.96,24122.5,36521,21276,
22739.42,22376.5,32290,20827,
27749.88,27379.5,42693,22740,
18831.2,18801.5,29987,16148,
22754.22,22508.5,33502,20481,
12539.18,12347.5,20550,11127,
16264.2,16226,25274,13308,
12673.14,12543.5,20084,11187,
14021.88,13827,22743,12994,
13965.76,13861.5,22153,12275,
16200.16,16061,27187,13728,
18127.32,17891.5,30882,15640,
14580.86,14389,23703,12782,




Further Data analysis of all test cases 
avg med max min 
AVGs,19656.138,19967.68,40578.38,11416.54,
MEDs,19484.173,19733,40686,11331,
MAXs,30640.036,30289,65809,18984,
MINs,18422.206,19603,30041,9639,


AVGs,18497.369,20219.22,27991.64,10668.68,
MEDs,18244.437,20119.75,27750,10187,
MAXs,30646.058,30238.5,69176,18811,
MINs,16227.526,17964,24545,8895,


AVGs,19267.86,20139.27,43787.22,11547.28,
MEDs,19081.432,19907.5,43499.5,11322.5,
MAXs,29196.562,28792,69176,18904,
MINs,17222.18,18351.5,38377,10234,



