

Data analysis for each instance 
AVG,MED,MAX,MIN
2865.62,2820.5,6702,2381,
2712.73,2674.5,6011,2337,
2611.36,2588,5835,2110,
3478.79,3449,8135,2969,
2470.93,2444.5,5623,2122,
2553.55,2525.5,5768,2310,
2522.89,2497.5,5660,2181,
2600.61,2586,6060,2108,
2535.04,2495,5961,2182,
3167.95,3158.5,7590,2656,
2883.8,2844.5,6959,2389,
2777.02,2753.5,6545,2133,
2987.09,2941,7117,2463,
3425.86,3389.5,8188,2847,
2736.22,2711.5,6390,2321,
2587.3,2561,5852,2273,
3427.3,3452,7933,2674,
3116.74,3075,7159,2570,
3237.14,3220,7473,2615,
3656.58,3582.5,8631,2997,
3005.33,2966,6974,2406,
3963.55,3883,9623,3257,
2938.03,2893.5,6689,2557,
3417.56,3370.5,7942,2937,
2430.37,2394.5,5571,2117,
2958.71,2902,6854,2577,
2955.47,2913,6979,2500,
3228.3,3170,7611,2844,
2647.79,2597.5,6057,2263,
3606.42,3562,8810,2941,
3392.95,3348,7889,2693,
2499.09,2471,5582,1857,
3131.2,3087.5,7142,2604,
2562.15,2550,5825,2240,
3385.88,3339.5,7919,2705,
2417.8,2377,5701,2099,
2644.73,2620.5,6288,2129,
2915.63,2869.5,6610,2600,
2897.23,2843,6846,2459,
2660.33,2619.5,6344,2286,
2507.84,2462.5,5989,2166,
2923.15,2909.5,6905,2314,
2670.21,2624,6401,2346,
3268.12,3247,7739,2703,
3252.06,3183,7749,2511,
2858.81,2819.5,6873,2412,
3034.65,3001,7274,2449,
2877.49,2843,6634,2394,
2605.71,2551,6104,2289,
3521.56,3475,7957,2884,
3793.51,3719.5,8942,3097,
2798.66,2759.5,6594,2288,
2647.99,2615,6000,2340,
3334.84,3281,7683,2800,
2540.51,2491.5,5752,2210,
2761.24,2711.5,6487,2244,
3325.84,3286,8144,2882,
2692.47,2656.5,6187,2327,
2922.63,2913.5,6710,2456,
2831.71,2787.5,6587,2408,
2650.51,2595,6225,2281,
2963.41,2936,6972,2580,
2933.12,2897.5,6729,2506,
2718.29,2673.5,6460,2297,
2592.08,2555.5,5984,2318,
2445.76,2423.5,5646,2100,
3862.92,3819.5,9405,3024,
2493.05,2472.5,5752,2196,
3854.53,3632.5,10125,3290,
3079.8,3041,7288,2515,
3066.16,3055.5,7152,2469,
2824.85,2805,6701,2297,
2929.71,2873,6695,2512,
2791.33,2742.5,6488,2492,
3024.92,2979.5,7019,2479,
2405.51,2384.5,5917,1990,
2898.98,2841.5,6715,2496,
3044.28,3001.5,7197,2558,
2382.19,2353.5,5622,2102,
2436.55,2408.5,5494,2099,
2678.03,2633,6123,2293,
3647.94,3560.5,8604,2896,
3832.79,3770,9301,3016,
2783.64,2746.5,6331,2209,
3004.27,2964,6940,2551,
3084.15,3032.5,7155,2653,
3137.26,3123.5,7397,2482,
2421.03,2372,5756,2038,
3307.19,3238,7842,2622,
2807.63,2759,6574,2376,
3403.6,3384,7934,2748,
2615.27,2584,6155,2257,
2596.78,2551.5,6141,2209,
2631.34,2578,6169,2241,
3787.42,3718,9167,3077,
3890.69,3814.5,9358,3053,
2580.56,2544.5,6137,2156,
3030.63,2983,7044,2319,
2698.02,2660,6489,2294,
2804.9,2778,6483,2434,
2194.1,2143,5235,1898,
2678.83,2633,6336,2332,
2963.88,2923,7235,2569,
2705.51,2663.5,6463,2295,
3064.84,3030.5,7034,2578,
3104.71,3066.5,7275,2535,
3181.76,3147.5,7419,2750,
3059.59,3015,7040,2356,
2350.86,2300.5,5873,1887,
2637.97,2594,6130,2327,
5401.07,5309.5,13163,4359,
2854.47,2787.5,6755,2457,
2532.23,2499,6064,2233,
3378.67,3346.5,7652,2777,
2434.93,2400.5,5702,2066,
2375.26,2325.5,5517,2026,
2795.9,2766.5,6408,2331,
3232.11,3161,7550,2842,
2666.88,2646,6003,2205,
3064.76,3027,7402,2615,
3383.94,3355.5,7990,2887,
3298.94,3268.5,7866,2678,
2602.7,2575.5,6037,2175,
3339.85,3304,7772,2669,
2764.37,2724,6454,2292,
3422.61,3390,7559,2920,
2584.86,2531.5,5867,2094,
2741.78,2695.5,6494,2263,
2625.31,2601.5,6163,2275,
2549.01,2513.5,5812,2167,
2511.81,2473.5,5817,2099,
2981.1,2940,6843,2507,
2706.93,2694.5,6183,2283,
2630.79,2600,6153,2121,
2647.79,2609,6259,2358,
2537.8,2500,5840,2240,
3228.44,3187,7660,2681,
2600.8,2560.5,6226,2255,
3334.36,3274,7900,2607,
2644.07,2615,6346,2195,
2762.28,2754.5,6783,2244,
2788.43,2756,6429,2419,
2900.14,2852.5,6817,2336,
3269.57,3221.5,7662,2820,
3816.98,3770.5,8922,3044,
2622.45,2594.5,6138,2284,
3187.36,3151,7485,2677,
2729.78,2713.5,6353,2331,
3006.01,2947,7107,2515,
3539.68,3468,8254,2811,
3140.4,3090.5,7352,2723,
3211.64,3184.5,7473,2568,
3245.38,3161,7690,2483,
3030.06,2989.5,7059,2630,
2664.66,2639,5909,2325,
3184.62,3144.5,7597,2669,
2714.26,2677,6303,2225,
2899.28,2853,6884,2522,
2259.12,2234.5,5202,1980,
3867.82,3740.5,9584,3052,
2688.83,2661,6309,2295,
3619.39,3568.5,8320,3044,
2953.78,2915,7009,2569,
2607.44,2571.5,5936,2232,
3206.53,3151.5,7438,2679,
3701.84,3686.5,8759,2924,
3015.77,2983.5,6879,2626,
2437.47,2389.5,5555,2042,
3025.69,2992.5,6667,2425,
2895.45,2867,6783,2433,
2904.12,2887.5,6714,2468,
2750.37,2708,6430,2471,
2682.16,2639,6304,2319,
3307.56,3255.5,8014,2731,
2564.02,2505,5971,2177,
2724.84,2705,6331,2320,
2671.16,2664,6244,2094,
2704.88,2669,6328,2179,
2583.67,2571,5632,2161,
3097.78,3058.5,7256,2665,
2939.17,2870.5,6533,2506,
2681.77,2646,6209,2318,
2809.17,2745.5,6602,2401,
3123.89,3099.5,7388,2585,
2474.97,2444.5,5879,2026,
2597.9,2561,6147,2252,
2931.22,2922.5,6915,2463,
3364.55,3308,8153,2772,
3808.1,3761,9064,2880,
2614.99,2580.5,5967,2258,
3728.77,3693.5,8801,3142,
2913.58,2885.5,6717,2566,
2473.44,2434,5898,2185,
3110.36,3052,7292,2692,
2697.14,2648,6286,2130,
3677.15,3619,8802,2929,
2441.76,2386.5,5761,2118,
2583.01,2569.5,6036,2170,
2753.09,2736,6245,2381,
4071.88,4011,9663,3406,
2833.54,2808.5,6504,2365,
2950.75,2907,6719,2515,
3890.91,3913.5,9287,2954,
2743.57,2683,6282,2433,
2546.55,2497,5940,2211,
2757.08,2733,6507,2406,
3189.42,3125.5,7251,2780,
3445.22,3420,8121,3007,
2975.02,2944,6986,2519,
2693.35,2667,6029,2206,
2654.98,2621,6013,2266,
3018.36,2974.5,7074,2387,
2929.45,2893,6764,2546,
2817.66,2774,6421,2388,
2838.7,2793.5,6631,2497,
2419.12,2378,5688,2091,
2912.75,2886.5,6661,2441,
2495.05,2484,6125,2067,
3109.42,3119.5,7291,2444,
3382.79,3345,8125,2685,
2843.23,2796.5,6641,2427,
2858,2829.5,6605,2296,
3041.16,2968,7206,2542,
3202.74,3150,7457,2689,
2790.57,2746.5,6657,2382,
3165.21,3106,7537,2653,
2539.42,2524.5,5883,2160,
2899.43,2860.5,6904,2408,
2997.66,2961,7021,2579,
2637.81,2600.5,6203,2290,
2765.34,2739.5,6475,2352,
2586.54,2565,6083,2195,
2724.27,2699,6369,2215,
2919.6,2856,7060,2378,
3133.35,3069,7440,2633,
3011.94,2993,6977,2420,
3283.03,3286,8083,2522,
2719.23,2699.5,6312,2278,
2245.8,2213.5,5158,2046,
3337.24,3294,7798,2545,
3160.79,3100.5,7444,2680,
3006.44,2939.5,7093,2373,
2731.36,2678,6709,2291,
2905.26,2883.5,6799,2529,
3043.01,3002,7271,2628,
2763.29,2711,6216,2426,
3135.68,3053.5,7540,2499,
2447.45,2404,5840,2136,
3212.55,3191.5,7417,2723,
2773.84,2745,6420,2292,
3565.36,3513,8471,2766,
2418.77,2386,5627,2144,
2738.7,2717.5,6178,2241,
2671.92,2645,6006,2257,
3202.55,3168.5,7626,2653,
3605.47,3528,8535,2855,
3120.09,3081.5,7506,2479,
2586.17,2554.5,5799,2139,
3522.61,3451.5,8539,2829,
3116.58,3087.5,7175,2647,
2896.57,2860,6516,2424,
2692.04,2637,6214,2283,
3002.19,2957,7072,2580,
2876.28,2834.5,6738,2509,
2519.31,2500.5,5654,2166,
2611.4,2638,6326,1961,
2811.71,2749.5,6634,2454,
3145.71,3109,7433,2785,
2030.94,1993,5035,1784,
1935.49,1886.5,4747,1597,
1924.32,1902.5,4766,1659,
2163.15,2118.5,5283,1879,
2113.34,2065.5,5286,1803,
2017.24,1997,4960,1667,
2493.82,2469,6173,2088,
2014.49,1992.5,4983,1675,
1752.91,1724.5,4364,1450,
2114.36,2086.5,5138,1812,
2511.94,2451,6164,2097,
1927.17,1900,4773,1685,
2138,2103,5350,1824,
1908.35,1875.5,4734,1648,
1997.46,1964,4942,1702,
2096.77,2079.5,5233,1680,
2720.3,2659,6857,2325,
1948.59,1930,4799,1672,
2647.84,2579,6789,2130,
1994.56,1977,4887,1656,
2108.67,2095.5,5185,1726,
2227.86,2184.5,5375,1921,
1884.33,1845,4657,1623,
1561.35,1533.5,3803,1377,
2105.73,2073,5210,1812,
1883,1844.5,4633,1544,
2178.08,2140,5268,1867,
1905.31,1864,4843,1657,
1975.7,1960.5,4846,1693,
2155.76,2108.5,5452,1789,
2120.92,2097,5239,1774,
2179.88,2160.5,5385,1808,
1959.52,1940.5,4799,1686,
1929,1903.5,4612,1674,
1595.84,1576.5,3983,1391,
1736.27,1718.5,4216,1461,
2352.61,2289,5833,1953,
2162.58,2115.5,5426,1792,
1599.32,1586.5,3916,1353,
2072.54,2025,5250,1695,
1876.46,1833,4682,1585,
2064.47,2031.5,4939,1696,
1752.28,1719.5,4230,1455,
2055.8,2019.5,5195,1773,
2093.6,2074,5276,1730,
2304.14,2254,5794,1923,
1956.05,1929.5,4948,1681,
1746.2,1712.5,4253,1533,
1636.86,1569,4391,1411,
2171.34,2144.5,5324,1860,
1870.97,1842,4488,1675,
2063.66,2034,5212,1785,
1849.84,1822.5,4635,1544,
1883.65,1850,4610,1622,
1988.02,1956.5,4969,1727,
1974.88,1936.5,4863,1687,
2325.04,2266.5,5759,1869,
2089.93,2040,5233,1790,
2000.99,1966,4839,1699,
2186.15,2155,5426,1906,
2208.15,2170,5294,1868,
2002.6,1967,4978,1743,
2551.72,2497,6349,2166,
1673.14,1641,4084,1418,
2230.43,2206.5,5434,1919,
1971.99,1941.5,4755,1731,
1996.46,1967,4828,1717,
2089.34,2046.5,5193,1750,
2212.54,2177.5,5387,1848,
2243.59,2213,5582,1811,
1754.71,1728,4265,1571,
1732.25,1712,4244,1448,
1745.74,1724,4351,1518,
2700.56,2630.5,6941,2251,
1856.65,1824,4644,1613,
2090.01,2040.5,5139,1714,
2617.74,2583.5,6588,2142,
1798.85,1779.5,4306,1516,
1959.02,1929.5,4924,1652,
2091.61,2064,5183,1852,
1968.14,1949,4801,1592,
1911.19,1873.5,4648,1672,
2399.62,2371,5987,1966,
2326.53,2278,5741,2008,
2201.49,2179,5380,1818,
2053.49,2008.5,5129,1736,
1866.26,1832,4563,1560,
2169.42,2112,5424,1921,
2145.85,2119.5,5321,1713,
1713.24,1685,4292,1473,
2114.16,2066.5,5214,1744,
2067.48,2018,5151,1786,
1903.32,1868.5,4704,1629,
2007.81,1950,4989,1701,
2396.25,2345,6061,2087,
1886.59,1854,4546,1502,
2105.89,2068.5,5231,1824,
1913.88,1871,4672,1685,
2378.29,2319.5,5992,2023,
1935.34,1905.5,4678,1584,
1824.22,1784,4508,1578,
1916.06,1885.5,4689,1678,
2157.26,2122.5,5236,1768,
1862.88,1824,4480,1632,
1695.68,1673,4181,1454,
2003.16,1972.5,4950,1728,
1905.48,1874,4739,1653,
2211.43,2175,5438,1912,
1683.17,1647,4063,1430,
2342.87,2308,5779,1990,
2410.11,2350.5,6064,2038,
1984.1,1967,4884,1680,
2223.73,2187,5525,1811,
1777.73,1759.5,4103,1385,
2392.95,2323.5,5958,2035,
1885.39,1863,4634,1607,
1937.83,1903.5,4782,1706,
2053.62,2019,5160,1751,
1770.92,1735,4256,1485,
2121.94,2079.5,5071,1715,
2110.53,2073,5174,1837,
2521.6,2488.5,6218,2043,
2080.69,1987,5569,1768,
2285.42,2257,5788,1879,
1798.6,1768,4405,1584,
1743.52,1724.5,4156,1514,
1981.28,1948,4976,1612,
2386.79,2339.5,6074,2010,
2354.7,2282,5908,1899,
2060.19,2027.5,5151,1778,
2088.58,2048,5113,1819,
2077.1,2041,5117,1781,


2269.61,2191,6702,2191,
2254.15,2185.5,6011,1971,
1985.78,1953,5835,1933,
2737.98,2657,8135,2657,
1889.73,1847,5623,1847,
2215.07,2173.5,5768,1979,
1901.46,1859,5660,1859,
2034.48,1980,6060,1980,
1975.9,1934,5961,1934,
2609.78,2549,7590,2549,
2344.43,2287,6959,2287,
2176.69,2131,6545,2131,
2591.23,2538.5,7117,2257,
2684.31,2627,8188,2627,
2223.58,2131,6390,2106,
2006.41,1932,5852,1932,
2597.03,2541,7933,2541,
2345.4,2295,7159,2295,
2482.72,2424,7473,2424,
2925.84,2844,8631,2810,
2321.74,2269,6974,2269,
3237.2,3178,9623,3154,
2204.42,2157,6689,2157,
2696.79,2603,7942,2603,
1859.2,1820,5571,1820,
2396.89,2311.5,6854,2262,
2357.29,2298,6979,2287,
2584.31,2506,7611,2506,
2220.31,2167,6057,2059,
2921.56,2846,8810,2846,
2604.89,2546,7889,2546,
1884.73,1835,5582,1835,
2387.95,2338,7142,2338,
1989.44,1926,5825,1926,
2674.31,2596,7919,2596,
2169.34,2140,5701,1926,
2129.18,2080,6288,2080,
2522.81,2465,6610,2257,
2274.5,2190,6846,2190,
2190.41,2080,6344,2079,
2007.57,1964,5989,1964,
2274.6,2226,6905,2226,
2131.57,2031,6401,2031,
2717.75,2714,7739,2535,
2549.38,2493,7749,2493,
2384.74,2335,6873,2285,
2409.91,2355,7274,2355,
2211.52,2164,6634,2164,
2299.14,2248,6104,2042,
2631.42,2573,7957,2573,
2997.24,2916,8942,2916,
2202.07,2128,6594,2128,
2248.86,2242,6000,1981,
2526.59,2473,7683,2473,
1916.61,1876,5752,1876,
2151.54,2102,6487,2102,
2636.81,2580,8144,2580,
2071.63,2015,6187,2015,
2224.12,2177,6710,2177,
2235.81,2182,6587,2182,
2318.29,2281.5,6225,2060,
2334.63,2286,6972,2286,
2398.32,2301,6729,2210,
2184.29,2134,6460,2134,
2040.79,1985,5984,1985,
1913.8,1871,5646,1871,
3070.06,3004,9405,3004,
1921.94,1877,5752,1877,
3299.71,3227,10125,3227,
2451.79,2399,7288,2399,
2381.81,2330,7152,2330,
2244.91,2198,6701,2198,
2241.71,2195,6695,2195,
2168.44,2117,6488,2117,
2331.95,2281,7019,2281,
1985.34,1933,5917,1933,
2361.95,2324,6715,2282,
2455.77,2384.5,7197,2295,
2066.04,2021,5622,1857,
1843.44,1793,5494,1793,
2064.11,2003,6123,2003,
2847.06,2785,8604,2785,
3041.88,2977,9301,2977,
2107.4,2063,6331,2063,
2431.75,2378,6940,2309,
2384.7,2333,7155,2333,
2448.84,2397,7397,2397,
1926.9,1885,5756,1881,
2595.54,2539,7842,2539,
2193.52,2135,6574,2135,
2613.15,2558,7934,2558,
2057.23,2012,6155,2011,
2100.7,2013,6141,2013,
2059.48,2000,6169,2000,
2926.87,2863,9167,2863,
3103.17,3038,9358,3038,
2225.19,2172,6137,2038,
2348.02,2299,7044,2294,
2171.84,2124,6489,2124,
2174.3,2128,6483,2128,
2021.5,1985,5235,1719,
2132.85,2074,6336,2074,
2401.25,2346,7235,2346,
2160.23,2112,6463,2112,
2372.75,2314,7034,2314,
2421.41,2367,7275,2367,
2465.71,2411,7419,2410,
2332.94,2283,7040,2283,
1925.01,1884,5873,1884,
2165.1,2092,6130,2041,
4271.14,4179,13163,4179,
2280.89,2225,6755,2225,
2069.62,2013,6064,2013,
2545.94,2484,7652,2484,
2021.15,1960,5702,1899,
1941.45,1844,5517,1813,
2165.94,2119,6408,2119,
2523.76,2462,7550,2462,
2154.68,2075,6003,1979,
2479.49,2428,7402,2428,
2681,2620,7990,2620,
2597.99,2543,7866,2543,
2017.21,1975,6037,1975,
2578.87,2524,7772,2524,
2170.35,2123,6454,2123,
2477.45,2424,7559,2424,
2068.54,1921,5867,1920,
2250.38,2155,6494,2155,
2093.83,2019,6163,2019,
2065.06,2010,5812,1899,
2027.71,1951,5817,1908,
2294.37,2246,6843,2246,
2070.42,2018,6183,2018,
2059.1,2015,6153,2015,
2249.82,2189.5,6259,2038,
1995.59,1949,5840,1943,
2715.05,2665,7660,2590,
2068.68,2024,6226,2024,
2583.37,2528,7900,2528,
2137.92,2083,6346,2072,
2257.4,2206,6783,2206,
2186.74,2123,6429,2123,
2377.42,2324,6817,2257,
2729.03,2682.5,7662,2501,
2953.15,2891,8922,2891,
2117.6,2041,6138,2027,
2736.67,2673,7485,2497,
2134.4,2080,6353,2078,
2381,2329,7107,2329,
2752.38,2695,8254,2695,
2560.29,2505,7352,2477,
2569.07,2504,7473,2474,
2502.74,2449,7690,2449,
2378.26,2324,7059,2324,
2046.42,1981,5909,1981,
2508.16,2449,7597,2441,
2366.01,2317.5,6303,2078,
2468.63,2396.5,6884,2218,
1800.66,1761,5202,1761,
3108.35,3033,9584,3033,
2151.37,2089,6309,2088,
2819.36,2771,8320,2687,
2362.22,2307,7009,2307,
2021.42,1956,5936,1941,
2461.36,2409,7438,2409,
2948.17,2892,8759,2874,
2392.39,2342,6879,2254,
2177.45,2145,5555,1935,
2226.67,2170,6667,2170,
2318.55,2264,6783,2264,
2238.38,2190,6714,2190,
2170.68,2116,6430,2116,
2109.86,2062,6304,2062,
2755.72,2699,8014,2651,
2231.57,2203,5971,1962,
2257.14,2243,6331,2060,
2103.06,2056,6244,2056,
2128.29,2084,6328,2084,
2253.97,2231,5632,1857,
2548.17,2484,7256,2383,
2153.39,2107,6533,2107,
2160.7,2067,6209,2056,
2236.34,2189,6602,2189,
2468.72,2413,7388,2413,
1978.29,1923,5879,1921,
2089.7,2043,6147,2037,
2437.97,2319.5,6915,2294,
2745.43,2677,8153,2560,
2951.41,2888,9064,2888,
2030.91,1979,5967,1979,
2884.2,2823,8801,2823,
2402.79,2339,6717,2207,
2162.82,2100,5898,1967,
2493.65,2445,7292,2437,
2124.61,2074,6286,2074,
2879.5,2818,8802,2818,
1936.81,1891,5761,1891,
2065.65,2005,6036,2005,
2229.66,2070,6245,2070,
3159.42,3092,9663,3092,
2320.61,2238,6504,2142,
2234.53,2183,6719,2183,
2912.76,2848,9287,2848,
2348.69,2252.5,6282,2125,
2000.53,1953,5940,1953,
2212.04,2163,6507,2162,
2467.21,2374,7251,2357,
2717.91,2656,8121,2652,
2353.85,2275,6986,2275,
2029.85,1983,6029,1983,
2009.83,1965,6013,1965,
2395.06,2323,7074,2323,
2291.19,2235,6764,2229,
2189.09,2130,6421,2130,
2234.93,2178,6631,2178,
2063.87,2014,5688,1844,
2391.91,2328.5,6661,2197,
2120.8,2079,6125,2003,
2425.54,2372,7291,2372,
2644.68,2588,8125,2586,
2253.13,2207,6641,2193,
2203.44,2153,6605,2153,
2426.03,2374,7206,2374,
2539.36,2484,7457,2472,
2379.97,2329,6657,2155,
2511.41,2459,7537,2459,
1976.69,1930,5883,1929,
2313.49,2265,6904,2265,
2355.7,2301,7021,2301,
2066.52,2023,6203,2023,
2186.87,2140,6475,2137,
2040.91,1994,6083,1994,
2146.71,2096,6369,2096,
2348.36,2294,7060,2294,
2520.44,2465,7440,2399,
2538.52,2484,6977,2296,
2686.41,2630,8083,2630,
2115.57,2057,6312,2057,
1737.36,1701,5158,1701,
2534.88,2481,7798,2481,
2533.58,2459,7444,2459,
2337.66,2288,7093,2288,
2248.75,2195,6709,2195,
2474,2434,6799,2157,
2530.35,2481,7271,2444,
2068.46,2025,6216,2025,
2467.11,2414,7540,2414,
1969.27,1913,5840,1913,
2479.86,2410,7417,2410,
2198.07,2138,6420,2103,
2813.33,2754,8471,2754,
1910.4,1851,5627,1851,
2036.19,1993,6178,1993,
2233.91,2149,6006,1978,
2528.02,2471,7626,2471,
2848.7,2777,8535,2777,
2593.65,2471,7506,2471,
2130.08,2060,5799,1933,
2844.75,2785,8539,2785,
2419.64,2343,7175,2343,
2177.85,2117,6516,2117,
2157.98,2047,6214,2045,
2344.05,2295,7072,2295,
2286.82,2233,6738,2233,
1971.84,1900,5654,1851,
2132.36,2071,6326,2071,
2213.33,2164,6634,2164,
2499.07,2442,7433,2442,
1753.25,1719,5035,1627,
1608.15,1522,4747,1522,
1610.67,1542,4766,1542,
1735.94,1691,5283,1691,
1765.34,1737,5286,1716,
1614.56,1580,4960,1580,
2009.91,1966,6173,1966,
1707.19,1671,4983,1621,
1526.89,1497.5,4364,1359,
1682.97,1643,5138,1643,
2024.86,1972,6164,1972,
1592.05,1539,4773,1534,
1752.51,1708,5350,1708,
1606.11,1564,4734,1564,
1606.39,1572,4942,1572,
1718.72,1679,5233,1679,
2219.55,2172,6857,2172,
1588.55,1555,4799,1555,
2175.58,2128,6789,2128,
1622.56,1588,4887,1588,
1689.4,1653,5185,1653,
1766.35,1729,5375,1729,
1556.33,1501,4657,1501,
1341.67,1284,3803,1232,
1763.23,1716,5210,1672,
1542.13,1493,4633,1493,
1728.3,1684,5268,1684,
1603.3,1558,4843,1558,
1623.07,1612,4846,1536,
1774.39,1736,5452,1736,
1730.16,1693,5239,1693,
1770.6,1726,5385,1726,
1572.47,1539,4799,1539,
1538.95,1487,4612,1487,
1324.4,1285,3983,1285,
1384.54,1355,4216,1355,
1941.63,1901,5833,1891,
1766.89,1729,5426,1729,
1417.97,1396.5,3916,1271,
1716.67,1677,5250,1677,
1543.67,1499,4682,1499,
1612.52,1578,4939,1578,
1412.03,1369,4230,1369,
1697.76,1661,5195,1661,
1740.97,1704,5276,1704,
1913.75,1868,5794,1864,
1618.89,1580,4948,1578,
1406.58,1370,4253,1370,
1418.59,1388,4391,1388,
1770.74,1704,5324,1697,
1522.79,1484,4488,1450,
1699.75,1663,5212,1663,
1540.1,1506,4635,1506,
1524.73,1498,4610,1469,
1643.12,1596,4969,1595,
1613.73,1577,4863,1577,
1925.43,1873,5759,1860,
1703.61,1667,5233,1667,
1664.7,1605,4839,1526,
1822.27,1773,5426,1735,
1798.33,1759,5294,1692,
1641.79,1603,4978,1603,
2067.34,2023,6349,2023,
1388.44,1340,4084,1320,
1765.07,1727,5434,1727,
1580.53,1526,4755,1526,
1585.98,1549,4828,1549,
1743.42,1728,5193,1679,
1759.58,1722,5387,1722,
1808.24,1769,5582,1769,
1445.7,1400,4265,1362,
1395.64,1364,4244,1363,
1557.73,1524.5,4351,1383,
2245.39,2196,6941,2196,
1568.57,1532,4644,1503,
1693.94,1654,5139,1652,
2121.7,2076,6588,2076,
1415.16,1385,4306,1385,
1609.41,1575,4924,1575,
1696.34,1660,5183,1660,
1593.87,1562,4801,1547,
1522.4,1490,4648,1490,
1925.03,1883,5987,1883,
1865.12,1823,5741,1821,
1746.76,1707,5380,1707,
1684.06,1646,5129,1646,
1496.14,1464,4563,1464,
1792.14,1750,5424,1748,
1730.39,1692,5321,1692,
1423.42,1382,4292,1379,
1692.29,1650,5214,1650,
1702.98,1656,5151,1656,
1543.73,1510,4704,1510,
1643.74,1609,4989,1609,
1974.35,1932,6061,1932,
1473.93,1442,4546,1442,
1709.46,1673,5231,1673,
1541.24,1507,4672,1507,
1951.93,1910,5992,1910,
1553.9,1512,4678,1512,
1487.59,1451,4508,1451,
1665.15,1622,4689,1500,
1705.73,1669,5236,1669,
1492.24,1450,4480,1449,
1433.88,1393,4181,1351,
1637.09,1588,4950,1588,
1562.99,1529,4739,1529,
1772.55,1732,5438,1732,
1509.61,1481.5,4063,1312,
1874.47,1834,5779,1833,
1978.7,1929,6064,1929,
1668.89,1643,4884,1612,
1807.45,1769,5525,1769,
1354.06,1316,4103,1316,
1945.36,1899,5958,1899,
1542.71,1503,4634,1502,
1563.58,1528,4782,1528,
1686.97,1651,5160,1651,
1414.49,1375,4256,1375,
1639.67,1604,5071,1604,
1691.21,1655,5174,1655,
2022.77,1979,6218,1979,
1810.41,1774,5569,1768,
1880.12,1833,5788,1833,
1455.34,1422,4405,1422,
1391.22,1338,4156,1337,
1615.88,1581,4976,1581,
2031.67,1950,6074,1903,
1924.39,1883,5908,1883,
1729.55,1680,5151,1653,
1663.55,1627,5113,1627,
1716.86,1647,5117,1647,


2124.6,2082,6157,2073,
1928.22,1883,5722,1882,
2051.5,2008,6152,2008,
2223.33,2177,6613,2177,
1893.62,1848,5657,1848,
1914.7,1866,5673,1866,
2118.89,2078,6133,2061,
1938.71,1897,5792,1897,
1927.25,1899,5692,1868,
2512.32,2455,7508,2455,
1992.36,1950,5862,1950,
2024.1,1966,5947,1952,
2217.83,2164,6573,2164,
2202.67,2156,6632,2156,
2070.01,2011,6103,2011,
2057.48,2000,5870,1981,
2771.85,2716,7933,2716,
2251.71,2194,6759,2194,
2509.89,2456,7291,2456,
2972.92,2929,7714,2657,
2230.65,2185,6492,2185,
2961.83,2899,8769,2897,
2258.66,2208,6795,2207,
2157.82,2113,6265,2113,
1963.15,1942,5756,1890,
2230.38,2167,6436,2147,
2150.5,2100,6385,2100,
2075.5,2033,6043,2033,
1951.69,1900,5815,1900,
2374.58,2323,7081,2313,
2657.5,2602,7889,2602,
2275.43,2228,6438,2172,
2127.82,2083,6375,2083,
1965.64,1925,5558,1865,
2447.35,2346,7122,2346,
1910.48,1854,5596,1854,
2156.79,2107,6065,2039,
2007.8,1962,5920,1962,
2048.07,2002,6106,2002,
2200.46,2135,6355,2135,
2016.78,1968,5949,1968,
2376.23,2317,7054,2317,
2057.39,2005,5514,1903,
2567.71,2511,7366,2511,
2695.07,2633,7749,2591,
1994.57,1954,5836,1923,
2403.21,2329,7118,2329,
2137.92,2091,6447,2089,
1970.12,1872,5617,1872,
2698.9,2633,7856,2614,
2307.1,2259,6599,2241,
2328.63,2209,6707,2209,
1948.36,1907,5771,1907,
2747.06,2702,7752,2611,
2320.08,2269.5,6439,2114,
1957.6,1910,5847,1910,
2364.11,2314,7127,2314,
2133.15,2006,6121,2004,
2379.56,2328,6859,2308,
2218.31,2161,6215,2047,
2027.54,1964.5,5634,1886,
2148.09,2093,6352,2092,
2097.35,1995,6108,1991,
2176.11,2125,6338,2125,
1895.72,1817,5536,1816,
1943.01,1864.5,5535,1821,
3136.95,3071,9405,3071,
2032.07,1985,6039,1985,
3249.25,3124,8744,3071,
2002.68,1961,5931,1961,
2319.24,2286,6485,2186,
1972.27,1930,5923,1930,
2184.6,2136,6552,2136,
2135.72,2092,6087,2007,
2287.53,2240,6795,2240,
1829.56,1791,5490,1791,
2196.18,2159,6506,2137,
2242.18,2201,6329,2093,
1860.67,1805,5370,1781,
1868.07,1819,5575,1819,
1898.32,1857,5607,1856,
2556.83,2502,7550,2502,
3258.61,3215,9377,3129,
1950.59,1910,5765,1910,
2059.82,1998,6041,1998,
2613.04,2553,7330,2519,
2496.66,2440,7459,2440,
1874.65,1821,5429,1791,
2722.36,2664,7842,2664,
2025.93,1977,6005,1977,
2436.35,2380,7020,2366,
1975.95,1927,5853,1927,
1991.88,1950,5866,1950,
1880.8,1838,5601,1838,
3150.58,3079,9167,3027,
2721.54,2675,8043,2649,
1937.87,1896,5666,1896,
2244.14,2187,6396,2171,
2240.31,2193,6463,2169,
1820.16,1781,5439,1781,
1987.71,1939.5,5554,1778,
1967.27,1926,5859,1926,
2109.19,2073,6216,2056,
1827.45,1789,5323,1749,
2460.22,2428,7034,2361,
2245.19,2198,6757,2198,
2395.9,2345,7079,2338,
2198.31,2150,6471,2150,
1904,1864,5696,1864,
2143.85,2074,6177,2053,
5645.9,5617,13163,5136,
1937.54,1896,5803,1896,
2000.75,1890,5765,1890,
2619.87,2562,7879,2562,
2057,2001,5915,2001,
1790.82,1747,5205,1731,
1845.39,1802,5505,1802,
2102.07,2058,6284,2058,
2036.33,2012.5,5676,1853,
2153.9,2100,6337,2092,
2144.69,2101,6217,2101,
2516.84,2448,7387,2424,
2260.24,2163,6379,2111,
2556.32,2506,7600,2490,
2135.37,2094,6181,2070,
2824.16,2774,8405,2724,
1920.68,1869,5715,1869,
2026.06,1969,5916,1947,
1965.08,1921,5853,1921,
2225.6,2189,6597,2167,
2056.71,2039,5872,1951,
2009.29,1963,5986,1962,
2158.17,2101,6354,2101,
2060.14,2017,6058,2017,
2034.34,1978.5,5848,1930,
2049.02,1996,5956,1980,
2679.6,2641,7215,2451,
2074.58,2030,6168,2030,
2267.93,2219,6863,2219,
2214.15,2160.5,5986,1988,
1829.5,1791,5486,1791,
2045.02,1995,6041,1995,
2143.04,2098,6313,2097,
2201.76,2152,6375,2152,
2804.33,2732,7687,2627,
2144.61,2092,5993,2090,
2276.52,2228,6847,2227,
1995.67,1946,5892,1946,
2227.15,2165,6626,2165,
2615.53,2572,7798,2531,
2306.74,2258,6783,2236,
2724.86,2679,7487,2591,
2654.53,2586,7690,2583,
2246.14,2196,6695,2196,
2117,2056,6227,2056,
2277.83,2230,6839,2230,
2359.94,2291,6853,2267,
2035.99,1993,6013,1982,
1922.2,1889,5316,1748,
3380.4,3267,9584,3216,
2189.2,2140,6346,2136,
2944.23,2853,8320,2807,
2188.83,2138,6483,2137,
2144.03,2094,5937,2026,
2325.34,2277,6811,2277,
3018.38,2929,8553,2869,
1934.11,1874,5703,1874,
2073.74,2036.5,5659,1880,
2297.14,2248,6667,2244,
2361.82,2290.5,6968,2235,
2126.45,2095,6075,2030,
2308.47,2254,6430,2155,
1870.5,1828,5624,1828,
2371.49,2321,7183,2321,
2000.2,1946,5939,1946,
2202.14,2130,6256,2103,
2214.35,2165,6587,2165,
2234.35,2201.5,6143,2046,
2053.38,2000,5796,1908,
2394.82,2322,6500,2197,
2396.19,2343,6957,2337,
2052.13,2003,5814,1993,
2240.78,2195,6511,2195,
2581.02,2510,7080,2380,
1848.97,1810,5552,1810,
2019.11,1948,5708,1932,
2210.92,2160.5,5928,1953,
2400.35,2350,7173,2350,
3371.79,3282.5,9064,3110,
2139.31,2123,6015,1995,
3178.88,3076.5,8801,2949,
2316.49,2277,6245,2047,
2015.46,1848,5616,1848,
2016.39,1975,5889,1975,
2039.86,2013,5971,1967,
2901.44,2840,8802,2840,
1983.81,1911,5770,1905,
1823.09,1785,5416,1785,
2339.89,2286.5,6255,2149,
3149.82,3084,9424,3084,
2104.33,2061,6198,2061,
2382.75,2334,7038,2319,
3125.88,3011,9287,3006,
1946.46,1895,5676,1895,
1811.46,1772,5348,1771,
2077.67,2032,6042,1970,
2553.58,2491,7117,2444,
2448.42,2422,6971,2373,
2355.22,2306,6867,2306,
1878.54,1838,5695,1838,
1905.14,1851,5658,1851,
2106.23,2010,6152,2010,
1999.1,1944,5921,1944,
1851.24,1815,5397,1805,
1933.41,1890,5767,1890,
1833.53,1780,5252,1772,
2383.25,2322,6930,2322,
2128.24,2073,5994,1967,
2574.29,2501,7291,2473,
2787.44,2742,8125,2685,
2113.92,2054,6317,2040,
2114.4,2049,6285,2049,
2215.36,2166,6039,2157,
2194.38,2163,6324,2069,
2181.7,2131,6430,2124,
2492.52,2396,7389,2395,
1958.04,1909,5800,1908,
2244.42,2214,6483,2182,
2133.62,2090,6204,2090,
1977.23,1933,5882,1933,
1973.95,1931,5821,1931,
2141.64,2087,6357,2087,
1983.49,1904,5825,1883,
2454.37,2405,7060,2405,
2341.91,2291,6833,2291,
1995.21,1948,5804,1914,
2323.39,2275,6883,2275,
2386.33,2361,6442,2298,
1807.39,1746,5241,1746,
2779.26,2656,7798,2560,
2179.38,2124,6402,2124,
2328.84,2273,7003,2271,
2407.18,2350,6813,2328,
2361.34,2306,6670,2205,
1850.89,1812,5530,1812,
2226.38,2180,6643,2180,
2458.34,2398,7324,2385,
1812.76,1761,5226,1689,
2888,2791,7969,2746,
1983.12,1941,5951,1941,
2921.07,2839,8043,2797,
2048.45,1926,5807,1907,
2091.5,2048,6178,2048,
2105.15,2052,6100,2052,
2398.78,2348,6908,2348,
2613,2561,7441,2522,
2148.78,2103,6291,2103,
1997.37,1951,5965,1951,
2741.11,2724,7239,2613,
2450.28,2401,7015,2401,
1962.16,1917,5876,1917,
1962.53,1913,5838,1913,
2098.83,2046,6222,2046,
2144.41,2090,6353,2090,
1835.17,1793,5495,1793,
2109.34,2049,6375,2049,
1868.45,1829,5623,1829,
2344.2,2263.5,6648,2195,
1505.43,1466,4499,1466,
1680.94,1623,4849,1591,
1495.73,1456.5,4378,1430,
1545.17,1513,4692,1509,
1708.16,1667,5204,1667,
1583.41,1550,4756,1550,
1761.49,1725,5420,1722,
1684.08,1661,5065,1634,
1441.9,1401,4315,1401,
1599.22,1565,4780,1565,
1878.72,1850,5649,1826,
1497.13,1461,4512,1461,
1675.32,1626,4986,1626,
1540.96,1503,4585,1503,
1775.57,1731,5318,1731,
1511.34,1479,4606,1479,
2071.12,2027,6306,2027,
1878.33,1840,5502,1840,
2326.7,2279,6789,2279,
1699.92,1662,5157,1662,
1788.57,1755,5287,1736,
1652.86,1604,4937,1594,
1611.29,1564,4759,1551,
1301.64,1274,3941,1274,
1614.3,1576,4926,1576,
1472.5,1438,4469,1437,
1835.54,1785,5187,1785,
1451.83,1420,4405,1420,
1366.34,1337,4152,1330,
1803.49,1758,5496,1758,
1498.1,1466,4527,1460,
1520.07,1492,4592,1482,
1558.29,1520,4676,1520,
1617.63,1576,4515,1480,
1296.23,1259,3893,1259,
1221.09,1195,3718,1195,
1755.4,1718,5339,1718,
1913.91,1891,5589,1850,
1223.32,1197,3724,1197,
1617.43,1574,4865,1573,
1522.02,1483,4552,1474,
1640.33,1605,5041,1605,
1525.6,1479,4453,1459,
1741.51,1696,5280,1694,
1553.64,1518,4819,1518,
1609.14,1584,4838,1564,
1585.15,1547,4725,1547,
1396.33,1361,4237,1361,
1307.92,1280,3961,1276,
1673.88,1634,5124,1634,
1701.97,1658,5178,1658,
1602.75,1575,4683,1556,
1429.44,1396,4341,1396,
1517.96,1484,4600,1484,
1583.51,1542,4715,1520,
1559.39,1515,4851,1514,
1729.18,1691,5140,1682,
1709.29,1672,5161,1666,
1512.45,1475,4533,1475,
1758.81,1718,5262,1706,
1720.37,1671,5174,1662,
1491.56,1446,4483,1446,
2144.7,2171,6197,2025,
1459.36,1425,4437,1425,
1801.74,1776,5312,1746,
1533.23,1501,4559,1497,
1521.8,1487,4491,1485,
1676.58,1640,5175,1640,
1363.74,1330,4099,1328,
1762.94,1725,5395,1725,
1450.57,1397,4187,1396,
1404.79,1372,4244,1372,
1269.99,1238,3841,1238,
2020.46,1977,6211,1977,
1481.68,1444,4411,1444,
1645.82,1612,4966,1607,
1791.61,1769,5445,1736,
1499.85,1468,4556,1468,
1453.09,1420,4297,1404,
1473.03,1431,4458,1431,
1735.5,1698,5225,1694,
1562.15,1526,4761,1526,
1856.14,1816,5708,1816,
1806.46,1766,5471,1766,
1669.2,1634,5007,1634,
1391.62,1362,4240,1362,
1753.31,1714,5313,1714,
1772.57,1730,5250,1730,
1811.95,1774,5402,1774,
1393.62,1332,4103,1329,
1585.36,1551,4876,1551,
1650.67,1613,4820,1581,
1688.93,1648,4999,1625,
1537.57,1502,4671,1502,
1669.7,1634,5104,1634,
1640.81,1605,4992,1605,
1461.8,1425,4394,1425,
1499.12,1462,4498,1453,
1765.91,1728,5410,1728,
1466.91,1406,4393,1406,
1440.8,1410,4390,1410,
1579.34,1521,4524,1456,
1531.43,1498,4674,1497,
1365.38,1336,4043,1307,
1299.76,1272,3958,1272,
1679.08,1626,4951,1603,
1727.44,1675,5180,1675,
1707.34,1668,5092,1668,
1546.1,1497,4473,1484,
1806.45,1765,5376,1765,
1670.2,1635,5014,1635,
1589.17,1555,4846,1555,
1677.2,1641,5042,1636,
1432.78,1402,4377,1402,
1888.82,1849,5674,1849,
1422.22,1361,4160,1338,
1589.59,1562,4738,1548,
1755.45,1711,5206,1674,
1304.58,1280,3889,1264,
1725.88,1687,5273,1687,
1683.99,1643,5031,1640,
2108.72,2065,6218,2065,
1450.79,1419,4514,1419,
1772.32,1734,5416,1734,
1369.07,1339,4153,1339,
1365.89,1336,4110,1336,
1741.3,1701,5288,1701,
1563.11,1526,4761,1526,
1483.14,1439,4487,1439,
1587.09,1541,4662,1513,
1698.56,1662,5210,1662,
1579.43,1527,5057,1509,




Further Data analysis of all test cases 
avg med max min 
AVGs,2647.955,2657.655,5401.07,1561.35,
MEDs,2609.278,2622.5,5309.5,1533.5,
MAXs,6291.175,6211.5,13163,3803,
MINs,2222.073,2257.5,4359,1353,


AVGs,2122.248,2133.625,4271.14,1324.4,
MEDs,2069.861,2075.5,4179,1284,
MAXs,6291.175,6211.5,13163,3803,
MINs,2044.975,2037.5,4179,1232,


AVGs,2034.848,2015.925,5645.9,1221.09,
MEDs,1986.138,1961.5,5617,1195,
MAXs,5953.805,5874,13163,3718,
MINs,1964.303,1945,5136,1195,



