

Data analysis for each instance 
AVG,MED,MAX,MIN
0.125,0.126,0.127,0.09,
0.072,0.072,0.104,0.072,
-0.066,-0.065,-0.065,-0.067,
0.295,0.296,0.296,0.232,
-0.08,-0.08,-0.079,-0.082,
-0.005,-0.012,0.009,-0.019,
-0.058,-0.058,-0.058,-0.059,
-0.062,-0.062,-0.062,-0.075,
0.022,0.022,0.047,0.022,
-0.09,-0.091,-0.047,-0.091,


0,0,0,0,
0,0,0,0,
0,0,0,0,
0,0,0,0,
0,0,0,0,
0,0,0,0,
0,0,0,0,
0,0,0,0,
0,0,0,0,
0,0,0,0,


0,0,0,0,
0,0,0,0,
0,0,0,0,
0,0,0,0,
0,0,0,0,
0,0,0,0,
0,0,0,0,
0,0,0,0,
0,0,0,0,
0,0,0,0,




Further Data analysis of all test cases 
avg med max min 
AVGs,0.015,-0.031,0.295,-0.09,
MEDs,0.015,-0.035,0.296,-0.091,
MAXs,0.027,-0.019,0.296,-0.079,
MINs,0.002,-0.039,0.232,-0.091,


AVGs,0,0,0,0,
AVGs,0,0,0,0,
AVGs,0,0,0,0,
AVGs,0,0,0,0,


AVGs,0,0,0,0,
AVGs,0,0,0,0,
AVGs,0,0,0,0,
AVGs,0,0,0,0,



