

Data analysis for each instance 
AVG,MED,MAX,MIN
-0.006,-0.005,0,-0.007,
-0.002,-0.002,0,-0.006,
-0.02,-0.019,0,-0.023,
-0.007,-0.007,0,-0.008,
-0.012,-0.012,0,-0.015,
-0.007,-0.006,0,-0.008,
-0.005,-0.005,0,-0.006,
-0.013,-0.013,0,-0.014,
0,0,0,0,
-0.023,-0.02,0,-0.027,


0,0,0,0,
0,0,0,0,
0,0,0,0,
0,0,0,0,
0,0,0,0,
0,0,0,0,
0,0,0,0,
0,0,0,0,
0,0,0,0,
0,0,0,0,


0,0,0,0,
0,0,0,0,
0,0,0,0,
0,0,0,0,
0,0,0,0,
0,0,0,0,
0,0,0,0,
0,0,0,0,
0,0,0,0,
0,0,0,0,




Further Data analysis of all test cases 
avg med max min 
AVGs,-0.01,-0.007,0,-0.023,
MEDs,-0.009,-0.007,0,-0.02,
MAXs,0,0,0,0,
MINs,-0.011,-0.008,0,-0.027,


AVGs,0,0,0,0,
AVGs,0,0,0,0,
AVGs,0,0,0,0,
AVGs,0,0,0,0,


AVGs,0,0,0,0,
AVGs,0,0,0,0,
AVGs,0,0,0,0,
AVGs,0,0,0,0,



