0.0,-0.036,-0.143,-0.16,-0.103,-0.13,-0.149,-0.161,-0.172,-0.17,-0.17,-0.169,-0.187,-0.213,-0.252,-0.201,-0.143,-0.193,-0.193,-0.23,-0.151,-0.141,-0.154,-0.169,-0.131,-0.193,-0.159,-0.193,-0.17,-0.137,-0.145,-0.15,-0.183,-0.207,-0.225,-0.155,-0.179,-0.148,-0.129,-0.133,-0.141,-0.211,-0.259,-0.256,-0.155,-0.175,-0.215,-0.161,-0.195,-0.182,-0.203,-0.163,-0.213,-0.193,-0.102,-0.209,-0.129,-0.165,-0.15,-0.107,-0.086,-0.158,-0.191,-0.106,-0.197,-0.173,-0.145,-0.195,-0.197,-0.141,-0.129,-0.171,-0.106,-0.209,-0.131,-0.165,-0.15,-0.107,-0.086,-0.158,-0.191,-0.106,-0.197,-0.173,-0.145,-0.195,-0.197,-0.141,-0.129,-0.171,-0.106,-0.209,-0.131,-0.165,-0.15,-0.107,-0.086,-0.158,-0.191,-0.106,
0.0,-0.018,-0.142,-0.128,-0.08,-0.219,-0.226,-0.187,-0.203,-0.214,-0.107,-0.079,-0.102,-0.117,-0.219,-0.211,-0.083,-0.158,-0.212,-0.206,-0.214,-0.207,-0.108,-0.272,-0.143,-0.164,-0.198,-0.142,-0.167,-0.225,-0.159,-0.071,-0.127,-0.181,-0.186,-0.177,-0.205,-0.237,-0.138,-0.176,-0.179,-0.09,-0.142,-0.232,-0.206,-0.221,-0.246,-0.252,-0.185,-0.137,-0.226,-0.198,-0.145,-0.182,-0.204,-0.1,-0.198,-0.225,-0.142,-0.181,-0.226,-0.205,-0.232,-0.197,-0.143,-0.303,-0.147,-0.137,-0.181,-0.242,-0.117,-0.112,-0.184,-0.099,-0.084,-0.005,-0.202,-0.242,-0.008,-0.122,-0.061,-0.19,-0.263,-0.232,-0.098,-0.101,-0.134,-0.175,-0.128,-0.145,-0.194,-0.187,-0.178,-0.105,-0.212,-0.233,-0.251,-0.271,-0.275,-0.185,
0.0,-0.113,-0.273,-0.229,-0.306,-0.306,-0.29,-0.244,-0.239,-0.274,-0.251,-0.226,-0.275,-0.257,-0.226,-0.277,-0.257,-0.228,-0.277,-0.257,-0.228,-0.277,-0.257,-0.228,-0.277,-0.257,-0.228,-0.277,-0.257,-0.228,-0.277,-0.257,-0.228,-0.277,-0.257,-0.228,-0.277,-0.257,-0.228,-0.277,-0.257,-0.228,-0.277,-0.257,-0.228,-0.277,-0.257,-0.228,-0.277,-0.257,-0.228,-0.277,-0.257,-0.228,-0.277,-0.257,-0.228,-0.277,-0.257,-0.228,-0.277,-0.257,-0.228,-0.277,-0.257,-0.228,-0.277,-0.257,-0.228,-0.277,-0.257,-0.228,-0.277,-0.257,-0.228,-0.277,-0.257,-0.228,-0.277,-0.257,-0.228,-0.277,-0.257,-0.228,-0.277,-0.257,-0.228,-0.277,-0.257,-0.228,-0.277,-0.257,-0.228,-0.277,-0.257,-0.228,-0.277,-0.257,-0.228,-0.277,
0.0,-0.024,-0.172,-0.117,-0.225,-0.191,-0.18,-0.206,-0.177,-0.172,-0.15,-0.187,-0.189,-0.172,-0.195,-0.193,-0.146,-0.172,-0.179,-0.197,-0.237,-0.158,-0.142,-0.163,-0.179,-0.155,-0.156,-0.235,-0.288,-0.287,-0.285,-0.273,-0.291,-0.287,-0.29,-0.278,-0.285,-0.252,-0.273,-0.237,-0.193,-0.281,-0.276,-0.28,-0.267,-0.24,-0.291,-0.317,-0.306,-0.209,-0.241,-0.244,-0.257,-0.249,-0.258,-0.288,-0.246,-0.249,-0.247,-0.222,-0.287,-0.29,-0.287,-0.283,-0.292,-0.287,-0.285,-0.273,-0.291,-0.287,-0.29,-0.278,-0.285,-0.225,-0.243,-0.265,-0.267,-0.302,-0.265,-0.277,-0.28,-0.258,-0.281,-0.276,-0.277,-0.28,-0.281,-0.299,-0.246,-0.277,-0.188,-0.227,-0.264,-0.238,-0.257,-0.268,-0.261,-0.26,-0.26,-0.246,

0.0,0.0,0.101,0.217,0.076,0.179,0.184,0.159,0.09,0.13,0.079,0.149,0.157,0.16,0.173,0.191,0.113,0.131,0.187,0.166,0.137,0.171,0.18,0.161,0.086,0.18,0.072,0.112,0.086,0.107,0.07,0.186,0.135,0.171,0.195,0.163,0.11,0.135,0.229,0.179,0.152,0.115,0.205,0.236,0.227,0.221,0.242,0.231,0.223,0.244,0.231,0.223,0.244,0.231,0.223,0.244,0.231,0.223,0.244,0.231,0.223,0.244,0.231,0.223,0.244,0.231,0.223,0.244,0.231,0.223,0.244,0.231,0.223,0.244,0.231,0.223,0.244,0.231,0.223,0.244,0.231,0.223,0.244,0.231,0.223,0.244,0.231,0.223,0.244,0.231,0.223,0.244,0.231,0.223,0.244,0.231,0.223,0.244,0.231,0.223,
0.0,0.0,0.027,0.153,0.156,0.252,0.215,0.247,0.268,0.284,0.258,0.132,0.185,0.248,0.271,0.237,0.249,0.275,0.296,0.276,0.248,0.258,0.299,0.289,0.266,0.264,0.218,0.248,0.296,0.301,0.27,0.263,0.251,0.276,0.3,0.276,0.273,0.282,0.281,0.233,0.267,0.261,0.25,0.284,0.297,0.289,0.293,0.288,0.252,0.197,0.292,0.276,0.208,0.287,0.264,0.261,0.289,0.276,0.25,0.284,0.261,0.267,0.278,0.266,0.188,0.284,0.233,0.22,0.267,0.26,0.27,0.285,0.266,0.242,0.23,0.151,0.282,0.282,0.237,0.258,0.215,0.271,0.299,0.296,0.28,0.243,0.278,0.26,0.248,0.243,0.264,0.258,0.288,0.21,0.268,0.268,0.284,0.301,0.305,0.243,
0.0,0.0,0.094,0.113,0.171,0.122,0.141,0.137,0.155,0.202,0.187,0.156,0.216,0.189,0.162,0.211,0.196,0.158,0.217,0.189,0.164,0.211,0.196,0.158,0.217,0.189,0.164,0.211,0.196,0.158,0.217,0.189,0.164,0.211,0.196,0.158,0.217,0.189,0.164,0.211,0.196,0.158,0.217,0.189,0.164,0.211,0.196,0.158,0.217,0.189,0.164,0.211,0.196,0.158,0.217,0.189,0.164,0.211,0.196,0.158,0.217,0.189,0.164,0.211,0.196,0.158,0.217,0.189,0.164,0.211,0.196,0.158,0.217,0.189,0.164,0.211,0.196,0.158,0.217,0.189,0.164,0.211,0.196,0.158,0.217,0.189,0.164,0.211,0.196,0.158,0.217,0.189,0.164,0.211,0.196,0.158,0.217,0.189,0.164,0.211,
0.0,0.0,0.19,0.155,0.267,0.297,0.304,0.295,0.302,0.292,0.302,0.292,0.302,0.291,0.302,0.292,0.302,0.291,0.302,0.292,0.302,0.291,0.249,0.249,0.315,0.285,0.293,0.297,0.311,0.304,0.303,0.291,0.308,0.304,0.307,0.296,0.303,0.27,0.291,0.255,0.213,0.299,0.293,0.297,0.285,0.258,0.308,0.334,0.323,0.228,0.26,0.263,0.275,0.267,0.276,0.306,0.264,0.267,0.266,0.241,0.304,0.307,0.304,0.3,0.31,0.304,0.303,0.291,0.308,0.304,0.307,0.296,0.303,0.244,0.261,0.283,0.285,0.319,0.283,0.295,0.297,0.276,0.299,0.293,0.295,0.297,0.299,0.316,0.264,0.295,0.208,0.246,0.282,0.257,0.275,0.286,0.279,0.278,0.278,0.264,


