

Data analysis for each instance 
AVG,MED,MAX,MIN
0.373,0.359,1,0.326,
0.394,0.384,1,0.342,
0.375,0.368,0.965,0.32,
0.377,0.369,1,0.324,
0.384,0.377,0.985,0.311,
0.385,0.377,1,0.343,
0.385,0.378,0.995,0.342,
0.378,0.367,0.998,0.333,
0.375,0.366,1,0.33,
0.364,0.356,1,0.313,
0.368,0.357,1,0.317,
0.372,0.364,1,0.328,
0.37,0.363,1,0.317,
0.367,0.356,1,0.317,
0.375,0.366,1,0.322,
0.373,0.365,0.972,0.326,
0.376,0.366,1,0.314,
0.376,0.365,1,0.325,
0.375,0.364,0.997,0.317,
0.37,0.361,1,0.323,
0.377,0.367,1,0.327,
0.368,0.357,1,0.323,
0.372,0.362,0.985,0.338,
0.377,0.368,1,0.324,
0.384,0.378,1,0.328,
0.377,0.367,1,0.34,
0.371,0.362,1,0.331,
0.375,0.366,1,0.332,
0.38,0.371,1,0.332,
0.355,0.345,1,0.315,
0.376,0.367,1,0.314,
0.34,0.332,0.867,0.273,
0.381,0.372,1,0.333,
0.383,0.376,1,0.348,
0.376,0.366,1,0.334,
0.372,0.364,1,0.327,
0.367,0.358,1,0.315,
0.387,0.378,1,0.343,
0.372,0.364,1,0.328,
0.366,0.353,1,0.326,
0.369,0.36,1,0.325,
0.363,0.355,0.979,0.306,
0.366,0.357,1,0.334,
0.37,0.36,0.995,0.321,
0.371,0.362,1,0.318,
0.367,0.357,1,0.327,
0.371,0.361,1,0.317,
0.374,0.365,1,0.335,
0.376,0.365,1,0.334,
0.38,0.37,1,0.324,
0.371,0.362,1,0.325,
0.372,0.363,1,0.325,
0.383,0.373,1,0.336,
0.379,0.37,1,0.321,
0.349,0.338,0.912,0.304,
0.376,0.367,1,0.32,
0.364,0.354,1,0.324,
0.379,0.37,1,0.334,
0.374,0.369,0.978,0.32,
0.376,0.368,1,0.343,
0.375,0.366,1,0.333,
0.373,0.363,1,0.325,
0.38,0.371,1,0.333,
0.345,0.336,0.922,0.297,
0.38,0.372,1,0.326,
0.375,0.368,0.993,0.329,
0.366,0.356,1,0.313,
0.38,0.372,1,0.318,
0.353,0.333,1,0.312,
0.368,0.356,1,0.317,
0.372,0.36,1,0.321,
0.372,0.363,1,0.325,
0.381,0.37,1,0.326,
0.375,0.368,1,0.336,
0.38,0.37,1,0.331,
0.363,0.355,1,0.32,
0.378,0.369,1,0.33,
0.372,0.359,1,0.309,
0.375,0.365,1,0.323,
0.384,0.374,0.985,0.323,
0.383,0.377,1,0.341,
0.371,0.364,1,0.325,
0.366,0.355,0.992,0.308,
0.383,0.375,1,0.329,
0.379,0.371,1,0.333,
0.364,0.357,0.976,0.327,
0.367,0.354,0.992,0.312,
0.371,0.36,1,0.312,
0.369,0.358,1,0.316,
0.371,0.362,1,0.321,
0.38,0.367,1,0.334,
0.374,0.365,1,0.327,
0.369,0.362,0.993,0.32,
0.378,0.37,1,0.327,
0.367,0.355,1,0.318,
0.368,0.362,1,0.313,
0.368,0.358,1,0.321,
0.379,0.366,1,0.322,
0.365,0.356,0.988,0.318,
0.377,0.369,1,0.33,
0.353,0.346,0.943,0.31,
0.368,0.36,0.99,0.317,
0.363,0.352,1,0.319,
0.372,0.364,1,0.32,
0.38,0.368,1,0.329,
0.372,0.366,1,0.321,
0.373,0.363,1,0.332,
0.374,0.361,1,0.312,
0.367,0.353,1,0.311,
0.376,0.366,0.992,0.332,
0.367,0.355,1,0.316,
0.371,0.36,1,0.327,
0.368,0.36,1,0.319,
0.372,0.36,0.971,0.315,
0.367,0.359,0.983,0.322,
0.379,0.37,1,0.338,
0.378,0.368,1,0.331,
0.375,0.365,1,0.321,
0.393,0.388,1,0.334,
0.365,0.359,1,0.321,
0.372,0.364,1,0.328,
0.372,0.359,1,0.321,
0.358,0.349,0.946,0.302,
0.378,0.37,1,0.312,
0.379,0.371,1,0.334,
0.346,0.335,0.899,0.3,
0.381,0.372,0.984,0.329,
0.375,0.364,1,0.321,
0.374,0.368,1,0.323,
0.333,0.324,0.881,0.285,
0.374,0.366,0.986,0.323,
0.379,0.368,1,0.332,
0.36,0.352,0.942,0.312,
0.375,0.368,1,0.318,
0.37,0.36,1,0.33,
0.369,0.36,0.976,0.33,
0.373,0.359,1,0.32,
0.368,0.356,1,0.325,
0.373,0.361,1,0.315,
0.369,0.359,1,0.317,
0.361,0.349,1,0.317,
0.378,0.367,1,0.341,
0.371,0.362,1,0.315,
0.373,0.366,1,0.307,
0.377,0.37,1,0.328,
0.375,0.366,1,0.334,
0.373,0.362,1,0.327,
0.379,0.367,1,0.32,
0.375,0.365,1,0.327,
0.372,0.36,1,0.333,
0.377,0.368,1,0.332,
0.374,0.363,0.998,0.306,
0.37,0.356,1,0.315,
0.375,0.363,1,0.335,
0.368,0.36,0.937,0.322,
0.369,0.361,1,0.319,
0.345,0.337,0.92,0.308,
0.369,0.36,1,0.325,
0.373,0.366,0.971,0.323,
0.365,0.351,1,0.309,
0.377,0.368,0.994,0.326,
0.379,0.369,1,0.311,
0.374,0.36,1,0.325,
0.386,0.375,1,0.338,
0.375,0.363,1,0.316,
0.375,0.369,1,0.31,
0.383,0.374,1,0.341,
0.367,0.359,0.961,0.329,
0.386,0.377,1,0.335,
0.366,0.356,0.975,0.326,
0.377,0.368,1,0.33,
0.373,0.366,1,0.33,
0.375,0.366,1,0.329,
0.369,0.36,1,0.323,
0.374,0.364,1,0.332,
0.376,0.365,1,0.317,
0.357,0.349,0.948,0.299,
0.375,0.367,1,0.329,
0.404,0.398,1,0.343,
0.375,0.368,1,0.334,
0.362,0.354,0.939,0.294,
0.378,0.367,0.994,0.339,
0.373,0.361,1,0.317,
0.368,0.359,0.988,0.329,
0.371,0.361,1,0.325,
0.372,0.364,1,0.319,
0.371,0.36,1,0.331,
0.361,0.35,1,0.313,
0.369,0.357,1,0.318,
0.382,0.37,1,0.342,
0.37,0.36,1,0.315,
0.38,0.37,1,0.333,
0.369,0.362,1,0.33,
0.374,0.367,1,0.328,
0.375,0.367,1,0.325,
0.372,0.36,1,0.313,
0.369,0.363,0.998,0.322,
0.375,0.368,1,0.32,
0.384,0.376,1,0.333,
0.37,0.359,1,0.318,
0.381,0.372,1,0.327,
0.381,0.37,0.996,0.34,
0.37,0.356,1,0.307,
0.382,0.374,1,0.324,
0.376,0.367,1,0.328,
0.371,0.363,1,0.326,
0.385,0.373,1,0.342,
0.373,0.366,1,0.326,
0.375,0.364,1,0.326,
0.39,0.383,1,0.322,
0.384,0.377,1,0.313,
0.377,0.365,1,0.326,
0.38,0.37,1,0.338,
0.383,0.377,1,0.322,
0.376,0.368,1,0.328,
0.372,0.362,1,0.329,
0.371,0.361,0.972,0.326,
0.336,0.319,1,0.318,
0.376,0.362,1,0.312,
0.371,0.353,1,0.315,
0.375,0.366,1,0.332,
0.378,0.368,1,0.322,
0.374,0.363,1,0.325,
0.378,0.371,1,0.332,
0.368,0.357,1,0.321,
0.367,0.357,1,0.318,
0.365,0.356,0.975,0.322,
0.37,0.361,1,0.323,
0.374,0.364,1,0.337,
0.373,0.365,1,0.318,
0.372,0.364,1,0.327,
0.356,0.347,0.957,0.321,
0.376,0.369,1,0.329,
0.36,0.351,1,0.303,
0.373,0.363,1,0.314,
0.381,0.37,1,0.334,
0.355,0.352,1,0.29,
0.367,0.36,0.974,0.319,
0.37,0.361,0.972,0.327,
0.377,0.367,1,0.316,
0.373,0.364,1,0.328,
0.37,0.359,1,0.316,
0.363,0.353,0.985,0.311,
0.374,0.365,1,0.316,
0.371,0.363,1,0.325,
0.366,0.361,0.936,0.312,
0.368,0.358,1,0.314,
0.371,0.361,1,0.328,
0.356,0.349,0.937,0.311,
0.376,0.368,1,0.338,
0.376,0.365,1,0.312,
0.367,0.358,0.975,0.325,
0.385,0.377,1,0.315,
0.386,0.377,1,0.33,
0.368,0.358,1,0.321,
0.374,0.365,1,0.324,
0.368,0.359,1,0.321,
0.382,0.374,0.982,0.33,
0.364,0.354,1,0.304,
0.38,0.372,0.99,0.33,
0.392,0.381,1,0.335,
0.383,0.375,1,0.319,
0.375,0.361,1,0.316,
0.374,0.364,1,0.331,
0.391,0.378,1,0.335,
0.36,0.358,0.992,0.272,
0.374,0.366,1,0.333,
0.374,0.363,1,0.335,
0.357,0.349,1,0.321,
0.351,0.34,0.973,0.306,
0.359,0.35,1,0.318,
0.363,0.352,1,0.318,
0.355,0.345,1,0.313,
0.36,0.351,1,0.313,
0.356,0.347,1,0.315,
0.341,0.33,0.948,0.299,
0.354,0.344,1,0.313,
0.362,0.353,1,0.319,
0.361,0.351,1,0.319,
0.357,0.347,1,0.329,
0.356,0.345,1,0.313,
0.357,0.348,1,0.319,
0.332,0.32,0.929,0.297,
0.354,0.345,1,0.316,
0.355,0.346,1,0.315,
0.314,0.304,0.872,0.271,
0.35,0.333,1,0.307,
0.348,0.338,0.96,0.31,
0.351,0.341,0.981,0.31,
0.365,0.356,1,0.326,
0.352,0.341,0.983,0.314,
0.352,0.341,0.972,0.316,
0.36,0.35,1,0.316,
0.36,0.351,1,0.322,
0.365,0.358,1,0.318,
0.351,0.34,1,0.304,
0.358,0.349,1,0.317,
0.35,0.34,0.992,0.309,
0.361,0.35,1,0.318,
0.359,0.347,1,0.316,
0.359,0.349,1,0.321,
0.37,0.359,1,0.324,
0.35,0.34,0.982,0.317,
0.365,0.354,1,0.325,
0.357,0.345,1,0.316,
0.345,0.335,0.973,0.304,
0.363,0.352,1,0.319,
0.355,0.345,1,0.311,
0.337,0.329,0.95,0.294,
0.361,0.348,0.98,0.309,
0.346,0.337,0.95,0.305,
0.349,0.34,0.987,0.313,
0.351,0.337,1,0.309,
0.355,0.344,1,0.315,
0.354,0.344,1,0.315,
0.357,0.346,0.987,0.32,
0.345,0.329,1,0.311,
0.357,0.345,1,0.32,
0.31,0.301,0.846,0.277,
0.352,0.342,1,0.322,
0.354,0.344,1,0.31,
0.354,0.345,0.983,0.316,
0.356,0.346,1,0.32,
0.363,0.354,1,0.32,
0.357,0.346,1,0.312,
0.356,0.345,1,0.316,
0.365,0.354,1,0.315,
0.359,0.348,1,0.319,
0.357,0.347,0.971,0.314,
0.357,0.346,1,0.316,
0.359,0.348,1,0.317,
0.332,0.324,0.914,0.294,
0.36,0.349,1,0.314,
0.366,0.354,1,0.321,
0.363,0.349,1,0.314,
0.359,0.347,1,0.305,
0.363,0.352,1,0.327,
0.356,0.344,1,0.309,
0.36,0.349,1,0.323,
0.36,0.35,1,0.32,
0.356,0.347,1,0.321,
0.349,0.336,1,0.31,
0.358,0.347,1,0.326,
0.361,0.348,1,0.317,
0.355,0.347,1,0.312,
0.349,0.34,0.945,0.304,
0.357,0.346,1,0.318,
0.358,0.345,1,0.324,
0.339,0.329,0.934,0.305,
0.353,0.345,0.976,0.314,
0.354,0.345,1,0.307,
0.359,0.349,1,0.323,
0.36,0.348,1,0.31,
0.356,0.347,1,0.315,
0.315,0.305,0.869,0.28,
0.357,0.347,1,0.324,
0.337,0.326,0.945,0.3,
0.351,0.342,1,0.309,
0.358,0.348,1,0.306,
0.356,0.343,1,0.321,
0.352,0.343,0.98,0.31,
0.358,0.35,1,0.321,
0.356,0.346,1,0.312,
0.334,0.327,0.911,0.284,
0.355,0.347,1,0.322,
0.36,0.35,1,0.329,
0.354,0.344,1,0.319,
0.368,0.359,1,0.324,
0.359,0.351,0.994,0.313,
0.36,0.351,1,0.321,
0.361,0.35,1,0.32,
0.365,0.354,1,0.327,
0.355,0.343,0.98,0.319,
0.359,0.347,1,0.315,
0.326,0.317,0.915,0.293,
0.36,0.349,1,0.318,
0.327,0.318,0.894,0.289,
0.359,0.351,1,0.318,
0.355,0.345,1,0.312,
0.355,0.345,0.99,0.308,
0.36,0.349,1,0.322,
0.386,0.379,1,0.331,
0.358,0.348,1,0.313,
0.362,0.352,1,0.314,
0.357,0.347,1,0.325,
0.35,0.341,0.989,0.314,
0.368,0.357,1,0.329,
0.353,0.34,0.962,0.308,
0.354,0.343,0.986,0.312,
0.359,0.344,1,0.31,
0.329,0.319,1,0.315,
0.353,0.344,1,0.315,
0.36,0.35,1,0.325,
0.369,0.357,1,0.327,
0.355,0.345,1,0.312,
0.351,0.341,1,0.311,
0.359,0.348,1,0.311,
0.358,0.348,1,0.314,
0.353,0.343,0.981,0.313,
0.359,0.346,1,0.314,


0.32,0.312,1,0.312,
0.322,0.313,1,0.313,
0.308,0.301,0.965,0.301,
0.32,0.313,1,0.313,
0.32,0.31,0.985,0.31,
0.33,0.321,1,0.321,
0.319,0.312,0.995,0.312,
0.322,0.315,0.998,0.315,
0.32,0.313,1,0.313,
0.324,0.317,1,0.317,
0.321,0.314,1,0.314,
0.32,0.313,1,0.313,
0.322,0.314,1,0.314,
0.317,0.31,1,0.31,
0.323,0.314,1,0.314,
0.314,0.306,0.972,0.306,
0.317,0.31,1,0.31,
0.317,0.31,1,0.31,
0.319,0.311,0.997,0.311,
0.32,0.313,1,0.313,
0.319,0.312,1,0.312,
0.319,0.312,1,0.312,
0.313,0.306,0.985,0.306,
0.32,0.313,1,0.313,
0.32,0.313,1,0.313,
0.326,0.315,1,0.314,
0.321,0.314,1,0.314,
0.322,0.314,1,0.314,
0.322,0.314,1,0.314,
0.322,0.314,1,0.314,
0.319,0.311,1,0.311,
0.278,0.272,0.867,0.272,
0.321,0.314,1,0.314,
0.324,0.315,1,0.315,
0.32,0.313,1,0.313,
0.321,0.314,1,0.314,
0.322,0.315,1,0.315,
0.345,0.337,1,0.315,
0.313,0.305,1,0.305,
0.322,0.314,1,0.314,
0.321,0.314,1,0.314,
0.311,0.304,0.979,0.304,
0.326,0.315,1,0.306,
0.319,0.31,0.995,0.31,
0.318,0.311,1,0.311,
0.322,0.314,1,0.314,
0.323,0.315,1,0.315,
0.319,0.312,1,0.312,
0.329,0.315,1,0.311,
0.318,0.311,1,0.311,
0.32,0.313,1,0.313,
0.314,0.307,1,0.307,
0.323,0.315,1,0.311,
0.318,0.311,1,0.311,
0.292,0.286,0.912,0.286,
0.319,0.312,1,0.312,
0.315,0.308,1,0.308,
0.321,0.313,1,0.313,
0.313,0.306,0.978,0.306,
0.323,0.314,1,0.314,
0.325,0.316,1,0.316,
0.322,0.314,1,0.311,
0.323,0.315,1,0.315,
0.298,0.291,0.922,0.291,
0.329,0.32,1,0.316,
0.322,0.313,0.993,0.313,
0.317,0.31,1,0.31,
0.32,0.313,1,0.313,
0.318,0.311,1,0.311,
0.318,0.311,1,0.311,
0.319,0.312,1,0.312,
0.32,0.313,1,0.313,
0.325,0.318,1,0.318,
0.319,0.311,1,0.311,
0.32,0.313,1,0.313,
0.321,0.314,1,0.314,
0.32,0.313,1,0.313,
0.309,0.302,1,0.302,
0.328,0.314,1,0.314,
0.319,0.309,0.985,0.309,
0.32,0.312,1,0.312,
0.318,0.311,1,0.311,
0.314,0.307,0.992,0.307,
0.321,0.314,1,0.314,
0.323,0.314,1,0.314,
0.313,0.306,0.976,0.306,
0.316,0.309,0.992,0.309,
0.319,0.312,1,0.312,
0.316,0.309,1,0.309,
0.329,0.326,1,0.316,
0.318,0.311,1,0.311,
0.32,0.313,1,0.313,
0.324,0.312,0.993,0.312,
0.32,0.312,1,0.312,
0.313,0.306,1,0.306,
0.319,0.312,1,0.312,
0.328,0.319,1,0.318,
0.32,0.313,1,0.313,
0.319,0.312,0.988,0.31,
0.321,0.313,1,0.313,
0.307,0.297,0.943,0.297,
0.319,0.312,0.99,0.312,
0.318,0.311,1,0.311,
0.32,0.313,1,0.313,
0.319,0.312,1,0.312,
0.321,0.313,1,0.313,
0.32,0.313,1,0.313,
0.319,0.312,1,0.312,
0.318,0.311,1,0.311,
0.32,0.313,0.992,0.313,
0.316,0.309,1,0.309,
0.322,0.315,1,0.315,
0.323,0.316,1,0.316,
0.309,0.302,0.971,0.302,
0.321,0.31,0.983,0.31,
0.321,0.314,1,0.314,
0.321,0.314,1,0.314,
0.321,0.313,1,0.313,
0.326,0.318,1,0.318,
0.321,0.314,1,0.314,
0.322,0.314,1,0.314,
0.318,0.311,1,0.311,
0.303,0.296,0.946,0.296,
0.318,0.311,1,0.311,
0.322,0.314,1,0.314,
0.285,0.279,0.899,0.279,
0.318,0.308,0.984,0.308,
0.325,0.316,1,0.316,
0.323,0.314,1,0.314,
0.283,0.277,0.881,0.276,
0.317,0.309,0.986,0.309,
0.321,0.314,1,0.314,
0.303,0.295,0.942,0.295,
0.32,0.313,1,0.313,
0.325,0.317,1,0.315,
0.314,0.306,0.976,0.306,
0.329,0.319,1,0.316,
0.319,0.312,1,0.312,
0.317,0.31,1,0.31,
0.322,0.314,1,0.314,
0.321,0.312,1,0.312,
0.323,0.315,1,0.315,
0.319,0.312,1,0.312,
0.333,0.322,1,0.315,
0.319,0.312,1,0.312,
0.323,0.314,1,0.314,
0.321,0.313,1,0.313,
0.322,0.314,1,0.314,
0.32,0.313,1,0.313,
0.32,0.313,1,0.313,
0.322,0.314,1,0.314,
0.324,0.318,0.998,0.314,
0.316,0.309,1,0.309,
0.321,0.312,1,0.312,
0.313,0.296,0.937,0.295,
0.318,0.311,1,0.311,
0.314,0.306,0.92,0.289,
0.316,0.308,1,0.308,
0.317,0.307,0.971,0.306,
0.316,0.31,1,0.308,
0.32,0.313,0.994,0.313,
0.317,0.31,1,0.31,
0.322,0.314,1,0.314,
0.321,0.314,1,0.314,
0.319,0.312,1,0.312,
0.317,0.31,1,0.31,
0.322,0.314,1,0.314,
0.313,0.303,0.961,0.302,
0.325,0.317,1,0.317,
0.312,0.305,0.975,0.305,
0.32,0.313,1,0.313,
0.325,0.318,1,0.314,
0.32,0.313,1,0.313,
0.319,0.312,1,0.312,
0.317,0.307,1,0.307,
0.329,0.323,1,0.319,
0.304,0.297,0.948,0.297,
0.322,0.315,1,0.315,
0.321,0.314,1,0.314,
0.32,0.313,1,0.313,
0.299,0.292,0.939,0.292,
0.319,0.312,0.994,0.312,
0.32,0.313,1,0.313,
0.316,0.309,0.988,0.309,
0.328,0.318,1,0.314,
0.321,0.314,1,0.314,
0.323,0.314,1,0.314,
0.319,0.312,1,0.312,
0.316,0.309,1,0.309,
0.322,0.315,1,0.315,
0.316,0.309,1,0.309,
0.324,0.317,1,0.315,
0.333,0.321,1,0.315,
0.321,0.314,1,0.314,
0.323,0.315,1,0.315,
0.317,0.31,1,0.31,
0.321,0.313,0.998,0.313,
0.322,0.314,1,0.314,
0.333,0.325,1,0.325,
0.317,0.31,1,0.31,
0.321,0.313,1,0.313,
0.319,0.311,0.996,0.311,
0.31,0.303,1,0.303,
0.324,0.313,1,0.313,
0.321,0.314,1,0.314,
0.324,0.315,1,0.314,
0.324,0.317,1,0.313,
0.321,0.313,1,0.313,
0.324,0.313,1,0.313,
0.322,0.314,1,0.314,
0.321,0.314,1,0.314,
0.331,0.316,1,0.313,
0.322,0.314,1,0.314,
0.323,0.315,1,0.315,
0.322,0.315,1,0.315,
0.326,0.319,1,0.315,
0.313,0.305,0.972,0.305,
0.327,0.319,1,0.317,
0.319,0.312,1,0.312,
0.316,0.309,1,0.309,
0.322,0.315,1,0.314,
0.322,0.313,1,0.313,
0.322,0.315,1,0.315,
0.323,0.316,1,0.316,
0.323,0.314,1,0.314,
0.32,0.313,1,0.313,
0.312,0.305,0.975,0.305,
0.321,0.314,1,0.314,
0.321,0.314,1,0.314,
0.322,0.314,1,0.314,
0.322,0.315,1,0.314,
0.308,0.301,0.957,0.301,
0.326,0.319,1,0.317,
0.321,0.313,1,0.313,
0.323,0.315,1,0.315,
0.322,0.313,1,0.313,
0.319,0.312,1,0.312,
0.316,0.308,0.974,0.308,
0.313,0.306,0.972,0.306,
0.316,0.309,1,0.309,
0.329,0.321,1,0.32,
0.318,0.311,1,0.311,
0.316,0.309,0.985,0.309,
0.326,0.316,1,0.315,
0.322,0.314,1,0.314,
0.3,0.293,0.936,0.293,
0.317,0.309,1,0.309,
0.322,0.313,1,0.313,
0.3,0.293,0.937,0.293,
0.328,0.32,1,0.316,
0.319,0.312,1,0.312,
0.315,0.308,0.975,0.308,
0.318,0.311,1,0.311,
0.323,0.313,1,0.313,
0.319,0.312,1,0.312,
0.321,0.313,1,0.313,
0.319,0.312,1,0.312,
0.317,0.31,0.982,0.31,
0.319,0.312,1,0.312,
0.317,0.31,0.99,0.31,
0.32,0.313,1,0.312,
0.324,0.316,1,0.315,
0.319,0.312,1,0.312,
0.322,0.313,1,0.313,
0.321,0.312,1,0.312,
0.319,0.311,0.992,0.311,
0.321,0.314,1,0.314,
0.32,0.313,1,0.313,
0.32,0.312,1,0.312,
0.311,0.301,0.973,0.301,
0.321,0.312,1,0.312,
0.316,0.309,1,0.309,
0.318,0.311,1,0.311,
0.317,0.31,1,0.31,
0.316,0.309,1,0.309,
0.308,0.3,0.948,0.296,
0.318,0.315,1,0.303,
0.318,0.311,1,0.311,
0.316,0.309,1,0.309,
0.321,0.312,1,0.312,
0.317,0.31,1,0.31,
0.323,0.312,1,0.302,
0.293,0.287,0.929,0.287,
0.318,0.311,1,0.311,
0.315,0.308,1,0.308,
0.278,0.272,0.872,0.272,
0.314,0.307,1,0.307,
0.305,0.298,0.96,0.298,
0.311,0.304,0.981,0.304,
0.319,0.311,1,0.311,
0.316,0.306,0.983,0.306,
0.311,0.303,0.972,0.303,
0.317,0.31,1,0.31,
0.319,0.312,1,0.312,
0.317,0.31,1,0.31,
0.322,0.312,1,0.312,
0.317,0.31,1,0.31,
0.314,0.307,0.992,0.307,
0.321,0.313,1,0.313,
0.317,0.31,1,0.31,
0.317,0.31,1,0.31,
0.325,0.311,1,0.311,
0.314,0.306,0.982,0.306,
0.318,0.311,1,0.311,
0.319,0.311,1,0.31,
0.308,0.301,0.973,0.301,
0.327,0.317,1,0.314,
0.317,0.31,1,0.31,
0.303,0.296,0.95,0.296,
0.311,0.304,0.98,0.304,
0.308,0.299,0.95,0.298,
0.314,0.307,0.987,0.307,
0.318,0.311,1,0.311,
0.317,0.31,1,0.31,
0.316,0.309,1,0.309,
0.313,0.306,0.987,0.306,
0.316,0.309,1,0.309,
0.318,0.309,1,0.309,
0.272,0.264,0.846,0.264,
0.317,0.309,1,0.309,
0.319,0.312,1,0.312,
0.314,0.307,0.983,0.304,
0.32,0.313,1,0.313,
0.32,0.312,1,0.312,
0.316,0.308,1,0.308,
0.316,0.309,1,0.309,
0.32,0.31,1,0.31,
0.319,0.312,1,0.311,
0.308,0.301,0.971,0.301,
0.321,0.312,1,0.312,
0.316,0.309,1,0.309,
0.291,0.284,0.914,0.284,
0.32,0.312,1,0.31,
0.32,0.312,1,0.312,
0.318,0.311,1,0.311,
0.316,0.308,1,0.308,
0.317,0.31,1,0.31,
0.315,0.308,1,0.308,
0.318,0.311,1,0.311,
0.316,0.309,1,0.309,
0.328,0.312,1,0.308,
0.315,0.308,1,0.308,
0.321,0.314,1,0.296,
0.317,0.31,1,0.31,
0.315,0.308,1,0.308,
0.301,0.294,0.945,0.294,
0.317,0.31,1,0.31,
0.32,0.312,1,0.312,
0.299,0.291,0.934,0.291,
0.31,0.303,0.976,0.303,
0.314,0.307,1,0.307,
0.318,0.311,1,0.311,
0.316,0.309,1,0.309,
0.318,0.311,1,0.311,
0.276,0.269,0.869,0.269,
0.32,0.311,1,0.311,
0.299,0.292,0.945,0.292,
0.319,0.311,1,0.311,
0.315,0.308,1,0.308,
0.319,0.311,1,0.311,
0.312,0.305,0.98,0.305,
0.319,0.311,1,0.311,
0.316,0.309,1,0.309,
0.287,0.281,0.911,0.281,
0.317,0.31,1,0.31,
0.32,0.313,1,0.313,
0.316,0.309,1,0.309,
0.319,0.311,1,0.311,
0.316,0.309,0.994,0.309,
0.321,0.311,1,0.31,
0.318,0.311,1,0.311,
0.321,0.312,1,0.311,
0.314,0.305,0.98,0.305,
0.318,0.31,1,0.31,
0.291,0.285,0.915,0.285,
0.32,0.312,1,0.312,
0.285,0.279,0.894,0.279,
0.316,0.309,1,0.309,
0.316,0.309,1,0.309,
0.314,0.307,0.99,0.307,
0.317,0.31,1,0.31,
0.318,0.311,1,0.311,
0.317,0.31,1,0.31,
0.32,0.312,1,0.312,
0.317,0.309,1,0.309,
0.313,0.306,0.989,0.306,
0.321,0.312,1,0.312,
0.303,0.296,0.962,0.296,
0.313,0.306,0.986,0.306,
0.316,0.309,1,0.309,
0.316,0.309,1,0.309,
0.316,0.308,1,0.308,
0.319,0.312,1,0.312,
0.32,0.311,1,0.311,
0.316,0.309,1,0.309,
0.318,0.31,1,0.307,
0.317,0.31,1,0.31,
0.317,0.31,1,0.31,
0.311,0.304,0.981,0.304,
0.318,0.311,1,0.311,


0.28,0.274,0.874,0.274,
0.305,0.298,0.941,0.298,
0.32,0.313,1,0.313,
0.27,0.264,0.828,0.264,
0.322,0.313,1,0.313,
0.315,0.308,0.979,0.308,
0.321,0.314,1,0.314,
0.322,0.314,1,0.314,
0.309,0.302,0.962,0.302,
0.318,0.31,0.989,0.31,
0.272,0.266,0.842,0.266,
0.294,0.287,0.909,0.285,
0.293,0.286,0.911,0.286,
0.259,0.253,0.81,0.253,
0.311,0.304,0.95,0.303,
0.323,0.315,1,0.315,
0.327,0.32,1,0.32,
0.3,0.293,0.944,0.293,
0.325,0.318,1,0.318,
0.289,0.283,0.894,0.274,
0.303,0.296,0.931,0.296,
0.293,0.287,0.911,0.287,
0.319,0.312,1,0.312,
0.272,0.265,0.834,0.265,
0.318,0.31,0.988,0.31,
0.295,0.288,0.911,0.288,
0.297,0.289,0.919,0.289,
0.258,0.252,0.794,0.252,
0.31,0.303,0.96,0.303,
0.266,0.261,0.835,0.26,
0.321,0.314,1,0.314,
0.335,0.326,1,0.322,
0.306,0.3,0.934,0.297,
0.3,0.291,0.92,0.291,
0.289,0.283,0.899,0.283,
0.32,0.308,0.967,0.306,
0.313,0.305,0.965,0.305,
0.288,0.281,0.889,0.281,
0.305,0.299,0.926,0.296,
0.326,0.318,0.989,0.314,
0.323,0.314,0.993,0.314,
0.322,0.314,1,0.314,
0.309,0.302,0.941,0.298,
0.321,0.314,1,0.314,
0.324,0.316,1,0.314,
0.272,0.266,0.842,0.266,
0.316,0.308,0.979,0.308,
0.31,0.303,0.972,0.303,
0.321,0.307,0.942,0.294,
0.318,0.311,0.987,0.311,
0.282,0.276,0.865,0.275,
0.321,0.313,0.996,0.313,
0.312,0.304,0.964,0.304,
0.317,0.31,0.982,0.308,
0.324,0.315,1,0.315,
0.287,0.281,0.901,0.281,
0.279,0.273,0.875,0.273,
0.32,0.312,0.998,0.312,
0.321,0.314,1,0.314,
0.311,0.304,0.967,0.304,
0.291,0.285,0.905,0.285,
0.305,0.297,0.939,0.297,
0.3,0.291,0.926,0.291,
0.321,0.314,1,0.314,
0.327,0.32,0.967,0.32,
0.323,0.315,1,0.315,
0.32,0.313,1,0.313,
0.318,0.311,0.978,0.307,
0.282,0.276,0.864,0.276,
0.262,0.256,0.814,0.256,
0.302,0.293,0.907,0.292,
0.282,0.276,0.884,0.276,
0.317,0.31,0.991,0.31,
0.302,0.294,0.934,0.294,
0.312,0.305,0.968,0.305,
0.31,0.303,0.964,0.303,
0.311,0.304,0.96,0.304,
0.29,0.284,0.879,0.282,
0.319,0.31,0.937,0.293,
0.322,0.313,1,0.313,
0.307,0.299,0.951,0.299,
0.281,0.275,0.877,0.275,
0.322,0.315,1,0.315,
0.293,0.287,0.911,0.287,
0.283,0.273,0.857,0.27,
0.324,0.317,1,0.317,
0.32,0.313,1,0.313,
0.308,0.299,0.943,0.296,
0.326,0.319,1,0.319,
0.295,0.289,0.913,0.289,
0.287,0.281,0.885,0.281,
0.314,0.306,0.965,0.305,
0.32,0.313,1,0.313,
0.293,0.286,0.908,0.285,
0.326,0.319,1,0.319,
0.275,0.269,0.859,0.269,
0.296,0.288,0.917,0.288,
0.293,0.286,0.908,0.286,
0.323,0.315,1,0.315,
0.269,0.263,0.839,0.263,
0.321,0.313,1,0.313,
0.327,0.318,1,0.318,
0.273,0.267,0.853,0.267,
0.279,0.273,0.861,0.271,
0.327,0.32,1,0.317,
0.311,0.304,0.969,0.304,
0.308,0.301,0.954,0.301,
0.299,0.292,0.919,0.292,
0.311,0.304,0.97,0.304,
0.323,0.315,1,0.315,
0.342,0.335,1,0.335,
0.269,0.263,0.842,0.263,
0.309,0.302,0.969,0.302,
0.32,0.313,1,0.313,
0.326,0.319,1,0.318,
0.303,0.296,0.943,0.296,
0.277,0.271,0.863,0.271,
0.27,0.264,0.842,0.264,
0.303,0.296,0.946,0.296,
0.276,0.27,0.856,0.27,
0.244,0.239,0.76,0.239,
0.304,0.297,0.939,0.295,
0.322,0.315,1,0.315,
0.32,0.313,0.987,0.311,
0.306,0.299,0.958,0.299,
0.319,0.312,1,0.312,
0.322,0.314,1,0.314,
0.289,0.282,0.897,0.282,
0.305,0.298,0.946,0.298,
0.321,0.314,1,0.314,
0.322,0.314,1,0.314,
0.28,0.274,0.875,0.274,
0.321,0.314,1,0.314,
0.317,0.31,0.985,0.31,
0.306,0.3,0.942,0.298,
0.325,0.318,1,0.318,
0.309,0.301,0.953,0.3,
0.318,0.311,0.991,0.311,
0.277,0.271,0.869,0.271,
0.328,0.32,0.998,0.314,
0.259,0.253,0.809,0.253,
0.312,0.304,0.965,0.303,
0.299,0.292,0.928,0.292,
0.303,0.293,0.926,0.292,
0.278,0.272,0.862,0.272,
0.317,0.309,0.976,0.309,
0.289,0.282,0.902,0.282,
0.302,0.295,0.939,0.294,
0.299,0.292,0.932,0.292,
0.303,0.296,0.945,0.294,
0.293,0.287,0.908,0.285,
0.328,0.321,1,0.321,
0.326,0.319,1,0.319,
0.311,0.306,0.951,0.303,
0.323,0.316,1,0.316,
0.288,0.282,0.9,0.282,
0.32,0.312,1,0.312,
0.281,0.275,0.873,0.275,
0.324,0.316,1,0.316,
0.33,0.323,1,0.323,
0.322,0.314,1,0.314,
0.326,0.319,1,0.319,
0.302,0.295,0.938,0.295,
0.327,0.319,1,0.318,
0.295,0.289,0.916,0.289,
0.318,0.311,0.992,0.311,
0.29,0.283,0.893,0.282,
0.327,0.319,1,0.315,
0.324,0.317,1,0.317,
0.317,0.309,1,0.308,
0.301,0.295,0.897,0.294,
0.324,0.315,0.974,0.31,
0.299,0.291,0.924,0.291,
0.285,0.279,0.896,0.279,
0.318,0.311,0.989,0.311,
0.314,0.308,0.976,0.306,
0.321,0.314,1,0.314,
0.319,0.309,0.98,0.309,
0.323,0.314,0.998,0.314,
0.292,0.285,0.896,0.285,
0.32,0.313,1,0.313,
0.322,0.314,1,0.314,
0.32,0.313,0.986,0.313,
0.325,0.313,1,0.313,
0.322,0.314,0.989,0.313,
0.315,0.305,0.97,0.305,
0.28,0.274,0.871,0.274,
0.283,0.277,0.886,0.277,
0.33,0.323,1,0.323,
0.318,0.31,0.98,0.31,
0.321,0.314,1,0.314,
0.3,0.292,0.922,0.292,
0.333,0.322,0.982,0.311,
0.262,0.256,0.808,0.256,
0.308,0.302,0.95,0.299,
0.318,0.311,1,0.311,
0.325,0.316,1,0.316,
0.288,0.282,0.897,0.282,
0.326,0.317,0.987,0.312,
0.312,0.305,0.975,0.305,
0.318,0.312,0.964,0.307,
0.322,0.314,1,0.314,
0.323,0.316,1,0.316,
0.298,0.29,0.912,0.29,
0.278,0.271,0.86,0.271,
0.324,0.314,1,0.313,
0.349,0.342,0.954,0.342,
0.269,0.263,0.839,0.263,
0.317,0.31,0.969,0.31,
0.303,0.296,0.945,0.296,
0.31,0.303,0.956,0.303,
0.301,0.289,0.92,0.289,
0.283,0.275,0.875,0.275,
0.272,0.266,0.841,0.266,
0.286,0.278,0.875,0.277,
0.298,0.287,0.914,0.287,
0.32,0.313,1,0.313,
0.315,0.307,0.969,0.306,
0.326,0.318,1,0.318,
0.32,0.313,1,0.313,
0.309,0.302,0.951,0.301,
0.307,0.299,0.958,0.299,
0.271,0.265,0.84,0.265,
0.266,0.259,0.826,0.259,
0.314,0.307,0.962,0.305,
0.318,0.308,0.96,0.308,
0.325,0.318,1,0.316,
0.308,0.301,0.966,0.301,
0.287,0.281,0.884,0.281,
0.307,0.3,0.956,0.3,
0.291,0.284,0.899,0.284,
0.321,0.313,1,0.313,
0.295,0.287,0.911,0.287,
0.327,0.319,1,0.319,
0.294,0.288,0.918,0.288,
0.265,0.259,0.825,0.259,
0.274,0.268,0.852,0.268,
0.319,0.312,1,0.312,
0.325,0.316,1,0.316,
0.323,0.319,1,0.312,
0.29,0.28,0.889,0.28,
0.32,0.312,1,0.312,
0.321,0.314,1,0.314,
0.318,0.31,0.978,0.31,
0.257,0.251,0.794,0.251,
0.321,0.314,1,0.314,
0.31,0.303,0.971,0.303,
0.278,0.272,0.871,0.272,
0.33,0.322,1,0.322,
0.297,0.29,0.927,0.29,
0.313,0.306,0.949,0.306,
0.33,0.323,1,0.322,
0.322,0.315,1,0.315,
0.324,0.315,0.995,0.315,
0.295,0.289,0.906,0.289,
0.286,0.28,0.872,0.28,
0.271,0.265,0.838,0.265,
0.324,0.317,1,0.317,
0.273,0.267,0.837,0.264,
0.325,0.318,1,0.316,
0.295,0.288,0.911,0.288,
0.295,0.289,0.923,0.289,
0.281,0.274,0.873,0.274,
0.306,0.298,0.938,0.298,
0.312,0.305,0.969,0.305,
0.33,0.325,1,0.305,
0.285,0.279,0.891,0.279,
0.291,0.285,0.894,0.281,
0.293,0.287,0.896,0.284,
0.324,0.315,1,0.313,
0.294,0.288,0.919,0.287,
0.284,0.278,0.9,0.278,
0.319,0.311,0.993,0.311,
0.307,0.3,0.959,0.3,
0.278,0.272,0.878,0.272,
0.318,0.311,1,0.311,
0.313,0.305,0.979,0.305,
0.309,0.302,0.974,0.302,
0.29,0.283,0.916,0.283,
0.301,0.294,0.945,0.294,
0.292,0.283,0.903,0.282,
0.308,0.301,0.966,0.301,
0.318,0.311,1,0.311,
0.279,0.273,0.88,0.273,
0.292,0.286,0.92,0.286,
0.328,0.321,1,0.321,
0.324,0.317,1,0.317,
0.318,0.311,1,0.311,
0.319,0.312,1,0.312,
0.303,0.296,0.949,0.296,
0.32,0.312,1,0.312,
0.321,0.313,1,0.313,
0.312,0.305,0.972,0.305,
0.306,0.306,0.925,0.291,
0.339,0.331,0.985,0.308,
0.297,0.291,0.926,0.291,
0.279,0.273,0.878,0.273,
0.318,0.311,1,0.31,
0.274,0.268,0.863,0.268,
0.273,0.267,0.853,0.266,
0.311,0.304,0.974,0.304,
0.308,0.301,0.967,0.301,
0.321,0.312,1,0.312,
0.285,0.28,0.891,0.277,
0.29,0.284,0.915,0.284,
0.319,0.311,1,0.311,
0.301,0.294,0.945,0.294,
0.298,0.292,0.927,0.29,
0.318,0.311,1,0.311,
0.316,0.309,1,0.309,
0.331,0.319,1,0.317,
0.32,0.311,1,0.31,
0.287,0.281,0.913,0.281,
0.267,0.262,0.835,0.26,
0.308,0.299,0.95,0.297,
0.32,0.313,1,0.313,
0.285,0.279,0.902,0.279,
0.305,0.298,0.962,0.298,
0.322,0.314,1,0.313,
0.292,0.285,0.915,0.285,
0.296,0.289,0.929,0.289,
0.319,0.311,1,0.31,
0.292,0.284,0.914,0.284,
0.32,0.314,0.997,0.304,
0.289,0.287,0.893,0.278,
0.313,0.306,0.986,0.306,
0.303,0.296,0.935,0.291,
0.316,0.306,0.974,0.306,
0.319,0.312,1,0.312,
0.292,0.285,0.902,0.285,
0.309,0.302,0.971,0.302,
0.318,0.311,1,0.311,
0.315,0.308,0.978,0.308,
0.313,0.306,0.987,0.306,
0.305,0.298,0.957,0.298,
0.314,0.307,0.997,0.307,
0.25,0.245,0.779,0.244,
0.306,0.299,0.966,0.299,
0.317,0.311,0.982,0.308,
0.32,0.312,1,0.312,
0.279,0.273,0.875,0.273,
0.283,0.277,0.895,0.277,
0.313,0.304,0.961,0.304,
0.307,0.3,0.966,0.3,
0.263,0.258,0.827,0.256,
0.318,0.311,1,0.311,
0.279,0.273,0.873,0.271,
0.275,0.268,0.862,0.268,
0.321,0.313,1,0.313,
0.318,0.311,1,0.311,
0.318,0.313,0.991,0.308,
0.303,0.296,0.953,0.296,
0.298,0.291,0.931,0.291,
0.263,0.257,0.827,0.257,
0.324,0.316,1,0.314,
0.311,0.304,0.962,0.304,
0.32,0.311,1,0.311,
0.303,0.294,0.942,0.294,
0.296,0.289,0.935,0.289,
0.294,0.288,0.907,0.285,
0.32,0.312,1,0.312,
0.294,0.288,0.924,0.288,
0.266,0.261,0.837,0.259,
0.318,0.311,1,0.311,
0.275,0.266,0.839,0.265,
0.307,0.3,0.961,0.299,
0.286,0.28,0.903,0.28,
0.307,0.299,0.947,0.298,
0.32,0.311,1,0.311,
0.31,0.301,0.968,0.301,
0.283,0.277,0.893,0.277,
0.291,0.284,0.908,0.284,
0.318,0.311,1,0.311,
0.313,0.304,0.969,0.304,
0.323,0.314,1,0.313,
0.301,0.294,0.936,0.294,
0.323,0.314,1,0.314,
0.304,0.297,0.945,0.296,
0.273,0.267,0.863,0.267,
0.316,0.309,1,0.309,
0.292,0.286,0.92,0.286,
0.317,0.31,1,0.31,
0.314,0.307,0.971,0.307,
0.292,0.284,0.912,0.284,
0.321,0.314,0.984,0.31,
0.319,0.312,1,0.311,
0.305,0.297,0.934,0.292,
0.321,0.314,1,0.314,
0.33,0.321,1,0.317,
0.323,0.316,1,0.316,
0.254,0.248,0.811,0.248,
0.297,0.29,0.936,0.29,
0.303,0.296,0.942,0.296,
0.311,0.304,0.976,0.304,
0.313,0.306,0.976,0.306,
0.274,0.268,0.857,0.267,
0.236,0.23,0.743,0.23,
0.293,0.285,0.905,0.283,
0.317,0.31,1,0.31,
0.321,0.312,0.917,0.311,




Further Data analysis of all test cases 
avg med max min 
AVGs,0.367,0.369,0.404,0.31,
MEDs,0.357,0.359,0.398,0.301,
MAXs,0.992,1,1,0.846,
MINs,0.32,0.32,0.348,0.271,


AVGs,0.318,0.319,0.345,0.272,
MEDs,0.31,0.312,0.337,0.264,
MAXs,0.992,1,1,0.846,
MINs,0.309,0.311,0.325,0.264,


AVGs,0.305,0.31,0.349,0.236,
MEDs,0.298,0.303,0.342,0.23,
MAXs,0.945,0.962,1,0.743,
MINs,0.297,0.302,0.342,0.23,



