

Data analysis for each instance 
AVG,MED,MAX,MIN
0.133,0.135,0.273,-0.013,
0.194,0.206,0.274,-0.067,
0.214,0.221,0.292,0,
0.143,0.147,0.222,-0.003,
0.211,0.213,0.3,0,
0.134,0.133,0.232,-0.023,
0.214,0.216,0.29,0,
0.187,0.185,0.292,0,
0.215,0.218,0.325,0,
0.197,0.201,0.309,0,
0.173,0.181,0.296,-0.023,
0.109,0.111,0.263,-0.051,
0.181,0.204,0.314,0,
0.215,0.22,0.32,0,
0.172,0.188,0.271,-0.048,
0.206,0.215,0.295,0,
0.21,0.219,0.392,0,
0.216,0.214,0.355,0,
0.227,0.235,0.321,0,
0.201,0.205,0.339,0,
0.217,0.224,0.328,0,
0.223,0.224,0.324,0,
0.239,0.241,0.314,0,
0.199,0.201,0.291,0,
0.214,0.218,0.333,0,
0.21,0.217,0.276,0,
0.218,0.224,0.3,0,
0.217,0.22,0.295,0,
0.22,0.226,0.32,0,
0.203,0.209,0.316,0,
0.226,0.228,0.334,0,
0.217,0.22,0.321,0,
0.217,0.224,0.331,0,
0.211,0.212,0.279,0,
0.165,0.177,0.292,-0.005,
0.092,0.09,0.232,-0.037,
0.219,0.225,0.292,0,
0.122,0.129,0.221,-0.029,
0.139,0.138,0.258,-0.016,
0.2,0.213,0.298,0,
0.211,0.21,0.347,0,
0.213,0.218,0.305,0,
0.186,0.197,0.262,0,
0.206,0.209,0.309,0,
0.213,0.22,0.322,0,
0.205,0.205,0.309,-0.018,
0.209,0.22,0.307,0,
0.239,0.243,0.328,0,
0.104,0.103,0.212,0,
0.236,0.247,0.337,0,
0.182,0.182,0.338,0,
0.216,0.222,0.296,0,
0.137,0.135,0.246,-0.003,
0.225,0.241,0.333,0,
0.207,0.212,0.294,0,
0.204,0.214,0.315,0,
0.223,0.233,0.336,0,
0.212,0.219,0.29,0,
0.213,0.218,0.314,0,
0.211,0.21,0.302,0,
0.184,0.198,0.264,-0.068,
0.183,0.186,0.278,0,
0.194,0.2,0.298,0,
0.215,0.225,0.342,0,
0.212,0.221,0.299,0,
0.215,0.217,0.287,0,
0.214,0.211,0.333,0,
0.213,0.219,0.295,0,
0.181,0.183,0.339,0,
0.218,0.221,0.307,0,
0.223,0.23,0.333,0,
0.213,0.217,0.327,0,
0.226,0.227,0.328,0,
0.198,0.203,0.27,0,
0.217,0.227,0.322,0,
0.199,0.209,0.31,-0.051,
0.169,0.168,0.285,-0.113,
0.204,0.219,0.294,0,
0.133,0.139,0.249,0,
0.209,0.222,0.295,0,
0.215,0.221,0.284,0,
0.216,0.214,0.305,0,
0.215,0.222,0.315,0,
0.215,0.22,0.387,0,
0.141,0.141,0.277,0,
0.216,0.221,0.323,0,
0.208,0.216,0.316,0,
0.195,0.207,0.332,0,
0.21,0.205,0.345,0,
0.217,0.226,0.294,0,
0.215,0.222,0.302,0,
0.216,0.222,0.296,-0.047,
0.196,0.205,0.28,-0.007,
0.207,0.218,0.278,0,
0.217,0.222,0.382,0,
0.206,0.214,0.36,0,
0.127,0.132,0.243,0,
0.223,0.225,0.375,0,
0.21,0.221,0.32,0,
0.216,0.222,0.303,0,
0.084,0.094,0.211,-0.086,
0.206,0.205,0.285,0,
0.217,0.228,0.317,0,
0.218,0.221,0.313,0,
0.217,0.216,0.306,0,
0.218,0.224,0.308,0,
0.227,0.235,0.348,0,
0.225,0.23,0.319,0,
0.193,0.202,0.343,0,
0.135,0.145,0.263,0,
0.216,0.218,0.392,0,
0.22,0.227,0.339,0,
0.183,0.197,0.314,0,
0.213,0.217,0.336,0,
0.147,0.162,0.264,-0.035,
0.138,0.144,0.318,0,
0.218,0.222,0.284,0,
0.172,0.178,0.268,-0.039,
0.194,0.211,0.287,-0.017,
0.221,0.226,0.376,0,
0.204,0.206,0.277,0,
0.216,0.225,0.328,0,
0.219,0.217,0.379,0,
0.218,0.225,0.359,0,
0.221,0.229,0.379,0,
0.242,0.247,0.343,0,
0.187,0.204,0.297,0,
0.136,0.134,0.291,-0.028,
0.147,0.158,0.24,-0.008,
0.145,0.159,0.279,-0.012,
0.191,0.197,0.277,0,
0.226,0.232,0.35,0,
0.222,0.226,0.3,0,
0.222,0.229,0.303,0,
0.171,0.181,0.285,-0.044,
0.209,0.214,0.304,0,
0.175,0.185,0.298,-0.003,
0.216,0.22,0.326,0,
0.221,0.229,0.356,0,
0.19,0.197,0.268,0,
0.161,0.166,0.251,0,
0.156,0.166,0.259,-0.005,
0.207,0.211,0.322,0,
0.143,0.145,0.278,0,
0.224,0.228,0.305,0,
0.213,0.221,0.304,0,
0.151,0.155,0.273,0,
0.217,0.22,0.297,0,
0.215,0.215,0.298,0,
0.225,0.224,0.317,0,
0.213,0.22,0.296,0,
0.219,0.229,0.308,0,
0.217,0.217,0.379,0,
0.216,0.226,0.324,0,
0.153,0.156,0.257,0,
0.211,0.213,0.29,0,
0.115,0.12,0.208,-0.046,
0.128,0.129,0.279,0,
0.2,0.208,0.269,0,
0.2,0.206,0.357,0,
0.197,0.207,0.304,0,
0.215,0.225,0.326,0,
0.217,0.218,0.305,0,
0.192,0.2,0.286,0,
0.215,0.224,0.317,0,
0.204,0.206,0.31,0,
0.221,0.225,0.325,0,
0.099,0.094,0.265,-0.024,
0.239,0.247,0.32,0,
0.211,0.217,0.296,0,
0.214,0.219,0.351,0,
0.223,0.225,0.298,0,
0.216,0.216,0.322,0,
0.186,0.189,0.333,0,
0.115,0.12,0.213,-0.025,
0.158,0.169,0.29,-0.013,
0.198,0.205,0.286,0,
0.215,0.216,0.29,0,
0.1,0.101,0.324,-0.053,
0.188,0.193,0.312,0,
0.219,0.225,0.354,0,
0.216,0.217,0.342,0,
0.219,0.223,0.317,0,
0.225,0.229,0.315,0,
0.171,0.181,0.29,0,
0.184,0.191,0.272,0,
0.181,0.199,0.291,0,
0.21,0.212,0.303,0,
0.219,0.226,0.344,0,
0.209,0.216,0.276,0,
0.219,0.229,0.302,0,
0.191,0.193,0.265,0,
0.116,0.119,0.252,-0.015,
0.215,0.217,0.348,0,
0.216,0.215,0.304,0,
0.223,0.226,0.376,0,
0.212,0.215,0.301,0,
0.208,0.215,0.272,0,
0.112,0.11,0.241,-0.039,
0.227,0.23,0.326,0,
0.192,0.203,0.279,0,
0.224,0.229,0.305,0,
0.211,0.221,0.377,0,
0.132,0.135,0.269,-0.03,
0.22,0.226,0.3,0,
0.205,0.211,0.29,0,
0.127,0.13,0.22,-0.021,
0.176,0.183,0.272,0,
0.198,0.208,0.283,0,
0.21,0.216,0.297,0,
0.216,0.224,0.291,0,
0.142,0.141,0.288,-0.011,
0.144,0.143,0.275,-0.041,
0.208,0.215,0.289,0,
0.207,0.211,0.29,0,
0.15,0.147,0.276,0,
0.149,0.151,0.276,-0.003,
0.188,0.198,0.314,0,
0.207,0.218,0.307,0,
0.22,0.219,0.349,0,
0.217,0.221,0.307,0,
0.216,0.22,0.317,0,
0.211,0.211,0.375,0,
0.209,0.214,0.291,0,
0.141,0.147,0.237,0,
0.224,0.228,0.322,0,
0.221,0.226,0.379,0,
0.216,0.216,0.315,0,
0.209,0.21,0.295,0,
0.212,0.216,0.288,0,
0.198,0.2,0.333,0,
0.213,0.224,0.303,0,
0.193,0.2,0.309,0,
0.229,0.23,0.329,0,
0.214,0.219,0.313,0,
0.131,0.138,0.231,-0.01,
0.216,0.222,0.32,0,
0.182,0.183,0.3,0,
0.214,0.218,0.317,0,
0.213,0.217,0.336,0,
0.174,0.183,0.268,0,
0.216,0.227,0.326,0,
0.213,0.222,0.333,0,
0.098,0.101,0.234,-0.057,
0.186,0.187,0.269,0,
0.212,0.217,0.326,0,
0.211,0.225,0.354,0,
0.214,0.216,0.309,0,
0.211,0.219,0.304,0,
0.189,0.199,0.294,0,
0.206,0.215,0.37,0,
0.207,0.213,0.31,0,
0.22,0.224,0.33,0,
0.118,0.125,0.256,-0.018,
0.224,0.226,0.316,0,
0.218,0.225,0.295,0,
0.205,0.209,0.303,0,
0.153,0.157,0.264,0,
0.218,0.223,0.367,0,
0.218,0.225,0.308,0,
0.164,0.167,0.285,0,
0.194,0.199,0.273,0,
0.214,0.215,0.32,0,
0.214,0.221,0.309,0,
0.184,0.187,0.289,0,
0.172,0.177,0.286,0,
0.207,0.213,0.305,0,
0.216,0.215,0.296,0,
0.137,0.145,0.242,0,
0.162,0.173,0.256,0,
0.178,0.187,0.265,0,
0.195,0.205,0.306,0,
0.172,0.174,0.315,0,
0.187,0.193,0.358,0,
0.188,0.191,0.303,0,
0.188,0.195,0.293,0,
0.111,0.114,0.251,-0.046,
0.193,0.191,0.283,0,
0.186,0.193,0.293,0,
0.186,0.188,0.267,0,
0.188,0.192,0.298,0,
0.154,0.165,0.244,-0.003,
0.19,0.197,0.361,0,
0.188,0.186,0.257,0,
0.191,0.187,0.346,0,
0.185,0.19,0.266,-0.07,
0.167,0.175,0.357,0,
0.193,0.196,0.278,0,
0.193,0.189,0.36,0,
0.186,0.187,0.27,0,
0.193,0.198,0.279,0,
0.162,0.162,0.275,-0.01,
0.16,0.162,0.281,0,
0.183,0.186,0.272,0,
0.185,0.186,0.29,0,
0.124,0.131,0.27,-0.04,
0.191,0.194,0.275,0,
0.186,0.187,0.321,0,
0.192,0.196,0.319,0,
0.179,0.181,0.275,0,
0.193,0.191,0.354,0,
0.19,0.197,0.267,0,
0.174,0.183,0.262,-0.104,
0.186,0.195,0.338,0,
0.153,0.157,0.25,0,
0.191,0.19,0.316,0,
0.107,0.119,0.216,-0.09,
0.182,0.19,0.297,0,
0.176,0.184,0.254,0,
0.184,0.184,0.326,0,
0.168,0.176,0.259,0,
0.173,0.176,0.287,0,
0.184,0.197,0.306,0,
0.18,0.182,0.339,0,
0.188,0.192,0.288,0,
0.168,0.177,0.262,0,
0.169,0.176,0.312,0,
0.16,0.159,0.279,0,
0.18,0.189,0.251,0,
0.196,0.201,0.277,0,
0.183,0.195,0.26,0,
0.187,0.189,0.28,0,
0.195,0.197,0.283,0,
0.188,0.19,0.278,0,
0.164,0.161,0.284,0,
0.191,0.191,0.369,0,
0.159,0.162,0.296,-0.003,
0.188,0.189,0.272,0,
0.189,0.195,0.279,0,
0.1,0.104,0.202,0,
0.189,0.191,0.317,0,
0.184,0.19,0.277,0,
0.192,0.199,0.309,0,
0.186,0.187,0.264,0,
0.193,0.193,0.308,0,
0.171,0.174,0.296,0,
0.192,0.192,0.315,0,
0.196,0.202,0.344,0,
0.19,0.193,0.266,0,
0.181,0.182,0.294,0,
0.097,0.098,0.256,-0.013,
0.19,0.192,0.355,0,
0.168,0.174,0.284,-0.022,
0.187,0.189,0.348,0,
0.19,0.189,0.326,0,
0.186,0.192,0.269,0,
0.184,0.187,0.314,0,
0.185,0.189,0.259,-0.054,
0.18,0.178,0.285,0,
0.188,0.188,0.364,0,
0.192,0.188,0.344,0,
0.188,0.194,0.28,0,
0.185,0.188,0.3,0,
0.186,0.19,0.284,0,
0.187,0.192,0.322,0,
0.194,0.194,0.299,0,
0.189,0.193,0.296,0,
0.184,0.184,0.287,0,
0.174,0.176,0.286,0,
0.171,0.179,0.264,0,
0.188,0.193,0.25,0,
0.195,0.193,0.31,0,
0.187,0.187,0.315,0,
0.182,0.185,0.341,0,
0.198,0.203,0.264,0,
0.192,0.197,0.303,0,
0.192,0.192,0.344,0,
0.177,0.186,0.257,0,
0.18,0.192,0.295,0,
0.124,0.121,0.242,0,
0.189,0.195,0.333,0,
0.182,0.185,0.298,0,
0.139,0.145,0.298,0,
0.188,0.195,0.257,0,
0.187,0.191,0.272,0,
0.191,0.193,0.289,0,
0.091,0.097,0.239,-0.133,
0.188,0.188,0.328,0,
0.186,0.183,0.294,0,
0.161,0.17,0.283,0,
0.19,0.193,0.273,0,
0.189,0.192,0.29,0,
0.169,0.174,0.317,0,
0.171,0.182,0.253,0,
0.191,0.196,0.272,0,
0.196,0.206,0.281,0,
0.19,0.189,0.304,0,
0.189,0.189,0.338,0,
0.186,0.189,0.315,0,
0.195,0.191,0.331,0,
0.14,0.145,0.313,-0.006,
0.168,0.175,0.284,0,
0.188,0.191,0.291,0,
0.177,0.183,0.27,0,
0.196,0.197,0.328,0,
0.14,0.145,0.252,-0.014,
0.188,0.19,0.31,0,
0.158,0.157,0.252,0,
0.191,0.194,0.332,0,
0.189,0.193,0.278,0,


0.097,0.102,0.176,0,
0.015,-0.009,0.249,-0.018,
0.012,0.012,0.04,0,
0.08,0.083,0.139,-0.044,
0.007,0,0.14,0,
0.099,0.091,0.22,0,
0.008,0.003,0.139,-0.03,
0.006,0.003,0.07,-0.074,
-0.006,-0.006,0,-0.015,
0.005,0.003,0.094,0,
0.027,0.027,0.142,0,
0.11,0.12,0.214,-0.009,
0.032,-0.006,0.194,-0.07,
-0.003,-0.003,0,-0.003,
0.044,0.009,0.191,-0.003,
-0.043,-0.049,0.128,-0.099,
-0.015,-0.015,0,-0.031,
-0.006,-0.003,0,-0.171,
-0.014,-0.015,0.065,-0.037,
-0.033,-0.025,0.006,-0.115,
-0.002,-0.003,0.047,-0.003,
-0.011,-0.012,0,-0.015,
-0.003,-0.003,0,-0.017,
-0.02,-0.018,0.072,-0.073,
-0.006,-0.003,0,-0.168,
-0.051,-0.056,0.119,-0.132,
-0.041,-0.041,0,-0.167,
-0.002,-0.003,0.069,-0.021,
-0.005,-0.003,0.034,-0.086,
-0.008,-0.012,0.101,-0.015,
-0.005,-0.006,0.086,-0.006,
-0.029,-0.03,0.13,-0.082,
-0.03,-0.03,0.006,-0.117,
-0.002,-0.002,0.096,-0.067,
0.032,0.021,0.157,-0.119,
0.05,0.072,0.178,-0.133,
-0.005,-0.005,0.003,-0.054,
0.102,0.103,0.203,0,
0.089,0.089,0.174,0,
-0.037,-0.044,0.134,-0.101,
-0.026,-0.027,0,-0.195,
-0.002,0,0,-0.111,
-0.029,-0.043,0.054,-0.126,
-0.054,-0.049,0.042,-0.139,
-0.023,-0.021,0.081,-0.05,
0.008,0,0.222,0,
-0.036,-0.041,0.074,-0.106,
-0.003,-0.003,0.006,-0.022,
0.007,0.003,0.145,-0.095,
-0.031,-0.03,0,-0.045,
0.016,0.02,0.057,-0.098,
-0.057,-0.058,0.088,-0.138,
0.089,0.091,0.159,-0.003,
-0.022,-0.021,0,-0.039,
-0.047,-0.04,0,-0.126,
-0.009,-0.006,0,-0.114,
-0.003,-0.003,0,-0.009,
-0.021,-0.018,0.129,-0.135,
-0.013,-0.012,0,-0.092,
-0.003,0,0.095,-0.073,
0.024,0.006,0.164,-0.041,
0.031,0.035,0.106,-0.165,
0.015,0,0.144,-0.125,
-0.015,-0.015,0,-0.054,
-0.055,-0.057,0.028,-0.109,
-0.045,-0.028,0,-0.128,
-0.015,-0.015,0,-0.023,
-0.04,-0.041,0.032,-0.074,
-0.102,-0.092,0.043,-0.258,
0.002,0.003,0.003,-0.047,
-0.005,-0.003,0,-0.096,
-0.003,-0.003,0,-0.022,
-0.004,0,0,-0.203,
0.013,0.018,0.066,-0.102,
-0.028,-0.024,0,-0.117,
0.004,0,0.182,-0.043,
0.055,0.049,0.179,0,
-0.037,-0.041,0.11,-0.1,
0.087,0.089,0.165,-0.084,
-0.007,-0.009,0.079,-0.038,
-0.001,0,0.011,-0.027,
-0.012,-0.012,0.008,-0.012,
-0.03,-0.03,0,-0.047,
-0.003,-0.003,0,-0.003,
-0.009,-0.008,0.189,-0.174,
-0.043,-0.041,0.028,-0.085,
-0.002,0,0,-0.095,
-0.052,-0.05,0,-0.122,
-0.01,-0.009,0,-0.063,
0.005,0,0.196,0,
-0.033,-0.027,0,-0.122,
-0.004,0,0,-0.081,
0.022,0.003,0.212,0,
0.001,-0.012,0.116,-0.012,
-0.037,-0.04,0,-0.074,
-0.022,-0.021,0,-0.088,
0.079,0.082,0.187,-0.003,
-0.021,-0.012,0,-0.084,
0.002,0,0.064,0,
0.002,0,0.156,-0.006,
0.075,0.081,0.211,-0.081,
-0.004,-0.003,0.061,-0.091,
0.001,0,0.091,0,
0.001,0,0.051,0,
-0.03,-0.027,0,-0.072,
-0.031,-0.03,0.026,-0.066,
-0.02,-0.015,0.079,-0.085,
-0.004,-0.003,0,-0.144,
0,0,0,0,
0.079,0.075,0.18,-0.064,
-0.231,-0.228,0,-0.292,
-0.003,0,0,-0.153,
0.023,-0.006,0.209,-0.118,
-0.002,-0.003,0.075,-0.003,
0.068,0.056,0.238,-0.003,
0.079,0.079,0.17,-0.09,
-0.003,0,0,-0.095,
0.051,0.052,0.152,-0.009,
0.022,0,0.181,0,
-0.01,-0.003,0,-0.256,
0.014,0.012,0.072,0,
-0.004,-0.003,0,-0.064,
-0.013,-0.012,0,-0.079,
-0.06,-0.056,0,-0.146,
-0.031,-0.03,0,-0.117,
-0.028,-0.03,0,-0.091,
0.006,-0.006,0.145,-0.025,
0.083,0.091,0.198,0,
0.067,0.065,0.177,0,
0.082,0.078,0.262,0,
0.015,0.009,0.06,-0.101,
-0.002,0,0,-0.144,
-0.014,-0.003,0.046,-0.199,
-0.002,-0.003,0.04,-0.003,
0.056,0.045,0.205,0,
-0.01,-0.012,0.04,-0.051,
-0.07,-0.058,0.075,-0.193,
-0.001,0,0,-0.075,
-0.006,-0.006,0,-0.011,
-0.07,-0.072,0.029,-0.176,
0.056,0.053,0.103,0,
0.059,0.055,0.18,-0.081,
0.02,0.018,0.123,0,
-0.004,0,0.099,-0.129,
-0.067,-0.05,0,-0.206,
-0,0,0.123,-0.046,
0.075,0.074,0.14,-0.121,
-0,0,0.026,-0.038,
-0.018,-0.021,0,-0.102,
-0.014,-0.009,0,-0.14,
-0.012,-0.012,0.072,-0.027,
-0.012,-0.015,0.047,-0.015,
-0.027,-0.027,0,-0.07,
0.003,0,0.13,-0.021,
0.063,0.038,0.167,-0.058,
0.007,0.003,0.129,0,
0.058,0.07,0.192,-0.137,
0.086,0.09,0.163,-0.038,
-0.068,-0.076,0.038,-0.148,
-0.066,-0.065,0.028,-0.114,
0.012,0.018,0.045,-0.015,
-0.053,-0.041,0,-0.138,
-0.091,-0.093,0,-0.188,
-0.019,-0.021,0.039,-0.093,
-0.003,-0.003,0,-0.014,
0.009,0.009,0.066,0,
-0.046,-0.018,0,-0.19,
0.109,0.118,0.23,-0.106,
-0.006,-0.006,0.053,-0.009,
-0.033,-0.03,0.114,-0.111,
-0.015,-0.012,0.017,-0.084,
-0.042,-0.017,0,-0.238,
-0,-0.003,0.076,-0.047,
0.033,0.036,0.077,0,
0.102,0.101,0.196,0,
0.065,0.063,0.138,-0.049,
0.015,0.015,0.095,-0.009,
-0.012,0,0,-0.27,
0.071,0.086,0.22,-0.222,
-0.009,-0.024,0.089,-0.13,
-0.019,-0.018,0,-0.047,
-0.023,-0.012,0,-0.166,
-0.001,-0.003,0.108,-0.003,
-0.106,-0.112,0,-0.203,
0.031,0.01,0.161,-0.003,
-0.065,-0.066,0.061,-0.188,
0.03,-0.006,0.193,-0.024,
0.002,-0.003,0.165,-0.003,
-0.103,-0.099,0,-0.247,
0.009,0,0.142,0,
-0.005,-0.006,0.133,-0.015,
0.014,0.018,0.087,-0.09,
0.026,0.024,0.161,-0.15,
-0.003,-0.003,0,-0.003,
-0.011,-0.006,0.076,-0.148,
-0.009,-0.009,0,-0.017,
-0.02,-0.024,0.049,-0.106,
0.007,0,0.192,0,
0.02,0.026,0.189,-0.123,
-0.006,-0.006,0,-0.02,
-0.028,-0.044,0.121,-0.076,
-0.003,-0.003,0,-0.015,
-0.027,-0.019,0,-0.059,
0.099,0.103,0.213,-0.087,
-0.056,-0.052,0,-0.137,
0.014,0.015,0.015,-0.053,
0.079,0.083,0.134,-0.094,
0.035,0.022,0.165,-0.139,
-0.005,-0.009,0.111,-0.055,
0.002,0,0.211,0,
-0.022,-0.027,0.024,-0.038,
-0.024,-0.021,0.089,-0.155,
0.068,0.062,0.17,-0.074,
-0.017,-0.015,0.08,-0.044,
-0.019,-0.018,0.015,-0.148,
-0.006,-0.003,0.133,-0.118,
0.076,0.07,0.197,-0.11,
-0.008,-0.006,0.057,-0.058,
-0.041,-0.044,0,-0.092,
-0.025,-0.025,0,-0.039,
-0.058,-0.052,0,-0.168,
-0.003,0,0.139,-0.139,
-0.003,-0.003,0,-0.003,
-0.036,-0.041,0.124,-0.098,
0.082,0.084,0.174,-0.077,
-0.06,-0.058,0,-0.195,
-0.038,-0.038,0,-0.146,
0.003,0.003,0.003,-0.009,
-0.005,-0.015,0.103,-0.024,
-0.001,0,0,-0.046,
-0.009,-0.009,0.029,-0.08,
-0.044,-0.052,0.045,-0.11,
0.018,0.018,0.173,-0.25,
-0.034,-0.024,0,-0.066,
0.004,0,0.082,0,
0.091,0.089,0.195,-0.061,
-0.006,-0.006,0,-0.006,
0.009,0.006,0.071,-0.049,
-0.015,-0.006,0,-0.217,
-0.017,-0.018,0,-0.15,
0.037,0.021,0.125,-0.089,
-0.005,-0.005,0,-0.012,
0.002,0,0.116,0,
0.098,0.103,0.208,0,
0.013,0.024,0.075,-0.034,
0,0,0.003,-0.003,
-0.022,-0.015,0,-0.119,
-0.017,-0.018,0.105,-0.066,
-0.063,-0.058,0.114,-0.203,
0.036,0.018,0.173,0,
-0.036,-0.03,0,-0.2,
-0.029,-0.027,0.099,-0.112,
-0.003,-0.003,0.003,-0.003,
0.101,0.114,0.206,-0.163,
-0.007,-0.009,0.099,-0.009,
-0.013,-0.015,0.113,-0.036,
0.015,0,0.135,0,
0.067,0.06,0.168,0,
-0.014,-0.012,0,-0.079,
-0.026,-0.021,0,-0.144,
0.063,0.062,0.183,0,
0.028,0.015,0.216,0,
-0.006,-0.003,0,-0.128,
-0.001,0,0.006,-0.041,
0.033,0.028,0.099,-0.058,
0.044,0.044,0.119,-0.058,
0.014,0,0.151,0,
-0.043,-0.033,0,-0.128,
0.052,0.059,0.171,-0.133,
0.009,-0.015,0.169,-0.015,
-0.006,-0.012,0.122,-0.042,
-0,0,0,-0.003,
0.01,0.015,0.029,-0.058,
-0.003,-0.003,0,-0.003,
-0.008,-0.009,0,-0.045,
-0.008,-0.006,0,-0.039,
0.007,0.013,0.126,-0.137,
-0.006,-0.006,0.014,-0.006,
0.001,-0.003,0.167,-0.003,
0.014,0.006,0.118,0,
-0.004,-0.003,0.014,-0.065,
0.033,0,0.207,-0.127,
-0.008,-0.003,0,-0.206,
0.002,0,0.08,0,
-0.006,-0.006,0,-0.046,
-0.003,-0.006,0.128,-0.006,
-0.022,-0.022,0,-0.046,
0,0,0.027,-0.015,
-0.02,-0.021,0,-0.075,
-0.001,-0.006,0.104,-0.009,
-0.006,0,0,-0.146,
-0.003,-0.009,0.183,-0.081,
0.007,0.006,0.066,-0.03,
-0.014,-0.015,0.128,-0.06,
-0.009,-0.006,0.116,-0.104,
0.063,0.059,0.207,0,
-0.025,-0.021,0.076,-0.101,
-0.007,-0.009,0,-0.064,
-0.002,-0.003,0.117,-0.028,
0.005,0,0.09,-0.003,
-0,0,0,-0.003,
0.001,0,0.115,-0.012,
0.008,0.006,0.113,-0.167,
-0.001,0,0,-0.045,
0.041,0.039,0.158,0,
-0.009,-0.006,0,-0.136,
0.082,0.079,0.238,0,
-0.006,-0.006,0.056,-0.021,
-0.039,-0.048,0.086,-0.086,
-0.003,-0.003,0,-0.006,
-0.075,-0.09,0.075,-0.125,
0.015,0.007,0.067,-0.003,
-0.001,0,0,-0.068,
0.002,0,0.17,-0.003,
-0.002,-0.003,0.03,-0.032,
0.022,0.009,0.191,0,
-0.003,-0.003,0,-0.015,
0.036,0.025,0.138,-0.03,
-0.002,-0.006,0.092,-0.106,
-0.014,-0.019,0.117,-0.028,
-0.001,0,0.055,-0.081,
-0.002,-0.003,0.053,-0.015,
-0.005,-0.003,0.022,-0.064,
-0.032,-0.024,0,-0.172,
0.021,0.025,0.104,-0.101,
-0.008,-0.009,0.003,-0.012,
0.005,-0.018,0.166,-0.045,
-0.005,-0.006,0.028,-0.026,
-0.002,-0.003,0.03,-0.003,
0.095,0.096,0.163,0,
-0.006,-0.006,0,-0.045,
0.004,0,0.166,0,
-0.003,-0.003,0.136,-0.091,
-0.009,-0.009,0.082,-0.171,
-0.002,0,0.078,-0.128,
0.019,0.019,0.15,0,
-0.014,-0.015,0,-0.045,
-0.003,-0.003,0,-0.006,
-0.024,-0.018,0.077,-0.128,
0.003,0,0.109,-0.082,
0.104,0.104,0.213,0,
-0.003,-0.003,0.009,-0.003,
-0.005,-0.015,0.159,-0.098,
-0.001,0,0,-0.084,
-0.008,-0.007,0,-0.035,
0.001,0,0.09,0,
-0.017,-0.019,0,-0.069,
-0.004,-0.003,0.056,-0.067,
-0.039,-0.037,0.015,-0.147,
-0.004,-0.003,0,-0.053,
-0.021,-0.022,0,-0.103,
0,-0.003,0.121,-0.003,
-0.003,-0.003,0.027,-0.018,
0.001,0,0.091,0,
-0.031,-0.024,0.138,-0.103,
-0.023,-0.021,0,-0.128,
-0.03,-0.028,0,-0.141,
-0.002,0,0.095,-0.092,
0.02,0.019,0.074,0,
0.009,-0.003,0.134,-0.024,
-0.004,-0.003,0.071,-0.078,
-0.022,-0.021,0,-0.098,
-0.013,-0.012,0,-0.144,
-0.006,-0.006,0,-0.029,
-0.071,-0.067,0,-0.206,
-0.01,-0.006,0,-0.107,
-0.003,-0.003,0,-0.023,
0.001,-0.009,0.143,-0.039,
-0.031,-0.027,0,-0.183,
0.059,0.064,0.146,-0.117,
0,0,0,0,
-0.01,-0.01,0.087,-0.072,
0.055,0.046,0.144,0,
-0.018,-0.009,0,-0.144,
-0.006,-0.003,0.036,-0.134,
-0.023,-0.022,0,-0.087,
0.091,0.088,0.197,-0.1,
-0.022,-0.021,0,-0.102,
-0.001,-0.003,0.067,-0.041,
0.032,0.03,0.173,0,
-0.008,-0.009,0,-0.033,
-0.016,-0.018,0.111,-0.066,
-0.017,-0.012,0.003,-0.113,
0.015,0,0.164,-0.083,
-0.001,0,0.013,-0.045,
-0.005,-0.003,0,-0.059,
-0.012,-0.003,0,-0.185,
-0.028,-0.028,0,-0.089,
-0.022,-0.021,0,-0.133,
-0.013,-0.013,0,-0.024,
0.011,0.01,0.061,0,
0.032,0.028,0.145,0,
-0.006,0,0,-0.157,
0.003,0,0.165,-0.015,
-0.011,-0.012,0,-0.042,
0.052,0.056,0.144,-0.114,
-0.003,0,0,-0.177,
0.007,0.003,0.081,-0.074,
-0.001,0,0,-0.048,
-0.024,-0.003,0.024,-0.221,




Further Data analysis of all test cases 
avg med max min 
AVGs,0.19,0.193,0.242,0.084,
MEDs,0.195,0.199,0.247,0.09,
MAXs,0.3,0.298,0.392,0.202,
MINs,-0.005,0,0,-0.133,


AVGs,0.001,-0.003,0.11,-0.231,
MEDs,-0,-0.003,0.12,-0.228,
MAXs,0.074,0.062,0.262,0,
MINs,-0.071,-0.06,0,-0.292,



