

Data analysis for each instance 
AVG,MED,MAX,MIN
0.209,0.211,0.31,-0.004,
0.168,0.175,0.297,-0.036,
0.24,0.246,0.323,0,
0.214,0.22,0.296,0,
0.236,0.241,0.321,0,
0.133,0.134,0.251,-0.015,
0.248,0.249,0.335,0,
0.217,0.229,0.325,0,
0.221,0.223,0.312,0,
0.175,0.188,0.3,0,
0.184,0.19,0.337,-0.133,
0.216,0.226,0.324,-0.001,
0.131,0.138,0.279,-0.086,
0.215,0.22,0.338,0,
0.187,0.198,0.297,-0.023,
0.226,0.235,0.316,0,
0.24,0.264,0.357,0,
0.247,0.253,0.356,0,
0.233,0.245,0.328,0,
0.199,0.197,0.334,0,
0.227,0.233,0.333,0,
0.181,0.184,0.303,0,
0.252,0.254,0.323,0,
0.212,0.216,0.294,0,
0.236,0.239,0.354,0,
0.19,0.194,0.294,0,
0.203,0.209,0.31,0,
0.2,0.205,0.288,0,
0.161,0.161,0.336,0,
0.188,0.199,0.308,-0.043,
0.231,0.239,0.355,0,
0.245,0.256,0.36,0,
0.238,0.242,0.328,0,
0.225,0.234,0.3,0,
0.21,0.212,0.329,0,
0.102,0.112,0.237,-0.056,
0.194,0.205,0.304,0,
0.135,0.137,0.26,-0.034,
0.216,0.221,0.316,-0.024,
0.177,0.18,0.282,0,
0.2,0.202,0.282,0,
0.222,0.232,0.328,0,
0.203,0.208,0.301,0,
0.167,0.166,0.292,-0.006,
0.214,0.215,0.345,0,
0.166,0.166,0.27,0,
0.206,0.214,0.32,0,
0.232,0.238,0.313,0,
0.118,0.123,0.239,-0.032,
0.253,0.259,0.343,0,
0.21,0.213,0.322,0,
0.213,0.228,0.307,-0.065,
0.151,0.156,0.265,0,
0.242,0.245,0.35,0,
0.246,0.246,0.37,0,
0.22,0.223,0.351,0,
0.207,0.214,0.328,0,
0.232,0.238,0.329,0,
0.24,0.252,0.31,0,
0.212,0.215,0.308,0,
0.125,0.122,0.265,-0.033,
0.213,0.221,0.309,0,
0.182,0.195,0.316,0,
0.196,0.199,0.299,0,
0.214,0.215,0.296,0,
0.219,0.227,0.321,0,
0.203,0.212,0.346,0,
0.231,0.239,0.314,0,
0.138,0.109,0.331,0,
0.202,0.208,0.33,0,
0.223,0.237,0.308,0,
0.204,0.215,0.317,0,
0.235,0.236,0.331,0,
0.225,0.227,0.304,0,
0.229,0.232,0.338,0,
0.172,0.187,0.308,-0.023,
0.185,0.188,0.298,0,
0.193,0.197,0.315,0,
0.133,0.137,0.245,-0.06,
0.244,0.254,0.327,0,
0.23,0.233,0.331,0,
0.218,0.215,0.348,0,
0.204,0.206,0.359,0,
0.242,0.247,0.34,0,
0.192,0.198,0.259,-0.002,
0.227,0.229,0.33,0,
0.215,0.231,0.355,0,
0.203,0.205,0.335,0,
0.212,0.213,0.353,0,
0.219,0.223,0.321,0,
0.232,0.243,0.332,0,
0.214,0.22,0.303,0,
0.192,0.202,0.283,0,
0.217,0.223,0.332,0,
0.225,0.229,0.374,0,
0.198,0.202,0.339,0,
0.136,0.14,0.301,-0.026,
0.224,0.229,0.348,0,
0.195,0.201,0.305,0,
0.226,0.234,0.33,0,
0.077,0.079,0.267,-0.069,
0.205,0.211,0.304,0,
0.189,0.194,0.305,0,
0.202,0.205,0.312,0,
0.225,0.233,0.341,0,
0.22,0.225,0.321,0,
0.226,0.233,0.333,0,
0.236,0.242,0.345,0,
0.176,0.176,0.351,0,
0.18,0.186,0.274,0,
0.206,0.211,0.361,0,
0.201,0.201,0.309,0,
0.184,0.191,0.295,0,
0.246,0.256,0.369,0,
0.171,0.177,0.274,0,
0.183,0.196,0.314,-0.042,
0.225,0.234,0.317,0,
0.22,0.22,0.309,0,
0.191,0.204,0.327,-0.045,
0.191,0.198,0.332,0,
0.208,0.216,0.285,0,
0.212,0.22,0.328,0,
0.224,0.233,0.333,0,
0.226,0.235,0.331,0,
0.213,0.218,0.337,0,
0.278,0.282,0.354,0,
0.2,0.229,0.319,-0.051,
0.178,0.188,0.302,-0.048,
0.203,0.218,0.305,0,
0.189,0.198,0.318,-0.04,
0.192,0.194,0.303,0,
0.23,0.234,0.327,0,
0.236,0.246,0.315,0,
0.217,0.224,0.317,0,
0.151,0.149,0.259,-0.008,
0.215,0.216,0.288,0,
0.158,0.167,0.292,0,
0.205,0.208,0.308,0,
0.223,0.224,0.34,0,
0.191,0.201,0.288,0,
0.18,0.196,0.307,0,
0.217,0.224,0.309,0,
0.179,0.184,0.3,0,
0.165,0.161,0.289,0,
0.227,0.23,0.318,0,
0.194,0.203,0.288,0,
0.141,0.152,0.297,0,
0.219,0.229,0.317,0,
0.206,0.209,0.344,0,
0.222,0.223,0.344,0,
0.184,0.187,0.32,0,
0.199,0.198,0.317,0,
0.223,0.223,0.357,0,
0.216,0.222,0.309,0,
0.234,0.243,0.323,0,
0.213,0.22,0.309,0,
0.128,0.131,0.235,-0.088,
0.148,0.151,0.265,-0.033,
0.204,0.208,0.295,0,
0.192,0.188,0.367,0,
0.2,0.208,0.295,0,
0.22,0.228,0.353,0,
0.2,0.204,0.295,0,
0.226,0.232,0.313,0,
0.232,0.234,0.321,0,
0.201,0.205,0.33,0,
0.207,0.214,0.297,0,
0.106,0.107,0.223,-0.056,
0.265,0.274,0.346,0,
0.2,0.207,0.279,0,
0.23,0.24,0.335,0,
0.212,0.213,0.306,0,
0.214,0.217,0.319,0,
0.165,0.172,0.334,-0.001,
0.128,0.134,0.297,-0.034,
0.171,0.18,0.312,0,
0.211,0.225,0.313,0,
0.213,0.217,0.323,0,
0.127,0.133,0.276,-0.109,
0.177,0.185,0.285,0,
0.268,0.264,0.384,0,
0.195,0.207,0.296,-0.041,
0.203,0.202,0.325,0,
0.209,0.217,0.33,0,
0.201,0.208,0.303,0,
0.196,0.201,0.295,0,
0.167,0.179,0.284,-0.049,
0.183,0.188,0.327,0,
0.221,0.23,0.358,-0.003,
0.224,0.231,0.311,0,
0.224,0.234,0.341,0,
0.176,0.177,0.271,0,
0.126,0.133,0.245,0,
0.199,0.2,0.308,0,
0.211,0.214,0.3,0,
0.216,0.221,0.347,0,
0.207,0.199,0.318,0,
0.2,0.21,0.312,0,
0.191,0.207,0.317,-0,
0.222,0.228,0.336,0,
0.182,0.195,0.278,-0.05,
0.244,0.248,0.339,0,
0.244,0.271,0.387,0,
0.143,0.149,0.26,-0.023,
0.215,0.217,0.306,0,
0.198,0.207,0.278,0,
0.227,0.227,0.331,0,
0.212,0.222,0.3,0,
0.209,0.216,0.314,0,
0.246,0.251,0.352,0,
0.244,0.248,0.333,0,
0.207,0.212,0.305,0,
0.219,0.223,0.294,0,
0.223,0.231,0.318,0,
0.213,0.214,0.318,0,
0.147,0.153,0.27,0,
0.179,0.183,0.298,-0.007,
0.148,0.164,0.276,-0.013,
0.217,0.237,0.344,0,
0.212,0.225,0.363,0,
0.208,0.211,0.3,0,
0.229,0.236,0.331,0,
0.201,0.2,0.314,0,
0.207,0.211,0.306,0,
0.147,0.155,0.272,-0.006,
0.206,0.205,0.311,0,
0.222,0.229,0.324,0,
0.2,0.206,0.334,0,
0.215,0.218,0.313,0,
0.217,0.221,0.3,0,
0.209,0.218,0.299,0,
0.211,0.222,0.299,0,
0.212,0.221,0.308,0,
0.194,0.192,0.313,0,
0.195,0.195,0.317,0,
0.156,0.164,0.314,-0.012,
0.179,0.199,0.298,-0.041,
0.222,0.234,0.319,-0.011,
0.228,0.23,0.294,0,
0.237,0.246,0.364,0,
0.199,0.198,0.298,0,
0.22,0.222,0.351,0,
0.175,0.178,0.33,0,
0.148,0.161,0.267,-0.032,
0.169,0.173,0.265,0,
0.252,0.252,0.378,0,
0.212,0.207,0.34,0,
0.195,0.197,0.293,0,
0.228,0.244,0.361,0,
0.208,0.204,0.321,0,
0.209,0.212,0.345,0,
0.212,0.217,0.31,0,
0.255,0.265,0.355,0,
0.164,0.17,0.288,-0.011,
0.21,0.215,0.323,0,
0.21,0.212,0.305,0,
0.166,0.18,0.324,-0.124,
0.175,0.186,0.322,-0.069,
0.19,0.192,0.323,0,
0.224,0.226,0.331,0,
0.249,0.256,0.349,0,
0.198,0.213,0.317,-0.034,
0.219,0.223,0.331,0,
0.206,0.21,0.277,0,
0.217,0.219,0.346,0,
0.177,0.211,0.317,-0.053,
0.213,0.212,0.315,0,
0.207,0.211,0.288,0,
0.137,0.141,0.235,0,
0.167,0.169,0.339,0,
0.163,0.167,0.265,-0.035,
0.198,0.199,0.304,0,
0.164,0.161,0.266,0,
0.198,0.207,0.337,0,
0.194,0.2,0.297,0,
0.152,0.158,0.253,0,
0.127,0.132,0.261,-0.04,
0.204,0.21,0.291,0,
0.193,0.193,0.322,0,
0.175,0.183,0.253,0,
0.18,0.185,0.281,0,
0.159,0.164,0.25,0,
0.194,0.197,0.364,0,
0.18,0.191,0.273,0,
0.183,0.182,0.319,0,
0.185,0.189,0.305,0,
0.171,0.175,0.364,0,
0.185,0.194,0.31,0,
0.198,0.208,0.349,0,
0.208,0.206,0.296,0,
0.175,0.178,0.288,0,
0.141,0.149,0.254,-0.032,
0.162,0.166,0.299,0,
0.181,0.185,0.309,0,
0.207,0.21,0.317,0,
0.159,0.16,0.275,0,
0.178,0.186,0.317,0,
0.176,0.175,0.337,0,
0.184,0.192,0.294,0,
0.187,0.201,0.295,0,
0.198,0.205,0.323,0,
0.203,0.207,0.308,0,
0.171,0.181,0.274,-0.019,
0.203,0.211,0.321,0,
0.174,0.17,0.269,0,
0.18,0.182,0.315,0,
0.113,0.116,0.217,-0.058,
0.171,0.171,0.273,0,
0.177,0.176,0.319,0,
0.215,0.219,0.346,0,
0.194,0.2,0.326,-0.055,
0.174,0.174,0.281,0,
0.164,0.175,0.324,0,
0.168,0.168,0.309,0,
0.172,0.174,0.28,0,
0.196,0.199,0.274,0,
0.129,0.115,0.29,0,
0.184,0.194,0.294,0,
0.187,0.194,0.27,-0.028,
0.176,0.18,0.332,0,
0.166,0.173,0.28,0,
0.191,0.193,0.308,0,
0.174,0.179,0.282,0,
0.183,0.183,0.283,0,
0.17,0.164,0.321,0,
0.184,0.181,0.348,0,
0.167,0.175,0.309,-0.021,
0.167,0.167,0.275,0,
0.186,0.188,0.314,0,
0.181,0.184,0.281,0,
0.189,0.188,0.32,0,
0.171,0.175,0.268,0,
0.209,0.216,0.344,0,
0.2,0.204,0.28,0,
0.205,0.21,0.319,0,
0.163,0.161,0.302,0,
0.205,0.209,0.332,0,
0.193,0.198,0.322,0,
0.177,0.184,0.271,0,
0.195,0.203,0.283,0,
0.107,0.111,0.232,-0.022,
0.166,0.164,0.341,0,
0.155,0.159,0.244,0,
0.189,0.186,0.318,0,
0.188,0.194,0.327,0,
0.213,0.221,0.314,0,
0.176,0.181,0.31,0,
0.19,0.195,0.285,0,
0.191,0.2,0.277,0,
0.204,0.204,0.361,0,
0.194,0.198,0.342,0,
0.198,0.198,0.322,0,
0.205,0.214,0.338,0,
0.179,0.18,0.297,0,
0.197,0.199,0.34,0,
0.175,0.171,0.286,0,
0.192,0.201,0.328,0,
0.17,0.172,0.307,0,
0.198,0.201,0.324,0,
0.176,0.178,0.276,0,
0.189,0.19,0.3,0,
0.18,0.173,0.311,0,
0.175,0.173,0.3,0,
0.216,0.218,0.372,0,
0.189,0.19,0.3,0,
0.195,0.192,0.303,0,
0.178,0.176,0.325,0,
0.198,0.201,0.273,0,
0.184,0.186,0.294,-0.128,
0.131,0.141,0.248,-0.018,
0.207,0.212,0.337,0,
0.2,0.199,0.293,0,
0.155,0.164,0.236,0,
0.183,0.184,0.308,0,
0.18,0.181,0.307,0,
0.198,0.203,0.312,0,
0.101,0.099,0.336,-0.167,
0.199,0.204,0.348,0,
0.178,0.173,0.304,0,
0.158,0.171,0.273,-0.033,
0.186,0.189,0.319,0,
0.239,0.246,0.332,0,
0.185,0.181,0.333,0,
0.182,0.186,0.317,0,
0.194,0.197,0.304,0,
0.179,0.18,0.311,0,
0.203,0.206,0.291,0,
0.226,0.228,0.379,0,
0.199,0.201,0.343,0,
0.196,0.203,0.331,0,
0.123,0.107,0.325,-0.003,
0.176,0.185,0.296,0,
0.191,0.195,0.314,0,
0.202,0.205,0.306,0,
0.184,0.186,0.328,0,
0.148,0.159,0.272,0,
0.18,0.173,0.355,0,
0.161,0.166,0.264,0,
0.204,0.204,0.354,0,
0.173,0.183,0.28,0,


0.062,0.054,0.263,0.05,
0.144,0.136,0.226,0.032,
-0.031,-0.032,0.038,-0.052,
0.187,0.18,0.273,0.18,
-0.002,-0.001,-0.001,-0.088,
0.133,0.134,0.214,0.008,
-0.117,-0.114,-0.06,-0.181,
0.022,0.018,0.136,-0.03,
0.038,0.035,0.045,-0.002,
0.038,0.037,0.092,0.011,
0.149,0.147,0.273,0.147,
0.07,0.077,0.091,-0.042,
0.154,0.153,0.24,0.051,
0.179,0.179,0.19,0.161,
0.071,0.056,0.21,-0.036,
-0.026,-0.034,0.124,-0.07,
-0.064,-0.064,0,-0.104,
0.04,0.044,0.056,-0.146,
-0.012,-0.013,0.077,-0.022,
-0.017,-0.017,0.116,-0.138,
0.038,0.037,0.092,0.037,
0.085,0.086,0.148,0.059,
-0.024,-0.023,-0.016,-0.054,
0.199,0.188,0.266,0.188,
-0.005,-0.003,0.012,-0.052,
0.068,0.044,0.157,-0.015,
0.082,0.082,0.149,0.012,
0.226,0.226,0.296,0.211,
0.107,0.103,0.154,-0.048,
0.187,0.184,0.3,0.18,
-0.021,-0.022,0.07,-0.022,
-0.145,-0.143,0.021,-0.261,
0.109,0.109,0.11,0.102,
0.01,0.004,0.138,-0.02,
0.101,0.095,0.202,0.056,
0.044,0.051,0.159,-0.084,
-0.012,0,0.073,-0.093,
0.208,0.206,0.291,0.107,
0.098,0.086,0.23,0.086,
0.004,-0.011,0.117,-0.131,
-0.008,-0.002,0.007,-0.123,
-0.042,-0.039,-0.021,-0.22,
0.127,0.105,0.229,0.105,
0.188,0.196,0.233,0.14,
-0.055,-0.052,0,-0.122,
0.163,0.163,0.254,0.129,
0.003,0.011,0.021,-0.13,
0.034,0.034,0.035,-0.02,
0.108,0.122,0.239,-0.097,
-0.025,-0.022,0.013,-0.113,
0.23,0.227,0.292,0.191,
-0.054,-0.037,0.04,-0.173,
0.136,0.147,0.198,0.016,
-0.081,-0.085,-0.009,-0.182,
-0.18,-0.18,-0.105,-0.271,
0.09,0.091,0.107,0.006,
0.103,0.103,0.125,0.069,
-0.038,-0.029,0.111,-0.133,
-0.066,-0.065,-0.022,-0.123,
0.062,0.061,0.166,0.031,
0.14,0.141,0.237,0.026,
0.064,0.062,0.108,-0.061,
0.125,0.131,0.239,-0.134,
0.004,0.004,0.066,-0.106,
0.043,0.042,0.134,-0.032,
0.011,0.01,0.051,0.003,
-0.022,-0.022,0,-0.036,
-0.054,-0.054,-0.014,-0.081,
0.015,0.033,0.136,-0.172,
0.183,0.183,0.224,0.183,
0.025,0.019,0.093,-0.149,
0.122,0.122,0.122,0.093,
0.026,0.027,0.027,-0.063,
0.014,0.013,0.112,-0.061,
-0.018,-0.018,0.032,-0.034,
0.078,0.073,0.216,0.072,
0.073,0.08,0.171,0.015,
0.086,0.086,0.236,-0.046,
0.099,0.1,0.218,-0.008,
-0.013,-0.014,0.087,-0.089,
0.079,0.073,0.265,0.073,
0.102,0.102,0.123,0.071,
-0.067,-0.073,-0.008,-0.104,
0.074,0.074,0.089,0.056,
0.156,0.151,0.25,0.073,
-0.059,-0.06,-0.002,-0.1,
-0.019,-0.018,-0.008,-0.123,
0.027,0.032,0.057,-0.086,
-0.047,-0.047,0,-0.062,
0.076,0.074,0.185,0.004,
0.067,0.07,0.115,0.024,
0.04,0.042,0.049,-0.076,
0.049,0.031,0.187,0.031,
0.086,0.081,0.225,0.036,
-0.072,-0.07,0,-0.165,
0.122,0.12,0.141,0.006,
0.129,0.125,0.235,-0.02,
0.043,0.049,0.092,-0.046,
-0.031,-0.028,0.004,-0.089,
0.157,0.157,0.159,0.145,
0.017,0.018,0.151,-0.183,
-0.048,-0.044,0.044,-0.166,
0.121,0.124,0.201,0.116,
0.152,0.153,0.195,0.09,
-0.037,-0.045,0.15,-0.056,
0.072,0.071,0.147,0.071,
0.003,0.003,0.046,-0.072,
0.057,0.058,0.081,-0.044,
0.011,0.011,0.03,-0.017,
0.01,0.006,0.065,-0.074,
-0.246,-0.256,0,-0.341,
0.151,0.148,0.229,0.141,
0.033,0.061,0.164,-0.077,
-0.028,-0.03,0.11,-0.118,
-0.017,-0.02,0.092,-0.081,
0.075,0.05,0.24,0.036,
0.149,0.15,0.157,0.033,
0.193,0.19,0.286,0.19,
0.117,0.107,0.228,-0.052,
0.131,0.135,0.144,-0.086,
0.199,0.198,0.246,0.198,
0.031,0.037,0.061,-0.099,
0.084,0.084,0.084,0.079,
0.008,0.007,0.022,-0.057,
-0.002,-0.004,0.064,-0.056,
-0.123,-0.126,-0.101,-0.154,
0.067,0.027,0.255,-0.02,
0.098,0.086,0.255,0.017,
0.058,0.048,0.2,0.039,
-0.071,-0.084,0.082,-0.147,
0.028,0.014,0.092,-0.015,
0.124,0.126,0.126,-0.008,
-0.14,-0.138,-0.058,-0.205,
-0.001,-0.001,0.015,-0.008,
0.081,0.083,0.208,-0.037,
-0.023,-0.017,0.08,-0.052,
0.163,0.167,0.211,-0.035,
-0.003,-0.002,0.009,-0.054,
0.122,0.122,0.131,0.084,
-0.034,-0.028,0.082,-0.155,
0.189,0.188,0.264,0.188,
0.064,0.06,0.179,-0.004,
0.098,0.097,0.152,0.069,
0.193,0.196,0.254,0.044,
0.049,0.055,0.138,-0.137,
-0.014,-0.023,0.063,-0.046,
0.168,0.167,0.247,0.085,
0.064,0.064,0.171,-0.002,
0.065,0.07,0.07,-0.081,
0.05,0.046,0.061,-0.099,
0.099,0.102,0.114,0.052,
0.132,0.129,0.23,0.097,
-0.058,-0.053,0,-0.118,
0.048,0.048,0.081,0.003,
-0.033,-0.036,0.072,-0.078,
0.091,0.089,0.195,0.086,
0.004,0.007,0.119,-0.112,
0.148,0.149,0.269,-0.025,
-0.02,-0.022,0.041,-0.063,
-0.081,-0.071,0,-0.198,
-0.018,-0.022,0.102,-0.08,
-0.042,-0.038,0,-0.186,
0.074,0.073,0.114,-0.009,
-0.058,-0.066,0.06,-0.15,
0.055,0.055,0.084,0.023,
-0.023,-0.015,0.034,-0.124,
0.178,0.183,0.246,-0.043,
0.048,0.045,0.155,-0.068,
-0.032,-0.035,0.128,-0.039,
-0.027,-0.014,0.012,-0.113,
0.014,0.024,0.054,-0.1,
-0.008,-0.009,0.099,-0.127,
0.098,0.098,0.113,0.017,
0.14,0.14,0.219,0.104,
0.103,0.107,0.228,0.005,
0.023,0.012,0.095,-0.082,
-0.05,-0.05,-0.049,-0.057,
-0.047,-0.052,0.029,-0.125,
0.153,0.167,0.281,-0.078,
0.07,0.066,0.16,-0.089,
-0.102,-0.101,-0.061,-0.167,
0.048,0.033,0.199,-0.072,
-0.003,-0.003,0.014,-0.003,
0.004,0.012,0.054,-0.108,
0.065,0.059,0.205,0.056,
0.033,0.047,0.071,-0.077,
0.091,0.084,0.216,-0.029,
0.125,0.122,0.187,0.082,
-0.125,-0.118,0,-0.249,
-0.051,-0.059,0.114,-0.085,
-0.018,-0.009,0,-0.118,
0.068,0.071,0.194,-0.047,
0.037,0.038,0.154,-0.114,
0.191,0.192,0.216,0.19,
0.04,0.04,0.073,-0.012,
-0.008,-0.008,0,-0.011,
0.003,0.002,0.033,-0.085,
0.117,0.11,0.292,0.103,
-0.048,-0.068,0.119,-0.16,
0.003,0.003,0.025,-0.019,
0.092,0.079,0.21,0.038,
-0.063,-0.06,-0.019,-0.138,
-0.069,-0.054,0,-0.16,
0.171,0.158,0.271,0.017,
0.107,0.111,0.116,-0.012,
0.061,0.061,0.089,-0.06,
0.116,0.108,0.263,0.066,
0.137,0.138,0.154,0.071,
-0.002,-0.013,0.168,-0.013,
0.074,0.073,0.224,0.055,
0.052,0.058,0.059,-0.086,
0.113,0.131,0.273,-0.081,
0.128,0.13,0.186,-0.033,
0.154,0.149,0.236,0.147,
0.106,0.11,0.169,0.007,
0.107,0.109,0.191,-0.071,
-0.025,-0.022,0.099,-0.158,
-0.004,0.009,0.114,-0.129,
-0.059,-0.052,0,-0.114,
-0.052,-0.056,0,-0.093,
0.062,0.063,0.084,-0.047,
-0.031,-0.045,0.073,-0.147,
0.126,0.126,0.163,0.119,
0.136,0.129,0.215,0.044,
0.083,0.082,0.181,-0.066,
-0.014,-0.014,0.028,-0.112,
0.011,0.016,0.045,-0.108,
0.03,0.029,0.061,-0.021,
0.094,0.092,0.195,0.092,
0.043,0.044,0.052,-0.049,
0.097,0.097,0.173,0.047,
-0.047,-0.045,0.042,-0.207,
0.077,0.092,0.102,-0.069,
-0.044,-0.046,0.075,-0.046,
0.071,0.071,0.173,-0.012,
0.214,0.213,0.289,0.112,
0.135,0.135,0.148,0.112,
-0.11,-0.103,0.035,-0.177,
-0.038,-0.026,-0.016,-0.197,
-0.087,-0.066,0,-0.305,
0.14,0.136,0.208,0.042,
0.004,0.007,0.013,-0.188,
-0.067,-0.066,-0.004,-0.089,
0.08,0.084,0.181,-0.038,
0.269,0.27,0.324,0.239,
-0.071,-0.071,-0.064,-0.073,
0.003,0.007,0.029,-0.136,
0.079,0.079,0.168,-0.027,
-0.145,-0.143,0.042,-0.203,
0.046,0.045,0.097,-0.124,
0.043,0.045,0.091,-0.073,
-0.066,-0.039,0.072,-0.219,
-0.027,-0.027,0,-0.059,
0.056,0.042,0.179,-0.197,
0.05,0.05,0.094,0.028,
0.082,0.085,0.156,0.027,
0.17,0.149,0.296,0.104,
0.055,0.045,0.146,-0.028,
0.07,0.07,0.166,-0.01,
-0.2,-0.205,0.075,-0.286,
0.078,0.077,0.153,0.072,
0.088,0.065,0.264,-0.084,
0.11,0.114,0.125,-0.066,
0.049,0.048,0.053,-0.017,
0.068,0.056,0.203,-0.035,
0.015,0.011,0.177,-0.017,
0.156,0.155,0.213,0.152,
0.061,0.073,0.106,-0.023,
0.154,0.155,0.224,0.058,
-0.044,-0.054,0.142,-0.129,
0.07,0.057,0.208,0.004,
0.11,0.108,0.228,0.105,
0.033,0.029,0.047,-0.047,
0.019,0.019,0.041,-0.016,
0.124,0.123,0.156,0.12,
0.014,0.016,0.154,-0.016,
0.055,0.057,0.151,-0.059,
0.049,0.047,0.118,0.047,
0.072,0.074,0.22,0.063,
0.061,0.051,0.151,0.048,
0.044,0.048,0.08,-0.096,
0.006,0.005,0.042,-0.024,
-0.095,-0.092,-0.071,-0.253,
0.12,0.119,0.225,0.119,
0.067,0.067,0.08,0.038,
-0.155,-0.155,-0.128,-0.169,
-0.066,-0.066,0,-0.122,
-0.03,-0.03,-0.007,-0.04,
-0.056,-0.056,-0.019,-0.119,
0.074,0.078,0.078,-0.071,
-0.035,-0.04,0.111,-0.119,
-0.026,-0.034,0.203,-0.163,
0.085,0.081,0.133,0.04,
0.045,0.038,0.176,0.035,
-0.06,-0.057,0.062,-0.195,
0.094,0.089,0.241,0.066,
0.158,0.167,0.224,0.125,
-0.015,-0.015,-0.008,-0.016,
0.142,0.142,0.169,0.129,
0.141,0.141,0.243,0.136,
0.009,0.012,0.026,-0.163,
-0.049,-0.047,0.132,-0.151,
-0,0.013,0.081,-0.237,
0.118,0.118,0.119,0.114,
0.096,0.096,0.194,0.085,
-0.077,-0.077,-0.029,-0.198,
0.137,0.141,0.224,0.049,
0.057,0.061,0.158,-0.001,
-0.083,-0.084,-0.04,-0.148,
-0.017,-0.017,-0.016,-0.021,
-0.036,-0.045,0.138,-0.053,
-0.025,-0.021,-0.016,-0.105,
0.108,0.109,0.109,0.062,
0.159,0.163,0.269,0.15,
0.02,0.021,0.055,-0.085,
0.009,0.008,0.1,-0.034,
0.078,0.078,0.098,0.028,
0.054,0.041,0.193,-0.008,
-0.105,-0.105,0.033,-0.133,
0.058,0.055,0.101,-0.1,
0.072,0.073,0.156,-0.095,
-0.012,-0.001,0.026,-0.102,
0.035,0.035,0.151,-0.024,
0.035,0.039,0.04,-0.082,
0.102,0.097,0.206,-0.005,
-0.004,-0.003,0.014,-0.023,
0.065,0.062,0.181,-0.097,
0.035,0.03,0.117,-0.003,
0.044,0.05,0.055,-0.11,
0.055,0.06,0.098,-0.024,
-0.036,-0.035,0.024,-0.177,
-0.055,-0.067,0.108,-0.136,
-0.002,0.002,0.022,-0.099,
0.028,0.019,0.199,0.016,
0.04,0.04,0.07,-0.032,
-0.005,0.002,0.141,-0.035,
0.219,0.219,0.221,0.213,
0.025,0.025,0.034,0.003,
-0.004,-0,0.079,-0.065,
-0.007,-0.006,0,-0.045,
0.184,0.187,0.26,0.078,
0.1,0.1,0.114,0.1,
0.056,0.057,0.11,-0.107,
0.028,0.028,0.098,-0.01,
0.155,0.156,0.173,0.087,
-0.057,-0.057,-0.054,-0.057,
0.097,0.098,0.127,0.013,
0.132,0.138,0.14,-0.05,
-0.082,-0.084,0.039,-0.113,
-0.028,-0.027,-0.024,-0.091,
0.036,0.036,0.047,0.023,
0.029,0.029,0.046,0.01,
0.044,0.043,0.112,0.043,
0.174,0.173,0.262,0.173,
-0.12,-0.121,-0.112,-0.161,
0.022,0.023,0.134,-0.13,
-0.045,-0.046,-0.015,-0.046,
0.021,0.036,0.124,-0.134,
0.063,0.06,0.157,0.06,
0.093,0.092,0.178,-0.035,
-0.086,-0.084,-0.059,-0.145,
0.054,0.054,0.069,0.003,
0.159,0.16,0.163,0.045,
-0.102,-0.102,-0.089,-0.141,
0.149,0.156,0.16,-0.059,
0.027,0.03,0.037,-0.085,
0.095,0.095,0.097,0.092,
0.105,0.103,0.208,0.102,
0.031,0.028,0.209,0.026,
0.049,0.053,0.199,-0.116,
0.102,0.102,0.107,0.06,
0.114,0.108,0.292,0.108,
0.094,0.087,0.201,0.053,
0.006,0.016,0.049,-0.116,
-0.095,-0.087,-0.085,-0.203,
0.036,0.037,0.064,-0.041,
-0.023,-0.02,0.132,-0.265,
0.026,0.026,0.055,-0.105,
0.155,0.152,0.258,0.152,
0.048,0.054,0.171,0.008,
0.072,0.073,0.087,-0.023,
-0.055,-0.061,0.142,-0.063,
0.028,0.026,0.098,0.026,
0.078,0.094,0.221,-0.146,
-0.017,-0.013,0.039,-0.061,
-0.039,-0.035,-0.009,-0.155,
0.104,0.1,0.206,0.1,
-0.05,-0.049,-0.038,-0.136,
-0.025,-0.025,0.009,-0.094,
-0.042,-0.042,0,-0.072,
0.199,0.2,0.211,0.189,
0.057,0.054,0.156,0.054,
0.036,0.053,0.066,-0.106,
0.015,0.001,0.239,0.001,
0.012,0.013,0.024,-0.068,
0.189,0.187,0.27,0.087,
0.229,0.236,0.241,0.024,
0.136,0.131,0.241,0.114,
-0.021,-0.021,0.017,-0.022,
0.07,0.084,0.204,-0.074,




Further Data analysis of all test cases 
avg med max min 
AVGs,0.196,0.199,0.278,0.077,
MEDs,0.201,0.204,0.282,0.079,
MAXs,0.311,0.313,0.387,0.217,
MINs,-0.006,0,0,-0.167,


AVGs,0.043,0.044,0.269,-0.246,
MEDs,0.043,0.045,0.27,-0.256,
MAXs,0.116,0.114,0.324,-0.128,
MINs,-0.032,-0.036,0.239,-0.341,



