

Data analysis for each instance 
AVG,MED,MAX,MIN
-0.047,-0.048,0,-0.062,
-0.055,-0.035,0.048,-0.114,
-0.062,-0.061,0,-0.082,
-0.033,-0.033,0,-0.042,
-0.065,-0.065,0,-0.087,
-0.041,-0.04,0,-0.08,
-0.032,-0.029,0,-0.045,
-0.054,-0.055,0,-0.066,
-0.051,-0.054,0,-0.062,
0.034,0.043,0.059,-0.061,
-0.021,-0.014,0.004,-0.067,
-0.024,-0.017,0,-0.061,
-0.035,-0.035,0,-0.043,
0.167,0.177,0.179,0,
-0.032,-0.033,0,-0.043,
-0.034,-0.035,0,-0.048,
0.095,0.1,0.159,-0.042,
-0.053,-0.056,0.023,-0.075,
0.037,0.052,0.127,-0.042,
0.061,0.064,0.094,0,
-0.033,-0.032,0,-0.057,
0.127,0.135,0.191,-0.053,
-0.045,-0.046,0.021,-0.073,
0.011,0.008,0.08,-0.033,
-0.048,-0.048,0,-0.064,
-0.034,-0.035,0,-0.044,
-0.034,-0.037,0,-0.04,
-0.015,-0.015,0.018,-0.036,
-0.056,-0.048,0,-0.113,
0.096,0.095,0.133,0,
0.132,0.137,0.189,-0.031,
-0.056,-0.056,0,-0.127,
-0.044,-0.046,0,-0.059,
-0.033,-0.033,0,-0.039,
-0.02,-0.021,0,-0.039,
-0.04,-0.04,0,-0.049,
-0.039,-0.04,0,-0.048,
-0.031,-0.03,0,-0.033,
-0.039,-0.038,0,-0.06,
-0.038,-0.038,0.016,-0.093,
-0.041,-0.05,0,-0.063,
-0.021,-0.025,0.052,-0.076,
-0.052,-0.064,0,-0.069,
0.074,0.073,0.09,-0.052,
0.06,0.072,0.161,-0.051,
-0.029,-0.029,0,-0.033,
-0.01,-0.006,0.015,-0.061,
-0.061,-0.06,0,-0.095,
-0.021,-0.021,0,-0.035,
0.064,0.058,0.16,0,
0.096,0.112,0.112,-0.017,
-0.067,-0.061,0,-0.087,
-0.037,-0.036,0,-0.075,
-0.007,-0.013,0.082,-0.056,
-0.058,-0.052,0,-0.152,
-0.052,-0.055,0.024,-0.078,
0.138,0.146,0.155,0,
-0.046,-0.045,0,-0.061,
-0.027,-0.029,0.001,-0.051,
-0.034,-0.034,0,-0.04,
-0.035,-0.036,0,-0.042,
-0.032,-0.033,0,-0.038,
-0.041,-0.042,0,-0.051,
-0.042,-0.042,0,-0.051,
-0.024,-0.026,0,-0.044,
-0.042,-0.042,0,-0.053,
0.122,0.119,0.249,0,
-0.057,-0.057,0,-0.074,
0.124,0.131,0.221,-0.078,
0.021,0.029,0.063,-0.063,
-0.056,-0.057,0,-0.068,
-0.055,-0.053,0,-0.061,
-0.037,-0.037,0,-0.047,
-0.03,-0.035,0,-0.041,
0.011,0.005,0.066,-0.055,
-0.067,-0.068,0,-0.081,
-0.045,-0.045,0,-0.058,
-0.022,-0.035,0.004,-0.08,
-0.043,-0.044,0,-0.049,
-0.067,-0.062,0.031,-0.15,
-0.048,-0.041,0,-0.083,
0.127,0.152,0.17,-0.013,
0.146,0.151,0.154,-0.029,
-0.049,-0.048,0,-0.091,
-0.027,-0.028,0,-0.031,
-0.025,-0.022,0,-0.048,
-0.007,-0.047,0.161,-0.102,
-0.06,-0.061,0,-0.078,
0.058,-0.004,0.187,-0.044,
-0.051,-0.05,0,-0.056,
0.059,0.071,0.129,-0.003,
-0.035,-0.036,0,-0.045,
-0.041,-0.041,0,-0.054,
-0.053,-0.054,0,-0.075,
0.328,0.335,0.355,-0.018,
0.144,0.152,0.224,-0.084,
-0.026,-0.033,0.018,-0.045,
-0.043,-0.042,0,-0.067,
-0.043,-0.043,0,-0.055,
-0.037,-0.04,0,-0.047,
-0.038,-0.039,0,-0.047,
-0.029,-0.034,0.003,-0.046,
-0.04,-0.041,0.024,-0.108,
-0.035,-0.036,0,-0.052,
-0.04,-0.039,0,-0.069,
0.026,0.029,0.076,-0.057,
-0.036,-0.041,0.025,-0.069,
-0.056,-0.057,0,-0.068,
-0.092,-0.096,0,-0.114,
-0.039,-0.039,0,-0.072,
0.324,0.331,0.344,0,
-0.042,-0.043,0,-0.056,
-0.032,-0.032,0,-0.043,
-0.053,-0.062,0.035,-0.11,
-0.035,-0.034,0,-0.044,
-0.038,-0.039,0,-0.054,
-0.051,-0.051,0,-0.065,
-0.037,-0.036,0,-0.044,
-0.066,-0.056,0,-0.112,
-0.026,-0.027,0,-0.031,
-0.053,-0.059,0,-0.069,
0.113,0.104,0.154,0,
-0.04,-0.049,0.009,-0.08,
0.045,0.045,0.142,-0.044,
-0.039,-0.04,0,-0.061,
0.015,0.014,0.067,-0.039,
-0.045,-0.045,0,-0.089,
-0.031,-0.032,0,-0.041,
-0.038,-0.039,0,-0.048,
-0.047,-0.05,0,-0.063,
-0.051,-0.051,0,-0.062,
-0.015,-0.01,0.011,-0.059,
-0.044,-0.045,0,-0.051,
-0.047,-0.047,0,-0.052,
-0.031,-0.033,0.001,-0.069,
-0.036,-0.037,0,-0.042,
-0.026,-0.035,0.029,-0.044,
-0.034,-0.045,0,-0.06,
0.069,0.054,0.099,-0.038,
-0.049,-0.05,0,-0.058,
0.034,0.035,0.089,-0.024,
-0.029,-0.028,0,-0.037,
-0.045,-0.046,0,-0.061,
-0.029,-0.028,0,-0.042,
0.017,0.017,0.075,-0.003,
-0.035,-0.036,0,-0.052,
-0.044,-0.042,0,-0.063,
-0.043,-0.043,0,-0.058,
-0.032,-0.034,0.015,-0.052,
0.117,0.119,0.142,-0.025,
0.004,0.007,0.061,-0.036,
-0.024,-0.029,0.045,-0.051,
0.16,0.186,0.223,-0.057,
-0.045,-0.046,0,-0.054,
-0.047,-0.041,0,-0.093,
0.011,0.014,0.088,-0.052,
-0.037,-0.036,0,-0.063,
-0.029,-0.035,0,-0.041,
-0.029,-0.018,0,-0.051,
0.173,0.191,0.274,-0.127,
-0.036,-0.036,0,-0.048,
0.133,0.138,0.154,-0.016,
-0.035,-0.036,0,-0.037,
-0.051,-0.05,0,-0.066,
-0.052,-0.053,0,-0.067,
0.046,0.032,0.173,-0.031,
-0.043,-0.036,0,-0.075,
-0.04,-0.041,0,-0.045,
-0.059,-0.059,0,-0.084,
-0.034,-0.035,0,-0.053,
-0.038,-0.039,0,-0.046,
-0.035,-0.035,0,-0.038,
-0.06,-0.059,0,-0.073,
0.114,0.102,0.147,0,
-0.038,-0.033,0,-0.114,
-0.055,-0.056,0,-0.078,
-0.06,-0.061,0,-0.073,
-0.039,-0.039,0,-0.046,
-0.045,-0.046,0,-0.057,
-0.037,-0.037,0,-0.042,
-0.058,-0.055,0.006,-0.143,
-0.037,-0.037,0,-0.044,
-0.05,-0.051,0,-0.066,
-0.038,-0.039,0,-0.043,
-0.06,-0.062,0,-0.074,
-0.031,-0.032,0,-0.036,
-0.032,-0.032,0,-0.04,
-0.014,-0.015,0.046,-0.062,
0.018,-0.003,0.106,-0.077,
-0.035,-0.035,0,-0.042,
0.098,0.133,0.195,-0.018,
-0.032,-0.033,0,-0.05,
-0.042,-0.043,0,-0.052,
-0.028,-0.029,0,-0.043,
-0.051,-0.051,0,-0.061,
0.141,0.152,0.205,-0.008,
-0.035,-0.032,0,-0.054,
-0.033,-0.034,0,-0.042,
-0.025,-0.033,0.003,-0.067,
0.093,0.096,0.14,-0.007,
-0.034,-0.035,0,-0.042,
-0.046,-0.046,0,-0.053,
0.363,0.392,0.435,0,
-0.049,-0.034,0.041,-0.115,
-0.035,-0.036,0,-0.044,
-0.049,-0.053,0.001,-0.063,
-0.06,-0.049,0,-0.088,
-0.003,-0.007,0.067,-0.034,
-0.036,-0.037,0,-0.045,
-0.06,-0.06,0,-0.066,
-0.048,-0.047,0,-0.085,
-0.041,-0.041,0,-0.048,
-0.048,-0.044,0,-0.063,
-0.038,-0.037,0,-0.084,
-0.037,-0.039,0.019,-0.045,
-0.039,-0.038,0,-0.07,
-0.051,-0.051,0,-0.064,
-0.057,-0.047,0,-0.095,
-0.045,-0.049,0.051,-0.085,
0.201,0.218,0.245,0,
-0.042,-0.042,0,-0.052,
-0.049,-0.05,0,-0.069,
-0.046,-0.047,0,-0.056,
-0.035,-0.036,0,-0.054,
-0.04,-0.04,0,-0.073,
0.01,0.005,0.077,-0.055,
-0.036,-0.036,0,-0.044,
0.042,0.052,0.145,-0.062,
-0.034,-0.033,0,-0.042,
-0.049,-0.049,0,-0.064,
-0.037,-0.037,0,-0.048,
-0.061,-0.062,0,-0.112,
-0.038,-0.039,0,-0.051,
-0.006,-0.046,0.079,-0.068,
0.029,0.017,0.129,-0.049,
-0.038,-0.037,0,-0.073,
-0.038,-0.04,0.143,-0.047,
-0.049,-0.05,0,-0.068,
-0.033,-0.034,0,-0.041,
0.02,0.015,0.101,-0.063,
-0.033,-0.033,0,-0.052,
0.039,0.044,0.087,-0.076,
0.005,0.012,0.079,-0.063,
-0.034,-0.035,0,-0.082,
-0.018,-0.034,0.064,-0.043,
-0.058,-0.052,0,-0.151,
0.05,0.031,0.196,-0.055,
-0.048,-0.05,0,-0.058,
-0.006,0.005,0.045,-0.109,
-0.029,-0.03,0.012,-0.06,
-0.008,-0.009,0.073,-0.057,
-0.051,-0.051,0,-0.063,
-0.083,-0.084,0,-0.102,
-0.042,-0.042,0,-0.052,
-0.006,0,0.057,-0.042,
0.067,0.068,0.107,-0.02,
-0.006,-0.004,0.142,-0.056,
-0.063,-0.05,0,-0.11,
0.042,0.04,0.125,-0.057,
-0.035,-0.036,0,-0.04,
-0.021,-0.039,0.072,-0.139,
-0.051,-0.05,0,-0.067,
-0.047,-0.048,0,-0.058,
-0.038,-0.04,0,-0.047,
-0.053,-0.052,0,-0.103,
-0.04,-0.05,0,-0.062,
-0.034,-0.038,0.007,-0.053,
-0.005,-0.004,0.032,-0.039,
0.004,0.003,0.058,-0.021,
0.066,0.053,0.211,-0.05,
-0.018,-0.019,0.003,-0.021,
0.253,0.274,0.289,0,
0.091,0.098,0.229,-0.086,
0.083,0.088,0.213,-0.033,
0.178,0.189,0.274,0,
0.096,0.092,0.21,-0.035,
-0.023,-0.025,0.027,-0.072,
0.161,0.164,0.241,-0.009,
0.128,0.138,0.272,-0.071,
0.034,0.034,0.077,-0.024,
0.077,0.076,0.183,-0.022,
0.007,0.011,0.061,-0.028,
0.027,0.021,0.146,-0.094,
0.088,0.086,0.187,-0.018,
0.239,0.237,0.303,0,
0.025,0.029,0.119,-0.077,
0.316,0.34,0.34,-0.069,
0.051,0.057,0.135,-0.024,
0.108,0.12,0.187,-0.034,
0.042,0.043,0.144,-0.017,
-0.023,-0.024,0,-0.027,
-0.024,-0.024,0,-0.027,
0.116,0.112,0.264,-0.027,
0.001,-0.003,0.051,-0.027,
0.055,0.058,0.199,-0.028,
0.027,0.003,0.112,-0.025,
0.042,0.046,0.156,-0.071,
0.249,0.256,0.305,0,
0.056,0.05,0.143,-0.028,
0.082,0.086,0.189,-0.031,
0.12,0.129,0.188,-0.042,
-0.018,-0.017,0,-0.025,
-0.027,-0.027,0,-0.034,
-0.002,0.005,0.059,-0.036,
0.044,0.036,0.194,-0.035,
0.064,0.069,0.273,-0.045,
-0.031,-0.031,0,-0.033,
0.148,0.158,0.203,-0.036,
0.018,0.009,0.173,-0.024,
0.095,0.103,0.15,-0.052,
-0.027,-0.029,0,-0.033,
0.091,0.096,0.141,-0.02,
0.104,0.117,0.209,-0.054,
0.146,0.147,0.21,-0.017,
0.072,0.056,0.209,-0.034,
-0.028,-0.029,0,-0.032,
0.167,0.186,0.292,-0.136,
0.171,0.17,0.284,-0.015,
-0.022,-0.022,0,-0.037,
0.119,0.124,0.146,-0.027,
0.066,0.061,0.237,-0.061,
0.055,0.032,0.092,-0.032,
0.036,0.049,0.097,-0.03,
0.03,0.025,0.128,-0.067,
0.165,0.184,0.25,-0.035,
0.155,0.2,0.2,-0.024,
0.051,0.048,0.176,-0.062,
0.071,0.07,0.156,-0.048,
0.069,0.064,0.143,-0.02,
-0.009,-0.008,0,-0.028,
0.166,0.169,0.214,0,
-0.028,-0.029,0,-0.034,
0.123,0.124,0.208,-0.01,
0.012,0.009,0.071,-0.042,
0.022,0.017,0.106,-0.031,
0.026,0.033,0.213,-0.122,
0.088,0.088,0.168,-0.02,
0.128,0.133,0.238,-0.049,
-0.017,-0.022,0.009,-0.027,
0.051,0.052,0.162,-0.038,
0.02,0.013,0.082,-0.031,
0.303,0.308,0.365,0,
-0.013,-0.017,0.034,-0.022,
0.058,0.052,0.224,-0.031,
0.23,0.248,0.283,0,
-0.028,-0.029,0,-0.042,
0.131,0.126,0.238,-0.01,
0.066,0.067,0.151,-0.022,
-0.01,-0.01,0.041,-0.025,
0.005,-0.004,0.074,-0.042,
0.213,0.217,0.317,0,
0.136,0.13,0.24,0,
0.25,0.256,0.302,0,
0.075,0.062,0.218,-0.026,
0.009,0.005,0.082,-0.059,
0.068,0.064,0.161,-0.016,
0.118,0.104,0.236,0,
-0.011,-0.027,0.025,-0.037,
0.131,0.144,0.227,-0.06,
0.048,0.046,0.129,-0.022,
-0.004,-0.007,0.061,-0.027,
0.038,0.034,0.129,-0.021,
0.084,0.093,0.21,-0.133,
0.306,0.29,0.388,-0.056,
0.04,0.022,0.123,-0.023,
-0.003,-0.009,0.055,-0.028,
0.115,0.108,0.229,-0.013,
-0.029,-0.041,0.041,-0.085,
-0.002,-0.008,0.093,-0.08,
0.002,0.003,0.052,-0.028,
0.029,0.019,0.18,-0.031,
-0.017,-0.02,0.04,-0.025,
-0.013,-0.016,0.018,-0.032,
0.009,0.006,0.093,-0.023,
-0.024,-0.025,0,-0.031,
0.139,0.157,0.212,-0.004,
-0.024,-0.024,0,-0.027,
0.073,0.072,0.193,-0.026,
0.229,0.237,0.286,0,
0.071,0.072,0.152,-0.028,
0.092,0.1,0.168,-0.019,
0.012,0.013,0.16,-0.135,
0.203,0.215,0.268,0,
-0.011,-0.008,0.011,-0.036,
0.003,0.003,0.06,-0.031,
0.197,0.211,0.276,-0.01,
-0.036,-0.046,0.006,-0.055,
0.112,0.113,0.227,-0.021,
0.107,0.109,0.194,-0.021,
0.338,0.348,0.348,0,
0.132,0.125,0.27,-0.049,
0.089,0.092,0.259,-0.121,
-0.021,-0.021,0,-0.024,
-0.029,-0.029,0,-0.037,
0.094,0.099,0.153,-0.042,
0.077,0.08,0.153,-0.031,
0.224,0.227,0.293,0,
0.056,0.038,0.179,-0.021,
0.032,0.03,0.114,-0.054,
-0.011,-0.005,0.122,-0.068,


0.061,0.062,0.074,0.034,
-0.022,-0.044,0.04,-0.079,
-0.01,-0.012,0.012,-0.026,
0.001,0.001,0.004,-0.003,
-0.068,-0.07,-0.046,-0.086,
-0.038,-0.04,-0.001,-0.054,
-0.09,-0.092,-0.079,-0.096,
-0.017,-0.017,-0.005,-0.035,
0.014,0.018,0.024,-0.023,
-0.008,-0.013,0.09,-0.035,
0.129,0.122,0.166,0.103,
0.055,0.047,0.087,0.039,
0.066,0.065,0.069,0.062,
-0.186,-0.188,0.04,-0.209,
0.049,0.049,0.053,0.043,
-0.09,-0.09,-0.08,-0.097,
-0.151,-0.152,0,-0.205,
0.04,0.042,0.072,-0.033,
-0.062,-0.061,0.055,-0.136,
-0,-0.005,0.097,-0.036,
-0.014,-0.015,0.011,-0.036,
-0.059,-0.069,0.202,-0.129,
-0.033,-0.033,-0.005,-0.097,
0.031,0.034,0.104,-0.042,
0.014,0.013,0.034,0.004,
0.061,0.061,0.065,0.056,
0.059,0.059,0.065,0.051,
0.105,0.106,0.122,0.074,
0.01,0.001,0.07,-0.012,
-0.106,-0.101,0.044,-0.147,
-0.202,-0.203,0,-0.228,
-0.11,-0.109,-0.062,-0.139,
0.009,0.011,0.02,-0.033,
-0.047,-0.046,-0.041,-0.052,
-0.036,-0.036,-0.024,-0.047,
0.047,0.046,0.05,0.044,
0.043,0.044,0.052,0.015,
-0.08,-0.08,-0.078,-0.081,
0.07,0.075,0.082,0.038,
-0.014,-0.014,0.014,-0.044,
-0.015,-0.007,0.008,-0.055,
-0.136,-0.132,-0.086,-0.198,
0.005,0.016,0.021,-0.027,
-0.099,-0.101,0.005,-0.117,
-0.071,-0.067,0.069,-0.218,
0.041,0.041,0.043,0.039,
-0.038,-0.042,0.004,-0.062,
0.009,0.007,0.044,0.001,
-0.059,-0.06,-0.046,-0.072,
-0.028,-0.028,0.034,-0.127,
-0.083,-0.097,0.037,-0.101,
-0.016,-0.023,0.004,-0.035,
0.003,0.003,0.009,-0.004,
-0.051,-0.046,0,-0.136,
-0.105,-0.113,-0.012,-0.124,
0.094,0.096,0.117,0.019,
-0.142,-0.134,0,-0.205,
-0.024,-0.025,-0.009,-0.038,
-0.045,-0.043,-0.022,-0.073,
-0.026,-0.025,-0.02,-0.032,
0.081,0.08,0.084,0.071,
0.075,0.076,0.081,0.06,
-0.023,-0.023,-0.013,-0.032,
-0.082,-0.082,-0.076,-0.087,
0.048,0.044,0.06,0.037,
0.001,0,0.013,-0.007,
-0.161,-0.159,0,-0.274,
-0.035,-0.036,-0.021,-0.044,
-0.022,-0.025,0.136,-0.125,
0.055,0.045,0.133,0.018,
0.058,0.058,0.069,0.028,
0.123,0.121,0.128,0.105,
-0.071,-0.07,-0.065,-0.075,
0.029,0.033,0.04,0.018,
0.012,0.017,0.073,-0.035,
-0.014,-0.014,0.001,-0.028,
0.003,0.003,0.015,-0.004,
0.042,0.056,0.064,0.016,
0.03,0.031,0.036,0.001,
0.01,0.003,0.093,-0.016,
0.008,0.001,0.045,-0.011,
-0.077,-0.105,0.087,-0.122,
-0.188,-0.182,-0.008,-0.207,
0.061,0.06,0.105,0.042,
0.08,0.08,0.083,0.073,
-0.073,-0.077,-0.051,-0.087,
-0.072,-0.032,0.024,-0.23,
0.058,0.058,0.074,0.044,
-0.11,-0.045,0,-0.235,
-0.003,-0.004,0.003,-0.015,
0.04,0.029,0.115,-0.053,
0.06,0.06,0.065,0.054,
-0.024,-0.025,-0.012,-0.033,
0.09,0.092,0.111,0.062,
-0.358,-0.366,0,-0.382,
-0.058,-0.031,0.168,-0.122,
0.089,0.095,0.105,0.046,
0.061,0.058,0.081,0.045,
-0.011,-0.009,-0.003,-0.02,
0.138,0.139,0.144,0.122,
-0.05,-0.051,-0.044,-0.055,
0.004,0.008,0.021,-0.028,
0.034,0.04,0.072,-0.038,
0.115,0.116,0.127,0.096,
-0.02,-0.02,0.012,-0.031,
-0.084,-0.091,-0.008,-0.136,
0.038,0.042,0.071,-0.024,
0.011,0.011,0.023,-0.01,
0.018,0.021,0.04,-0.03,
-0.013,-0.015,0.016,-0.025,
-0.335,-0.339,0,-0.401,
0.126,0.126,0.135,0.112,
0.009,0.009,0.016,0.003,
-0.025,-0.019,0.035,-0.11,
-0.019,-0.02,-0.009,-0.027,
-0.033,-0.033,-0.023,-0.044,
0.134,0.134,0.147,0.118,
0.04,0.04,0.048,0.031,
-0.106,-0.117,-0.062,-0.144,
0.1,0.1,0.103,0.094,
-0.029,-0.024,-0.013,-0.06,
-0.158,-0.15,0,-0.198,
-0.064,-0.055,-0.024,-0.111,
-0.088,-0.095,0.014,-0.179,
-0.007,-0.007,0.016,-0.031,
-0.112,-0.112,-0.041,-0.16,
-0.014,-0.015,0.03,-0.021,
0.062,0.063,0.066,0.057,
0.042,0.043,0.049,0.028,
-0.138,-0.136,-0.122,-0.157,
0.006,0.005,0.016,-0.004,
0.029,0.024,0.072,0.003,
-0.082,-0.082,-0.076,-0.087,
0.014,0.013,0.019,0.009,
0.032,0.036,0.041,0.003,
0.046,0.047,0.052,0.036,
0.041,0.05,0.057,-0.014,
-0.013,0,0.013,-0.035,
-0.03,-0.031,0.093,-0.081,
0.008,0.008,0.017,-0.001,
-0.029,-0.03,0.069,-0.082,
0.017,0.016,0.025,0.011,
0.041,0.042,0.054,-0.003,
0.032,0.031,0.04,0.022,
0.009,0.011,0.06,-0.051,
0.002,0.003,0.012,-0.008,
0.035,0.035,0.044,0.023,
0.057,0.058,0.069,0.046,
0.041,0.042,0.063,-0.004,
-0.139,-0.146,0,-0.161,
-0.032,-0.035,0.008,-0.087,
-0.046,-0.049,-0.01,-0.116,
-0.223,-0.252,0,-0.286,
0.05,0.05,0.058,0.024,
-0.078,-0.085,-0.032,-0.095,
0.001,0.002,0.067,-0.083,
-0.077,-0.077,-0.061,-0.097,
0.103,0.108,0.112,0.076,
0.011,-0.001,0.035,-0.008,
-0.279,-0.279,0,-0.326,
-0.001,-0.001,0.008,-0.007,
-0.139,-0.148,0,-0.169,
0.047,0.048,0.049,0.044,
-0.006,-0.005,0.001,-0.023,
0.083,0.083,0.096,0.071,
-0.049,-0.054,0.064,-0.193,
0.046,0.039,0.075,0.029,
0.015,0.016,0.02,0.011,
0.012,0.011,0.03,-0.007,
-0.02,-0.02,-0.009,-0.031,
0.101,0.102,0.109,0.091,
-0.014,-0.013,-0.011,-0.019,
0.001,0,0.016,-0.011,
-0.151,-0.142,0.06,-0.18,
-0.059,-0.068,0.029,-0.077,
-0.005,-0.005,0.02,-0.027,
-0.069,-0.069,-0.055,-0.078,
0.045,0.045,0.053,0.006,
-0.037,-0.036,-0.031,-0.045,
-0.034,-0.033,-0.031,-0.037,
-0.079,-0.084,0.011,-0.139,
0.03,0.031,0.034,0.021,
0.018,0.019,0.032,-0.005,
-0.004,-0.003,0.001,-0.012,
-0.045,-0.044,-0.033,-0.059,
-0,0,0.004,-0.007,
0.075,0.076,0.08,0.068,
-0.023,-0.023,0.047,-0.077,
-0.128,-0.137,0,-0.172,
0.017,0.017,0.024,0.01,
-0.16,-0.185,0,-0.242,
0.084,0.084,0.101,0.078,
0.013,0.013,0.017,0.011,
0.192,0.193,0.197,0.185,
0.046,0.046,0.054,0.036,
-0.212,-0.215,-0.029,-0.277,
-0.004,-0.007,0.014,-0.009,
0.08,0.081,0.089,0.054,
0.015,0.008,0.041,0.003,
-0.107,-0.105,0.006,-0.171,
-0.089,-0.088,-0.083,-0.097,
-0.066,-0.066,-0.059,-0.07,
-0.466,-0.473,0,-0.478,
0.044,0.028,0.107,0.018,
0.13,0.13,0.137,0.123,
-0.05,-0.047,-0.036,-0.099,
-0.079,-0.092,-0.051,-0.099,
0.119,0.122,0.149,0.049,
-0.054,-0.054,-0.046,-0.06,
0.008,0.008,0.013,0.004,
-0.016,-0.017,0.018,-0.063,
-0.023,-0.023,-0.021,-0.027,
0.042,0.044,0.048,0.03,
0.029,0.028,0.075,-0.001,
0.111,0.112,0.117,0.058,
-0.001,0,0.018,-0.016,
-0.026,-0.026,-0.011,-0.032,
0.013,0.006,0.05,-0.041,
0.014,0.015,0.054,-0.076,
-0.248,-0.253,0,-0.266,
0.042,0.042,0.052,0.036,
-0.024,-0.023,-0.005,-0.061,
0.014,0.015,0.024,0.005,
0.153,0.154,0.158,0.134,
0.039,0.039,0.042,0.035,
-0.016,-0.013,0.042,-0.08,
-0.01,-0.009,-0.001,-0.019,
-0.06,-0.045,0.034,-0.132,
0.109,0.108,0.117,0.086,
0.021,0.021,0.033,0.008,
0.1,0.1,0.107,0.092,
-0.039,-0.039,0.016,-0.051,
-0.009,-0.008,-0.004,-0.013,
-0.029,0.009,0.033,-0.112,
0.003,0.011,0.115,-0.116,
0.134,0.133,0.165,0.129,
0.075,0.077,0.083,-0.109,
-0.01,-0.011,0.003,-0.026,
-0.011,-0.011,-0.004,-0.017,
-0.075,-0.007,0,-0.158,
0.074,0.073,0.077,0.071,
-0.103,-0.111,0.015,-0.152,
-0.084,-0.09,-0.015,-0.152,
0.02,0.02,0.025,0.016,
0.031,0.046,0.056,-0.055,
-0.034,-0.04,0.067,-0.061,
-0.064,-0.054,0.018,-0.211,
0.141,0.142,0.146,0.133,
-0.127,-0.139,-0.026,-0.174,
-0.067,-0.066,-0.043,-0.108,
-0.056,-0.053,0.003,-0.122,
-0.043,-0.044,-0.031,-0.052,
0,0,0.018,-0.034,
0.019,0.019,0.028,0.004,
0.066,0.059,0.099,0.003,
-0.002,-0.004,0.092,-0.046,
0.117,0.117,0.162,-0.033,
0.005,-0.01,0.054,-0.021,
0.033,0.036,0.111,-0.054,
-0.002,-0.002,0.003,-0.006,
0.054,0.038,0.131,0.001,
0.039,0.039,0.05,0.027,
0.032,0.034,0.041,0.02,
0.075,0.076,0.082,0.066,
0.012,0.011,0.062,0.007,
-0.036,-0.038,-0.003,-0.055,
0.095,0.1,0.112,0.058,
0.137,0.136,0.166,0.104,
0.077,0.078,0.1,0.024,
-0.089,-0.071,-0.014,-0.218,
0.092,0.093,0.094,0.072,
-0.275,-0.287,0,-0.287,
-0.14,-0.14,0.025,-0.244,
-0.106,-0.108,0.045,-0.224,
-0.051,-0.049,0.122,-0.124,
-0.201,-0.205,-0.077,-0.302,
0.015,0.016,0.063,-0.037,
-0.132,-0.139,-0.002,-0.239,
-0.134,-0.139,0.016,-0.245,
-0.015,-0.016,0.035,-0.05,
-0.079,-0.079,0.021,-0.184,
-0.045,-0.045,0.017,-0.122,
-0.085,-0.082,0.025,-0.225,
-0.07,-0.07,0.041,-0.17,
-0.226,-0.231,0.012,-0.274,
-0.15,-0.154,-0.021,-0.249,
-0.341,-0.354,0,-0.354,
-0.148,-0.151,-0.062,-0.25,
-0.128,-0.14,0.021,-0.225,
-0.02,-0.017,0.042,-0.137,
0.004,0.004,0.006,0,
-0.055,-0.055,-0.052,-0.057,
-0.115,-0.113,0.014,-0.249,
0.017,0.022,0.045,-0.033,
-0.109,-0.111,-0.012,-0.238,
-0.074,-0.055,-0.026,-0.151,
0.052,0.046,0.149,-0.033,
-0.254,-0.256,0.038,-0.274,
0.034,0.042,0.112,-0.059,
0.012,0.004,0.142,-0.103,
-0.127,-0.135,0.046,-0.196,
0.016,0.015,0.022,0.012,
-0.038,-0.037,-0.033,-0.064,
0.055,0.048,0.086,-0.007,
-0.015,-0.008,0.061,-0.164,
-0.198,-0.196,-0.065,-0.362,
0.034,0.034,0.035,0.032,
-0.155,-0.149,0.04,-0.219,
-0.038,-0.03,0.037,-0.192,
-0.186,-0.18,-0.02,-0.201,
-0.056,-0.055,-0.051,-0.063,
-0.088,-0.092,-0.016,-0.135,
-0.176,-0.174,0,-0.248,
-0.097,-0.106,0.1,-0.148,
-0.147,-0.13,-0.034,-0.267,
-0.019,-0.018,-0.015,-0.023,
-0.104,-0.12,0.127,-0.239,
-0.143,-0.137,0.037,-0.253,
-0.153,-0.157,-0.114,-0.17,
-0.089,-0.06,0.062,-0.151,
-0.056,-0.047,0.077,-0.222,
-0.085,-0.073,-0.021,-0.117,
0.018,0.005,0.082,-0.047,
-0.051,-0.048,0.038,-0.162,
-0.15,-0.16,0.074,-0.257,
-0.17,-0.164,0.06,-0.261,
0.007,0.011,0.08,-0.124,
-0.102,-0.103,-0.006,-0.172,
-0.088,-0.084,-0.003,-0.181,
0.008,0.006,0.027,-0.002,
-0.159,-0.162,0.029,-0.201,
-0.086,-0.085,-0.08,-0.105,
-0.097,-0.098,0.004,-0.186,
-0.081,-0.077,-0.017,-0.135,
0.008,0.011,0.066,-0.085,
-0.014,-0.015,0.138,-0.178,
0.088,0.088,0.184,-0.002,
-0.11,-0.112,0.044,-0.23,
-0.03,-0.025,-0.021,-0.057,
-0.063,-0.06,0.02,-0.2,
0.06,0.063,0.111,0,
-0.23,-0.203,0.126,-0.317,
0.034,0.038,0.043,-0.012,
-0.058,-0.049,0.032,-0.22,
-0.079,-0.072,0.173,-0.094,
-0.082,-0.082,-0.067,-0.104,
0.079,0.084,0.222,-0.096,
-0.034,-0.051,0.133,-0.169,
-0.035,-0.04,0.006,-0.097,
-0.045,-0.039,0.015,-0.116,
-0.217,-0.238,0.008,-0.328,
-0.081,-0.073,0.037,-0.188,
-0.245,-0.263,0.069,-0.263,
0.088,0.103,0.186,-0.07,
-0.131,-0.127,-0.086,-0.202,
-0.049,-0.046,0.023,-0.154,
-0.186,-0.182,-0.06,-0.292,
0.011,0.027,0.037,-0.025,
-0.185,-0.167,0.005,-0.281,
-0.047,-0.046,0.035,-0.135,
0.042,0.046,0.064,-0.024,
-0.018,-0.014,0.042,-0.111,
-0.038,-0.036,0.09,-0.156,
-0.359,-0.359,-0.044,-0.393,
0.076,0.093,0.136,-0.01,
-0.042,-0.036,-0.018,-0.098,
-0.093,-0.102,0.058,-0.261,
0.072,0.077,0.134,0.003,
0.017,0.026,0.098,-0.095,
-0.019,-0.021,0.012,-0.068,
-0.05,-0.041,0.003,-0.198,
0.035,0.038,0.053,-0.022,
-0.134,-0.134,-0.115,-0.158,
-0.06,-0.058,-0.027,-0.141,
-0.035,-0.041,-0.006,-0.051,
-0.14,-0.16,0.011,-0.191,
-0.127,-0.127,-0.125,-0.13,
-0.053,-0.052,0.049,-0.176,
-0.187,-0.188,0.014,-0.22,
-0.093,-0.107,0.048,-0.165,
-0.08,-0.089,0.058,-0.152,
-0.092,-0.091,0,-0.196,
-0.201,-0.2,0.077,-0.257,
0.023,0.02,0.047,0.002,
-0.026,-0.025,0.009,-0.081,
-0.193,-0.208,0.04,-0.277,
0.003,0.009,0.024,-0.037,
-0.13,-0.14,-0.022,-0.22,
-0.112,-0.114,0.017,-0.2,
-0.348,-0.352,0,-0.363,
-0.029,-0.05,0.197,-0.11,
-0.051,-0.049,0.113,-0.219,
0.064,0.064,0.067,0.059,
-0.076,-0.076,-0.069,-0.082,
-0.185,-0.19,-0.055,-0.239,
-0.051,-0.053,0.085,-0.129,
-0.221,-0.235,0.065,-0.263,
-0.038,-0.021,0.054,-0.165,
-0.005,-0.002,0.05,-0.092,
-0.039,-0.033,0.076,-0.148,




Further Data analysis of all test cases 
avg med max min 
AVGs,0.015,-0.024,0.363,-0.092,
MEDs,0.015,-0.028,0.392,-0.096,
MAXs,0.076,0.013,0.435,0,
MINs,-0.05,-0.048,0,-0.152,


AVGs,-0.032,-0.019,0.192,-0.466,
MEDs,-0.032,-0.018,0.193,-0.473,
MAXs,0.034,0.029,0.222,-0.125,
MINs,-0.079,-0.055,0.185,-0.478,



