

Data analysis for each instance 
AVG,MED,MAX,MIN
22544.5,22296,33498,21688,
20456.82,20229,30027,20229,
19292.02,19084,29158,19010,
27656.7,27357,40663,27334,
18693.56,18582,28098,18350,
20445.32,20238,28811,20238,
19388.28,19181.5,28276,19010,
20270.84,20032,30281,20029,
19778.18,19540,29791,19534,
24440.7,24624,37937,23097,
23205.9,23023,34780,22839,
22097.4,21921,32701,21775,
24216.28,23943,35557,23943,
26340.3,26379,40929,22193,
21853.74,21643,31922,21579,
19943.54,19716,29236,19715,
25605.64,25531,39655,22034,
23308.36,23050,35788,22825,
23999.3,24104,37355,22512,
28964,28694,43134,28570,
23373.14,23130,34862,23070,
31589.56,32021.5,48100,28765,
21514.04,21249,33436,20618,
26981.34,26680,39685,26680,
18739.16,18540,27831,18489,
23313.34,23079,34230,23024,
23691.5,23481,34867,23355,
26016.48,25756,38029,25690,
20364.1,20128,30265,20128,
28854.86,28634,44027,24539,
25119.38,24795,39432,23086,
18709.22,18470,27875,18470,
23950.82,23673,35693,23665,
19939.5,19725,29102,19712,
26941.72,26655,39575,26599,
19389.86,19203,28480,19142,
21329.14,21088,31422,21088,
22621.04,22374,33015,22369,
23044.54,22823,34209,22729,
21053.96,21347,30326,20286,
20113.28,19880,29932,19880,
22855.44,22575,34517,22575,
21980.36,21781,31969,21080,
25380.52,25139,38678,24386,
25239.44,24930,38733,24846,
23552.62,23295,34341,23276,
24369.44,24155,36362,24011,
21838.42,21641,33159,20221,
20850.02,20620,30489,20620,
26216.36,25898,39771,25541,
30377.24,30041,44682,30041,
21365.3,21111,32958,21076,
20406.82,20173,29977,20173,
25326.48,24991,38403,24112,
19251.84,19021,28746,19021,
21416.4,21241,32420,20439,
25269.46,24832,40710,23363,
20740.28,20499,30911,20487,
22656.32,22395,33538,22395,
22466.5,22231,32909,22202,
21259.14,21022,31096,21008,
23761.6,23498,34831,23498,
22771.52,22514,33629,22513,
21833.68,21645,32283,21519,
20775.12,20723,29880,20376,
19170.4,18990,28212,18907,
28816.38,28718,47013,23958,
19142.48,18934,28742,18835,
32623.94,32479,50617,27947,
23140.5,22686.5,36426,21426,
23651.46,23404,35737,21777,
22480.7,22212,33489,22212,
22680.44,22426,33450,22418,
22106.3,21857,32416,21856,
23611.32,23468,35074,23204,
19471.36,19255,29568,18887,
22637.9,22408,33567,22336,
24422.18,24169,35961,24161,
18990.58,18770,28089,18770,
18235.72,18008,27454,17579,
20721.26,20578,30594,20389,
28417.46,28090.5,43011,27253,
29209.96,29021,46490,25322,
21203.46,21010,31637,20899,
23817.02,23578.5,34676,23535,
23960.6,23676,35747,23676,
23976.54,23770,36974,20734,
18995.62,18765,28766,18762,
25422.5,25110,39193,25004,
21915.18,21661,32859,21630,
26191.24,25875.5,39657,25471,
20958.94,20726,30755,20726,
20742.32,20505,30680,20503,
20322.14,20139,30831,20000,
28291.44,27941.5,45829,27768,
28938.5,28522,46779,24449,
20958.52,20736,30668,20713,
23765.26,23490,35220,23490,
21864.84,21680,32431,21540,
21916.54,21679,32400,21647,
17812.74,17627.5,26147,17588,
21591.14,21348,31640,21347,
24193.6,23918,36161,23918,
21908.86,21663,32295,21663,
23018.78,22722.5,35159,22610,
24153.84,23867,36359,23867,
24898.8,24608,37078,24608,
23300.06,23014,35196,23014,
18440.22,18398,29355,16561,
20938.14,20824,30622,20592,
40578.38,40686,65809,27137,
22840.04,22637,33757,22522,
20756.74,20550.5,30289,20382,
25318.94,25017,38238,24929,
19499.44,19283,28478,19283,
18770.74,18568,27546,18542,
21449.4,21201,32026,21201,
25651.98,25386,37724,25347,
19979.98,19766,29993,19716,
25382.52,25108,36985,25106,
26501.78,26164,39932,26153,
26070.34,25860,39319,24037,
19977.22,19734,30169,19734,
25456.26,25354.5,38844,22659,
21504.4,21248,32262,21248,
24429.98,24086,37789,23792,
19686.38,19530,29318,19378,
22210.02,21981,32444,21946,
20890.06,20719,30792,20582,
19348.1,19165,29042,19074,
19550.12,19370,29064,19274,
22838.66,22613,34199,20802,
20856.7,20631,30910,20596,
20664.14,20419,30754,20419,
21462.1,21247,31099,21216,
19882.42,19674,29177,19648,
25860.1,25585,38276,25544,
20806.52,20561,31120,20561,
24673.4,24629,39493,21288,
21297.36,21051,31707,21050,
21870.62,21895,33893,20731,
22066.34,21847,32115,21805,
22890.14,22625,34066,22625,
26227.88,25941,38284,25941,
30150,29809,44589,29809,
20880.1,20644,30664,20644,
25051.6,24760,37403,24578,
21398.32,21188,31748,21119,
23795.44,23578,35518,23448,
26544.26,27278.5,41250,25094,
25384.68,25107,36745,25107,
25288.02,25003,37347,24898,
24609.3,24292,38437,24292,
23611.16,23335,35274,23335,
20255.24,20034,29520,20011,
25305.08,25009,37963,25009,
21496.88,21262,31492,21247,
23434.36,23178,34389,23166,
17929,18026,25986,17426,
27492.9,26904,47911,22568,
21421.86,21174,31527,21174,
26688.42,26991.5,41597,25408,
23870.84,23605,35025,23605,
19782.8,19554,29665,19543,
24703.74,24407,37179,24407,
27851.98,28247.5,43785,24318,
23489.4,23230,34379,23228,
18861.34,18645,27759,18644,
22131.3,21926,33324,20791,
23106.66,22884,33897,22805,
22749.12,22499,33556,22475,
21882.48,21635,32130,21635,
20905.2,20682,31506,20627,
25695.24,25472,40063,24354,
19798.14,19561,29128,19558,
20887.38,20736,31643,20521,
20717.08,20469,31203,20469,
21531.62,21290,31621,21290,
19061.26,18856.5,28131,18824,
24575.56,24298,36253,24298,
21630.02,21368,32647,21303,
21131.1,20895,31022,20894,
22037.92,21821,32991,21728,
24366.98,24121,36926,23856,
19397.68,19186,29385,19132,
21035.18,20800,30716,20800,
23590.76,23343,34548,23313,
25949,25718,40745,25222,
28181.82,28114.5,45309,24320,
20392.34,20161,29815,20161,
26843.78,25786,43997,25385,
22951.52,22715,33566,22685,
19958.14,19732,29469,19730,
24950.46,24678,36426,24677,
21024.42,20779,31411,20779,
27644.06,26877,44003,22760,
19639.4,19420,28777,19417,
20618.52,20390,30158,20390,
21651.22,21765,31207,21087,
30136.06,30255.5,48302,26675,
22136.04,21912,32488,21865,
22546.46,22281,33582,22281,
26020.54,26521,46433,16904,
21336.84,21099,31387,21098,
20224.54,19999,29680,19999,
21617.24,21391,32519,20471,
24235.44,23965,36248,23938,
27264.06,27224,40582,25949,
23657,23387,34910,23373,
20020.24,19780,30139,19780,
20221.48,20033,30044,19934,
23876.26,23602,35351,23585,
22823.28,22635,33802,22451,
21838.68,21592,32083,21591,
22526.78,22273,33142,22273,
19389.52,19173,28414,19173,
22186.44,21949.5,33294,21308,
18903.28,18595.5,30610,17622,
23784.02,23585,36449,23132,
25311.94,25785.5,40609,20076,
22389.22,22134,33177,22134,
22072.5,21831,33000,21068,
24133.28,23849,36005,23847,
25264.12,24987,37261,24937,
22493.1,22286,33261,22182,
25259.54,25099,37670,24823,
19994.3,19765,29395,19765,
21176.44,20524.5,34505,18151,
23873.8,23608,35086,23607,
20791.56,20583,30865,20510,
22004.02,21758,32363,21753,
20199,19962,30393,19947,
21614.84,21373,31825,21370,
23394.24,23139,35274,23065,
24726.92,24576,37188,23589,
23617.28,23354,34857,23354,
27260.82,26948,40392,26948,
21133.06,21011.5,31545,20751,
17672.96,17475,25777,17475,
25228.62,24977,38978,24049,
25349.18,25070,37199,25063,
22163.52,22476,35459,19695,
21951.7,21862,33524,20899,
23197.82,22937,33966,22934,
24686.84,24417,36332,24406,
20774.24,20530,31061,20460,
22193.36,22151,37688,18783,
19626.4,19403,29174,19401,
24929.74,24639,37071,24638,
21548.32,21307,32083,21094,
28632.74,28307,42335,28307,
18870.12,18674,28113,18629,
19722.9,19569,30879,17730,
20447.34,20272,30005,20164,
25734.08,25437,38116,25437,
28987.14,28663,42654,28663,
25088.72,24846,37516,24227,
19501.28,19269,28968,19269,
28973.96,28650,42671,28650,
24372.3,24096,35846,24096,
21587.14,21379.5,32563,21283,
20899.06,20768,31052,20544,
23627.82,23363,35343,23340,
22754.44,22517.5,33663,22360,
18821.32,18597,28245,18597,
21145.02,20824,31603,20452,
22285.38,22045,33150,22006,
25089.32,24804,37143,24804,
15412.18,15363.5,25138,13656,
13847.52,13824.5,23717,11100,
14319.34,14102.5,23803,12911,
15670.18,15568,26399,13496,
15554.74,15521,26408,13846,
14524.66,14569,24792,12495,
17839.94,17747,30859,14968,
14797.46,14815.5,24897,12836,
12437.7,12377,21793,10962,
15444.12,15268.5,25674,13669,
18196.98,18452,30812,15546,
14294.82,14112,23837,13133,
15716.06,15449,26735,13800,
13996.64,13892.5,23648,12044,
14433.4,14250.5,24700,12560,
15345.32,15150.5,26131,13635,
19751.16,19345,34270,15951,
14273.98,14066,23975,12205,
18436.04,18504,33931,13761,
14438.02,14377,24410,13194,
15949.72,15869,25915,14528,
16379.42,16142,26848,15213,
14130.54,14019,23266,12575,
11416.54,11331,18984,10398,
15367.82,15264.5,26031,13652,
13964.22,13918.5,23134,12538,
15325.08,15220.5,26331,12877,
13860.02,13482,24185,12189,
14265.3,14152,24215,12586,
15900.08,15777.5,27244,13627,
15915.22,15788,26171,14666,
16305.7,16300.5,26913,15067,
14107.04,13844,23985,13278,
14303.28,14077.5,23022,12805,
11608.14,11434.5,19890,10344,
13029.64,12993,21049,11571,
17068.86,17227.5,29147,14502,
15820.42,15670.5,27114,13898,
11582.94,11424.5,19559,10431,
15127.82,14923.5,26241,12641,
13763.94,13562.5,23387,12569,
14289.04,14192,24685,11805,
12740.24,12611,21125,11403,
15369.4,15147,25954,12824,
14608.3,14401,26370,12050,
17388.52,17734.5,28953,13732,
14500.68,14300.5,24725,12507,
12922.72,12738.5,21246,12096,
13007.74,13153,21944,10100,
15594.66,15434.5,26610,13841,
14137.66,13948,22416,13948,
15365.94,15044,26042,13990,
13209.2,13071.5,23154,10346,
13505.26,13500,23038,11060,
14759.42,14710.5,24826,13491,
14425.26,14283.5,24279,12969,
16698.1,16630.5,28786,13097,
16102.96,16001,26152,14796,
15043.96,14923.5,24175,13410,
16134.68,15989,27113,13849,
15986.24,15746,26453,14106,
14876.14,14697,24872,13237,
19399.98,19559,31723,16767,
12262.96,12099.5,20387,10951,
16748.94,16565.5,27156,15285,
14502.98,14446.5,23761,13453,
14849.9,14805,24117,13489,
15118.28,15424,25950,13504,
16032.7,15998.5,26905,12575,
16056.3,16070,27896,14309,
12851.26,12684.5,21301,11753,
12463.6,12419.5,21209,11620,
12653.64,12446,21727,11716,
19381.84,18401,34697,16303,
14641.52,14453,23196,14431,
15179.14,15074,25679,13170,
18762.74,18795.5,32929,14827,
13144.28,12996,21515,12012,
14470.64,14639,24597,12246,
15516.68,15371,25895,13995,
14513.16,14397.5,23972,12929,
14093,13954,23223,12703,
17354.8,17370,29919,15212,
17874.7,17702,28693,15624,
15207.22,15243,26886,12324,
15317.32,15261,25623,12762,
13564.24,13698.5,22799,11242,
16184.16,16063.5,27086,14356,
15388.74,15444,26586,12977,
12778.4,12646.5,20603,11423,
15333.3,15068,26064,13649,
15451.4,15315,25739,13864,
14123.4,14031,23499,12359,
15078.6,14963.5,24926,12905,
17710.86,17549.5,30289,14884,
13720.8,13611,22713,12409,
15787.68,15650.5,26121,13248,
14015.8,13929,23339,12772,
18600,18345,29940,18345,
14060.62,13909.5,23361,12783,
13204,13144.5,22518,10280,
14040.7,13917,23423,12626,
16217.02,16097,26161,13126,
13583.72,13442.5,22371,11656,
12537.6,12415,20892,11556,
14891.1,14762,24730,13486,
14801.32,14672,23672,13649,
16610.94,16664,27174,14920,
12448.46,12291.5,20289,11526,
17741.7,17737,28887,14591,
17777.26,17514.5,30303,15813,
15004.08,14880,24399,12690,
16203.46,16158.5,27607,13867,
13139.6,12961.5,22646,11695,
17326.76,17294,29767,14631,
13864.2,13935.5,23156,11480,
14646.16,14532.5,23888,13265,
16103.4,15881,25781,15881,
12949.64,12799.5,21802,11912,
15006.92,14809,25344,14028,
15199.48,14988.5,25858,13679,
18446,18341,31078,15958,
13887.66,13638,27831,11667,
16494.24,16340,28928,14139,
13357.48,13307,21991,11466,
12792.9,12732,20766,11619,
15255.22,15153,24866,13398,
17460.8,17243.5,30339,15038,
16624.38,16503.5,29520,14329,
15093.48,14926,25727,13485,
15315.74,15057,25546,14287,
15479.62,15348.5,25566,13936,
14317.38,14244.5,23707,12411,
15573.86,15780,27157,13128,
13869,13765.5,22891,12415,
15710.86,15737,25301,13947,
15995.64,15912.5,27360,12732,
17312.5,17125,27962,16066,
14226.26,14292,23130,12766,
13380.28,13262.5,22652,11944,
17869.1,17738,30664,15118,
14219.14,14200,23572,12428,
13520.34,13591.5,22411,11923,
16866.16,16722,28820,13101,
13927.56,13846.5,23400,11709,
14438.9,14300,25156,13021,
12761.66,12617,21284,11453,
15701.76,15764.5,26795,12825,
18220.06,18251,30328,15490,
18166.18,17763,32153,16032,
14147.6,14039.5,23428,12337,
14386.16,14315.5,23922,12366,
15939.98,15715,27115,14276,
11923.3,11764,20885,9639,
14450.46,14239,24388,12660,
16330.7,16280,26600,14616,
16926.7,17178,27974,13152,
16404.84,16184,27847,14256,
17223.38,17100.5,29026,14948,
13277.94,13244.5,21957,12148,
21639.26,21443,35338,18172,
14478.88,14393,25207,11767,
16726,16706.5,27646,14851,
14874.16,14673.5,25137,13720,
18811.94,18987.5,32002,16261,
15237.12,14944,25925,13793,
15426.1,15125.5,25675,14242,
16454.82,16191.5,28191,14580,
14160.1,14028.5,23782,12622,
14425.2,14325.5,24063,13135,
15504.98,15278.5,26153,12240,
13007.3,12903,21072,12137,
14139,13958.5,24041,12878,
13217.74,13050,22038,12277,
15727.46,15539.5,25908,14371,
14859.9,14637,24776,13932,
18138.26,17719,31343,15530,
12354.58,12252,20982,9963,
14938.16,14787.5,25215,13394,
14782.02,14682,24687,13452,
15038.76,14854.5,24524,14047,
13986.42,13909,23355,12872,
15419.38,15250.5,25701,13756,
18604.72,18645.5,31687,15624,
16187,16363,26878,13685,
12751.82,12771,20997,10534,
14114.46,14026,23855,12358,
17103.14,16911.5,29524,15054,
16248.26,16093,27122,14483,
15164.06,14950.5,25754,13332,
14519.46,14551,24413,11820,
19332.48,19180,30925,17846,
20739.64,20506,30556,20494,
21897.94,21664,32755,21616,
24150.12,23888,36212,22928,
18950.2,18733,27871,18731,
20197.38,19952,30728,19927,
20970.74,20724,31115,20724,
21438.28,21219,31533,21161,
20194.4,19970,29524,19969,
23209.64,22932,35271,22902,
20203.4,19975,29621,19952,
20643.68,20563,30026,20261,
20348.9,20107,30384,20107,
23216.66,22946,34488,22829,
18654.6,18443,27156,18373,
23484.7,23265,34812,23164,
23080.68,22847,35464,21888,
13791.16,13733,24094,10990,
20955.86,20716,30798,20716,
18950.78,19064,32078,15915,
14897.7,14916,24130,12445,
13113.26,13036.5,21468,11976,
14411.98,14259,22891,13692,
15198.06,14948.5,25993,13409,
13983.26,13816.5,23917,11688,
24595.86,24320,36089,24320,
24571.38,24454,36183,24136,
19793.04,19615,29628,19485,
25994.8,25696,38525,25696,
20200.82,19974,29612,19973,
26646.82,26326,40253,26326,
19146.74,18417.5,33301,16139,
23956.48,23783,35813,23534,
16238.28,16246.5,27197,13246,
15928.04,15994,26201,13518,
11662.12,11613,19688,10031,
13557.04,13485,22548,12192,
14643.44,14460,24422,13064,
15881.16,15737.5,27013,12034,
17290.9,17150,30208,13572,
14492.7,14447.5,24375,12525,


22353.64,22206,31929,18058,
21662.08,21458,30586,19070,
19759.4,19997,28139,14590,
27461.68,27154.5,43260,24022,
19811.38,19610,28076,17361,
20690.6,20455.5,29145,18467,
20539.04,20308,29558,17328,
20959.24,20747,29837,18533,
20304.7,20127,29636,17943,
23757,23581.5,40219,18857,
22317.06,21870,31664,17962,
21151.2,20932.5,32172,17108,
24380.9,24031,34820,21222,
21840.38,21311,36463,14652,
22268.68,22530.5,30665,18871,
20805.36,20689.5,28198,18166,
21611.2,20629,46887,15189,
23062.12,22837.5,35932,16681,
21684.86,21811.5,34353,14500,
26645.54,26155.5,45512,22947,
23423.52,23183.5,35520,20179,
26796.42,26120.5,49918,20376,
21126.5,21091.5,34437,14869,
26831.18,26424.5,41236,22786,
19830.7,19788,27611,16493,
23276.54,23186.5,33090,20468,
24124.8,23759,36471,20354,
25205.3,24999,36364,21064,
20679.66,20451.5,29890,17972,
25681.44,25370,44504,21324,
20821.16,20304,36736,14484,
20073.04,19864,30448,17628,
23826.7,23378.5,36424,20073,
20808.64,20476.5,30269,19041,
26336.06,26262,39225,21365,
19562.24,19336,28442,17693,
21639.58,21661.5,31249,18390,
23632.56,23276,34220,20382,
23636.72,23086,34029,19172,
21633.76,21474,30261,17855,
20482.86,20218.5,28800,18681,
21842.04,21436.5,35122,17959,
21702.06,21438.5,30479,19841,
23130.5,22658,41768,16827,
22476.08,21544.5,38447,17999,
23105.32,22692,33304,19722,
23879.38,23695,32142,19754,
20982.68,20677.5,34361,17735,
21683.7,21165.5,31804,19903,
21530.2,20959.5,39595,17341,
28307,27793.5,45193,24585,
22262.18,22166,32198,17942,
21508.06,21174.5,30130,19049,
23588,23295,42401,19003,
20124.6,19915,29537,15783,
20517.8,20164.5,28165,17896,
21422.04,20893,32691,16304,
21375.32,21391,30610,18185,
23265.54,23086,32292,21125,
23084.3,23000,35023,20189,
21577.92,21215,30845,19309,
23619.52,23500.5,34417,20067,
23569.18,23461,32769,19774,
22183.76,22196.5,30808,18788,
21079.42,20859,30527,18366,
20084.96,19806,28151,18240,
26209.38,25145,49397,20620,
20226.9,19983.5,28513,16842,
25789.12,24824,42924,18480,
22879.72,22604.5,40964,17547,
22542.26,22484,35089,18620,
22022.64,21885,34242,18783,
23065.6,22732,33845,20477,
22337.82,22198.5,30719,19061,
22781.08,22525,33298,19277,
19348.56,18924,28824,15717,
22795,22484.5,35939,19915,
24634.56,24300,34689,20773,
19559.08,19297,28395,17266,
18788.38,18583.5,26112,16309,
21812.48,21742,29782,18515,
25091.46,24918.5,46123,17824,
25304.68,25458.5,41630,18149,
22541,22561.5,31223,18872,
24127.92,24135.5,36378,20768,
23665.38,23467,31453,19773,
22774.88,21874.5,35139,18540,
19787.62,19287.5,27586,16624,
24027.58,23719,43932,16046,
21898.44,21694,30019,18156,
23332.88,23209,39323,13940,
21458.32,21368,30694,19128,
20967.82,21019,29846,18250,
21535.74,21735.5,29521,16984,
20154.08,19592.5,41584,15159,
25880.64,25194.5,48895,21357,
21031.88,20808.5,30777,19326,
24477.32,24093.5,42252,16875,
21873.82,21589.5,31950,19392,
22408.78,21960,36360,19335,
18068.8,18024.5,25300,15420,
21729.66,21509.5,32173,17784,
22907.12,22673,33361,20143,
21958.82,21898.5,31284,19473,
23414.76,22822,33540,20538,
22643.76,22617,33118,19470,
24078.44,23945.5,37216,19906,
23759.68,23407,35569,18430,
18785.7,18351.5,34923,13927,
21660.16,21571.5,30155,19172,
28047.82,26974,72541,20253,
21564.14,21240,31889,16625,
20548.68,20281.5,27807,18458,
25158.64,24979.5,38047,19173,
19809.18,19618,27786,18415,
19543.6,19234.5,30584,16936,
22338.5,22041.5,35726,17949,
24531.64,24428,35488,20625,
21838.3,21928.5,29254,18876,
24322.04,24125.5,33207,21431,
26742,26237,40651,23586,
23815.1,23517,41447,18129,
19526.2,19383,27478,16512,
22604.26,22198.5,43193,17199,
21887.16,21399,33420,17661,
22457.28,22206.5,40802,17891,
20807.1,20754,29993,17821,
22600.22,22362,32398,19575,
21478.26,21294,29673,17500,
21044.8,20904.5,33936,18095,
20192.72,20096,28362,18156,
21974.48,21587.5,33454,19282,
21543.1,21542,31524,18559,
21737.9,21419.5,31885,17758,
21632.72,21494.5,28453,18194,
20464.18,20091,29506,18569,
25492,25209.5,35008,19244,
20927.1,20777.5,29833,18921,
22685.04,22589.5,40187,17702,
21375.74,21270.5,31246,19040,
20697,20387.5,34739,17011,
22441.98,22154.5,31409,20128,
23089.96,22771,33420,19317,
25640.66,25308,37366,21259,
27159.52,27002,43860,20226,
21310.88,20998,31073,18280,
24559.72,24337.5,38269,20425,
21830.94,21618,29863,18829,
23296.14,23291.5,35238,18251,
24629.72,23939,46674,20094,
24266.4,24208,36686,19826,
24480.02,24083.5,38865,20582,
20752.5,19518,45100,14459,
23090.7,23029,33666,19977,
21489.02,21505.5,27812,18268,
23724.56,23444.5,37389,19058,
22300.48,21955.5,33685,19130,
23212.92,23040,36177,20158,
18639.2,18636,26605,15974,
22640.6,22296,40269,16120,
21436.04,21555.5,32958,16578,
24212.18,23672,44292,18743,
24312.16,24027.5,34401,22007,
20285.92,19946,32216,17393,
24328.36,24217.5,35830,19158,
25987,25920.5,45602,19386,
24623.5,24509.5,35192,21322,
19961.08,19659,29926,18019,
22243.5,21643,40130,18831,
22641.48,22501,36108,19118,
23168.08,23033,34594,19869,
22214.76,22173.5,31122,18283,
21397.68,21408.5,32053,17569,
22610.64,22107,43543,17528,
21188.34,21120.5,29019,17867,
21006.66,21017.5,31226,17160,
20939.3,20609.5,27282,18390,
22266.76,22134.5,31245,19883,
21418.66,21151,33240,17417,
24418.38,24304.5,33921,19748,
22163.4,21591.5,35727,19191,
21571.74,21154.5,29549,18831,
22382.78,22114.5,36257,17338,
24211.58,23867,31609,21538,
19251.98,19092,28774,17261,
21259.34,21039,29875,18409,
23731.7,23498.5,36837,19735,
25177.06,24834,39705,20441,
26677.34,26236,44771,20261,
21051.16,20751.5,32779,18192,
24776.22,24435,44626,20210,
23569.96,23495,34129,21103,
20716.64,20749,29474,17628,
24958.6,24701.5,36725,22089,
22076.58,21796.5,33108,19980,
24403.1,24071,40629,17336,
20077,20060.5,28535,17331,
21148.78,21076,27996,17409,
22380.5,22050.5,33601,20004,
26280.72,25694.5,44545,17685,
23429.02,23326,32965,21219,
23191.48,22927.5,33963,19842,
18352.12,18427,54778,11799,
22343.12,22021.5,33253,19910,
20673.72,20464,29938,18441,
21056.3,20686,27982,17905,
24271.5,24055,34478,20671,
26333.54,26172.5,42977,20978,
23950.92,23798.5,33248,20611,
21617.86,21580,34256,17765,
21576.7,21583,29531,18947,
23793.68,23802,34989,19595,
22657.8,22575,31409,18732,
23112.76,22656,35104,19121,
22604.92,22295.5,33612,20005,
19651.84,19489,28040,17722,
22464.52,22199,34443,18762,
18626.32,18532,29294,15429,
23929.2,23921,38280,19867,
19630,18923,42735,14813,
22293.86,22065,32895,20466,
23134.82,23022.5,33743,19277,
24085.72,23263.5,33840,19221,
25273.72,25125,37578,22428,
22399.92,22101,31771,19324,
23491.64,23054.5,35344,17753,
20341.62,20416.5,26747,17532,
19071.12,19087.5,35556,14703,
23629.64,23256.5,35187,20875,
21151.42,21118,28259,17431,
22562.4,22350,30754,17686,
20465.22,20272.5,28078,17366,
22257.86,22026,34565,18960,
22082.66,21599,28502,18533,
23028.14,22856,37257,18442,
23595.94,23647,34184,19649,
23783.24,23901,31013,18031,
21389.44,21211.5,32927,17855,
18434.04,18287,25062,16662,
24173.78,23600.5,45314,18764,
25636.5,25162.5,36415,21691,
21072.24,20544,37571,15546,
20257,20213.5,30577,15852,
23610.98,23370,35497,20313,
24078.38,23653,31287,18786,
22304.16,22324,34339,19424,
19621.22,19090,37456,15752,
19644.38,19525.5,29477,17379,
24335.42,24175.5,36725,20468,
21530.44,21350.5,29448,18656,
26310.52,25884.5,39880,21602,
19709.46,19463,27708,17312,
21226.9,21029,33062,16523,
21334.82,21220.5,30302,19203,
24092.2,23894.5,32096,20754,
26846.44,26610,38012,23712,
22976.64,22535.5,38336,17736,
21120.5,20557.5,32819,17315,
25693.66,25236,42661,21257,
24382.84,23795.5,36926,20600,
22703.48,22527.5,32882,18387,
21441.04,21180.5,31345,18822,
23730.62,23441,36456,20470,
22975.14,22785,34301,19591,
20155.86,19954.5,30852,17603,
20107.92,20534,26491,15921,
21720.34,21490,32415,18323,
24048.34,23898.5,36445,20770,
13945.34,13515,24714,11932,
12603.52,12357,24353,10516,
12925.12,12534,23184,11266,
12847.98,12491.5,27165,10683,
13026.78,12690.5,27331,10754,
13439.54,13242,23207,11318,
14541.24,14034.5,32022,12732,
13763.74,13548,24129,11434,
12427.2,12364.5,22044,10080,
12914.62,12487.5,26013,11613,
15529.76,15058,29344,11387,
12874.96,12598,23417,10943,
13833.82,13576.5,26885,11029,
13103.64,12822,23030,11335,
12823.66,12689.5,25366,10589,
13481.76,13081.5,26563,10536,
15711.48,15036.5,36935,13010,
13290.28,13092,25759,10481,
14223.18,13831.5,28013,10840,
13315.2,13015,24996,10985,
13313.4,13446,25962,10393,
14509.72,13897,26691,12558,
13282.4,12851,21679,10992,
11428.82,11198,19004,9866,
13703.56,13350,23743,12059,
12734.58,12482,22562,10903,
14032,13852.5,25627,11635,
13018.74,12782,23843,11035,
12663.46,12473.5,23541,10078,
13359.48,13019.5,28343,10390,
13669.62,13405,28668,11008,
13732.88,13401,26976,11774,
12254.04,12101.5,23359,10363,
13576.08,13325,25951,11683,
11172.08,10944,19314,9521,
11465.2,11226.5,21052,9725,
14849.12,14361.5,27692,12258,
13697.54,13448.5,26068,11179,
11323.2,11011.5,19619,9714,
13388.9,12844.5,27524,11230,
12663.34,12504,20667,11004,
12842.76,12224.5,25498,10655,
12142.44,11891,22145,10426,
12989.1,12733,24802,11214,
12605.32,12454,27214,10358,
14645.42,14253.5,24197,11753,
12727.64,12298.5,25053,10701,
12158.44,12111.5,20547,10134,
11012.34,10753,23033,8104,
12825.88,12635,26774,10784,
12923.92,12653.5,22529,10415,
12971.92,12815.5,24484,9108,
11945.38,11701,22907,9921,
12472.2,12302.5,22562,10823,
12835.06,12481,23757,10451,
12912.28,12614.5,24525,10606,
13593.82,13251.5,22433,10064,
13833.14,13663,26356,11139,
13408.68,12931.5,25448,11445,
13992.76,13811,26426,11558,
13866.72,13573,25848,12050,
14034.82,13784.5,25696,11816,
14808.48,14366.5,30358,11691,
11996.76,11778.5,20432,10251,
13357.62,12999.5,27218,10792,
13208.66,12842,23492,10557,
13397.72,13271,24025,9663,
13233.04,13057.5,26810,9123,
13400.26,12988.5,29413,11408,
13585.32,13417,25675,10931,
12114.22,11888.5,20586,10131,
11359.34,11078.5,22580,9284,
11677.1,11313.5,21223,9654,
15563.3,14982.5,35057,12163,
12913.88,12400.5,22150,11021,
13226.02,12832.5,24959,10926,
14658.28,14245.5,36380,11337,
12676.32,12414.5,23074,10569,
12231.86,11949,23163,10656,
13757.7,13450,26872,11969,
13125.72,12759,23954,11607,
12882.72,12586.5,23019,11487,
13510.56,13145,30526,10279,
14466.84,14098,25642,12055,
13132.32,12704,27278,10473,
13082.32,12855,24403,10926,
12595.08,12474.5,24585,9801,
14150.3,13711,27387,12314,
13378.62,13136.5,26057,10070,
11475.12,11092,19964,9538,
13868.22,13669.5,25818,10384,
13693.26,13510,27472,10597,
13210.3,12888.5,23097,11090,
13805.26,13527,28426,11191,
15057.64,14727.5,28047,12033,
12174.46,11961.5,22786,9551,
13665.34,13371.5,25840,11492,
12633.94,12389,23913,10176,
14317.34,13899.5,26860,11472,
13347.92,13129,23803,11231,
12593.8,12492.5,22629,10199,
12607.1,12298,22314,10615,
13992.96,13643.5,27223,11610,
12604.88,12278.5,23569,10684,
11383.46,11091.5,19753,10020,
13245.5,12904.5,23246,11201,
13054.46,12794.5,24029,11507,
13989.36,13678,28241,11921,
11784.7,11556.5,19417,9986,
14789.54,14381,30040,12267,
15101.8,14563,31483,12457,
12680.86,12409.5,23422,9408,
14012.7,13789.5,27234,11743,
12143.16,11859.5,21080,9833,
14624.5,14190.5,27947,11626,
13267.98,13168,22406,11019,
13088.96,12839.5,22194,11186,
12862.26,12794,23888,10508,
12210.1,11926,21098,10576,
13460.2,13038,31304,10334,
13568.24,13192.5,25182,11176,
13828.7,13529,27629,11445,
13672.74,13923.5,29840,9477,
14091.88,13794,29257,9842,
12163.44,11927,21017,10597,
12373.88,12230.5,20673,10474,
12981.06,12766.5,23402,10373,
15730.3,15203,32602,13114,
13788.1,13222,29949,10805,
13313,12908,26914,11456,
13777.54,13608,26236,10946,
13737.44,13377.5,25984,10945,
12656.42,12330.5,22704,10790,
13061.36,12643,24929,10499,
13039.22,13034,22060,10307,
13776.24,13606.5,23937,11971,
13920.72,13662.5,27489,11311,
13790.8,13339.5,29660,10980,
12609.78,12381,21473,10323,
12059.76,11760.5,21261,10733,
14810.8,14378,31710,11795,
12974.94,12440.5,23899,10645,
11796.58,11635,21534,9424,
13739.24,13486.5,28797,9835,
12957.7,12781,22717,10648,
10878.4,10604,24281,8932,
11795.3,11377.5,21838,10220,
14008.74,13792,25747,10903,
14952.36,14395,30909,12482,
14840.02,14317,27886,11674,
13278.06,13108,23771,11044,
12298.64,12072.5,21531,10918,
13878.2,13563,27507,11696,
12082.84,11789,23635,10128,
13379.38,13240.5,23478,10608,
13111.62,12918,23940,11302,
14170.3,13806,28580,11247,
14773.12,14538,24045,11885,
15112.58,15150,30582,12421,
12636.8,12591,22466,10897,
16565.86,16291,29263,13318,
13005.66,12600.5,26861,10829,
14121.56,13819.5,30837,11160,
12991.58,12735.5,24383,10752,
15787.84,15239.5,36699,11340,
13456.46,13177,24904,11673,
13737.56,13478.5,23850,12049,
14771.94,14469,27662,12527,
13022.08,12806,24444,10462,
13202.8,12771.5,23644,11625,
13637.2,13394,26463,11619,
11440.42,11321,20627,9773,
12574.54,12193.5,23470,10544,
12254.54,11878.5,22157,9983,
14177.6,13991.5,24271,11588,
12994.44,12817,21965,11318,
15169.02,14693.5,33874,11671,
11915.66,11729,21471,10066,
13320.52,13037.5,24540,11558,
13465.52,13154.5,23443,11565,
13149.94,12892.5,25185,10552,
12821.84,12659,22717,11455,
13152.9,12663.5,26020,11336,
14639.4,14239,29297,11746,
13789.4,13225.5,27871,10968,
12187.76,11994,21648,10062,
12843.2,12543,24332,10164,
14744.1,14571.5,25167,11878,
13921.14,13399,29229,11781,
13479.08,13141.5,27155,10637,
13235.08,12952.5,24322,11123,
15156.68,14717.5,32804,12624,
21822.08,21262,30347,19136,
22371.26,22330.5,35086,19356,
23133.48,22866,31565,19690,
19610.86,19502.5,26841,17050,
19162.84,18726.5,29259,14428,
22178.8,22119,32958,19186,
21336.54,21131,31802,19171,
20726.22,20527,28189,18190,
20414.6,20179,36634,16128,
20484.36,20481,28724,17973,
22617.6,22364.5,30188,19260,
20200.3,20011.5,30866,16425,
23113.96,22910,34054,18672,
19487.4,19391,28636,17356,
23942.18,23696.5,34907,18468,
22708.92,21868.5,42849,18006,
11921.7,11667,25632,10047,
21432.56,20872.5,32647,18613,
16422.26,16379.5,34438,11933,
12927.96,12513,24363,10324,
12604.44,12345.5,21381,11010,
13034.94,12695,23380,11404,
13842.82,13472,27067,11592,
12239.52,12045.5,23604,10420,
24734.36,24498,35021,21164,
24532.58,24246.5,36262,19669,
19522.1,19325.5,27077,16793,
24043.88,23822.5,34310,19638,
21063.5,20755,29139,18195,
25149.34,24657,45132,20210,
17722.34,17173.5,36073,12703,
24726.6,24270,31650,20637,
14066.06,13870,26048,11260,
13145.7,12918,21154,11009,
11181.66,11044,20052,8906,
11927.68,11575.5,24787,9744,
13647.1,13478,24923,11707,
13684.58,13373.5,26998,10595,
14326.72,13779.5,30986,11632,
13483.96,13113,23960,11400,


20812.48,20846.5,30688,17853,
19852,19702,28193,17991,
21271.38,21363.5,31234,16060,
23122.72,22952,34009,19585,
20147.42,20043,26474,17205,
20520.66,20281,29424,17983,
20937.7,20626.5,31032,17296,
21130.1,20766,30692,18236,
19803.68,19841.5,28792,17187,
24664.12,24500,36048,19263,
20607.66,20063.5,26180,17389,
19979.46,19811,28322,17213,
22631.58,22377,32796,18756,
22798.82,22530.5,29601,16905,
21396.06,21450,29340,18502,
20777.4,20696.5,28485,18048,
26715.34,25860,46887,19271,
22551.4,22324.5,32080,17009,
24255.18,24102,35103,16268,
25866.76,25819,39950,21311,
23403.46,23019.5,35520,20342,
28741.28,28818,44919,22119,
23282.14,23539,35719,17173,
22676.14,22687.5,31609,19071,
19612.1,19052.5,27163,17058,
22140.92,22082.5,30318,18241,
22748.5,22462.5,32499,19686,
21337.26,20970.5,29450,18061,
20728.06,20608,28707,18037,
23235.42,23282,35587,19422,
26633.1,26293,36736,19733,
21288.08,21356,29903,18214,
22353.64,21897.5,32531,19483,
19185.7,19182,27417,17623,
25366.64,25301.5,36448,20309,
19811.1,19597.5,28733,17358,
21121.66,21020.5,29732,18635,
20719.08,20504.5,29700,18151,
21816.72,21584.5,30855,18445,
22268,22069.5,31442,18821,
20647.52,20310,29537,18388,
24574.42,24120.5,36024,19362,
19468.74,19310,26802,17739,
24266.52,23878.5,39903,19055,
25792.3,25372.5,37384,19908,
20563.98,20208,28144,18253,
24899.72,24581.5,31166,21467,
22886.78,22612.5,34139,19797,
20359.58,20001.5,29606,18288,
22407.38,22146,39088,19653,
23142.68,23058,33387,19363,
22966.16,23013.5,31643,19080,
20969.62,20726,29367,18808,
25870.64,25815,39798,22283,
21689.08,21709,33176,17283,
20192.42,19909,25896,17571,
23291.62,22786.5,31069,18054,
21227.88,21014,29632,18163,
23896.06,23729,32292,21437,
21207.1,21042.5,31337,18529,
19919.08,19599,27273,17067,
22260.1,22046.5,31256,19614,
21387.28,21317.5,31313,18061,
23405.98,23228.5,31659,18562,
19901.2,19852.5,28864,17918,
19611.16,19412,26629,17421,
31494.4,31842.5,50773,25131,
20602.44,20320,30172,18016,
28276.88,28098.5,37076,19898,
21586.66,21800,36424,16999,
22303.9,21764.5,35063,18975,
21105.08,20700.5,29686,16791,
22393.36,22368.5,29908,18198,
21438.62,21319.5,28186,18389,
23887.7,23728,33298,19496,
19128.38,18796.5,27493,14805,
22624.12,22637.5,33687,19193,
21914.34,21625,31665,18890,
18738.66,18417.5,26754,16061,
19320.64,19014.5,26843,17806,
20204.24,20158.5,27462,17813,
25449.28,25102.5,40856,19135,
29781.76,29646,41630,24101,
20899.48,20551,28154,17902,
21272.58,21048,30948,19390,
24384.5,24444.5,32839,20020,
24552.44,23729.5,35139,19991,
19116.42,18475.5,26906,15247,
27205.7,27577.5,43932,19154,
21408.56,21087.5,29515,18559,
23131.86,22674.5,36273,17087,
20418.9,20280.5,29145,18354,
20637.18,20580,27728,17074,
19106.86,19098.5,27579,15735,
29463.48,29530,41584,25495,
24945.16,23483,45528,18895,
19709.62,19599.5,27852,17685,
22704.9,22388,35927,17927,
22094.82,21986,32851,18863,
19449.8,19219,28414,17166,
18352.24,18026.5,26720,16662,
21056.64,20820.5,31931,17817,
21725.3,21638,29046,19085,
18424.32,18228,26946,17105,
24670.7,24161.5,32913,20782,
22955.66,22856,30715,19773,
24383.94,24101,36308,20293,
22608.68,22541,33387,18291,
19953.78,19269.5,29295,15167,
21742.14,21601,29805,19685,
43891.6,43817,72541,33540,
20603.18,20514.5,30428,16825,
20483.14,20349.5,28848,18133,
26311.58,26256.5,36845,21444,
20508,20455,28628,18701,
18523.34,18332.5,27414,15983,
20047.56,19609,30001,17210,
21604.9,21479,30372,18531,
19274.86,19222,26196,16060,
22045.28,21868,30737,19558,
22066.24,21972,31738,18796,
25322.08,25190.5,39208,20687,
20761.4,20485,29539,17077,
24957.22,24808.5,40796,20235,
22129.6,21895.5,32849,18748,
26721,26240.5,43715,22603,
20699.66,20588,29276,18026,
20745.62,20466.5,28891,18512,
20676.56,20700,28728,17050,
22946.14,22630.5,36239,19856,
20646.8,20717.5,28539,17816,
20736.62,20457.5,28878,18420,
22702.9,22816.5,32691,19392,
21715.56,21699.5,27939,17412,
20476.9,20352,27472,17630,
20579.44,20374.5,28983,18977,
25048.4,25166.5,34480,18758,
21413.44,21151.5,31452,19141,
23417.76,22987.5,37468,19718,
21138.14,21005,30745,18979,
18577.24,18195,29059,16767,
21325.26,21045,29686,18687,
22108.36,21840.5,31871,19075,
22653.82,22189,32891,18665,
25905.68,25818,37831,21413,
21258.76,20957.5,31594,18625,
23973.94,23410.5,34420,20480,
20732.46,20474.5,29850,18504,
22336.66,22235.5,32841,17684,
25472.76,25174.5,42010,20487,
22949.98,22794.5,31915,18775,
25163.28,24824.5,37581,21275,
27082.54,26473,45100,18902,
22841.38,22669.5,32776,19815,
21783.12,21694,29925,18887,
23999.28,23784,33247,21015,
23795.9,23656,35609,21265,
21218.76,21002,31317,18895,
18989.2,18776,27734,16255,
30594.86,31514.5,40624,24324,
22246.6,21992,33477,16434,
28178.9,27482,44292,22140,
22656.78,22528.5,32493,20599,
19929.98,19537,29775,16824,
23562.64,23674.5,32807,18074,
28589.7,28570,42634,21328,
20296.6,20256,30910,17465,
19980.88,19867.5,27847,18024,
23466.22,23027.5,40130,19594,
23455.26,23230.5,34995,20093,
21604.6,21384,31353,18283,
22157.64,22254.5,30381,18997,
19432.24,19328.5,27937,17203,
24559.58,24311.5,39214,18367,
20443.98,20409.5,28822,17906,
21859.28,21768.5,30224,18019,
22092.06,21926.5,30872,19241,
21250.86,21068.5,29820,18763,
20126.28,19812.5,29945,18068,
22335.74,22450.5,29600,17971,
23850.42,24137.5,35678,19259,
20545.06,20434.5,27131,17916,
22410.42,21875,31420,19415,
24589.48,24565,31269,21193,
19692.16,19273,29688,17457,
20092.92,19722.5,30314,17583,
20826.04,20633.5,32202,18295,
24914.16,24763.5,37451,20193,
29658.42,29510,44771,25665,
21051.54,20727,32887,18316,
29675.98,29106.5,44626,23819,
21879,21733,30453,19053,
20143.98,19975.5,27900,18058,
20835.72,20592,28981,17885,
20381.42,20304.5,28041,18034,
27697.46,27253.5,40629,22269,
19883.62,19783,28167,18151,
19222.18,19024.5,26411,16833,
22009.7,21903,32261,19185,
30183.56,29993,43453,22585,
21879.12,21763.5,29359,19131,
23800.1,23623,35854,19632,
33089.9,33856.5,54778,18337,
20606.04,20440,29326,18256,
18416.8,17980,25317,16168,
21033.46,20675.5,26215,17426,
24154.3,23982,33734,21401,
23374.3,22893.5,33938,18780,
24121.36,24072.5,31724,19863,
20591.72,20543.5,32646,15341,
19853.94,19797.5,26841,16613,
21585.24,21632,30761,17906,
20132.18,20026,26505,17861,
19141.42,18861,27754,15723,
20080.28,19763,29058,17519,
18643.14,18477.5,26676,16938,
23714.9,23498,35533,19989,
20231.62,20386,29805,16040,
25342.16,25031,38280,21714,
27328.38,27271.5,42735,21598,
21740.78,21609.5,30124,19811,
23178.34,22957,35778,20134,
21767.34,21870.5,31433,17676,
21649.06,21370,31266,19574,
22589.28,22223.5,32202,19413,
24595.76,24496,35317,19473,
20242.96,20508.5,26630,17477,
19744.8,19601.5,35013,15113,
21926.3,21665.5,32611,19161,
20991.76,20915,27776,16960,
20851.96,20626,28836,17949,
21441.62,21514,30828,17174,
20017.84,19702.5,30253,17999,
24215.28,24132,29205,19551,
22723.6,22517.5,33983,18234,
20327.7,20198,27996,18396,
23362.06,23018,32077,20340,
22031.6,21778.5,32575,19036,
18339.74,18443.5,25123,16309,
27245.28,26940,45314,21217,
22592.5,22444.5,32028,20074,
23283.02,23012,37571,19087,
22434.64,22463,32286,18403,
23344.46,23400,32893,19862,
19953.5,19929,26646,16617,
23191.8,22977.5,33089,21106,
23799.6,23431,35598,22431,
18173.94,17864,25918,15451,
25865.08,25792,36866,21105,
21133.62,20855,25914,18351,
27619.3,27692,36655,24139,
20300.62,20178,28352,17637,
21439.84,20919.5,31232,18243,
21677.5,21538.5,31921,18914,
23530.64,23238.5,30447,20620,
25393.16,24973.5,32391,21698,
21969.3,21571.5,32776,18275,
20715.76,20593.5,31017,17947,
24306.22,24275,35074,20983,
24599.16,24684.5,34971,20239,
20281.18,20169,30436,17008,
19859.48,19813.5,28415,17062,
21421,21247.5,33239,18204,
21755.52,21567,30572,18083,
19440.44,19103,31046,16634,
21138.74,20965,31024,18221,
19689.8,19724.5,26415,17333,
22123.6,21900.5,31101,18568,
13875.62,13738.5,22501,12193,
14626.58,14504,24380,12106,
13404.44,13272,21526,11381,
15007.98,14879,24361,12950,
15555.18,15339.5,25835,12862,
14922.04,14785.5,22194,12583,
16450.38,16391,29930,13222,
14407.84,14162,23480,12062,
13244.2,13082.5,21755,10642,
14906.1,14669,24879,13120,
17578.26,17291,27420,13465,
13950.66,13767,22638,11944,
15272.72,15174.5,25914,12976,
14529.6,14477.5,21927,12138,
14991.02,14819,24653,11885,
14410.62,14146.5,25729,12155,
18405.64,17939.5,35026,13983,
15780.42,15576,27175,12479,
20006.62,19964,28322,15652,
15470.9,15353,26157,11656,
16087.98,16006,24484,13545,
15355.86,15149.5,23851,13933,
14747.92,14769,22453,12929,
12280.66,12088,19834,11048,
14175.52,13936.5,21826,11971,
13640.78,13380.5,21728,11385,
16690.52,16432.5,26554,13781,
13428.62,13308,22720,10709,
12372.56,12025.5,20022,10564,
16333.16,16191,30402,13027,
13800.5,13512.5,24063,11233,
14264.14,13962,23247,12885,
14682.82,14474.5,23359,12772,
13951.88,13820.5,22797,11602,
12257.22,12092.5,19251,10200,
11596.5,11455,19701,9916,
16013.32,15585.5,23001,13373,
16697.18,16635.5,26446,13684,
11493.22,11318,20220,9514,
13686.36,13418,25359,11910,
14704.06,14264.5,25203,12780,
15808.88,15478,26305,12479,
13684.22,13462,22673,11940,
15531.86,15413.5,24320,13501,
13633.98,13369,25171,10112,
14861.64,14731,22137,11833,
14080.56,13998,24059,10833,
12888.52,12640.5,20239,11010,
11569.86,11313.5,21323,9079,
15698.64,15485,27157,13611,
15873.84,15767.5,25062,12546,
13618.82,13560,22172,10773,
13595.32,13529.5,22935,11361,
14199.68,14080.5,21690,12675,
14130.58,14047.5,22996,12128,
14773.5,14517,24524,12644,
15453.28,15396.5,22195,10737,
15557.48,15458.5,25607,13023,
13833.42,13715.5,22752,11114,
15669.04,15480,25314,12728,
15779.2,15560.5,25296,13541,
13651.46,13473,23086,11774,
19664.88,19272,30492,16850,
13612.16,13545.5,21139,11555,
15300.56,15191,25965,11925,
14324.44,14173.5,22790,11849,
13755.54,13607.5,22761,10857,
15575.1,15453.5,25437,11592,
12659.9,12441,22159,9923,
16480.2,16184.5,25160,12383,
13095.58,13018,21097,11106,
12487.14,12184,22515,10122,
11912.92,11656,18631,10415,
18413.24,18338,31274,14402,
13744.22,13705,21350,11792,
14463.76,14147,24518,11939,
16796.54,16525.5,31752,13512,
14176.96,14106.5,22819,11255,
12693.7,12274.5,19132,10468,
13764.18,13557.5,23866,11545,
15679.36,15538,24481,14255,
14285.52,14172.5,23598,12573,
15357.28,15329.5,30272,10962,
16615.98,16366,24750,14150,
15833.32,15634.5,25125,11745,
13517.76,13316.5,21327,11547,
15163.08,15042.5,25119,12826,
16309.32,16038.5,26357,13819,
15492.26,15597,24327,11046,
12727.9,12569,20756,10465,
14422.28,14423.5,25773,10360,
14974.82,14994.5,26497,11385,
15159.22,15028.5,23722,12745,
14378.4,14208.5,25002,12106,
15546.86,15520.5,25429,13235,
15120.62,15012,24708,12214,
13831.22,13690,22691,12199,
13915.16,13967,22798,11776,
16973.88,16927,26741,14004,
13114.14,13009.5,21122,11551,
13062.92,12986.5,22054,11243,
14039.02,13735.5,22115,12416,
14610.36,14641,22581,11909,
12488.7,12383,19537,10993,
11962.04,11772.5,19196,9850,
14828.06,14602.5,22565,12187,
15290.14,14985.5,27396,13081,
16148.56,15810.5,27736,12618,
13878.46,13817.5,22387,12014,
16754.28,16422.5,26854,13794,
15442.82,15252.5,25563,12638,
14056.98,13854.5,23734,11189,
15528.5,15159,25514,12978,
13264.42,12882.5,20119,10578,
16517.98,16217,22972,13448,
13702.04,13517,20901,10974,
14620.7,14484,22834,12471,
15374.24,15241,22722,13371,
12260.22,12283,18484,10681,
16389.42,16295.5,28693,13174,
15792.82,15717.5,24830,13322,
18653.2,18753.5,27629,15913,
12958.32,12679.5,25683,10136,
15818.78,15359.5,27971,13010,
13034.64,12861,19932,11832,
12250.38,12042,20077,10632,
15274.7,15114.5,25568,12357,
14722.88,14656.5,25877,12042,
13168.08,12754,21019,8548,
14478.56,14320.5,25065,12218,
15627.2,15547,25689,13475,
14841.62,14555.5,26077,12595,
14321.36,14152,24305,12373,
15670.9,15516.5,24051,12672,
12934.52,12746,20311,10902,
14080.04,13725.5,22387,11750,
15794.06,15579,26322,13003,
17313.92,17144,29945,13316,
14668.08,14598.5,23224,12661,
13598.7,13432,22638,11313,
17305.26,17057,29031,14915,
13942.66,13785,22460,11538,
13118.7,12969,21094,10675,
15832,15941,26426,12788,
13710.66,13648.5,22693,11886,
11283.38,10948,24281,9035,
13154.34,13113,21728,10956,
16860.5,16737.5,25123,13510,
16193.72,16045.5,26414,13718,
17363.86,17166,26610,14651,
13443.26,13302.5,22909,11109,
14014.54,13838,21549,12888,
16060.22,15702.5,26511,14124,
13236.34,13096,21803,11197,
15093.6,15106,21087,10968,
15784.28,15566.5,24055,13652,
17446.28,16986,29367,13999,
16246.42,16173.5,22435,13000,
14734.48,14545,23013,13042,
13356.82,13200,21405,11636,
20516.32,20626.5,28866,15508,
15117.38,14895,25979,12284,
14755.28,14496.5,27313,12040,
13879.66,13790.5,22335,11536,
18076.42,17817,33345,12671,
13598.18,13328.5,23438,11651,
15123.84,15051.5,22873,12317,
14627.38,14446.5,23372,12722,
14100.26,13918.5,23201,11120,
12932.64,12725,20493,11392,
16463.66,16431,27850,13656,
12462.82,12239.5,20667,10626,
13633.98,13367,22593,11302,
13176.12,13023,21906,11954,
13703.98,13563.5,20018,10964,
15437.82,15269.5,22114,13181,
19075.04,18426,33874,13303,
12962.08,12821,21382,11284,
14234.84,14136,22780,12149,
15119.12,14757.5,23625,12365,
15212.94,15150,24968,13060,
14209.08,14135.5,22468,12000,
13800.52,13670.5,22965,11551,
17603.86,17152,27984,13292,
15468.62,15288.5,25608,12963,
13331.04,13235,22273,11675,
13119.44,12939,23065,9826,
15316.82,15324,21319,11751,
14087.1,13925,23794,12053,
15523.94,15460.5,25793,12614,
13400.64,13150.5,21303,11135,
18285.56,17756,32804,14916,
21789.02,21453.5,30391,19121,
22647.94,22365,33862,19840,
20376.66,20225,27708,17659,
19392.88,19215,27205,16789,
21124.82,20739.5,29843,14916,
24430.48,24131,36847,20066,
20749.7,20598,29392,18411,
20520.8,20396,28253,18034,
23901.78,23603,36889,20098,
17899.3,17902,24453,16325,
20558.52,20295,27996,17726,
21102.06,20617.5,32321,17449,
22110.52,22051.5,30484,17604,
19158.4,18887,28149,16695,
24960.94,25004,34907,19248,
22838.22,22752.5,36724,17664,
14524.82,14245,25643,12889,
21448.58,20815.5,34001,18384,
16179.1,16132,27037,11940,
13746.78,13568,24158,11367,
13449.16,13135.5,21765,12009,
13642.68,13507.5,22961,12262,
14130.76,14038.5,22890,12306,
12847.74,12721,19961,11227,
22015.32,21759.5,30381,19079,
24344.92,24326,35001,20221,
19152.26,19070.5,26758,17016,
24231.62,24070.5,34011,21042,
22507.1,21951,31351,19094,
27568.92,26992.5,45132,20391,
19018.94,18906,31466,14749,
22822.7,22509.5,29613,19462,
12604.46,12412,21254,10551,
14880.86,14778.5,20687,12477,
12377.38,12177.5,20751,10622,
13234.64,13069.5,24025,10485,
13371.6,13162.5,22361,11367,
15966.52,15690.5,27360,13245,
18792.6,18483.5,32254,15108,
14342.9,14162,22786,12252,




Further Data analysis of all test cases 
avg med max min 
AVGs,19656.138,19967.68,40578.38,11416.54,
MEDs,19484.173,19733,40686,11331,
MAXs,30640.036,30289,65809,18984,
MINs,18422.206,19603,30041,9639,


AVGs,18651.742,20323.16,28307,10878.4,
MEDs,18378.454,20145.75,27793.5,10604,
MAXs,30569.642,29908,72541,19004,
MINs,15450.992,16960,24585,8104,


AVGs,19200.843,19980.17,43891.6,11283.38,
MEDs,19015.773,19811.75,43817,10948,
MAXs,28951.292,28450,72541,18484,
MINs,16036.322,17070.5,33540,8548,



