

Data analysis for each instance 
AVG,MED,MAX,MIN
1284.42,1218.5,3353,1110,
1216.28,1158.5,3009,1039,
1156.38,1111.5,2919,1016,
1570.1,1520.5,4069,1363,
1115.7,1077,2814,954,
1145.66,1095.5,2888,1003,
1122.8,1065,2832,996,
1167.3,1114.5,3032,977,
1137.1,1081.5,2984,937,
1418.44,1366.5,3797,1190,
1313.96,1285.5,3481,1127,
1248.48,1195.5,3275,1070,
1360.36,1299,3560,1179,
1537.64,1480.5,4095,1295,
1230.56,1173,3199,1070,
1152.22,1109,2929,975,
1529.94,1454,3968,1245,
1393.46,1313.5,3581,1169,
1445.2,1372,3739,1262,
1647.62,1564,4318,1409,
1361.88,1290,3488,1144,
1818.6,1736,4813,1561,
1301.18,1247,3346,1132,
1546.74,1488.5,3973,1342,
1103.14,1053.5,2788,940,
1328.86,1286.5,3430,1148,
1335.04,1266.5,3493,1170,
1470.62,1398,3811,1297,
1182.02,1139.5,3030,1021,
1631.7,1555,4406,1384,
1523.74,1458.5,3945,1239,
1132.76,1102,2796,917,
1403.14,1344,3574,1218,
1153.9,1116,2914,985,
1532.86,1458,3962,1282,
1091.12,1034.5,2852,967,
1198.74,1144.5,3146,987,
1315.58,1269,3308,1133,
1297.68,1247.5,3397,1140,
1194.16,1142,3174,1040,
1135,1078.5,2999,971,
1316.04,1262.5,3455,1072,
1220.28,1166.5,3204,1083,
1467.26,1395.5,3871,1255,
1479.34,1402,3876,1253,
1296.6,1244.5,3440,1096,
1380.38,1313.5,3639,1152,
1268.24,1213,3319,1101,
1171.76,1125,3055,1026,
1558.6,1490.5,3980,1318,
1710.5,1633.5,4473,1515,
1259.48,1195,3299,1111,
1181.32,1136.5,3003,1016,
1495.4,1430.5,3843,1255,
1140.36,1092.5,2879,975,
1256.64,1206,3244,1050,
1521,1472,4073,1294,
1203.68,1144.5,3095,1039,
1308.52,1251,3356,1106,
1275.12,1235,3297,1111,
1204.42,1156.5,3116,1083,
1334.26,1278.5,3490,1163,
1318.4,1279,3367,1090,
1247.82,1192.5,3232,1059,
1165.36,1121,2995,1012,
1095.1,1065,2827,957,
1772.72,1687.5,4704,1473,
1121.12,1075,2878,945,
1815.16,1662,5065,1580,
1379.06,1307,3646,1164,
1371.04,1306,3577,1166,
1278.16,1220,3353,1124,
1311.04,1262.5,3350,1062,
1251.96,1209.5,3247,1089,
1364.38,1308.5,3512,1147,
1106.6,1058.5,2961,946,
1298.62,1248.5,3359,1127,
1371.38,1309.5,3600,1150,
1085.94,1045,2813,960,
1104.58,1053.5,2749,947,
1205.36,1156,3065,1038,
1638.12,1565,4304,1414,
1758.96,1674.5,4652,1472,
1251.3,1204,3167,1042,
1352.64,1303,3473,1193,
1369.02,1308.5,3580,1184,
1380.02,1290.5,3700,1157,
1107.22,1060.5,2880,939,
1495.88,1430,3922,1263,
1261.92,1205.5,3289,1069,
1543.64,1472.5,3969,1271,
1177.14,1121.5,3080,1023,
1169.86,1120,3072,1022,
1189.62,1133.5,3087,1022,
1725.76,1629,4584,1469,
1763.64,1686.5,4680,1499,
1159.94,1113.5,3071,978,
1368.36,1299,3522,1129,
1228,1167.5,3247,1052,
1248.88,1191.5,3244,1079,
1009.06,965.5,2619,876,
1214.66,1175.5,3173,1030,
1344.8,1287,3620,1116,
1238.12,1193,3235,1092,
1370.58,1318.5,3518,1153,
1383.74,1337,3639,1169,
1420.52,1378.5,3712,1222,
1346.1,1289,3521,1166,
1107.44,1045,2938,914,
1189,1125,3065,1056,
2492.8,2350,6582,2113,
1291.72,1221,3380,1119,
1149.68,1096,3035,1010,
1517.7,1458.5,3828,1249,
1095.32,1042,2855,957,
1076.82,1034.5,2763,923,
1250.58,1187,3206,1096,
1445.82,1369.5,3777,1233,
1210.5,1185.5,3005,1000,
1380.5,1325.5,3705,1172,
1524.02,1462,3998,1323,
1491.74,1438,3935,1267,
1170.08,1121.5,3022,986,
1516.46,1447.5,3887,1260,
1244.84,1187,3228,1073,
1500.14,1426,3781,1287,
1168.28,1129,2936,993,
1244.96,1174,3250,1068,
1180.66,1121,3083,1011,
1151.08,1109.5,2908,980,
1136.98,1095.5,2911,964,
1327.58,1267,3424,1133,
1210.64,1169.5,3093,1028,
1188.38,1127,3079,1017,
1186.28,1129,3134,1040,
1135.64,1087,2923,1003,
1462.42,1396,3826,1183,
1185.18,1125.5,3114,1006,
1510.02,1422.5,3951,1266,
1211.12,1156.5,3177,1052,
1280.82,1236.5,3394,1078,
1253.22,1190,3218,1121,
1299.16,1245,3412,1094,
1472.72,1420,3834,1268,
1718.22,1631,4464,1496,
1185.5,1132.5,3072,1037,
1438.22,1373,3745,1233,
1229.14,1166,3179,1063,
1369.1,1301,3555,1195,
1579.84,1510.5,4129,1407,
1421.9,1370.5,3677,1233,
1437.48,1366,3738,1187,
1467.12,1409,3846,1217,
1365.74,1303.5,3532,1180,
1191.76,1149,2957,1027,
1441.7,1382.5,3799,1228,
1222.84,1173.5,3166,1062,
1303.72,1244.5,3445,1115,
1023.98,980,2604,883,
1801.72,1704,4793,1473,
1215.34,1160.5,3156,1051,
1623.58,1536,4161,1350,
1346.72,1291.5,3508,1178,
1171.28,1119,2970,989,
1437.46,1384.5,3721,1176,
1683.24,1614,4380,1427,
1345.5,1291,3442,1184,
1095.2,1071,2780,943,
1322.66,1269.5,3335,1139,
1305.6,1244.5,3394,1115,
1304.82,1242,3359,1085,
1233.52,1182,3218,1082,
1210.86,1162,3153,1026,
1518.18,1453,4009,1296,
1159.24,1112,2918,1000,
1221.86,1162.5,3167,999,
1199.3,1156,3124,1002,
1220.14,1171.5,3168,1080,
1177.08,1148,2820,1020,
1399.68,1344.5,3630,1228,
1289.6,1227.5,3268,1113,
1211.6,1160,3108,1052,
1273.72,1225,3303,1075,
1412.62,1336.5,3696,1233,
1123.56,1081.5,2942,945,
1175.98,1125,3077,1030,
1320.1,1266,3459,1131,
1528.02,1460.5,4078,1308,
1720.4,1653.5,4533,1437,
1175.84,1131.5,2987,1013,
1672.14,1578,4402,1372,
1307.64,1247.5,3362,1149,
1123.1,1075,2953,977,
1401.16,1340.5,3649,1212,
1217.46,1164.5,3146,1033,
1669.92,1587.5,4404,1396,
1103.9,1047.5,2884,962,
1153.38,1097.5,3022,998,
1234.4,1180,3126,1090,
1837.54,1752,4832,1575,
1278.94,1236,3256,1109,
1316.1,1256.5,3361,1152,
1761.56,1627,4644,1425,
1243.98,1196,3143,1054,
1152.16,1107,2972,959,
1238.82,1177.5,3256,1082,
1439.02,1375,3627,1224,
1560.5,1498,4064,1322,
1343.46,1293,3495,1157,
1207.3,1150.5,3016,976,
1195.04,1155,3009,974,
1365.74,1304,3540,1174,
1317.36,1260,3387,1150,
1271.98,1232.5,3212,1112,
1272.2,1218,3318,1130,
1088.4,1041,2846,960,
1296.74,1234.5,3332,1118,
1152.58,1111,3064,984,
1411.46,1343.5,3647,1140,
1550.48,1469.5,4063,1261,
1276.4,1233,3324,1075,
1283.88,1230,3305,1053,
1374.42,1309.5,3605,1164,
1444.74,1368,3732,1234,
1257.86,1208,3331,1092,
1424.48,1349,3770,1219,
1132.26,1078.5,2945,977,
1304.38,1251,3454,1079,
1351.52,1290,3514,1152,
1191.06,1154.5,3091,1013,
1234.7,1167,3240,1059,
1167.56,1123,3043,985,
1235.54,1187.5,3187,1019,
1313.54,1261,3532,1071,
1425.24,1375,3722,1243,
1359.96,1307,3492,1165,
1480.26,1438,4043,1186,
1218.94,1155.5,3157,1041,
1015.1,982.5,2583,893,
1519.26,1464,3900,1236,
1424.46,1364.5,3726,1233,
1345.36,1274,3548,1133,
1266.84,1206,3356,1056,
1300.12,1249.5,3403,1118,
1386.5,1334,3638,1196,
1257.48,1216,3111,1046,
1427.12,1357.5,3771,1205,
1110.18,1068.5,2922,959,
1450.36,1412.5,3711,1207,
1240.18,1186.5,3212,1091,
1620.68,1556.5,4237,1379,
1080.32,1039,2816,965,
1213.04,1152,3090,973,
1193.12,1149,3007,1020,
1442.78,1376.5,3815,1227,
1624.82,1561.5,4269,1357,
1420.16,1351,3755,1242,
1157.52,1115.5,2903,976,
1608.9,1537.5,4273,1306,
1415.16,1354.5,3591,1143,
1315.2,1266,3260,1139,
1216.3,1157,3109,1013,
1356.08,1288,3538,1169,
1302.3,1245.5,3371,1153,
1132.04,1089.5,2814,964,
1200.3,1159,3165,925,
1276.6,1223,3321,1082,
1428.6,1364.5,3719,1245,
929.92,889,2522,829,
884.52,845.5,2376,781,
887.7,847.5,2387,784,
990.84,942,2644,856,
968.68,916,2647,828,
920.1,875,2482,799,
1131.8,1068.5,3087,1002,
924.06,884.5,2494,795,
790.02,753.5,2184,663,
960.16,917.5,2572,828,
1149.5,1089.5,3083,972,
879.9,834,2389,785,
983.5,934.5,2678,855,
867.54,822,2370,761,
914.26,864.5,2474,793,
957.96,917.5,2621,839,
1253.88,1183,3431,1106,
890.58,841,2402,788,
1213.88,1109.5,3396,1044,
911.96,874.5,2446,777,
954.16,908,2594,812,
1017.28,970.5,2691,899,
858.3,807.5,2330,763,
711.32,675.5,1905,621,
969.46,919.5,2608,869,
862.6,824,2319,759,
984.9,938,2638,866,
874.98,831.5,2424,758,
895.92,850.5,2425,784,
988.34,933,2729,848,
975.04,934.5,2621,840,
996.94,947.5,2693,879,
889.46,846.5,2402,773,
881.02,847.5,2309,770,
732.68,695.5,1994,658,
792.88,759.5,2110,689,
1072.36,1020,2920,925,
994.3,948.5,2715,849,
733.04,695,1960,654,
964.68,916,2627,819,
861.06,819,2343,751,
936.38,895.5,2471,802,
796,761.5,2119,684,
955.24,902,2600,831,
956.12,904.5,2639,821,
1057.44,996.5,2899,925,
901.9,852.5,2476,784,
797.06,758,2129,695,
785.18,746,2196,681,
981.06,922,2664,854,
852.36,813.5,2247,759,
946.8,900.5,2609,841,
850.36,806,2320,750,
854.9,820,2307,745,
910.96,857.5,2485,798,
909.12,851.5,2434,762,
1060.82,1001.5,2881,900,
963.72,912.5,2618,828,
911.28,868,2421,780,
1005.16,953.5,2715,879,
1004.6,945,2650,880,
920.34,875,2490,815,
1172.22,1114.5,3176,993,
762.32,728.5,2043,678,
1005.08,948.5,2719,885,
897.62,844.5,2380,780,
902.04,858,2416,781,
955.26,908,2599,815,
1012.3,962.5,2696,883,
1022.72,959,2792,865,
793.42,756,2136,716,
790.3,744.5,2123,698,
803.62,766.5,2179,717,
1250.48,1184,3472,1106,
856.1,818,2324,759,
959.14,913,2571,818,
1206.96,1142.5,3296,1027,
814.36,774.5,2155,703,
897.52,841.5,2465,772,
959.04,912,2593,854,
903.18,851.5,2403,802,
867.58,820,2327,765,
1089.12,1029.5,2995,924,
1061.68,998,2872,924,
1008.6,958.5,2692,842,
939.9,886,2569,823,
848.26,802,2283,740,
1000.28,945,2717,910,
981.32,918.5,2662,845,
783.82,742,2148,670,
970.16,923,2609,825,
948.66,903.5,2578,833,
872.92,829,2354,774,
924.12,880,2498,809,
1102.48,1039,3032,963,
861.12,807.5,2275,716,
958.18,913,2618,841,
865.82,823.5,2339,766,
1092.58,1020.5,2997,959,
895.52,859.5,2343,780,
838.36,793.5,2255,734,
876.74,834,2348,777,
977.5,935.5,2620,841,
848.68,808,2243,731,
781.26,742,2093,682,
917.86,873,2476,776,
869.84,820,2372,770,
1007.38,947.5,2720,882,
767.3,736.5,2034,677,
1066.36,1004,2891,915,
1113,1052,3036,1001,
904.62,866,2445,788,
1017.7,960,2764,883,
814.58,775.5,2268,688,
1097.48,1039,2981,936,
864.5,822,2321,726,
882.68,840,2386,794,
942.72,894.5,2582,845,
809.66,768.5,2132,715,
956.64,901,2537,801,
963.26,910.5,2589,829,
1150.96,1089,3110,971,
944.12,891,2786,879,
1052.46,997,2896,905,
818.8,780.5,2206,723,
792.46,747.5,2081,700,
912.32,872.5,2490,798,
1102.4,1048.5,3040,955,
1088.96,1034,2956,918,
952.26,907.5,2579,833,
949.64,905.5,2558,829,
948.46,904,2561,811,
876.78,826,2373,745,
954.88,895.5,2718,843,
867.5,821,2294,741,
934.66,887,2537,825,
1001.98,950.5,2742,893,
1042.18,991.5,2799,892,
846.06,810,2318,738,
838.54,798.5,2269,745,
1127.52,1057,3069,992,
898.02,851,2362,771,
841.5,800,2243,715,
1070.42,1016,2888,907,
859.34,817.5,2343,752,
930.48,884.5,2517,822,
795.66,758.5,2133,693,
994,927.5,2681,847,
1111.8,1047.5,3035,969,
1168.06,1118.5,3217,1008,
863.9,826.5,2351,742,
884.68,838.5,2395,791,
1002.18,954.5,2718,874,
776.42,749,2092,653,
918.34,874,2443,799,
986.06,930.5,2664,851,
1039.5,982,2799,881,
1046.22,996,2790,907,
1063.76,1011,2910,917,
822.62,783,2201,710,
1269.08,1186,3537,1109,
928.64,891.5,2523,808,
1029.32,969,2773,917,
932.38,878.5,2517,822,
1195.16,1134,3202,1020,
947.54,898,2599,828,
962.48,907,2571,838,
995.26,942,2825,843,
878.62,832,2381,763,
913.58,872.5,2414,812,
981.88,928.5,2621,854,
786.72,746,2111,687,
886.98,842,2408,771,
824.12,782.5,2209,721,
965.5,916,2599,841,
921.44,875.5,2481,808,
1142.2,1071.5,3139,974,
796.54,758.5,2104,681,
928.5,883,2526,802,
929.16,876,2475,825,
921.9,870.5,2456,814,
862.18,813,2339,752,
961.24,912,2580,850,
1156.48,1108,3171,991,
990.52,937,2690,862,
788.44,747,2104,685,
872.52,836.5,2389,758,
1077.82,1022.5,2956,927,
1014.2,964.5,2718,911,
979.3,927.5,2577,834,
915.16,867,2448,802,
1152.46,1089,3095,988,
1210,1159,3061,1030,
1272.48,1229,3279,1063,
1387.36,1317,3624,1156,
1084.2,1052,2791,953,
1171.7,1130.5,3076,988,
1229.86,1186,3117,1052,
1184.54,1127,3159,1035,
1154.74,1096.5,2959,997,
1354.7,1284.5,3529,1108,
1145.74,1102,2968,968,
1210.84,1165,3008,1018,
1153.1,1099,3041,1000,
1331.88,1272,3453,1170,
1076.72,1029.5,2723,927,
1342.64,1279,3485,1114,
1395.98,1313.5,3548,1143,
896.9,845,2410,743,
1196.76,1147.5,3086,1029,
1200.46,1138.5,3211,994,
900,857,2416,786,
818.14,781.5,2153,710,
858.12,813.5,2295,760,
951.92,910.5,2606,831,
875.06,829,2395,775,
1415.12,1359,3614,1219,
1391.6,1331,3624,1216,
1114.84,1051,2967,966,
1406.94,1332.5,3856,1196,
1158.06,1113,2965,996,
1555.98,1475.5,4028,1262,
1161.58,1064,3332,1043,
1391.52,1333.5,3582,1122,
1006.58,953,2724,870,
966.54,917.5,2623,852,
733.42,705.5,1972,640,
857.06,819,2256,727,
903.94,865.5,2446,793,
994.38,934,2704,838,
1113.06,1045.5,3024,945,
898.84,857,2442,774,


1176.5,1135,3520,978,
1152.94,1096.5,3253,977,
1082.48,1036.5,3118,828,
1429.86,1355,4127,1202,
1040.32,991,2696,879,
1097.46,1042,2977,924,
1082.4,1038.5,2837,910,
1090.88,1048.5,2934,950,
1110.38,1054.5,3125,898,
1305.14,1245,3803,1109,
1190.44,1154.5,3047,941,
1152.52,1106.5,3283,998,
1253.98,1213,3533,1032,
1396.44,1334.5,4201,1152,
1160.9,1117,3276,967,
1100.24,1071.5,2892,914,
1347.6,1305.5,4281,1049,
1308.54,1289,3575,989,
1291.86,1259.5,3445,982,
1473.58,1407.5,4385,1184,
1246.48,1205,3566,994,
1582.82,1507,4605,1336,
1203.16,1157,3667,960,
1417.46,1355,4107,1209,
1050.52,1017,2839,854,
1223.34,1182.5,3368,1045,
1234.32,1196.5,3233,1046,
1331.78,1300.5,3556,1126,
1115.6,1051,2926,928,
1497.92,1440.5,4702,1188,
1324.26,1274,3847,1045,
1049.42,1009,2810,891,
1308.74,1250.5,3900,1107,
1089.62,1052.5,2992,945,
1394.88,1347.5,3908,1154,
1058.68,1014.5,2908,912,
1118.56,1089,2958,942,
1229.58,1185.5,3375,1074,
1216.52,1176,3316,1018,
1137.96,1097,2956,962,
1065.56,1030.5,2918,914,
1209.04,1157,3257,971,
1125.92,1089.5,3120,994,
1327.74,1281.5,3883,1073,
1313.44,1260.5,4356,1064,
1222.02,1160,3485,1005,
1291.66,1231,3838,1065,
1126.38,1073.5,3267,982,
1133.36,1067.5,3260,958,
1413.78,1364.5,4035,1160,
1549.72,1501.5,4478,1329,
1173.78,1122.5,3393,967,
1111.46,1056,3086,952,
1331.88,1276.5,3768,1102,
1080.72,1025.5,2742,870,
1138.9,1075.5,3557,953,
1341.08,1288,4026,1116,
1137.88,1094,3290,973,
1215.68,1157,3606,1021,
1182.74,1146,3246,1021,
1132.88,1084,2994,981,
1226.82,1186.5,3378,1029,
1207.38,1137,3726,994,
1125.68,1079.5,3186,906,
1107.98,1064.5,3049,952,
1059.24,1019.5,2814,885,
1589.54,1516,4708,1273,
1066.28,1019.5,3186,829,
1721.62,1629.5,5709,1288,
1266.04,1201.5,3688,1022,
1246.24,1187,3723,966,
1172.72,1115.5,3442,967,
1237.44,1183,3556,994,
1174.5,1129,3160,1036,
1200.8,1157.5,3679,957,
1044.88,991,3120,801,
1204.88,1178.5,3232,1019,
1296,1242,3540,1097,
1005.48,980.5,2771,821,
1027.96,992.5,2863,821,
1141.06,1086.5,3195,976,
1453.34,1387.5,4406,1155,
1541.16,1489,4556,1223,
1154.72,1099,3480,894,
1262.18,1212.5,3746,1090,
1265.52,1213.5,3560,1033,
1271.16,1210,3400,1030,
1074.56,1037,2924,876,
1314.74,1266,3711,1003,
1158.8,1107,3449,982,
1414,1367,3395,1103,
1118.68,1063,3282,934,
1096.88,1061,3017,943,
1125.82,1074.5,3326,916,
1573.36,1476,5275,1161,
1554.86,1505.5,4223,1173,
1101.9,1068.5,2952,931,
1240.16,1181.5,3398,1029,
1143.98,1106,3209,925,
1145.18,1119,3273,967,
988.2,958.5,2588,790,
1142.88,1095,3400,928,
1216.4,1175,3517,964,
1138.98,1099.5,3249,894,
1227.7,1174.5,3875,959,
1274.86,1218,3495,1010,
1302.96,1258.5,3806,1006,
1265.12,1222.5,3602,984,
1006.84,959.5,3022,806,
1130.9,1084,3100,938,
2145.2,2082.5,6515,1732,
1180.88,1147.5,2953,968,
1080.06,1030,2822,923,
1381.48,1332,3867,1108,
1058.66,1018,2747,898,
1018.4,968.5,2863,871,
1143.62,1103,3096,850,
1341.82,1287.5,4056,1095,
1142.18,1100,3026,921,
1272.36,1224,3489,1100,
1401.98,1333.5,3975,1202,
1343.08,1278.5,4329,1115,
1082.16,1022.5,3053,891,
1364.86,1301,4180,1106,
1156.8,1109,3186,958,
1290.46,1241.5,3808,1087,
1105.28,1069,3006,935,
1157.24,1113.5,3281,1019,
1123.38,1095,3113,950,
1064.04,1009,2844,914,
1060.78,1019,3010,917,
1211.08,1160,3476,1044,
1150.3,1107,3132,991,
1085.18,1015.5,3202,902,
1127.7,1068.5,3272,982,
1075.22,1050,2943,897,
1354.66,1303.5,3912,1097,
1110.88,1068.5,3097,921,
1387.38,1339.5,3696,1111,
1140.04,1086,3259,957,
1194.26,1142.5,3037,969,
1162.52,1095.5,3323,1020,
1185.14,1134,3087,947,
1339.06,1273,4078,1143,
1546.1,1484.5,4711,1321,
1099.62,1051.5,3121,948,
1340.42,1288,3909,1102,
1129.54,1080,3394,967,
1258.22,1197.5,3440,1042,
1396.28,1323,3988,1150,
1323,1256,3628,1119,
1340.24,1286.5,4122,1114,
1310.1,1249,4596,996,
1241.46,1191.5,3445,1059,
1132.6,1082,3011,979,
1317.76,1268,3813,1153,
1169.88,1126.5,3263,1001,
1189.5,1151,3364,1005,
997.6,965.5,2610,853,
1578.9,1520,4579,1262,
1124.22,1085.5,3154,936,
1436.88,1392.5,4501,1221,
1217.52,1167,3805,1007,
1096.82,1046,3343,910,
1322.36,1276.5,3592,1068,
1506.96,1433.5,4650,1150,
1256.86,1207.5,3522,1052,
1058.64,1017,2894,870,
1191.88,1124,3348,1028,
1190,1139,3274,1000,
1195.32,1152.5,3024,1028,
1142.62,1089.5,3238,992,
1121.14,1080,3070,914,
1372.3,1316.5,4240,1006,
1104.84,1074,2866,911,
1110.32,1055,2949,937,
1135.04,1095,3022,893,
1150.88,1111.5,3206,1010,
1096.5,1049,2975,896,
1297.44,1245.5,3804,1093,
1213.7,1163,3319,971,
1138.78,1096.5,3017,1008,
1192.38,1121,3496,995,
1293.38,1242.5,3559,1049,
1067.5,1030,2859,875,
1105.88,1067.5,3028,948,
1226.28,1169,3388,1027,
1383.32,1318,3789,1156,
1557.5,1483,5254,1143,
1117.64,1089.5,3038,933,
1506.86,1441,4867,1247,
1217.18,1171,3506,1061,
1082.1,1041.5,2843,909,
1284.8,1221.5,3697,1085,
1151.8,1128,3073,930,
1466.34,1391,4323,1224,
1047.8,1005.5,2738,889,
1119.8,1069,3299,912,
1170.9,1124,3420,1018,
1630.32,1562,4668,1293,
1208.16,1159.5,3299,1011,
1231.58,1179,3475,1008,
1551.42,1521,4854,1131,
1166.62,1124.5,3106,975,
1074.78,1030,3313,867,
1150.96,1099.5,3394,955,
1300.94,1262.5,3148,1010,
1413.62,1356,4019,1194,
1263.82,1213.5,3540,1031,
1102.72,1053.5,3054,916,
1129,1080.5,3306,948,
1286.96,1229.5,3754,1039,
1197.32,1153.5,3213,949,
1176.06,1127,3454,1000,
1177.28,1128,3278,992,
1045.62,1010.5,2600,896,
1227.06,1180,3475,1028,
1118.18,1067.5,3241,892,
1276.88,1217,3769,1026,
1325.36,1287.5,4005,1025,
1174.12,1127,3273,1008,
1235.44,1194,3554,1038,
1273.58,1209,3724,1029,
1346.28,1285,3762,1143,
1182.32,1122,3206,982,
1273.72,1218.5,3697,1023,
1073.34,1030.5,2696,911,
1185.8,1129,3340,959,
1244.24,1185.5,3818,997,
1091.58,1053.5,3206,917,
1152.34,1091.5,3120,907,
1106.32,1072.5,2916,901,
1156.98,1113.5,3507,956,
1201.02,1155,3587,980,
1271.8,1215.5,3800,1009,
1252.1,1206,3748,1023,
1319.08,1265,4249,1018,
1163.92,1130.5,3130,934,
980.92,944,2648,856,
1374.76,1302.5,4360,1082,
1312.8,1255,3851,1128,
1220.72,1149.5,3712,975,
1154.64,1093.5,3535,909,
1234.08,1184,3475,1014,
1262.62,1213,3569,1056,
1160.62,1119.5,3093,914,
1297.16,1269,3417,930,
1058.46,1014.5,2954,872,
1320.52,1255,4164,1108,
1137.8,1103.5,2886,892,
1471.16,1426.5,4255,1180,
1036.04,991.5,2724,890,
1091.68,1039,3518,922,
1143.24,1108.5,3174,944,
1308.7,1271.5,3730,1048,
1462.48,1404.5,4164,1182,
1287.66,1249,3658,964,
1107.48,1038,3195,932,
1429.54,1380.5,4683,1184,
1308.82,1245,3900,1111,
1234.32,1193,3521,1046,
1140.02,1091.5,3373,923,
1294.5,1232.5,3673,1044,
1194.66,1150.5,3162,1043,
1069.12,1036.5,2965,838,
1158.28,1107,3249,867,
1168.18,1130.5,3166,896,
1310.76,1255,3625,1124,
880.66,841,2321,785,
823.04,789,2044,656,
841.44,800,2415,748,
914,877.5,2569,796,
887.82,842.5,2760,699,
856.28,836,2434,696,
1032.24,1007.5,2915,807,
864.14,828.5,2360,718,
784.46,741,2266,660,
888.54,850.5,2504,782,
1066.44,1041,2959,842,
827.56,791.5,2402,738,
914.88,891,2522,762,
836.86,796.5,2363,717,
859.84,819,2505,740,
894.42,858.5,2560,755,
1141.56,1087,3707,957,
864.44,828.5,2430,678,
1080.48,1033,3520,814,
875.48,841.5,2525,734,
891.42,854.5,2698,728,
949.8,916,2737,821,
830.16,789.5,2538,706,
711.64,673,1953,611,
914.42,869.5,2710,785,
811.38,773,2218,661,
941.78,902.5,2794,802,
839.28,815,2403,705,
848.48,823,2408,686,
920.54,883.5,2980,732,
922.28,900.5,2793,731,
929.04,885,2860,776,
824.76,783.5,2459,724,
843.98,809,2348,699,
713.58,675,1984,627,
761.62,731.5,2091,649,
1005.5,957,2937,840,
943.54,916,2834,748,
726.3,689,1994,612,
897.62,855.5,2544,714,
831.12,790,2445,664,
859.72,830,2535,734,
784.44,747,2331,628,
893.22,853.5,2616,768,
890.58,864.5,2837,717,
960.38,937,2916,760,
827.38,799.5,2244,677,
775.44,745.5,2158,686,
738.58,708,2189,598,
923.16,890.5,2627,712,
817.78,789.5,2264,722,
874.04,839,2462,758,
810.28,774,2141,673,
818.52,782,2204,688,
843.68,818,2253,710,
866.78,833,2424,710,
996.62,962,2832,824,
910.22,872,2822,744,
867.68,843.5,2436,707,
945.84,905,2791,798,
953.4,908.5,2940,834,
875.88,835.5,2431,768,
1056.32,1009.5,3148,904,
752.7,724,1988,624,
952.56,913,2845,817,
860.28,834,2380,732,
846.02,813.5,2311,689,
903.68,874,2835,659,
929.6,891.5,2712,752,
932.56,896.5,2658,762,
773.14,739,2232,680,
750.54,713.5,2076,611,
769.5,735,2049,660,
1094.9,1054.5,3435,841,
835.92,803.5,2316,708,
909.22,860.5,2420,778,
1095.58,1072,3057,848,
800.48,768.5,2145,666,
851.74,807.5,2399,719,
901.4,872.5,2456,767,
855.96,815,2411,721,
815.9,783.5,2235,720,
1022.3,973.5,3041,819,
972.7,934.5,2728,829,
928.26,882,3042,772,
875.18,850,2484,707,
826.6,789,2248,676,
926.36,890.5,2617,787,
927.68,891.5,2693,762,
747.74,723,2200,647,
904.98,872.5,2503,674,
895.86,855,2521,747,
836.2,798.5,2356,702,
888.7,851.5,2545,695,
1027.08,981.5,3149,870,
820.02,780.5,2232,656,
901.2,873,2651,733,
829.64,795,2277,711,
995.04,955.5,2793,847,
845.84,821.5,2335,685,
811.74,786,2109,689,
849.78,813,2412,743,
929.9,886.5,3068,750,
830.32,805.5,2297,706,
758.52,721.5,2237,635,
851.08,818,2213,724,
835.98,799,2200,679,
947.04,902,2877,767,
753.22,713,2128,649,
1028.56,985.5,3258,840,
1032.4,981.5,2901,855,
855.8,803,2463,684,
929.76,888,2919,753,
786.64,758,2308,648,
997.82,951.5,2998,809,
829.66,795,2022,704,
833.88,799,2297,729,
873.92,833,2602,759,
777.88,747.5,2073,653,
942.08,895.5,2776,780,
909.1,859,2860,741,
1042.2,1012,2908,856,
912.84,873,2192,720,
968.8,936,2813,726,
792.64,756,2198,674,
777.18,752.5,2177,656,
864.58,832,2415,730,
1023.04,972,2851,865,
983.2,938,2656,785,
875.34,836.5,2546,747,
910.38,867.5,2572,740,
917.64,875,2753,709,
830.56,798.5,2423,691,
913.86,870.5,2649,725,
854.26,817,2528,701,
895.32,853,2595,746,
944.86,909,2760,804,
947.18,906,2751,775,
803.84,780,2144,668,
787.12,754,2117,683,
1052.22,1003,3389,878,
863.8,820,2542,738,
789.14,752,2323,658,
978.1,934.5,2814,797,
827.16,780.5,2394,709,
858.06,813.5,2473,712,
766.64,733.5,2157,672,
928.74,883,2477,771,
1031.9,989,3049,888,
1066.4,1003.5,3132,828,
826.5,792.5,2403,703,
829.3,798.5,2289,701,
934.14,902.5,2719,779,
769.16,734,2121,641,
879.62,839.5,2684,765,
908.08,864,2749,765,
975.38,942,2985,749,
968.04,936.5,2733,752,
1007.82,961,2963,841,
797.7,756.5,2182,692,
1155.68,1099.5,3466,878,
854.82,817,2383,696,
945.8,903.5,2753,794,
865.92,827.5,2498,704,
1112.58,1058.5,3556,856,
875,835.5,2391,713,
910.54,865,2726,782,
949.52,900.5,2961,766,
831.56,796.5,2337,681,
858.54,817,2489,727,
907.2,867.5,2720,746,
752.54,719.5,2134,637,
845.92,812,2438,706,
795.4,760,2214,679,
909.12,875,2510,748,
876.3,838.5,2490,736,
1060.62,1023.5,3390,893,
769.1,742,2122,643,
887.46,858.5,2630,748,
878.36,848,2457,728,
878.78,838,2599,745,
837.46,806,2540,675,
905.54,864.5,2685,751,
1066.76,1034.5,3121,851,
928.82,895,2746,760,
762.14,731,2273,628,
827.4,796.5,2295,675,
1011.5,944.5,3331,854,
942.8,900.5,2823,826,
925.44,891.5,2580,759,
872.58,836.5,2601,716,
1057.12,1014,3065,869,
1126.32,1099.5,2816,964,
1197.78,1143.5,3273,1013,
1258.38,1226.5,3019,985,
1038.96,998.5,2837,904,
1080.12,1041,3122,878,
1184.92,1134.5,3311,1001,
1114.1,1065,2989,963,
1091.08,1051.5,2778,922,
1207.08,1154.5,3926,981,
1057.62,1013.5,2817,866,
1153.28,1105.5,2824,943,
1066.48,1030,2988,838,
1242.6,1185,3638,1005,
1053.7,1007,2937,895,
1232.8,1174.5,3731,1018,
1259.48,1182.5,3763,1046,
858.54,810,2636,705,
1118.24,1072,3385,960,
1137.16,1108,3338,908,
840.18,797.5,2442,694,
785.24,755.5,1992,679,
833,797.5,2483,716,
890.8,863.5,2484,752,
816.1,784.5,2289,677,
1284.48,1237.5,3918,1045,
1275.62,1243,3291,1062,
1058.46,989.5,3117,882,
1309.26,1273,3791,1019,
1086.6,1051,3011,935,
1397.54,1337.5,3617,1090,
1140.26,1104,3463,863,
1298.36,1239,3617,1063,
937.1,895.5,2907,717,
885.74,858,2472,700,
719.66,688,1996,602,
796.28,761.5,2216,664,
875.68,836.5,2539,761,
944.1,897,2741,785,
1026.38,992.5,2976,844,
856.44,826,2406,719,


1063.16,1011,2869,918,
1138.1,1088,3060,983,
1067.6,1032.5,3021,880,
1248.9,1198.5,3297,991,
1084.48,1028,2881,931,
1069.52,1025.5,3022,897,
1115.62,1067.5,3010,928,
1144.98,1099.5,3088,955,
1088.22,1038.5,2878,896,
1277.14,1235.5,3803,1025,
1042.48,1009,2685,797,
1038.88,996,3015,880,
1208.1,1150.5,3171,1020,
1177.92,1117,3339,971,
1109.26,1069.5,2910,976,
1134.92,1085,2986,965,
1351.52,1308,4281,1046,
1207.2,1164,3341,972,
1234.22,1207.5,3277,920,
1362.14,1301,3869,1106,
1148.08,1101.5,3247,945,
1494.06,1427,4239,1253,
1172.68,1122,3765,942,
1182.86,1136.5,3334,990,
1057.66,1008,2866,816,
1174.14,1142,3145,1008,
1161.26,1116,2957,974,
1137.54,1097,2901,885,
1091.52,1054.5,2963,907,
1276.32,1191,4083,1024,
1370.54,1321.5,3978,1107,
1122.02,1062.5,2964,919,
1272.76,1218,3768,1040,
1017.08,987,2779,857,
1348.16,1306,3599,1100,
1051.3,1004,3000,909,
1104.04,1063,2940,948,
1102.62,1051.5,2917,946,
1159.24,1105,3091,962,
1154.94,1108.5,3013,979,
1100.36,1051,2918,935,
1254.32,1201,3041,974,
1036.04,985,2821,890,
1338.52,1259,3720,1047,
1409.56,1340,4356,1090,
1050.92,995.5,3133,893,
1305.56,1255.5,3770,1069,
1196.68,1136.5,3479,975,
1079.48,1005.5,3296,917,
1341.74,1283,3794,1076,
1351.38,1314,3973,1141,
1196.14,1128.5,3353,958,
1078.52,1023.5,2870,870,
1369.18,1305,3768,1143,
1174.08,1127,2989,964,
1110.46,1064,3179,920,
1267.12,1214.5,3616,987,
1137.76,1092,3257,958,
1226.44,1171,3635,989,
1130.28,1087.5,3028,986,
1026.8,984.5,2886,838,
1201.4,1167,3164,1027,
1156.54,1105.5,3223,912,
1207.78,1177.5,3078,970,
1083.24,1042.5,3031,901,
1085.08,1032,2873,938,
1621.38,1570,4708,1358,
1097,1034,3235,937,
1492.46,1412,5108,1115,
1063.1,1022,3092,852,
1192.26,1145.5,3315,945,
1060.14,1016.5,3161,884,
1230.42,1176,3475,1037,
1131.08,1086.5,2970,950,
1201.3,1169.5,3562,974,
1042.96,985.5,3000,815,
1148.16,1106.5,3050,959,
1175.18,1118,3321,941,
1010.34,970,2353,853,
1044.1,1010.5,2756,820,
1080.9,1013.5,2911,924,
1304,1258.5,3938,1018,
1588.2,1531.5,4612,1252,
1120.34,1066.5,2927,940,
1151.34,1095.5,3268,983,
1317.78,1262,3596,1003,
1265.4,1233.5,3253,1007,
1003.94,967,2850,830,
1331.92,1288,3711,1010,
1074.76,1024.5,3176,921,
1215.66,1186,3232,975,
1047.86,1000,3008,922,
1069.54,1022,2922,886,
994.36,955,2824,857,
1668.1,1574.5,5275,1156,
1358.78,1321,3882,1057,
1029.66,983.5,2808,866,
1120.44,1079.5,2977,924,
1186.2,1123.5,3363,978,
1055.86,996,2928,871,
990.92,955.5,2680,839,
1109.96,1061.5,3345,912,
1082.78,1040.5,3111,872,
1002.24,963.5,2720,854,
1185.82,1111,3641,957,
1215.08,1168.5,3309,957,
1259.26,1200.5,3622,997,
1193.26,1166.5,3268,959,
1002.08,932,2758,800,
1129.56,1085.5,3262,952,
2239.7,2170,6515,1822,
1107.72,1066,2918,940,
1102.1,1075,2808,939,
1347.94,1300,3739,1102,
1075.96,1038,2684,918,
968.28,931,2729,828,
1048.56,1014.5,2744,898,
1187.12,1139,3460,974,
1068.22,1019.5,2786,895,
1171.44,1132.5,3116,998,
1233.06,1165.5,3326,967,
1302.34,1255.5,3915,1071,
1139.6,1077,3011,942,
1303.78,1265,3896,1078,
1138.08,1073.5,3087,963,
1439.56,1380,3916,1133,
1064.5,1028,2747,919,
1088.22,1040.5,2923,944,
1088.06,1040.5,2899,943,
1170.92,1124.5,3118,981,
1081.32,1041.5,3093,890,
1071.78,1019,3079,933,
1189.34,1157,3181,986,
1139.72,1080,3182,968,
1106.52,1060,3047,949,
1084.78,1029.5,2967,950,
1355.74,1302.5,3698,1121,
1112.46,1067,3377,887,
1220.78,1152,3530,988,
1161.4,1112,3272,961,
982.18,951,2773,743,
1154.56,1104,3109,1007,
1159.34,1102.5,3148,897,
1231.04,1175,3640,980,
1464.66,1429,4146,1176,
1134.68,1080,3184,976,
1215.84,1153.5,3590,1006,
1059.12,1013,3055,912,
1161.5,1120.5,3097,973,
1397.38,1361,3969,1152,
1234.92,1186,3261,1073,
1372.88,1313,4247,1147,
1447.54,1364.5,4596,1097,
1189.2,1140,3299,1009,
1192.04,1141,3048,1029,
1273.38,1222,3760,993,
1262.72,1204,3614,1068,
1116.26,1074,3069,951,
1002.24,973,2498,850,
1633.96,1563,4579,1204,
1141.68,1103,3235,917,
1517.06,1454.5,4501,1199,
1203.36,1141,3545,1005,
1068.98,1031,2951,869,
1239.64,1184.5,3398,1050,
1503.84,1459.5,4650,1087,
1082.66,1022.5,2858,901,
1072.28,1027,2968,895,
1148.5,1107,3243,968,
1200.88,1155.5,3215,1004,
1111.24,1073,2913,936,
1123.6,1060.5,3182,982,
1040.96,1003.5,2978,857,
1279.3,1227.5,4218,1007,
1078.96,1051,2683,885,
1090.6,1043,3105,914,
1167.06,1122.5,3327,941,
1141.36,1108.5,3099,963,
1046.5,1007,2793,897,
1198.1,1143.5,3421,971,
1216.48,1170.5,3481,985,
1107.52,1079.5,2640,936,
1148.18,1082,3602,966,
1296.52,1255.5,3562,1056,
1069.9,1019.5,3001,911,
1080.1,1031,2988,920,
1122.82,1072.5,3072,947,
1286.22,1252,3556,1043,
1597.84,1541.5,5254,1160,
1101.6,1058,2958,901,
1546.12,1491,4867,1299,
1150.68,1094.5,3178,947,
1048.7,1002.5,2783,929,
1058.7,1023,2994,894,
1110.66,1066.5,3038,924,
1469.16,1407.5,4323,1212,
1037.48,990,2956,882,
1035.04,991,2821,893,
1138.3,1077,3330,979,
1596.02,1539.5,4635,1294,
1155.1,1097.5,3200,955,
1254.28,1208,3402,1023,
1622.22,1580,4854,1168,
1086.8,1045.5,2951,946,
977.16,934.5,2700,827,
1187.38,1139.5,3482,989,
1340.46,1279.5,3299,1047,
1251.4,1196,3820,1084,
1286.2,1239,3475,1047,
1014.16,973.5,2934,857,
1105.56,1057.5,2974,914,
1214.16,1160.5,3571,1003,
1057.4,1014,2565,822,
1020.66,964,2756,844,
1077.44,1037,2789,908,
999.22,950.5,2631,882,
1268.42,1227.5,3491,1064,
1088.24,1044,3082,873,
1311.12,1243.5,3769,1014,
1327.42,1287,4005,1023,
1118.54,1074,3178,969,
1222.36,1163,3306,993,
1172.08,1095.5,3450,946,
1144.58,1102.5,3004,1004,
1192.08,1144,3366,999,
1259.58,1205,3703,1032,
1150.04,1105,2855,986,
1139.74,1113,3340,920,
1136.46,1092,3336,932,
1103.7,1062,3126,899,
1112.6,1055.5,2778,901,
1121.32,1091.5,2985,827,
1066.04,1024,2936,901,
1230.28,1169,3638,998,
1178.9,1110,3196,893,
1046.48,999.5,2990,931,
1288.62,1248.5,3383,1091,
1170.34,1119,3182,916,
1005.62,960.5,2729,898,
1497.56,1426.5,4360,1121,
1191.78,1126,3406,1042,
1229.68,1162,3712,995,
1182.74,1142.5,3454,944,
1210.12,1162,3271,999,
1087.56,1027,2847,904,
1172.36,1130,3271,932,
1310.44,1231,3417,960,
950.46,911,2663,795,
1422.94,1362.5,4258,1133,
1090.76,1042,2871,888,
1400.4,1365,3980,1095,
1075.6,1028.5,2895,937,
1096.56,1053,3518,906,
1148.84,1106.5,3167,976,
1208.88,1165.5,3448,995,
1257.36,1210,3763,956,
1208.34,1162.5,3276,978,
1095.38,1042,3240,949,
1322.44,1268,3976,1112,
1332.08,1272.5,3750,1148,
1072.46,1033.5,2801,852,
1061.16,1002,3104,873,
1153.2,1092,3198,974,
1125.22,1082,2989,958,
975.46,925,2666,786,
1116.36,1076.5,3140,926,
1103.16,1051,2935,866,
1154.24,1123,3166,971,
796.04,763,2071,698,
853.48,819,2269,685,
785.78,747,2265,698,
859.04,831.5,2286,719,
879.42,837.5,2648,728,
850.1,830,2222,634,
916.9,887.5,2539,704,
878.86,846.5,2342,714,
790.7,764,2239,639,
867.6,828.5,2414,733,
997.68,963.5,2686,811,
830.38,792.5,2304,713,
869.82,838.5,2360,705,
844.84,807.5,2465,714,
902.94,875.5,2682,720,
835.34,799,2390,706,
1102,1059.5,3463,833,
911.68,880,2817,713,
1106.2,1060,3520,835,
903.8,876,2546,752,
892.36,853,2716,725,
908.9,868.5,2619,799,
845.62,800,2500,737,
724.16,685,1979,627,
850.42,802,2574,719,
810.06,768,2253,687,
936.56,895.5,2775,806,
825.86,790.5,2274,685,
751.74,707.5,2157,631,
926.78,900.5,2718,765,
805.08,766,2446,678,
826.86,786,2398,720,
811.14,773.5,2315,704,
814.66,781.5,2347,697,
749.88,713,2051,648,
690.86,664,1947,590,
937.4,900,2641,771,
983.52,936,2755,809,
692.28,662.5,1906,590,
833.76,792.5,2143,686,
850.8,816.5,2435,686,
880.3,834.5,2485,710,
810.2,767,2388,657,
902.36,863,2617,759,
827.28,795.5,2511,635,
815.14,783.5,2204,678,
842.42,817,2153,690,
766.72,727,2095,674,
684.14,651.5,1978,556,
892.74,853.5,2590,699,
940.16,896.5,2600,814,
819.32,785.5,2344,673,
794.8,747,2266,643,
796.82,761.5,2225,677,
815.9,778,2241,695,
865.16,830.5,2311,691,
914.94,866.5,2565,723,
906.26,858,2774,746,
801.24,775,2156,681,
927.96,886.5,2735,774,
953.2,911.5,2925,805,
803.12,768.5,2116,695,
1079.76,1038.5,3154,876,
789.68,759.5,2264,654,
892.58,851.5,2616,720,
827.26,801.5,2318,684,
776.22,745,2099,649,
891.08,848.5,2834,634,
767.26,717.5,2079,645,
930.56,896.5,2853,758,
769.22,734.5,2166,650,
749.44,714.5,2094,644,
688.76,659.5,1750,589,
1006.22,943,3112,822,
813.36,780.5,2287,691,
861.36,835.5,2421,706,
957.26,928.5,2740,687,
818.98,777.5,2118,670,
736.5,702.5,2008,622,
789.14,752.5,2199,667,
893.62,852,2415,750,
826.32,795.5,2183,722,
938.66,899,2665,733,
961.36,918,2590,790,
867.32,819.5,2647,727,
783.02,759,2230,636,
930.26,885.5,2548,757,
919.22,878,2550,766,
962.32,914.5,2741,840,
711.7,681.5,2061,615,
914.34,863.5,2407,717,
863.56,816,2377,727,
879.6,848,2468,738,
843.34,805,2500,666,
914.1,865,2753,765,
885.58,842.5,2469,769,
793.56,759,2210,674,
807.52,767,2172,707,
918.88,872,2844,782,
775.24,744,2041,673,
811.46,774,2300,693,
824.28,787.5,2303,681,
874.72,824.5,2602,711,
791.86,762.5,2029,672,
756.3,726.5,2089,632,
871.1,835,2330,699,
915.7,879.5,2544,752,
920.9,871.5,2648,724,
822.22,786.5,2365,703,
988.86,945.5,3037,827,
909.46,870,2443,719,
863.5,831,2566,664,
865.82,820.5,2668,702,
747.3,712.5,2160,615,
966.4,921,2645,775,
773.88,744,1844,630,
846.98,814,2263,679,
886.64,857.5,2512,726,
745.88,725.5,1912,631,
952.4,924,2740,768,
914.48,866.5,2877,747,
1048.22,1020,2908,866,
771.1,750,2082,626,
920.5,893,2834,737,
752.16,717.5,2108,638,
744.24,713.5,1982,639,
883.24,862,2658,718,
929.62,896.5,2471,792,
781.84,751.5,2151,642,
849.62,810.5,2300,715,
911.76,863,2552,710,
887.38,846.5,2485,741,
816.68,784.5,2323,686,
888.28,846,2684,696,
792.94,756.5,2224,642,
803.68,765,2213,703,
923.52,896,2719,761,
947.56,910,2842,768,
881.02,845,2397,725,
822.78,783.5,2201,716,
1003.24,941.5,3068,834,
789.36,753.5,2215,681,
782.26,744.5,2218,668,
929.78,893,2619,758,
783.34,747,2269,677,
861.06,816.5,2473,729,
775.12,745,2151,644,
974.36,928,2508,811,
913.34,851.5,2742,737,
994.06,965,2817,772,
789.44,749,2224,673,
806.28,786,2256,672,
927.48,898,2588,770,
745.54,711,2129,634,
850.58,813,2465,722,
926.68,894.5,2661,783,
1004.72,964.5,3239,791,
935.82,886.5,2659,732,
839.46,800.5,2472,710,
780.12,749.5,2087,677,
1164.76,1117,3453,855,
868.08,846.5,2239,677,
873.94,833,2346,711,
814.2,772.5,2291,663,
1019.28,978.5,3297,792,
787.04,754.5,2084,640,
887.26,838,2729,724,
885.54,845,2702,758,
795.58,770.5,2201,665,
741.96,706,1998,645,
926.02,889.5,2765,775,
756.26,722.5,2208,617,
784.34,757,2249,682,
826.48,791,2373,713,
820.02,777,2216,663,
911.32,873.5,2619,744,
1046.3,1004,3162,851,
741.96,702,2090,614,
836.28,809.5,2199,691,
875.28,840,2385,734,
894.22,850.5,2628,767,
828.34,788.5,2494,685,
818.66,781,2281,683,
1056.36,1010.5,3121,855,
915.56,872.5,2568,727,
748.4,715,2241,613,
792.82,754,2155,647,
869.82,831,2603,691,
798.92,758,2307,692,
947.14,899,2557,770,
782.72,743,2312,649,
1108.58,1084.5,3066,898,
1155.62,1109.5,2946,949,
1202.08,1163.5,3337,1032,
1165.36,1126,2715,883,
1038.22,995.5,2762,886,
1062.4,1012.5,3052,875,
1264.34,1209.5,3667,995,
1090.08,1049.5,2978,926,
1087,1046,2734,917,
1216.38,1171,3926,986,
966.76,933.5,2474,804,
1060.46,1022,2939,908,
1130.38,1075,3250,922,
1137.64,1095.5,3388,937,
1047.86,996.5,2883,903,
1247.26,1187,3731,1000,
1237.56,1170,3703,1017,
862.02,822.5,2636,690,
1113.22,1077,3179,939,
974.74,936.5,2527,767,
824.38,783.5,2365,683,
769.9,742,1945,682,
806.12,768,2355,693,
827.8,793,2292,718,
744.34,718,2099,625,
1196.48,1152,3391,1021,
1265.2,1234,2984,1083,
990.78,950,2818,860,
1245.7,1191,3597,1015,
1175.92,1131.5,3224,984,
1416.92,1379,3413,1054,
1048.08,1010.5,2725,859,
1193.7,1156.5,3388,957,
720.5,681.5,2156,593,
891.94,856.5,2343,710,
755.38,717,2051,572,
762.44,734,2071,604,
822.06,777,2407,688,
945.72,913,2672,778,
1053.42,999,3023,873,
844.04,810.5,2275,698,




Further Data analysis of all test cases 
avg med max min 
AVGs,1165.121,1166.33,2492.8,711.32,
MEDs,1111.113,1115,2350,675.5,
MAXs,3068.468,3033.5,6582,1905,
MINs,999.79,996,2113,621,


AVGs,1083.3,1095.24,2145.2,711.64,
MEDs,1039.018,1051,2082.5,673,
MAXs,3096.952,3032.5,6515,1953,
MINs,893.456,904,1732,598,


AVGs,1047.838,1062.75,2239.7,684.14,
MEDs,1003.834,1017.75,2170,651.5,
MAXs,2944.792,2912,6515,1750,
MINs,862.286,885,1822,556,



