

Data analysis for each instance 
AVG,MED,MAX,MIN
0.673,0.666,1,0.647,
0.669,0.662,0.982,0.662,
0.622,0.616,0.94,0.613,
0.68,0.673,1,0.672,
0.612,0.609,0.92,0.601,
0.695,0.688,0.979,0.688,
0.65,0.643,0.948,0.637,
0.664,0.656,0.991,0.656,
0.648,0.64,0.976,0.64,
0.644,0.649,1,0.609,
0.667,0.662,1,0.657,
0.676,0.67,1,0.666,
0.681,0.673,1,0.673,
0.644,0.645,1,0.542,
0.685,0.678,1,0.676,
0.682,0.674,1,0.674,
0.626,0.624,0.97,0.539,
0.602,0.595,0.924,0.589,
0.623,0.625,0.969,0.584,
0.658,0.652,0.979,0.649,
0.666,0.659,0.994,0.658,
0.636,0.645,0.968,0.579,
0.637,0.629,0.989,0.61,
0.652,0.645,0.96,0.645,
0.629,0.622,0.933,0.62,
0.636,0.629,0.933,0.628,
0.679,0.673,1,0.67,
0.643,0.636,0.939,0.635,
0.673,0.665,1,0.665,
0.655,0.65,1,0.557,
0.637,0.629,1,0.585,
0.576,0.569,0.859,0.569,
0.671,0.663,1,0.663,
0.681,0.674,0.994,0.673,
0.643,0.636,0.945,0.635,
0.66,0.654,0.97,0.652,
0.679,0.671,1,0.671,
0.622,0.615,0.908,0.615,
0.673,0.667,1,0.664,
0.646,0.655,0.93,0.622,
0.672,0.664,1,0.664,
0.647,0.639,0.977,0.639,
0.688,0.681,1,0.659,
0.656,0.65,1,0.63,
0.652,0.644,1,0.641,
0.686,0.678,1,0.678,
0.652,0.646,0.973,0.642,
0.65,0.644,0.987,0.602,
0.679,0.671,0.993,0.671,
0.648,0.64,0.983,0.631,
0.668,0.661,0.983,0.661,
0.648,0.641,1,0.639,
0.681,0.673,1,0.673,
0.624,0.615,0.946,0.594,
0.602,0.595,0.9,0.595,
0.66,0.655,1,0.63,
0.621,0.61,1,0.574,
0.667,0.659,0.994,0.659,
0.642,0.635,0.951,0.635,
0.683,0.676,1,0.675,
0.677,0.669,0.989,0.668,
0.677,0.67,0.993,0.67,
0.677,0.669,1,0.669,
0.669,0.663,0.989,0.659,
0.696,0.694,1,0.682,
0.664,0.658,0.977,0.655,
0.604,0.602,0.985,0.502,
0.631,0.624,0.947,0.621,
0.643,0.64,0.997,0.551,
0.635,0.623,1,0.588,
0.657,0.65,0.993,0.605,
0.671,0.663,1,0.663,
0.648,0.641,0.955,0.64,
0.625,0.618,0.917,0.618,
0.642,0.638,0.954,0.631,
0.659,0.651,1,0.639,
0.638,0.631,0.946,0.629,
0.679,0.672,1,0.672,
0.676,0.668,1,0.668,
0.645,0.637,0.972,0.622,
0.659,0.654,0.973,0.648,
0.661,0.653,1,0.634,
0.616,0.613,0.981,0.534,
0.67,0.664,1,0.661,
0.661,0.654,0.963,0.653,
0.615,0.608,0.919,0.608,
0.613,0.608,0.946,0.531,
0.66,0.652,1,0.652,
0.618,0.61,0.952,0.608,
0.667,0.659,1,0.658,
0.636,0.629,0.963,0.619,
0.682,0.674,1,0.674,
0.676,0.668,1,0.668,
0.659,0.653,1,0.649,
0.617,0.61,1,0.606,
0.619,0.61,1,0.523,
0.643,0.636,0.941,0.635,
0.666,0.658,0.986,0.658,
0.674,0.668,1,0.664,
0.676,0.669,1,0.668,
0.681,0.674,1,0.673,
0.683,0.675,1,0.675,
0.669,0.661,1,0.661,
0.676,0.668,0.996,0.668,
0.595,0.588,0.909,0.585,
0.664,0.656,1,0.656,
0.672,0.664,1,0.664,
0.643,0.635,0.971,0.635,
0.605,0.604,0.963,0.543,
0.666,0.662,0.974,0.655,
0.617,0.618,1,0.412,
0.645,0.639,0.954,0.636,
0.685,0.679,1,0.673,
0.61,0.603,0.921,0.601,
0.67,0.663,0.979,0.663,
0.672,0.664,0.986,0.664,
0.67,0.662,1,0.662,
0.68,0.673,1,0.672,
0.567,0.561,0.851,0.559,
0.666,0.659,0.971,0.659,
0.664,0.655,1,0.655,
0.663,0.658,1,0.611,
0.609,0.602,0.92,0.602,
0.63,0.628,0.962,0.561,
0.652,0.644,0.977,0.644,
0.567,0.559,0.877,0.552,
0.648,0.643,0.966,0.638,
0.64,0.633,0.934,0.632,
0.672,0.667,0.991,0.662,
0.601,0.595,0.902,0.592,
0.672,0.666,1,0.663,
0.665,0.658,0.995,0.605,
0.655,0.648,0.971,0.647,
0.672,0.664,1,0.664,
0.688,0.681,0.997,0.68,
0.641,0.634,0.94,0.633,
0.675,0.668,1,0.667,
0.669,0.661,1,0.661,
0.625,0.623,1,0.539,
0.639,0.632,0.952,0.632,
0.603,0.604,0.935,0.572,
0.678,0.671,0.987,0.67,
0.658,0.65,0.978,0.65,
0.685,0.678,1,0.678,
0.675,0.667,0.998,0.667,
0.667,0.659,0.979,0.659,
0.628,0.621,0.938,0.616,
0.662,0.655,0.981,0.653,
0.67,0.664,1,0.66,
0.643,0.661,1,0.608,
0.66,0.653,0.956,0.653,
0.571,0.565,0.844,0.563,
0.63,0.622,0.985,0.622,
0.634,0.627,0.947,0.627,
0.686,0.679,1,0.678,
0.661,0.653,0.991,0.653,
0.634,0.627,0.929,0.627,
0.682,0.674,1,0.674,
0.67,0.673,0.97,0.651,
0.548,0.537,0.956,0.45,
0.644,0.637,0.948,0.637,
0.641,0.649,1,0.611,
0.682,0.674,1,0.674,
0.651,0.643,0.976,0.643,
0.644,0.636,0.968,0.636,
0.636,0.645,1,0.555,
0.684,0.676,1,0.676,
0.644,0.637,0.948,0.636,
0.614,0.609,0.925,0.577,
0.65,0.644,0.954,0.642,
0.627,0.62,0.924,0.619,
0.655,0.648,0.962,0.648,
0.608,0.601,0.916,0.6,
0.598,0.593,0.932,0.567,
0.639,0.631,0.94,0.631,
0.627,0.623,0.95,0.616,
0.602,0.595,0.908,0.595,
0.681,0.673,0.999,0.673,
0.628,0.621,0.927,0.62,
0.678,0.67,1,0.67,
0.634,0.626,0.956,0.624,
0.661,0.654,0.971,0.654,
0.668,0.661,1,0.659,
0.612,0.606,0.927,0.599,
0.659,0.652,0.998,0.65,
0.685,0.677,1,0.677,
0.683,0.676,1,0.675,
0.637,0.631,1,0.619,
0.591,0.589,0.949,0.51,
0.684,0.676,1,0.676,
0.569,0.547,0.933,0.538,
0.684,0.677,1,0.676,
0.678,0.67,1,0.67,
0.648,0.641,0.946,0.641,
0.659,0.651,0.985,0.651,
0.578,0.562,0.919,0.476,
0.678,0.671,0.994,0.67,
0.684,0.676,1,0.676,
0.684,0.688,0.986,0.666,
0.624,0.627,1,0.552,
0.67,0.663,0.983,0.661,
0.64,0.632,0.952,0.632,
0.484,0.492,0.863,0.314,
0.68,0.672,1,0.672,
0.655,0.648,0.962,0.648,
0.661,0.654,0.994,0.626,
0.668,0.661,1,0.66,
0.672,0.671,1,0.639,
0.662,0.654,0.977,0.654,
0.614,0.607,0.925,0.607,
0.642,0.636,0.954,0.633,
0.676,0.668,1,0.667,
0.664,0.658,0.983,0.653,
0.665,0.658,0.977,0.657,
0.68,0.672,1,0.672,
0.665,0.658,0.975,0.658,
0.636,0.629,0.954,0.61,
0.618,0.607,1,0.576,
0.613,0.608,0.939,0.596,
0.623,0.635,1,0.494,
0.666,0.658,0.986,0.658,
0.669,0.662,1,0.638,
0.659,0.651,0.984,0.651,
0.671,0.664,0.99,0.662,
0.676,0.67,1,0.667,
0.67,0.666,1,0.659,
0.68,0.672,1,0.672,
0.57,0.552,0.929,0.489,
0.681,0.673,1,0.673,
0.674,0.667,1,0.665,
0.68,0.672,1,0.672,
0.624,0.616,0.938,0.616,
0.68,0.672,1,0.671,
0.608,0.601,0.916,0.599,
0.663,0.659,0.997,0.632,
0.678,0.67,1,0.67,
0.675,0.667,1,0.667,
0.67,0.666,1,0.658,
0.669,0.661,0.975,0.661,
0.627,0.621,0.969,0.598,
0.682,0.674,1,0.674,
0.625,0.634,1,0.555,
0.655,0.652,1,0.623,
0.683,0.675,1,0.675,
0.68,0.672,1,0.672,
0.643,0.635,0.961,0.633,
0.589,0.587,1,0.498,
0.673,0.665,1,0.665,
0.605,0.598,0.9,0.598,
0.64,0.633,0.954,0.627,
0.668,0.66,0.987,0.66,
0.659,0.652,0.982,0.651,
0.595,0.591,0.932,0.535,
0.682,0.676,1,0.672,
0.629,0.622,0.932,0.622,
0.639,0.632,0.941,0.632,
0.634,0.628,0.948,0.612,
0.655,0.647,0.972,0.647,
0.679,0.671,1,0.671,
0.68,0.672,1,0.672,
0.604,0.598,0.911,0.595,
0.673,0.669,1,0.662,
0.668,0.661,1,0.66,
0.676,0.669,1,0.664,
0.658,0.65,0.988,0.65,
0.665,0.655,0.994,0.643,
0.672,0.665,1,0.664,
0.676,0.668,1,0.668,
0.613,0.611,1,0.543,
0.549,0.548,0.941,0.44,
0.602,0.593,1,0.542,
0.574,0.571,0.968,0.495,
0.561,0.56,0.952,0.499,
0.586,0.588,1,0.504,
0.578,0.575,1,0.485,
0.568,0.569,0.956,0.493,
0.571,0.568,1,0.503,
0.601,0.595,0.999,0.532,
0.551,0.558,0.933,0.471,
0.6,0.592,1,0.551,
0.56,0.55,0.953,0.492,
0.556,0.552,0.94,0.479,
0.508,0.502,0.87,0.442,
0.587,0.58,1,0.522,
0.551,0.54,0.956,0.445,
0.539,0.531,0.905,0.461,
0.529,0.532,0.974,0.395,
0.537,0.536,0.909,0.491,
0.615,0.612,1,0.561,
0.609,0.6,0.998,0.565,
0.566,0.562,0.932,0.504,
0.583,0.579,0.969,0.531,
0.59,0.587,1,0.524,
0.58,0.579,0.962,0.521,
0.582,0.579,1,0.489,
0.573,0.558,1,0.504,
0.589,0.585,1,0.52,
0.551,0.547,0.945,0.473,
0.608,0.603,1,0.56,
0.606,0.606,1,0.56,
0.581,0.57,0.988,0.547,
0.615,0.605,0.99,0.551,
0.584,0.575,1,0.52,
0.619,0.617,1,0.55,
0.586,0.591,1,0.498,
0.537,0.532,0.921,0.472,
0.559,0.552,0.945,0.504,
0.533,0.526,0.924,0.445,
0.561,0.552,0.952,0.512,
0.575,0.571,0.994,0.475,
0.559,0.553,0.927,0.5,
0.589,0.58,0.994,0.491,
0.51,0.502,0.92,0.42,
0.6,0.612,0.999,0.474,
0.545,0.537,0.929,0.47,
0.591,0.583,0.971,0.553,
0.592,0.599,1,0.46,
0.586,0.58,1,0.52,
0.524,0.517,0.831,0.517,
0.59,0.577,1,0.537,
0.57,0.565,1,0.447,
0.56,0.56,0.955,0.458,
0.594,0.593,1,0.543,
0.581,0.575,0.978,0.522,
0.572,0.57,0.987,0.449,
0.616,0.612,1,0.566,
0.585,0.581,0.94,0.521,
0.595,0.589,1,0.511,
0.585,0.576,0.968,0.516,
0.586,0.579,0.979,0.521,
0.581,0.586,0.95,0.502,
0.539,0.532,0.895,0.481,
0.614,0.607,0.996,0.561,
0.574,0.572,0.941,0.533,
0.601,0.599,0.975,0.546,
0.582,0.594,1,0.52,
0.569,0.569,0.956,0.447,
0.54,0.54,0.939,0.482,
0.602,0.594,0.998,0.55,
0.57,0.568,0.97,0.531,
0.582,0.573,1,0.539,
0.559,0.53,1,0.47,
0.631,0.623,1,0.622,
0.591,0.587,1,0.513,
0.57,0.571,1,0.45,
0.563,0.556,0.921,0.514,
0.568,0.575,0.965,0.481,
0.576,0.571,0.961,0.519,
0.564,0.56,0.932,0.503,
0.607,0.601,1,0.547,
0.58,0.581,1,0.508,
0.615,0.609,0.988,0.538,
0.552,0.553,0.976,0.447,
0.591,0.589,0.988,0.492,
0.51,0.514,0.857,0.422,
0.598,0.593,1,0.53,
0.532,0.534,0.918,0.448,
0.582,0.577,0.939,0.521,
0.545,0.536,0.927,0.485,
0.6,0.595,1,0.539,
0.548,0.544,0.911,0.479,
0.605,0.6,1,0.518,
0.537,0.532,0.918,0.451,
0.514,0.51,0.851,0.465,
0.562,0.558,0.93,0.472,
0.592,0.589,0.986,0.54,
0.593,0.585,0.955,0.585,
0.587,0.581,0.976,0.534,
0.564,0.562,0.962,0.439,
0.591,0.585,0.986,0.531,
0.62,0.615,1,0.502,
0.554,0.548,0.912,0.475,
0.6,0.594,1,0.553,
0.602,0.597,1,0.545,
0.609,0.604,0.974,0.562,
0.597,0.599,0.977,0.536,
0.542,0.535,0.884,0.502,
0.614,0.614,1,0.505,
0.548,0.54,0.935,0.488,
0.605,0.6,0.983,0.511,
0.562,0.56,0.957,0.481,
0.58,0.573,1,0.516,
0.582,0.581,1,0.492,
0.599,0.602,1,0.496,
0.613,0.609,1,0.555,
0.598,0.59,0.958,0.59,
0.579,0.572,0.975,0.532,
0.562,0.554,0.949,0.526,
0.588,0.579,1,0.529,
0.547,0.544,0.922,0.473,
0.499,0.49,1,0.419,
0.57,0.565,1,0.489,
0.607,0.605,1,0.521,
0.613,0.61,0.995,0.557,
0.594,0.59,0.968,0.522,
0.576,0.569,1,0.496,
0.563,0.559,1,0.485,
0.579,0.573,0.987,0.517,
0.578,0.568,0.963,0.539,
0.605,0.6,1,0.545,
0.599,0.597,0.992,0.519,
0.573,0.581,1,0.483,
0.606,0.601,1,0.542,
0.603,0.604,0.971,0.536,
0.585,0.582,1,0.465,
0.619,0.612,1,0.575,
0.588,0.591,0.957,0.528,
0.563,0.558,0.953,0.503,
0.583,0.579,1,0.493,
0.594,0.593,0.984,0.519,
0.603,0.607,1,0.532,
0.574,0.569,0.98,0.446,
0.595,0.591,1,0.5,
0.574,0.568,1,0.518,
0.6,0.593,1,0.538,
0.586,0.589,1,0.479,
0.601,0.601,1,0.511,
0.536,0.524,0.948,0.473,
0.604,0.599,1,0.527,
0.589,0.586,0.979,0.506,
0.588,0.579,1,0.526,
0.495,0.488,0.866,0.4,
0.558,0.55,0.942,0.489,
0.613,0.611,0.999,0.549,
0.596,0.605,0.986,0.463,
0.585,0.577,0.994,0.509,
0.593,0.589,1,0.515,
0.605,0.603,1,0.553,
0.613,0.607,1,0.514,
0.533,0.53,0.928,0.433,
0.605,0.605,1,0.537,
0.592,0.583,1,0.546,
0.501,0.506,0.853,0.433,
0.588,0.577,1,0.532,
0.588,0.577,0.978,0.543,
0.584,0.575,1,0.517,
0.547,0.542,0.919,0.488,
0.6,0.595,1,0.546,
0.567,0.558,0.956,0.447,
0.617,0.612,1,0.576,
0.563,0.556,0.957,0.513,
0.564,0.556,0.94,0.523,
0.6,0.593,0.989,0.549,
0.573,0.564,0.955,0.537,
0.579,0.566,1,0.495,
0.573,0.568,0.973,0.462,
0.58,0.574,0.979,0.52,
0.58,0.576,0.968,0.528,
0.603,0.595,0.983,0.563,
0.567,0.564,0.947,0.522,
0.6,0.593,1,0.535,
0.575,0.577,0.98,0.483,
0.601,0.608,0.999,0.508,
0.559,0.56,0.921,0.462,
0.592,0.588,1,0.518,
0.579,0.573,1,0.51,
0.599,0.593,1,0.534,
0.571,0.563,0.97,0.502,
0.589,0.59,0.99,0.479,
0.581,0.576,0.929,0.536,
0.644,0.637,0.949,0.636,
0.646,0.639,0.965,0.637,
0.667,0.66,1,0.633,
0.634,0.627,0.933,0.627,
0.641,0.633,0.974,0.632,
0.608,0.601,0.903,0.601,
0.68,0.673,1,0.671,
0.684,0.676,1,0.676,
0.636,0.628,0.967,0.628,
0.682,0.674,1,0.674,
0.655,0.653,0.953,0.643,
0.63,0.623,0.941,0.623,
0.673,0.665,1,0.662,
0.687,0.679,1,0.677,
0.672,0.666,0.997,0.663,
0.651,0.644,1,0.617,
0.563,0.561,0.985,0.449,
0.681,0.673,1,0.673,
0.542,0.546,0.918,0.455,
0.617,0.618,1,0.516,
0.607,0.604,0.994,0.555,
0.586,0.58,0.932,0.557,
0.585,0.575,1,0.516,
0.585,0.577,1,0.489,
0.681,0.673,0.999,0.673,
0.663,0.66,0.976,0.651,
0.668,0.663,1,0.658,
0.675,0.667,1,0.667,
0.637,0.63,0.934,0.63,
0.638,0.63,0.964,0.63,
0.543,0.522,0.944,0.458,
0.669,0.664,1,0.657,
0.567,0.567,0.95,0.463,
0.598,0.601,0.984,0.508,
0.582,0.58,0.983,0.501,
0.59,0.587,0.981,0.53,
0.6,0.592,1,0.535,
0.553,0.548,0.94,0.419,
0.552,0.548,0.965,0.433,
0.561,0.559,0.943,0.485,


0.677,0.668,0.953,0.582,
0.723,0.711,1,0.624,
0.66,0.65,0.974,0.571,
0.665,0.662,0.938,0.586,
0.65,0.643,0.955,0.584,
0.702,0.698,1,0.648,
0.684,0.679,0.968,0.606,
0.677,0.665,1,0.545,
0.674,0.662,1,0.597,
0.616,0.607,0.941,0.507,
0.658,0.652,0.977,0.526,
0.648,0.639,0.981,0.564,
0.68,0.683,0.937,0.593,
0.552,0.548,0.944,0.459,
0.697,0.691,0.954,0.614,
0.717,0.712,0.968,0.639,
0.514,0.497,1,0.413,
0.596,0.588,1,0.48,
0.577,0.573,1,0.436,
0.61,0.599,1,0.498,
0.67,0.661,1,0.587,
0.53,0.521,1,0.431,
0.617,0.614,0.971,0.509,
0.642,0.631,1,0.569,
0.672,0.666,0.966,0.612,
0.643,0.639,1,0.553,
0.691,0.684,0.978,0.624,
0.623,0.613,1,0.546,
0.684,0.677,0.982,0.582,
0.562,0.548,0.956,0.446,
0.547,0.541,0.95,0.453,
0.631,0.628,0.868,0.541,
0.669,0.663,0.896,0.533,
0.706,0.7,1,0.639,
0.618,0.613,1,0.549,
0.676,0.669,1,0.605,
0.683,0.679,0.898,0.592,
0.658,0.651,1,0.574,
0.677,0.672,0.934,0.573,
0.666,0.655,1,0.601,
0.683,0.679,0.976,0.631,
0.615,0.618,0.995,0.511,
0.679,0.673,0.926,0.621,
0.607,0.593,0.961,0.494,
0.546,0.538,0.943,0.46,
0.681,0.671,0.999,0.616,
0.638,0.635,0.972,0.52,
0.603,0.591,0.96,0.503,
0.692,0.682,1,0.609,
0.559,0.544,1,0.464,
0.614,0.605,1,0.495,
0.675,0.667,0.953,0.592,
0.705,0.7,0.967,0.652,
0.569,0.561,0.988,0.445,
0.646,0.637,0.975,0.566,
0.639,0.633,0.991,0.552,
0.531,0.528,0.926,0.416,
0.687,0.683,0.991,0.606,
0.658,0.649,1,0.587,
0.691,0.69,0.949,0.619,
0.689,0.688,1,0.617,
0.669,0.657,1,0.597,
0.691,0.692,0.943,0.573,
0.667,0.659,0.901,0.597,
0.711,0.704,0.962,0.644,
0.687,0.677,1,0.617,
0.535,0.532,0.993,0.436,
0.667,0.663,0.932,0.604,
0.535,0.518,1,0.411,
0.599,0.598,0.955,0.466,
0.623,0.62,1,0.515,
0.648,0.643,0.928,0.575,
0.662,0.658,1,0.587,
0.637,0.628,1,0.567,
0.606,0.589,1,0.512,
0.651,0.641,0.96,0.563,
0.644,0.638,1,0.577,
0.678,0.665,0.976,0.59,
0.692,0.688,0.926,0.589,
0.669,0.662,1,0.588,
0.7,0.69,1,0.623,
0.6,0.597,0.994,0.497,
0.551,0.532,0.985,0.457,
0.694,0.702,0.926,0.582,
0.67,0.663,1,0.599,
0.615,0.605,0.98,0.502,
0.592,0.581,0.978,0.425,
0.687,0.694,0.993,0.571,
0.578,0.576,1,0.447,
0.653,0.651,0.872,0.57,
0.599,0.595,1,0.497,
0.695,0.69,0.994,0.605,
0.692,0.688,0.996,0.591,
0.683,0.679,0.919,0.566,
0.446,0.424,0.904,0.299,
0.515,0.505,0.987,0.424,
0.653,0.647,1,0.577,
0.667,0.673,1,0.523,
0.671,0.665,0.934,0.597,
0.683,0.675,0.94,0.607,
0.701,0.687,0.961,0.639,
0.682,0.675,0.939,0.594,
0.628,0.618,0.942,0.538,
0.675,0.669,1,0.591,
0.582,0.571,1,0.476,
0.634,0.638,0.955,0.549,
0.647,0.642,0.981,0.586,
0.636,0.63,1,0.504,
0.596,0.592,1,0.463,
0.687,0.681,1,0.618,
0.432,0.419,0.897,0.35,
0.624,0.621,1,0.526,
0.692,0.682,0.993,0.608,
0.605,0.596,1,0.498,
0.683,0.677,0.979,0.634,
0.697,0.694,1,0.615,
0.68,0.68,0.908,0.572,
0.65,0.648,0.954,0.561,
0.62,0.608,1,0.495,
0.654,0.649,1,0.56,
0.66,0.659,0.972,0.586,
0.592,0.582,0.923,0.494,
0.608,0.601,0.967,0.481,
0.56,0.546,1,0.458,
0.651,0.639,1,0.568,
0.523,0.516,0.888,0.436,
0.685,0.678,1,0.609,
0.659,0.652,1,0.591,
0.685,0.679,1,0.625,
0.636,0.625,0.86,0.576,
0.697,0.699,0.991,0.624,
0.628,0.61,1,0.532,
0.688,0.683,0.959,0.637,
0.694,0.687,0.976,0.578,
0.692,0.684,1,0.646,
0.669,0.661,1,0.621,
0.67,0.662,0.98,0.555,
0.677,0.671,0.957,0.596,
0.57,0.567,0.877,0.448,
0.65,0.637,1,0.576,
0.564,0.558,1,0.446,
0.697,0.689,1,0.629,
0.659,0.654,1,0.553,
0.673,0.674,0.935,0.605,
0.617,0.607,1,0.54,
0.68,0.683,0.951,0.613,
0.624,0.621,1,0.544,
0.676,0.668,1,0.605,
0.659,0.656,0.915,0.545,
0.598,0.597,0.977,0.493,
0.647,0.646,1,0.518,
0.563,0.555,1,0.48,
0.495,0.475,1,0.399,
0.622,0.611,1,0.511,
0.727,0.715,0.996,0.661,
0.626,0.609,1,0.544,
0.658,0.649,0.999,0.578,
0.671,0.659,0.963,0.602,
0.698,0.694,0.975,0.639,
0.469,0.462,1,0.352,
0.662,0.657,0.949,0.578,
0.57,0.561,0.994,0.466,
0.691,0.692,0.971,0.605,
0.66,0.661,1,0.564,
0.632,0.621,1,0.547,
0.605,0.597,0.993,0.41,
0.703,0.708,0.988,0.62,
0.687,0.677,0.99,0.62,
0.613,0.603,1,0.5,
0.644,0.639,0.99,0.578,
0.644,0.639,1,0.564,
0.671,0.662,1,0.612,
0.618,0.609,1,0.526,
0.535,0.53,1,0.42,
0.672,0.667,0.966,0.593,
0.617,0.609,1,0.474,
0.62,0.617,0.99,0.532,
0.698,0.696,1,0.647,
0.695,0.696,1,0.606,
0.667,0.66,0.931,0.606,
0.63,0.615,0.979,0.55,
0.675,0.67,1,0.606,
0.657,0.645,0.926,0.574,
0.608,0.603,1,0.536,
0.655,0.651,0.951,0.567,
0.689,0.683,0.971,0.618,
0.682,0.672,0.959,0.598,
0.625,0.609,0.942,0.55,
0.491,0.465,1,0.347,
0.709,0.707,0.931,0.648,
0.513,0.514,1,0.388,
0.702,0.701,0.965,0.619,
0.687,0.681,0.966,0.63,
0.654,0.645,1,0.577,
0.68,0.669,0.976,0.599,
0.531,0.528,1,0.373,
0.702,0.694,1,0.632,
0.701,0.702,0.977,0.609,
0.705,0.698,1,0.644,
0.534,0.53,0.938,0.394,
0.705,0.702,1,0.626,
0.665,0.658,1,0.581,
0.324,0.313,1,0.24,
0.706,0.696,0.937,0.6,
0.671,0.664,1,0.604,
0.644,0.63,1,0.542,
0.671,0.657,0.993,0.586,
0.632,0.623,0.978,0.499,
0.668,0.667,0.988,0.575,
0.663,0.656,1,0.582,
0.674,0.673,1,0.574,
0.677,0.671,0.949,0.585,
0.671,0.668,1,0.573,
0.685,0.678,1,0.547,
0.676,0.671,0.984,0.584,
0.68,0.679,1,0.596,
0.655,0.649,0.963,0.567,
0.621,0.613,0.969,0.528,
0.609,0.609,1,0.511,
0.462,0.45,0.993,0.378,
0.668,0.665,1,0.578,
0.688,0.682,0.982,0.607,
0.651,0.633,1,0.546,
0.678,0.673,1,0.591,
0.676,0.677,0.939,0.606,
0.625,0.619,0.999,0.517,
0.693,0.688,0.972,0.643,
0.526,0.526,1,0.417,
0.681,0.68,0.926,0.593,
0.675,0.679,0.907,0.563,
0.699,0.698,0.906,0.604,
0.646,0.637,1,0.559,
0.689,0.69,0.97,0.598,
0.566,0.553,0.887,0.489,
0.603,0.59,0.995,0.457,
0.688,0.695,0.958,0.586,
0.608,0.605,0.981,0.477,
0.678,0.673,0.99,0.578,
0.693,0.685,0.99,0.653,
0.593,0.579,1,0.437,
0.672,0.666,0.99,0.591,
0.601,0.587,0.954,0.537,
0.61,0.602,0.981,0.524,
0.686,0.683,0.958,0.615,
0.668,0.667,0.997,0.588,
0.691,0.681,0.986,0.592,
0.52,0.508,0.896,0.438,
0.675,0.674,0.937,0.596,
0.588,0.57,0.925,0.477,
0.652,0.643,1,0.555,
0.625,0.615,1,0.52,
0.691,0.681,0.968,0.626,
0.598,0.593,1,0.481,
0.714,0.706,0.973,0.651,
0.589,0.576,1,0.49,
0.574,0.566,1,0.498,
0.603,0.591,1,0.503,
0.69,0.681,1,0.608,
0.603,0.591,0.956,0.489,
0.681,0.673,0.997,0.606,
0.635,0.635,1,0.554,
0.689,0.688,0.98,0.587,
0.669,0.668,0.942,0.586,
0.688,0.684,0.955,0.606,
0.716,0.713,1,0.594,
0.636,0.654,1,0.48,
0.668,0.663,0.938,0.58,
0.641,0.643,0.883,0.58,
0.545,0.536,0.91,0.474,
0.499,0.487,0.942,0.43,
0.541,0.529,0.97,0.466,
0.483,0.47,1,0.419,
0.479,0.465,0.993,0.415,
0.526,0.51,0.987,0.448,
0.465,0.456,0.932,0.372,
0.515,0.511,1,0.4,
0.552,0.542,0.901,0.452,
0.512,0.499,1,0.463,
0.48,0.47,1,0.408,
0.532,0.525,0.954,0.466,
0.501,0.487,1,0.434,
0.521,0.508,1,0.452,
0.454,0.438,0.898,0.348,
0.501,0.483,0.962,0.428,
0.437,0.422,1,0.381,
0.505,0.496,0.883,0.422,
0.407,0.394,1,0.336,
0.496,0.48,0.984,0.419,
0.497,0.495,0.918,0.418,
0.543,0.528,1,0.454,
0.524,0.525,0.904,0.433,
0.579,0.571,0.975,0.501,
0.523,0.51,0.994,0.439,
0.525,0.512,1,0.466,
0.526,0.517,0.974,0.447,
0.528,0.518,0.946,0.46,
0.521,0.52,0.934,0.412,
0.465,0.446,0.929,0.405,
0.535,0.518,0.979,0.434,
0.494,0.478,0.949,0.411,
0.508,0.495,0.995,0.436,
0.576,0.564,1,0.49,
0.557,0.552,0.976,0.474,
0.537,0.528,0.951,0.461,
0.518,0.504,1,0.426,
0.48,0.462,0.973,0.404,
0.547,0.53,1,0.496,
0.464,0.457,1,0.397,
0.512,0.499,0.916,0.45,
0.511,0.502,0.997,0.429,
0.534,0.522,0.93,0.445,
0.504,0.491,1,0.436,
0.44,0.428,1,0.371,
0.496,0.481,1,0.411,
0.47,0.454,1,0.402,
0.554,0.544,1,0.491,
0.49,0.479,0.934,0.405,
0.487,0.468,0.976,0.401,
0.474,0.464,0.815,0.421,
0.504,0.493,0.886,0.409,
0.524,0.509,0.96,0.428,
0.523,0.516,1,0.456,
0.518,0.504,0.982,0.438,
0.526,0.51,1,0.451,
0.475,0.463,1,0.393,
0.529,0.52,0.993,0.442,
0.522,0.506,1,0.455,
0.514,0.502,0.992,0.441,
0.518,0.51,1,0.4,
0.549,0.534,1,0.478,
0.449,0.437,1,0.382,
0.518,0.509,0.97,0.449,
0.501,0.494,1,0.436,
0.522,0.51,1,0.44,
0.539,0.524,1,0.437,
0.526,0.513,0.93,0.428,
0.471,0.457,1,0.384,
0.464,0.443,1,0.388,
0.574,0.558,0.997,0.513,
0.519,0.508,0.981,0.453,
0.536,0.524,0.982,0.485,
0.411,0.395,0.883,0.337,
0.556,0.55,0.966,0.47,
0.54,0.526,0.996,0.447,
0.445,0.433,0.954,0.376,
0.542,0.536,0.946,0.434,
0.468,0.456,1,0.37,
0.518,0.508,1,0.444,
0.521,0.508,0.972,0.458,
0.534,0.527,0.979,0.451,
0.458,0.446,0.954,0.352,
0.508,0.498,1,0.451,
0.468,0.458,1,0.368,
0.505,0.494,1,0.445,
0.482,0.478,0.848,0.402,
0.524,0.514,0.932,0.435,
0.468,0.441,0.975,0.383,
0.523,0.507,1,0.449,
0.486,0.469,1,0.371,
0.53,0.52,0.971,0.456,
0.507,0.497,0.907,0.438,
0.541,0.526,0.977,0.479,
0.475,0.469,1,0.401,
0.455,0.443,1,0.366,
0.486,0.472,1,0.419,
0.525,0.516,1,0.417,
0.468,0.454,1,0.379,
0.552,0.545,1,0.475,
0.54,0.53,1,0.467,
0.551,0.537,1,0.477,
0.53,0.527,0.911,0.435,
0.511,0.495,1,0.462,
0.547,0.542,0.962,0.475,
0.539,0.532,0.938,0.464,
0.539,0.534,0.936,0.462,
0.508,0.492,1,0.423,
0.507,0.497,0.859,0.432,
0.517,0.501,0.94,0.432,
0.469,0.449,1,0.404,
0.515,0.499,1,0.409,
0.486,0.474,1,0.417,
0.524,0.518,0.969,0.436,
0.501,0.488,0.997,0.424,
0.551,0.537,0.922,0.481,
0.534,0.52,0.993,0.477,
0.479,0.463,0.964,0.401,
0.554,0.548,1,0.455,
0.485,0.471,1,0.381,
0.515,0.506,0.984,0.427,
0.408,0.397,1,0.347,
0.479,0.467,0.976,0.37,
0.485,0.48,0.912,0.376,
0.557,0.549,0.983,0.481,
0.588,0.579,1,0.486,
0.508,0.492,1,0.444,
0.508,0.498,0.956,0.426,
0.464,0.448,0.929,0.394,
0.516,0.499,1,0.454,
0.519,0.502,1,0.435,
0.538,0.528,0.943,0.455,
0.538,0.536,0.952,0.45,
0.469,0.453,0.998,0.386,
0.572,0.562,0.956,0.429,
0.526,0.512,1,0.457,
0.514,0.504,0.986,0.439,
0.484,0.476,0.956,0.413,
0.528,0.515,0.972,0.474,
0.505,0.489,0.997,0.441,
0.482,0.474,0.996,0.383,
0.54,0.526,1,0.482,
0.53,0.514,0.981,0.45,
0.466,0.45,1,0.391,
0.55,0.544,0.96,0.44,
0.453,0.436,0.988,0.38,
0.559,0.548,0.974,0.502,
0.538,0.527,0.991,0.464,
0.489,0.471,0.998,0.41,
0.447,0.439,1,0.347,
0.558,0.552,0.984,0.484,
0.516,0.508,1,0.434,
0.519,0.509,0.958,0.459,
0.507,0.494,1,0.418,
0.521,0.513,1,0.435,
0.488,0.48,0.989,0.424,
0.482,0.462,0.969,0.385,
0.511,0.504,1,0.424,
0.5,0.49,0.962,0.403,
0.579,0.569,0.972,0.512,
0.457,0.442,0.984,0.369,
0.48,0.466,1,0.415,
0.506,0.489,0.948,0.436,
0.505,0.494,0.978,0.43,
0.438,0.424,1,0.329,
0.517,0.51,0.984,0.451,
0.524,0.516,0.981,0.434,
0.511,0.496,0.973,0.429,
0.499,0.484,1,0.424,
0.546,0.545,0.918,0.464,
0.506,0.494,0.982,0.43,
0.535,0.528,0.962,0.464,
0.503,0.491,1,0.432,
0.533,0.52,1,0.456,
0.539,0.524,1,0.479,
0.499,0.485,0.973,0.425,
0.492,0.478,0.972,0.407,
0.555,0.543,0.999,0.459,
0.52,0.51,1,0.448,
0.519,0.507,1,0.447,
0.534,0.52,0.986,0.47,
0.508,0.496,1,0.431,
0.523,0.506,0.997,0.446,
0.444,0.425,1,0.374,
0.51,0.495,1,0.44,
0.524,0.51,0.976,0.461,
0.557,0.548,0.928,0.478,
0.506,0.497,0.979,0.397,
0.514,0.502,0.958,0.436,
0.508,0.493,1,0.442,
0.526,0.514,1,0.458,
0.458,0.445,1,0.38,
0.676,0.677,1,0.613,
0.654,0.653,0.966,0.561,
0.639,0.635,0.969,0.549,
0.663,0.655,1,0.603,
0.607,0.609,0.921,0.505,
0.627,0.622,0.87,0.516,
0.683,0.679,0.975,0.593,
0.708,0.698,0.968,0.66,
0.546,0.534,0.995,0.437,
0.697,0.694,0.925,0.607,
0.705,0.695,1,0.619,
0.639,0.635,0.934,0.584,
0.659,0.657,0.916,0.57,
0.715,0.706,0.988,0.647,
0.689,0.685,1,0.601,
0.656,0.658,0.959,0.554,
0.496,0.485,1,0.415,
0.696,0.685,0.978,0.642,
0.463,0.447,1,0.372,
0.549,0.54,0.994,0.474,
0.565,0.551,0.978,0.499,
0.543,0.535,1,0.466,
0.525,0.517,0.962,0.459,
0.518,0.504,0.988,0.455,
0.691,0.681,1,0.623,
0.658,0.643,1,0.581,
0.667,0.665,0.963,0.577,
0.624,0.626,0.905,0.535,
0.665,0.66,0.967,0.604,
0.582,0.565,1,0.464,
0.519,0.508,1,0.385,
0.679,0.676,0.983,0.589,
0.491,0.48,1,0.405,
0.487,0.474,1,0.42,
0.57,0.562,1,0.468,
0.514,0.498,1,0.424,
0.554,0.542,0.993,0.465,
0.471,0.459,1,0.381,
0.474,0.466,1,0.39,
0.518,0.506,1,0.459,


0.623,0.616,0.926,0.568,
0.649,0.647,0.891,0.603,
0.683,0.678,1,0.606,
0.561,0.556,0.754,0.489,
0.67,0.662,1,0.6,
0.697,0.694,0.967,0.637,
0.698,0.702,1,0.6,
0.68,0.674,0.988,0.579,
0.646,0.641,0.957,0.579,
0.657,0.651,0.941,0.526,
0.598,0.591,0.87,0.515,
0.615,0.611,0.889,0.556,
0.634,0.632,0.9,0.564,
0.56,0.555,0.847,0.446,
0.668,0.662,0.907,0.613,
0.712,0.702,0.977,0.653,
0.658,0.649,1,0.565,
0.588,0.587,0.891,0.506,
0.651,0.639,0.976,0.556,
0.576,0.571,0.821,0.472,
0.656,0.649,0.924,0.577,
0.561,0.559,0.907,0.451,
0.681,0.671,1,0.56,
0.54,0.536,0.813,0.45,
0.675,0.669,1,0.605,
0.61,0.607,0.89,0.539,
0.651,0.644,0.906,0.589,
0.531,0.526,0.812,0.459,
0.679,0.669,0.982,0.609,
0.509,0.503,0.761,0.463,
0.67,0.66,0.95,0.546,
0.667,0.661,1,0.559,
0.624,0.615,0.843,0.532,
0.657,0.649,0.941,0.584,
0.595,0.59,0.912,0.515,
0.68,0.673,0.984,0.613,
0.675,0.664,0.906,0.613,
0.575,0.568,0.829,0.527,
0.623,0.623,0.845,0.539,
0.685,0.679,0.99,0.628,
0.693,0.687,0.986,0.629,
0.675,0.673,1,0.564,
0.605,0.598,0.855,0.554,
0.624,0.621,0.931,0.515,
0.669,0.661,0.943,0.564,
0.595,0.591,0.841,0.54,
0.655,0.651,1,0.558,
0.671,0.664,1,0.585,
0.652,0.643,0.905,0.577,
0.602,0.603,0.915,0.492,
0.517,0.507,0.758,0.453,
0.694,0.69,0.972,0.615,
0.677,0.673,0.938,0.61,
0.627,0.622,1,0.527,
0.695,0.689,1,0.588,
0.622,0.612,0.923,0.54,
0.576,0.557,0.885,0.479,
0.69,0.69,1,0.613,
0.674,0.666,0.981,0.579,
0.64,0.632,0.932,0.581,
0.632,0.629,0.889,0.554,
0.629,0.625,0.909,0.557,
0.633,0.629,0.887,0.553,
0.709,0.706,1,0.621,
0.669,0.667,0.908,0.604,
0.677,0.669,0.994,0.608,
0.582,0.577,1,0.481,
0.679,0.676,1,0.6,
0.549,0.547,0.88,0.438,
0.558,0.551,0.753,0.456,
0.623,0.614,0.914,0.505,
0.617,0.613,0.871,0.551,
0.649,0.639,0.94,0.548,
0.604,0.595,0.908,0.548,
0.633,0.626,0.87,0.549,
0.651,0.65,0.899,0.555,
0.634,0.625,0.933,0.586,
0.608,0.601,0.923,0.526,
0.673,0.671,0.896,0.587,
0.685,0.681,0.954,0.616,
0.641,0.631,0.909,0.585,
0.583,0.579,0.933,0.51,
0.613,0.607,1,0.478,
0.645,0.641,0.913,0.566,
0.586,0.578,0.865,0.537,
0.632,0.629,1,0.51,
0.644,0.629,1,0.51,
0.674,0.676,0.948,0.533,
0.641,0.629,1,0.547,
0.641,0.64,0.87,0.567,
0.572,0.571,0.93,0.489,
0.665,0.659,0.989,0.609,
0.672,0.667,0.921,0.602,
0.62,0.614,0.884,0.558,
0.646,0.627,0.904,0.501,
0.514,0.504,0.854,0.433,
0.612,0.601,0.906,0.564,
0.626,0.619,0.935,0.561,
0.682,0.685,0.939,0.596,
0.6,0.595,0.795,0.532,
0.703,0.692,0.969,0.631,
0.665,0.655,0.921,0.601,
0.598,0.593,0.881,0.531,
0.569,0.564,0.815,0.527,
0.608,0.594,1,0.484,
0.641,0.635,0.948,0.563,
0.66,0.659,0.958,0.557,
0.62,0.615,0.931,0.535,
0.649,0.622,0.9,0.538,
0.695,0.688,0.979,0.626,
0.664,0.658,0.897,0.566,
0.578,0.571,0.943,0.499,
0.68,0.675,0.977,0.605,
0.64,0.635,0.978,0.51,
0.703,0.694,1,0.637,
0.659,0.655,0.925,0.6,
0.606,0.601,0.822,0.54,
0.568,0.566,0.772,0.513,
0.534,0.529,0.778,0.464,
0.581,0.573,0.837,0.517,
0.545,0.541,0.746,0.479,
0.637,0.633,0.923,0.567,
0.655,0.638,1,0.547,
0.61,0.605,0.894,0.526,
0.672,0.667,0.952,0.593,
0.634,0.617,1,0.553,
0.668,0.657,0.92,0.611,
0.6,0.596,0.873,0.549,
0.667,0.667,0.94,0.606,
0.718,0.706,1,0.619,
0.695,0.695,0.929,0.622,
0.613,0.607,0.867,0.528,
0.713,0.706,1,0.652,
0.695,0.687,0.981,0.594,
0.66,0.653,0.972,0.612,
0.666,0.662,0.975,0.621,
0.652,0.653,0.959,0.553,
0.694,0.694,0.934,0.622,
0.585,0.579,0.833,0.497,
0.631,0.625,0.958,0.566,
0.505,0.502,0.748,0.418,
0.665,0.656,0.979,0.599,
0.619,0.617,0.904,0.55,
0.584,0.579,0.839,0.52,
0.606,0.608,0.895,0.54,
0.678,0.673,1,0.612,
0.599,0.593,0.938,0.529,
0.639,0.641,0.866,0.59,
0.634,0.631,0.875,0.559,
0.617,0.612,0.958,0.525,
0.607,0.603,0.903,0.524,
0.579,0.567,0.933,0.498,
0.664,0.653,1,0.544,
0.615,0.609,0.924,0.518,
0.735,0.73,0.999,0.665,
0.621,0.618,0.904,0.542,
0.701,0.695,1,0.646,
0.615,0.605,0.833,0.55,
0.7,0.69,1,0.64,
0.612,0.603,1,0.469,
0.671,0.67,1,0.566,
0.682,0.673,0.98,0.559,
0.643,0.639,0.911,0.573,
0.652,0.641,0.98,0.561,
0.617,0.617,0.896,0.559,
0.67,0.665,0.993,0.545,
0.584,0.582,0.827,0.515,
0.693,0.683,1,0.649,
0.633,0.637,0.919,0.51,
0.668,0.659,1,0.616,
0.596,0.587,0.876,0.536,
0.666,0.662,0.985,0.613,
0.577,0.565,0.875,0.52,
0.574,0.567,0.907,0.491,
0.66,0.655,1,0.594,
0.63,0.631,0.909,0.535,
0.649,0.641,1,0.584,
0.67,0.665,0.965,0.627,
0.657,0.651,0.874,0.598,
0.608,0.604,0.81,0.537,
0.679,0.675,1,0.604,
0.638,0.634,0.936,0.582,
0.675,0.673,0.976,0.606,
0.613,0.607,0.96,0.546,
0.668,0.661,1,0.608,
0.655,0.651,0.9,0.594,
0.604,0.601,0.875,0.537,
0.615,0.605,0.925,0.537,
0.631,0.627,1,0.496,
0.703,0.7,0.92,0.627,
0.626,0.625,1,0.505,
0.652,0.653,0.883,0.591,
0.674,0.665,0.965,0.633,
0.542,0.535,0.822,0.476,
0.653,0.646,1,0.589,
0.582,0.567,1,0.448,
0.697,0.689,0.998,0.633,
0.64,0.635,0.895,0.594,
0.689,0.681,0.959,0.629,
0.633,0.628,0.899,0.528,
0.66,0.657,0.944,0.591,
0.686,0.681,0.975,0.595,
0.588,0.591,1,0.44,
0.653,0.653,0.897,0.597,
0.593,0.586,0.82,0.54,
0.646,0.648,0.975,0.564,
0.68,0.673,0.98,0.587,
0.575,0.565,0.853,0.517,
0.679,0.675,1,0.589,
0.624,0.617,0.912,0.559,
0.632,0.63,0.86,0.556,
0.612,0.611,0.81,0.527,
0.601,0.596,0.843,0.511,
0.577,0.57,0.869,0.521,
0.602,0.598,0.841,0.532,
0.641,0.635,0.929,0.593,
0.696,0.692,1,0.626,
0.665,0.659,0.954,0.573,
0.654,0.651,1,0.58,
0.651,0.641,0.993,0.523,
0.647,0.644,0.945,0.576,
0.689,0.685,0.964,0.621,
0.596,0.593,0.846,0.468,
0.575,0.569,0.804,0.501,
0.68,0.674,0.968,0.605,
0.656,0.65,0.954,0.556,
0.694,0.686,0.957,0.63,
0.573,0.561,0.944,0.479,
0.622,0.621,0.819,0.543,
0.67,0.668,0.895,0.571,
0.638,0.636,0.89,0.557,
0.67,0.663,0.949,0.592,
0.627,0.621,0.888,0.572,
0.62,0.616,1,0.509,
0.61,0.599,1,0.513,
0.579,0.573,0.81,0.534,
0.583,0.573,0.938,0.479,
0.697,0.694,0.999,0.616,
0.697,0.687,1,0.65,
0.655,0.649,0.974,0.564,
0.6,0.595,0.853,0.513,
0.648,0.633,0.954,0.554,
0.691,0.685,0.993,0.561,
0.679,0.678,0.913,0.563,
0.548,0.546,0.795,0.491,
0.711,0.708,1,0.627,
0.629,0.625,0.896,0.542,
0.617,0.615,0.83,0.559,
0.659,0.651,1,0.561,
0.627,0.621,0.919,0.56,
0.649,0.641,0.955,0.558,
0.71,0.704,1,0.651,
0.647,0.633,0.942,0.567,
0.718,0.712,0.978,0.642,
0.564,0.555,0.839,0.485,
0.565,0.57,0.884,0.454,
0.567,0.567,0.845,0.489,
0.694,0.682,0.98,0.625,
0.562,0.553,0.823,0.498,
0.69,0.686,0.987,0.614,
0.574,0.571,0.813,0.506,
0.644,0.64,0.925,0.58,
0.6,0.596,0.852,0.505,
0.654,0.644,0.911,0.605,
0.681,0.671,0.987,0.602,
0.669,0.669,0.947,0.548,
0.596,0.589,0.796,0.533,
0.58,0.573,0.755,0.498,
0.548,0.544,0.87,0.474,
0.584,0.571,1,0.494,
0.563,0.556,0.959,0.501,
0.544,0.539,0.854,0.47,
0.578,0.569,1,0.517,
0.597,0.585,0.969,0.528,
0.532,0.526,0.782,0.462,
0.58,0.575,0.991,0.447,
0.585,0.587,0.888,0.483,
0.577,0.569,0.918,0.522,
0.523,0.511,0.909,0.424,
0.59,0.583,0.92,0.524,
0.547,0.54,0.894,0.471,
0.574,0.573,0.898,0.508,
0.542,0.537,1,0.464,
0.544,0.532,0.895,0.477,
0.526,0.518,0.921,0.461,
0.607,0.598,1,0.486,
0.594,0.585,1,0.491,
0.574,0.56,1,0.506,
0.608,0.607,0.932,0.525,
0.577,0.571,0.904,0.483,
0.589,0.581,1,0.53,
0.63,0.622,1,0.58,
0.568,0.563,0.951,0.511,
0.558,0.551,0.995,0.5,
0.606,0.603,0.949,0.471,
0.545,0.544,0.847,0.454,
0.517,0.512,0.79,0.441,
0.57,0.562,1,0.494,
0.539,0.532,0.86,0.487,
0.537,0.533,0.835,0.491,
0.593,0.578,1,0.539,
0.594,0.581,0.971,0.536,
0.607,0.603,0.984,0.551,
0.557,0.551,0.85,0.485,
0.544,0.536,0.905,0.46,
0.575,0.564,1,0.495,
0.56,0.554,0.929,0.493,
0.505,0.493,0.933,0.441,
0.596,0.587,1,0.521,
0.643,0.637,1,0.533,
0.623,0.617,1,0.539,
0.597,0.591,0.987,0.514,
0.506,0.499,0.908,0.41,
0.504,0.496,0.864,0.418,
0.544,0.541,0.975,0.438,
0.595,0.587,0.955,0.536,
0.52,0.514,0.895,0.419,
0.59,0.581,0.975,0.522,
0.587,0.576,1,0.528,
0.527,0.519,0.835,0.461,
0.585,0.579,0.915,0.503,
0.567,0.559,0.965,0.496,
0.57,0.562,0.938,0.518,
0.59,0.577,0.929,0.522,
0.53,0.526,0.932,0.467,
0.579,0.567,0.995,0.501,
0.547,0.537,0.933,0.478,
0.578,0.571,0.943,0.504,
0.589,0.585,0.927,0.47,
0.541,0.534,0.886,0.484,
0.581,0.581,1,0.485,
0.6,0.592,1,0.54,
0.567,0.557,0.946,0.491,
0.565,0.555,0.931,0.495,
0.565,0.558,0.915,0.494,
0.613,0.602,0.957,0.491,
0.444,0.429,0.742,0.361,
0.55,0.55,0.923,0.463,
0.619,0.609,1,0.536,
0.597,0.587,1,0.521,
0.536,0.528,0.845,0.468,
0.505,0.497,0.818,0.423,
0.593,0.587,0.956,0.494,
0.57,0.56,0.955,0.491,
0.527,0.521,0.785,0.479,
0.593,0.591,1,0.5,
0.512,0.503,0.851,0.453,
0.513,0.511,0.84,0.44,
0.616,0.613,1,0.54,
0.613,0.605,0.983,0.548,
0.505,0.501,0.929,0.431,
0.582,0.575,0.976,0.485,
0.573,0.564,0.875,0.445,
0.515,0.506,0.83,0.452,
0.598,0.589,1,0.525,
0.593,0.594,0.88,0.524,
0.568,0.55,1,0.463,
0.559,0.548,0.976,0.489,
0.549,0.542,0.945,0.428,
0.582,0.579,0.917,0.485,
0.595,0.587,1,0.532,
0.581,0.569,0.92,0.538,
0.477,0.469,0.832,0.401,
0.575,0.567,0.99,0.472,
0.484,0.476,0.823,0.423,
0.585,0.579,0.942,0.514,
0.543,0.538,0.894,0.471,
0.563,0.553,0.93,0.505,
0.574,0.565,0.968,0.486,
0.593,0.585,0.991,0.519,
0.563,0.561,0.87,0.501,
0.516,0.508,0.903,0.427,
0.591,0.586,0.936,0.53,
0.605,0.603,0.901,0.533,
0.644,0.644,1,0.563,
0.581,0.572,0.947,0.484,
0.603,0.593,1,0.541,
0.588,0.583,0.901,0.511,
0.472,0.464,0.837,0.403,
0.613,0.606,0.983,0.481,
0.545,0.534,0.945,0.464,
0.569,0.561,0.868,0.499,
0.549,0.536,0.98,0.483,
0.575,0.569,0.882,0.471,
0.607,0.602,0.974,0.555,
0.561,0.554,1,0.449,
0.549,0.544,0.903,0.492,
0.611,0.605,0.944,0.499,
0.602,0.599,0.959,0.506,
0.568,0.573,1,0.45,
0.493,0.487,0.826,0.417,
0.549,0.546,0.852,0.465,
0.59,0.583,0.956,0.542,
0.584,0.581,0.944,0.515,
0.608,0.599,0.969,0.52,
0.481,0.476,0.762,0.42,
0.475,0.467,0.756,0.411,
0.56,0.552,0.888,0.51,
0.595,0.585,0.974,0.52,
0.58,0.569,0.989,0.529,
0.601,0.593,1,0.539,
0.584,0.577,0.916,0.506,
0.563,0.559,0.885,0.493,
0.527,0.516,0.883,0.474,
0.578,0.569,0.986,0.516,
0.589,0.583,0.999,0.504,
0.602,0.593,1,0.535,
0.586,0.579,1,0.525,
0.565,0.558,0.961,0.486,
0.574,0.563,0.94,0.521,
0.577,0.567,0.992,0.481,
0.532,0.522,0.986,0.442,
0.588,0.588,0.964,0.518,
0.599,0.595,0.988,0.507,
0.629,0.621,0.992,0.551,
0.618,0.611,0.997,0.517,
0.519,0.518,0.852,0.464,
0.546,0.537,0.964,0.436,
0.565,0.559,0.877,0.491,
0.587,0.578,0.97,0.535,
0.591,0.583,0.901,0.535,
0.532,0.526,0.858,0.471,
0.586,0.579,1,0.511,
0.576,0.569,1,0.489,
0.617,0.602,1,0.496,
0.571,0.566,0.969,0.503,
0.501,0.498,0.793,0.438,
0.601,0.599,0.958,0.548,
0.586,0.579,0.977,0.469,
0.561,0.554,0.935,0.489,
0.542,0.546,0.884,0.423,
0.535,0.527,0.919,0.461,
0.484,0.478,0.919,0.386,
0.524,0.516,0.858,0.459,
0.582,0.577,1,0.503,
0.526,0.518,0.855,0.465,
0.539,0.528,0.929,0.409,
0.532,0.526,0.83,0.481,
0.614,0.603,1,0.536,
0.571,0.563,0.909,0.464,
0.542,0.532,0.879,0.482,
0.563,0.553,0.945,0.479,
0.514,0.508,0.828,0.418,
0.588,0.583,1,0.513,
0.594,0.583,0.972,0.502,
0.614,0.603,1,0.536,
0.55,0.538,0.912,0.5,
0.591,0.582,0.947,0.523,
0.607,0.599,1,0.525,
0.585,0.58,0.953,0.488,
0.531,0.528,0.876,0.468,
0.524,0.511,0.91,0.444,
0.58,0.571,0.916,0.518,
0.579,0.567,1,0.512,
0.549,0.54,0.891,0.453,
0.505,0.496,0.883,0.425,
0.512,0.502,0.842,0.461,
0.585,0.575,0.924,0.476,
0.541,0.534,0.892,0.477,
0.592,0.588,1,0.524,
0.673,0.666,0.965,0.615,
0.672,0.663,1,0.61,
0.57,0.565,0.79,0.5,
0.661,0.659,0.987,0.58,
0.672,0.672,1,0.56,
0.711,0.71,1,0.574,
0.649,0.651,0.868,0.587,
0.696,0.689,0.931,0.634,
0.627,0.624,1,0.489,
0.601,0.595,0.816,0.549,
0.654,0.647,0.961,0.599,
0.677,0.673,1,0.588,
0.632,0.626,0.855,0.555,
0.704,0.695,0.969,0.642,
0.701,0.695,0.998,0.611,
0.654,0.645,0.944,0.562,
0.588,0.587,0.971,0.475,
0.688,0.677,0.985,0.628,
0.469,0.467,0.783,0.394,
0.573,0.57,0.896,0.507,
0.615,0.611,1,0.541,
0.546,0.534,0.939,0.486,
0.545,0.542,0.843,0.484,
0.541,0.538,0.868,0.462,
0.615,0.61,0.861,0.551,
0.661,0.654,0.976,0.593,
0.643,0.639,0.877,0.583,
0.629,0.621,0.936,0.56,
0.699,0.695,1,0.636,
0.656,0.654,0.978,0.54,
0.543,0.538,0.789,0.439,
0.632,0.625,0.961,0.553,
0.429,0.423,0.751,0.37,
0.567,0.562,0.972,0.488,
0.597,0.594,0.979,0.49,
0.579,0.573,1,0.478,
0.568,0.56,0.924,0.518,
0.562,0.556,0.958,0.468,
0.591,0.581,1,0.504,
0.556,0.545,0.94,0.489,




Further Data analysis of all test cases 
avg med max min 
AVGs,0.621,0.622,0.696,0.484,
MEDs,0.616,0.617,0.694,0.488,
MAXs,0.974,0.988,1,0.831,
MINs,0.58,0.595,0.688,0.314,


AVGs,0.588,0.592,0.727,0.324,
MEDs,0.579,0.58,0.715,0.313,
MAXs,0.976,0.991,1,0.815,
MINs,0.502,0.487,0.661,0.24,


AVGs,0.608,0.604,0.735,0.429,
MEDs,0.601,0.599,0.73,0.423,
MAXs,0.928,0.938,1,0.742,
MINs,0.529,0.527,0.665,0.361,



