0.001,0.979,0.0,0.02,
0.0,0.98,0.0,0.02,
0.0,0.98,0.0,0.02,
0.0,0.98,0.0,0.02,
0.0,0.98,0.0,0.02,
0.0,0.98,0.0,0.02,
0.0,0.98,0.0,0.02,
0.0,0.98,0.0,0.02,
0.0,0.98,0.0,0.02,
0.064,0.916,0.0,0.02,
0.0,0.98,0.0,0.02,
0.0,0.98,0.0,0.02,
0.0,0.98,0.0,0.02,
0.071,0.909,0.0,0.02,
0.0,0.98,0.0,0.02,
0.0,0.98,0.0,0.02,
0.05,0.93,0.0,0.02,
0.054,0.926,0.0,0.02,
0.05,0.93,0.0,0.02,
0.0,0.98,0.0,0.02,
0.0,0.98,0.0,0.02,
0.027,0.953,0.0,0.02,
0.071,0.909,0.0,0.02,
0.0,0.98,0.0,0.02,
0.0,0.98,0.0,0.02,
0.0,0.98,0.0,0.02,
0.0,0.98,0.0,0.02,
0.0,0.98,0.0,0.02,
0.0,0.98,0.0,0.02,
0.008,0.972,0.0,0.02,
0.045,0.935,0.0,0.02,
0.0,0.98,0.0,0.02,
0.001,0.979,0.0,0.02,
0.0,0.98,0.0,0.02,
0.0,0.98,0.0,0.02,
0.0,0.98,0.0,0.02,
0.0,0.98,0.0,0.02,
0.0,0.98,0.0,0.02,
0.0,0.98,0.0,0.02,
0.0,0.98,0.0,0.02,
0.0,0.98,0.0,0.02,
0.0,0.98,0.0,0.02,
0.0,0.98,0.0,0.02,
0.057,0.923,0.0,0.02,
0.001,0.979,0.0,0.02,
0.0,0.98,0.0,0.02,
0.0,0.98,0.0,0.02,
0.009,0.971,0.0,0.02,
0.0,0.98,0.0,0.02,
0.06,0.92,0.0,0.02,
0.0,0.98,0.0,0.02,
0.0,0.98,0.0,0.02,
0.0,0.98,0.0,0.02,
0.043,0.937,0.0,0.02,
0.0,0.98,0.0,0.02,
0.017,0.963,0.0,0.02,
0.086,0.894,0.0,0.02,
0.0,0.98,0.0,0.02,
0.0,0.98,0.0,0.02,
0.0,0.98,0.0,0.02,
0.0,0.98,0.0,0.02,
0.0,0.98,0.0,0.02,
0.001,0.979,0.0,0.02,
0.0,0.98,0.0,0.02,
0.0,0.98,0.0,0.02,
0.0,0.98,0.0,0.02,
0.132,0.848,0.0,0.02,
0.0,0.98,0.0,0.02,
0.063,0.917,0.0,0.02,
0.039,0.941,0.0,0.02,
0.005,0.975,0.0,0.02,
0.0,0.98,0.0,0.02,
0.0,0.98,0.0,0.02,
0.0,0.98,0.0,0.02,
0.0,0.98,0.0,0.02,
0.003,0.977,0.0,0.02,
0.0,0.98,0.0,0.02,
0.0,0.98,0.0,0.02,
0.0,0.98,0.0,0.02,
0.004,0.976,0.0,0.02,
0.0,0.98,0.0,0.02,
0.045,0.935,0.0,0.02,
0.095,0.885,0.0,0.02,
0.0,0.98,0.0,0.02,
0.0,0.98,0.0,0.02,
0.0,0.98,0.0,0.02,
0.011,0.969,0.0,0.02,
0.0,0.98,0.0,0.02,
0.001,0.979,0.0,0.02,
0.001,0.979,0.0,0.02,
0.036,0.944,0.0,0.02,
0.0,0.98,0.0,0.02,
0.0,0.98,0.0,0.02,
0.018,0.962,0.0,0.02,
0.111,0.869,0.0,0.02,
0.105,0.875,0.0,0.02,
0.0,0.98,0.0,0.02,
0.0,0.98,0.0,0.02,
0.0,0.98,0.0,0.02,
0.0,0.98,0.0,0.02,
0.0,0.98,0.0,0.02,
0.0,0.98,0.0,0.02,
0.001,0.979,0.0,0.02,
0.0,0.98,0.0,0.02,
0.037,0.943,0.0,0.02,
0.0,0.98,0.0,0.02,
0.0,0.98,0.0,0.02,
0.0,0.98,0.0,0.02,
0.05,0.93,0.0,0.02,
0.0,0.98,0.0,0.02,
0.124,0.856,0.0,0.02,
0.0,0.98,0.0,0.02,
0.0,0.98,0.0,0.02,
0.002,0.978,0.0,0.02,
0.0,0.98,0.0,0.02,
0.0,0.98,0.0,0.02,
0.0,0.98,0.0,0.02,
0.0,0.98,0.0,0.02,
0.0,0.98,0.0,0.02,
0.0,0.98,0.0,0.02,
0.0,0.98,0.0,0.02,
0.017,0.963,0.0,0.02,
0.0,0.98,0.0,0.02,
0.056,0.924,0.0,0.02,
0.0,0.98,0.0,0.02,
0.029,0.951,0.0,0.02,
0.0,0.98,0.0,0.02,
0.0,0.98,0.0,0.02,
0.0,0.98,0.0,0.02,
0.0,0.98,0.0,0.02,
0.0,0.98,0.0,0.02,
0.004,0.976,0.0,0.02,
0.0,0.98,0.0,0.02,
0.0,0.98,0.0,0.02,
0.0,0.98,0.0,0.02,
0.0,0.98,0.0,0.02,
0.0,0.98,0.0,0.02,
0.0,0.98,0.0,0.02,
0.092,0.888,0.0,0.02,
0.0,0.98,0.0,0.02,
0.031,0.949,0.0,0.02,
0.0,0.98,0.0,0.02,
0.0,0.98,0.0,0.02,
0.0,0.98,0.0,0.02,
0.0,0.98,0.0,0.02,
0.0,0.98,0.0,0.02,
0.001,0.979,0.0,0.02,
0.0,0.98,0.0,0.02,
0.0,0.98,0.0,0.02,
0.058,0.922,0.0,0.02,
0.0,0.98,0.0,0.02,
0.001,0.979,0.0,0.02,
0.0,0.98,0.0,0.02,
0.0,0.98,0.0,0.02,
0.0,0.98,0.0,0.02,
0.0,0.98,0.0,0.02,
0.0,0.98,0.0,0.02,
0.0,0.98,0.0,0.02,
0.0,0.98,0.0,0.02,
0.248,0.732,0.0,0.02,
0.0,0.98,0.0,0.02,
0.029,0.951,0.0,0.02,
0.0,0.98,0.0,0.02,
0.0,0.98,0.0,0.02,
0.0,0.98,0.0,0.02,
0.079,0.901,0.0,0.02,
0.0,0.98,0.0,0.02,
0.0,0.98,0.0,0.02,
0.06,0.92,0.0,0.02,
0.0,0.98,0.0,0.02,
0.0,0.98,0.0,0.02,
0.0,0.98,0.0,0.02,
0.0,0.98,0.0,0.02,
0.072,0.907,0.0,0.02,
0.0,0.98,0.0,0.02,
0.0,0.98,0.0,0.02,
0.0,0.98,0.0,0.02,
0.0,0.98,0.0,0.02,
0.0,0.98,0.0,0.02,
0.0,0.98,0.0,0.02,
0.001,0.979,0.0,0.02,
0.0,0.98,0.0,0.02,
0.0,0.98,0.0,0.02,
0.04,0.94,0.0,0.02,
0.0,0.98,0.0,0.02,
0.0,0.98,0.0,0.02,
0.0,0.98,0.0,0.02,
0.017,0.963,0.0,0.02,
0.069,0.911,0.0,0.02,
0.0,0.98,0.0,0.02,
0.062,0.918,0.0,0.02,
0.0,0.98,0.0,0.02,
0.0,0.98,0.0,0.02,
0.0,0.98,0.0,0.02,
0.0,0.98,0.0,0.02,
0.052,0.928,0.0,0.02,
0.0,0.98,0.0,0.02,
0.0,0.98,0.0,0.02,
0.0,0.98,0.0,0.02,
0.071,0.909,0.0,0.02,
0.0,0.98,0.0,0.02,
0.0,0.98,0.0,0.02,
0.178,0.802,0.0,0.02,
0.0,0.98,0.0,0.02,
0.0,0.98,0.0,0.02,
0.004,0.976,0.0,0.02,
0.0,0.98,0.0,0.02,
0.016,0.964,0.0,0.02,
0.0,0.98,0.0,0.02,
0.0,0.98,0.0,0.02,
0.0,0.98,0.0,0.02,
0.0,0.98,0.0,0.02,
0.0,0.98,0.0,0.02,
0.0,0.98,0.0,0.02,
0.0,0.98,0.0,0.02,
0.0,0.98,0.0,0.02,
0.019,0.961,0.0,0.02,
0.068,0.912,0.0,0.02,
0.007,0.973,0.0,0.02,
0.097,0.883,0.0,0.02,
0.0,0.98,0.0,0.02,
0.001,0.979,0.0,0.02,
0.0,0.98,0.0,0.02,
0.001,0.979,0.0,0.02,
0.0,0.98,0.0,0.02,
0.0,0.98,0.0,0.02,
0.0,0.98,0.0,0.02,
0.117,0.863,0.0,0.02,
0.0,0.98,0.0,0.02,
0.0,0.98,0.0,0.02,
0.0,0.98,0.0,0.02,
0.0,0.98,0.0,0.02,
0.0,0.98,0.0,0.02,
0.02,0.96,0.0,0.02,
0.002,0.978,0.0,0.02,
0.0,0.98,0.0,0.02,
0.0,0.98,0.0,0.02,
0.0,0.98,0.0,0.02,
0.0,0.98,0.0,0.02,
0.016,0.964,0.0,0.02,
0.0,0.98,0.0,0.02,
0.092,0.887,0.0,0.02,
0.014,0.966,0.0,0.02,
0.0,0.98,0.0,0.02,
0.0,0.98,0.0,0.02,
0.001,0.979,0.0,0.02,
0.156,0.824,0.0,0.02,
0.0,0.98,0.0,0.02,
0.0,0.98,0.0,0.02,
0.002,0.978,0.0,0.02,
0.0,0.98,0.0,0.02,
0.0,0.98,0.0,0.02,
0.054,0.926,0.0,0.02,
0.001,0.979,0.0,0.02,
0.0,0.98,0.0,0.02,
0.0,0.98,0.0,0.02,
0.002,0.978,0.0,0.02,
0.0,0.98,0.0,0.02,
0.0,0.98,0.0,0.02,
0.0,0.98,0.0,0.02,
0.0,0.98,0.0,0.02,
0.0,0.98,0.0,0.02,
0.0,0.98,0.0,0.02,
0.0,0.98,0.0,0.02,
0.0,0.98,0.0,0.02,
0.019,0.961,0.0,0.02,
0.0,0.98,0.0,0.02,
0.0,0.98,0.0,0.02,
0.08,0.9,0.0,0.02,
0.231,0.749,0.0,0.02,
0.14,0.84,0.0,0.02,
0.194,0.786,0.0,0.02,
0.119,0.861,0.0,0.02,
0.195,0.785,0.0,0.02,
0.18,0.8,0.0,0.02,
0.142,0.838,0.0,0.02,
0.232,0.748,0.0,0.02,
0.146,0.834,0.0,0.02,
0.119,0.861,0.0,0.02,
0.139,0.841,0.0,0.02,
0.146,0.834,0.0,0.02,
0.165,0.815,0.0,0.02,
0.16,0.82,0.0,0.02,
0.182,0.798,0.0,0.02,
0.175,0.805,0.0,0.02,
0.204,0.776,0.0,0.02,
0.251,0.729,0.0,0.02,
0.191,0.789,0.0,0.02,
0.03,0.95,0.0,0.02,
0.126,0.854,0.0,0.02,
0.118,0.862,0.0,0.02,
0.166,0.814,0.0,0.02,
0.2,0.78,0.0,0.02,
0.14,0.841,0.0,0.02,
0.233,0.747,0.0,0.02,
0.191,0.789,0.0,0.02,
0.182,0.798,0.0,0.02,
0.166,0.814,0.0,0.02,
0.094,0.886,0.0,0.02,
0.113,0.867,0.0,0.02,
0.157,0.823,0.0,0.02,
0.096,0.884,0.0,0.02,
0.201,0.779,0.0,0.02,
0.047,0.933,0.0,0.02,
0.163,0.817,0.0,0.02,
0.176,0.804,0.0,0.02,
0.178,0.802,0.0,0.02,
0.195,0.785,0.0,0.02,
0.186,0.794,0.0,0.02,
0.281,0.699,0.0,0.02,
0.17,0.81,0.0,0.02,
0.124,0.856,0.0,0.02,
0.235,0.745,0.0,0.02,
0.086,0.894,0.0,0.02,
0.142,0.838,0.0,0.02,
0.131,0.849,0.0,0.02,
0.051,0.929,0.0,0.02,
0.169,0.811,0.0,0.02,
0.0,0.98,0.0,0.02,
0.158,0.822,0.0,0.02,
0.245,0.735,0.0,0.02,
0.21,0.77,0.0,0.02,
0.128,0.852,0.0,0.02,
0.175,0.805,0.0,0.02,
0.239,0.741,0.0,0.02,
0.025,0.955,0.0,0.02,
0.107,0.873,0.0,0.02,
0.126,0.854,0.0,0.02,
0.171,0.809,0.0,0.02,
0.15,0.83,0.0,0.02,
0.063,0.917,0.0,0.02,
0.139,0.842,0.0,0.02,
0.017,0.963,0.0,0.02,
0.102,0.877,0.0,0.02,
0.061,0.919,0.0,0.02,
0.102,0.878,0.0,0.02,
0.175,0.805,0.0,0.02,
0.199,0.781,0.0,0.02,
0.144,0.836,0.0,0.02,
0.18,0.8,0.0,0.02,
0.193,0.787,0.0,0.02,
0.147,0.833,0.0,0.02,
0.001,0.979,0.0,0.02,
0.187,0.793,0.0,0.02,
0.196,0.784,0.0,0.02,
0.128,0.852,0.0,0.02,
0.169,0.811,0.0,0.02,
0.146,0.834,0.0,0.02,
0.114,0.866,0.0,0.02,
0.124,0.856,0.0,0.02,
0.177,0.803,0.0,0.02,
0.012,0.968,0.0,0.02,
0.319,0.661,0.0,0.02,
0.121,0.859,0.0,0.02,
0.187,0.793,0.0,0.02,
0.144,0.836,0.0,0.02,
0.184,0.796,0.0,0.02,
0.119,0.861,0.0,0.02,
0.228,0.752,0.0,0.02,
0.109,0.871,0.0,0.02,
0.148,0.832,0.0,0.02,
0.104,0.876,0.0,0.02,
0.185,0.795,0.0,0.02,
0.071,0.909,0.0,0.02,
0.097,0.883,0.0,0.02,
0.144,0.836,0.0,0.02,
0.001,0.979,0.0,0.02,
0.188,0.792,0.0,0.02,
0.228,0.752,0.0,0.02,
0.142,0.838,0.0,0.02,
0.023,0.957,0.0,0.02,
0.142,0.838,0.0,0.02,
0.142,0.838,0.0,0.02,
0.153,0.827,0.0,0.02,
0.013,0.967,0.0,0.02,
0.069,0.911,0.0,0.02,
0.135,0.845,0.0,0.02,
0.043,0.937,0.0,0.02,
0.172,0.808,0.0,0.02,
0.018,0.962,0.0,0.02,
0.198,0.782,0.0,0.02,
0.123,0.857,0.0,0.02,
0.194,0.786,0.0,0.02,
0.148,0.832,0.0,0.02,
0.068,0.912,0.0,0.02,
0.0,0.98,0.0,0.02,
0.13,0.85,0.0,0.02,
0.146,0.834,0.0,0.02,
0.171,0.809,0.0,0.02,
0.084,0.896,0.0,0.02,
0.48,0.5,0.0,0.02,
0.166,0.814,0.0,0.02,
0.126,0.854,0.0,0.02,
0.127,0.853,0.0,0.02,
0.023,0.957,0.0,0.02,
0.199,0.781,0.0,0.02,
0.286,0.694,0.0,0.02,
0.207,0.773,0.0,0.02,
0.138,0.842,0.0,0.02,
0.12,0.86,0.0,0.02,
0.082,0.898,0.0,0.02,
0.213,0.767,0.0,0.02,
0.163,0.817,0.0,0.02,
0.041,0.939,0.0,0.02,
0.196,0.784,0.0,0.02,
0.015,0.965,0.0,0.02,
0.046,0.934,0.0,0.02,
0.152,0.828,0.0,0.02,
0.186,0.794,0.0,0.02,
0.141,0.839,0.0,0.02,
0.075,0.905,0.0,0.02,
0.202,0.778,0.0,0.02,
0.162,0.818,0.0,0.02,
0.18,0.8,0.0,0.02,
0.162,0.818,0.0,0.02,
0.189,0.791,0.0,0.02,
0.103,0.877,0.0,0.02,
0.228,0.752,0.0,0.02,
0.144,0.836,0.0,0.02,
0.114,0.866,0.0,0.02,
0.163,0.817,0.0,0.02,
0.314,0.666,0.0,0.02,
0.166,0.814,0.0,0.02,
0.037,0.943,0.0,0.02,
0.083,0.897,0.0,0.02,
0.186,0.794,0.0,0.02,
0.156,0.824,0.0,0.02,
0.145,0.835,0.0,0.02,
0.01,0.97,0.0,0.02,
0.247,0.733,0.0,0.02,
0.125,0.855,0.0,0.02,
0.149,0.831,0.0,0.02,
0.155,0.825,0.0,0.02,
0.149,0.831,0.0,0.02,
0.114,0.866,0.0,0.02,
0.152,0.828,0.0,0.02,
0.17,0.81,0.0,0.02,
0.159,0.821,0.0,0.02,
0.18,0.8,0.0,0.02,
0.024,0.956,0.0,0.02,
0.164,0.816,0.0,0.02,
0.14,0.841,0.0,0.02,
0.105,0.875,0.0,0.02,
0.104,0.876,0.0,0.02,
0.166,0.814,0.0,0.02,
0.183,0.796,0.0,0.02,
0.15,0.83,0.0,0.02,
0.127,0.853,0.0,0.02,
0.086,0.894,0.0,0.02,
0.119,0.861,0.0,0.02,
0.161,0.819,0.0,0.02,
0.162,0.818,0.0,0.02,
0.14,0.84,0.0,0.02,
0.13,0.85,0.0,0.02,
0.147,0.833,0.0,0.02,
0.188,0.792,0.0,0.02,
0.165,0.815,0.0,0.02,
0.193,0.787,0.0,0.02,
0.16,0.82,0.0,0.02,
0.016,0.964,0.0,0.02,
0.0,0.98,0.0,0.02,
0.0,0.98,0.0,0.02,
0.001,0.979,0.0,0.02,
0.0,0.98,0.0,0.02,
0.0,0.98,0.0,0.02,
0.0,0.98,0.0,0.02,
0.0,0.98,0.0,0.02,
0.0,0.98,0.0,0.02,
0.0,0.98,0.0,0.02,
0.0,0.98,0.0,0.02,
0.0,0.98,0.0,0.02,
0.0,0.98,0.0,0.02,
0.001,0.979,0.0,0.02,
0.0,0.98,0.0,0.02,
0.0,0.98,0.0,0.02,
0.003,0.977,0.0,0.02,
0.223,0.757,0.0,0.02,
0.0,0.98,0.0,0.02,
0.162,0.818,0.0,0.02,
0.058,0.922,0.0,0.02,
0.145,0.835,0.0,0.02,
0.006,0.974,0.0,0.02,
0.163,0.817,0.0,0.02,
0.189,0.791,0.0,0.02,
0.0,0.98,0.0,0.02,
0.0,0.98,0.0,0.02,
0.0,0.98,0.0,0.02,
0.0,0.98,0.0,0.02,
0.0,0.98,0.0,0.02,
0.0,0.98,0.0,0.02,
0.075,0.905,0.0,0.02,
0.0,0.98,0.0,0.02,
0.148,0.832,0.0,0.02,
0.087,0.893,0.0,0.02,
0.176,0.804,0.0,0.02,
0.215,0.765,0.0,0.02,
0.16,0.82,0.0,0.02,
0.175,0.805,0.0,0.02,
0.22,0.76,0.0,0.02,
0.164,0.816,0.0,0.02,

0.053,0.927,0.0,0.02,1327.0,
0.017,0.963,0.0,0.02,1595.0,
0.042,0.937,0.001,0.02,832.0,
0.101,0.878,0.001,0.02,1436.0,
0.026,0.954,0.001,0.02,1097.0,
0.0,0.98,0.0,0.02,2038.0,
0.001,0.979,0.0,0.02,1485.0,
0.028,0.952,0.0,0.02,1513.0,
0.024,0.955,0.001,0.02,1284.0,
0.282,0.698,0.0,0.02,748.0,
0.089,0.89,0.001,0.02,999.0,
0.143,0.835,0.002,0.02,996.0,
0.025,0.955,0.0,0.02,1527.0,
0.517,0.461,0.001,0.02,460.0,
0.005,0.975,0.0,0.02,1799.0,
0.0,0.98,0.0,0.02,1898.0,
0.544,0.436,0.0,0.02,562.0,
0.194,0.786,0.0,0.02,894.0,
0.354,0.625,0.001,0.02,839.0,
0.339,0.641,0.0,0.02,900.0,
0.112,0.868,0.001,0.02,1072.0,
0.42,0.56,0.0,0.02,700.0,
0.239,0.74,0.001,0.02,750.0,
0.174,0.806,0.0,0.02,1199.0,
0.003,0.977,0.0,0.02,1351.0,
0.059,0.921,0.0,0.02,1653.0,
0.021,0.959,0.0,0.02,1466.0,
0.147,0.833,0.0,0.02,1351.0,
0.038,0.94,0.002,0.02,1050.0,
0.349,0.63,0.001,0.02,745.0,
0.465,0.515,0.0,0.02,483.0,
0.012,0.967,0.001,0.02,1360.0,
0.148,0.832,0.0,0.02,1033.0,
0.017,0.963,0.0,0.02,1929.0,
0.12,0.86,0.0,0.02,1649.0,
0.001,0.979,0.0,0.02,1898.0,
0.007,0.972,0.001,0.02,1433.0,
0.015,0.965,0.0,0.02,1846.0,
0.014,0.966,0.0,0.02,1543.0,
0.0,0.98,0.0,0.02,1837.0,
0.001,0.979,0.0,0.02,1493.0,
0.199,0.78,0.001,0.02,813.0,
0.003,0.977,0.0,0.02,1990.0,
0.251,0.729,0.0,0.02,800.0,
0.512,0.468,0.0,0.02,653.0,
0.012,0.968,0.0,0.02,1924.0,
0.11,0.87,0.0,0.02,963.0,
0.32,0.659,0.001,0.02,827.0,
0.004,0.976,0.0,0.02,2050.0,
0.556,0.424,0.0,0.02,600.0,
0.204,0.776,0.0,0.02,1100.0,
0.045,0.935,0.0,0.02,1249.0,
0.006,0.974,0.0,0.02,1599.0,
0.351,0.629,0.0,0.02,795.0,
0.004,0.976,0.0,0.02,1378.0,
0.257,0.722,0.002,0.02,793.0,
0.48,0.498,0.002,0.02,500.0,
0.019,0.961,0.001,0.02,1347.0,
0.125,0.855,0.0,0.02,997.0,
0.018,0.962,0.0,0.02,1629.0,
0.015,0.965,0.0,0.02,1595.0,
0.051,0.929,0.0,0.02,1812.0,
0.052,0.928,0.0,0.02,1441.0,
0.041,0.939,0.0,0.02,1271.0,
0.0,0.98,0.0,0.02,2265.0,
0.002,0.978,0.0,0.02,1842.0,
0.52,0.46,0.0,0.02,435.0,
0.021,0.959,0.0,0.02,1061.0,
0.535,0.445,0.0,0.02,469.0,
0.267,0.713,0.0,0.02,703.0,
0.259,0.72,0.001,0.02,749.0,
0.113,0.867,0.001,0.02,1203.0,
0.079,0.901,0.001,0.02,1349.0,
0.017,0.963,0.0,0.02,1673.0,
0.298,0.682,0.001,0.02,996.0,
0.099,0.879,0.002,0.02,950.0,
0.037,0.943,0.0,0.02,1442.0,
0.023,0.957,0.0,0.02,1597.0,
0.0,0.98,0.0,0.02,1728.0,
0.082,0.897,0.002,0.02,1039.0,
0.001,0.979,0.0,0.02,1830.0,
0.391,0.589,0.0,0.02,649.0,
0.432,0.548,0.0,0.02,565.0,
0.078,0.902,0.0,0.02,1053.0,
0.028,0.952,0.0,0.02,2057.0,
0.14,0.839,0.001,0.02,1015.0,
0.275,0.704,0.001,0.02,756.0,
0.037,0.943,0.0,0.02,1067.0,
0.52,0.46,0.0,0.02,640.0,
0.109,0.871,0.0,0.02,1259.0,
0.384,0.595,0.001,0.02,599.0,
0.005,0.974,0.0,0.02,1847.0,
0.006,0.97,0.003,0.02,2003.0,
0.048,0.931,0.001,0.02,1037.0,
0.698,0.282,0.0,0.02,300.0,
0.485,0.494,0.001,0.02,650.0,
0.0,0.98,0.0,0.02,1849.0,
0.132,0.848,0.0,0.02,1267.0,
0.041,0.939,0.0,0.02,1098.0,
0.075,0.905,0.0,0.02,1383.0,
0.0,0.98,0.0,0.02,2229.0,
0.008,0.972,0.0,0.02,1577.0,
0.124,0.855,0.001,0.02,1073.0,
0.028,0.952,0.0,0.02,1497.0,
0.236,0.741,0.003,0.02,951.0,
0.15,0.83,0.0,0.02,1058.0,
0.149,0.831,0.0,0.02,1058.0,
0.139,0.839,0.002,0.02,825.0,
0.334,0.646,0.0,0.02,662.0,
0.0,0.98,0.0,0.02,1737.0,
0.778,0.202,0.0,0.02,351.0,
0.1,0.88,0.0,0.02,1112.0,
0.001,0.979,0.0,0.02,1731.0,
0.178,0.801,0.001,0.02,888.0,
0.003,0.977,0.0,0.02,2134.0,
0.0,0.98,0.0,0.02,1918.0,
0.07,0.909,0.001,0.02,1502.0,
0.165,0.814,0.001,0.02,1223.0,
0.048,0.931,0.001,0.02,1089.0,
0.02,0.96,0.0,0.02,1898.0,
0.127,0.853,0.0,0.02,1549.0,
0.377,0.603,0.0,0.02,692.0,
0.19,0.79,0.001,0.02,871.0,
0.44,0.54,0.0,0.02,650.0,
0.125,0.855,0.0,0.02,1150.0,
0.433,0.546,0.001,0.02,762.0,
0.031,0.949,0.001,0.02,1699.0,
0.002,0.978,0.0,0.02,1916.0,
0.001,0.979,0.0,0.02,1937.0,
0.014,0.965,0.001,0.02,1216.0,
0.012,0.968,0.0,0.02,1267.0,
0.232,0.747,0.001,0.02,1000.0,
0.004,0.975,0.001,0.02,1197.0,
0.014,0.966,0.0,0.02,1100.0,
0.0,0.98,0.0,0.02,2247.0,
0.0,0.98,0.0,0.02,1783.0,
0.114,0.865,0.001,0.02,1399.0,
0.035,0.945,0.0,0.02,1295.0,
0.565,0.415,0.0,0.02,630.0,
0.022,0.958,0.0,0.02,1399.0,
0.238,0.742,0.0,0.02,800.0,
0.002,0.978,0.0,0.02,1899.0,
0.044,0.936,0.0,0.02,1467.0,
0.052,0.928,0.0,0.02,1697.0,
0.378,0.602,0.0,0.02,800.0,
0.008,0.972,0.001,0.02,1538.0,
0.156,0.824,0.0,0.02,1136.0,
0.049,0.931,0.0,0.02,1218.0,
0.108,0.872,0.0,0.02,1212.0,
0.34,0.64,0.0,0.02,700.0,
0.103,0.877,0.001,0.02,1399.0,
0.155,0.825,0.001,0.02,1147.0,
0.499,0.481,0.0,0.02,550.0,
0.167,0.812,0.001,0.02,1070.0,
0.003,0.973,0.004,0.02,2227.0,
0.171,0.808,0.001,0.02,949.0,
0.001,0.979,0.0,0.02,1686.0,
0.029,0.951,0.001,0.02,1594.0,
0.0,0.98,0.0,0.02,1687.0,
0.535,0.443,0.002,0.02,499.0,
0.026,0.954,0.0,0.02,1350.0,
0.391,0.589,0.0,0.02,695.0,
0.008,0.972,0.001,0.02,1393.0,
0.112,0.867,0.002,0.02,1049.0,
0.207,0.773,0.0,0.02,842.0,
0.289,0.691,0.0,0.02,747.0,
0.018,0.962,0.0,0.02,1542.0,
0.001,0.979,0.0,0.02,1756.0,
0.332,0.648,0.0,0.02,750.0,
0.072,0.907,0.0,0.02,1363.0,
0.05,0.93,0.0,0.02,1314.0,
0.0,0.98,0.0,0.02,1915.0,
0.045,0.935,0.0,0.02,966.0,
0.345,0.635,0.0,0.02,634.0,
0.004,0.976,0.0,0.02,1730.0,
0.148,0.831,0.001,0.02,949.0,
0.069,0.91,0.001,0.02,942.0,
0.01,0.97,0.0,0.02,1679.0,
0.001,0.979,0.0,0.02,1647.0,
0.064,0.915,0.001,0.02,1340.0,
0.212,0.766,0.002,0.02,800.0,
0.025,0.954,0.001,0.02,1617.0,
0.065,0.915,0.0,0.02,1323.0,
0.153,0.827,0.0,0.02,996.0,
0.059,0.92,0.001,0.02,1123.0,
0.004,0.976,0.0,0.02,2009.0,
0.025,0.955,0.0,0.02,1649.0,
0.234,0.745,0.001,0.02,848.0,
0.492,0.487,0.001,0.02,599.0,
0.001,0.979,0.0,0.02,1550.0,
0.348,0.632,0.0,0.02,775.0,
0.012,0.968,0.0,0.02,1544.0,
0.0,0.98,0.0,0.02,1429.0,
0.033,0.947,0.0,0.02,1563.0,
0.004,0.976,0.0,0.02,1317.0,
0.701,0.279,0.0,0.02,547.0,
0.0,0.98,0.0,0.02,1730.0,
0.002,0.978,0.0,0.02,2029.0,
0.001,0.979,0.0,0.02,1647.0,
0.4,0.58,0.0,0.02,550.0,
0.001,0.979,0.0,0.02,1834.0,
0.072,0.908,0.0,0.02,1147.0,
0.922,0.058,0.0,0.02,350.0,
0.012,0.968,0.0,0.02,1441.0,
0.0,0.98,0.0,0.02,1714.0,
0.132,0.846,0.002,0.02,968.0,
0.142,0.837,0.001,0.02,1091.0,
0.192,0.787,0.001,0.02,1145.0,
0.079,0.901,0.0,0.02,1291.0,
0.055,0.925,0.001,0.02,1299.0,
0.048,0.932,0.0,0.02,1231.0,
0.091,0.889,0.0,0.02,1246.0,
0.096,0.883,0.001,0.02,1099.0,
0.128,0.852,0.0,0.02,1257.0,
0.084,0.896,0.0,0.02,1450.0,
0.001,0.979,0.0,0.02,1997.0,
0.074,0.906,0.0,0.02,1199.0,
0.172,0.807,0.001,0.02,948.0,
0.334,0.641,0.005,0.02,645.0,
0.728,0.252,0.0,0.02,450.0,
0.061,0.919,0.001,0.02,1436.0,
0.077,0.902,0.001,0.02,1124.0,
0.192,0.787,0.001,0.02,1099.0,
0.082,0.898,0.0,0.02,1450.0,
0.028,0.952,0.001,0.02,1492.0,
0.262,0.717,0.001,0.02,879.0,
0.0,0.98,0.0,0.02,1778.0,
0.479,0.501,0.0,0.02,640.0,
0.115,0.865,0.0,0.02,1493.0,
0.047,0.933,0.0,0.02,1184.0,
0.013,0.967,0.0,0.02,1472.0,
0.07,0.909,0.001,0.02,1025.0,
0.006,0.974,0.0,0.02,1603.0,
0.165,0.815,0.0,0.02,995.0,
0.212,0.767,0.001,0.02,767.0,
0.042,0.937,0.001,0.02,1548.0,
0.147,0.833,0.0,0.02,921.0,
0.059,0.921,0.0,0.02,1112.0,
0.0,0.98,0.0,0.02,2460.0,
0.342,0.638,0.0,0.02,664.0,
0.06,0.92,0.0,0.02,1409.0,
0.281,0.698,0.001,0.02,650.0,
0.222,0.756,0.002,0.02,893.0,
0.004,0.976,0.0,0.02,1525.0,
0.096,0.884,0.0,0.02,1305.0,
0.071,0.906,0.003,0.02,1033.0,
0.414,0.566,0.0,0.02,548.0,
0.044,0.935,0.001,0.02,1225.0,
0.178,0.801,0.001,0.02,953.0,
0.092,0.887,0.0,0.02,956.0,
0.252,0.727,0.001,0.02,1099.0,
0.001,0.979,0.0,0.02,1448.0,
0.366,0.614,0.0,0.02,748.0,
0.003,0.976,0.001,0.02,1302.0,
0.191,0.788,0.001,0.02,857.0,
0.263,0.717,0.0,0.02,912.0,
0.145,0.835,0.001,0.02,1031.0,
0.002,0.978,0.001,0.02,1697.0,
0.208,0.772,0.0,0.02,1226.0,
0.087,0.893,0.0,0.02,1276.0,
0.144,0.834,0.002,0.02,854.0,
0.051,0.929,0.0,0.02,1147.0,
0.094,0.885,0.001,0.02,1147.0,
0.044,0.936,0.0,0.02,1353.0,
0.027,0.952,0.001,0.02,1682.0,
0.084,0.895,0.001,0.02,1127.0,
0.094,0.886,0.001,0.02,1178.0,
0.211,0.768,0.001,0.02,1129.0,
0.349,0.631,0.0,0.02,1851.0,
0.403,0.578,0.0,0.02,1428.0,
0.516,0.464,0.0,0.02,1845.0,
0.691,0.289,0.0,0.02,749.0,
0.538,0.442,0.0,0.02,1119.0,
0.623,0.357,0.0,0.02,1000.0,
0.583,0.397,0.0,0.02,764.0,
0.49,0.49,0.0,0.02,1095.0,
0.325,0.655,0.0,0.02,1546.0,
0.575,0.405,0.0,0.02,1101.0,
0.491,0.489,0.0,0.02,869.0,
0.4,0.58,0.0,0.02,1549.0,
0.402,0.578,0.0,0.02,1323.0,
0.289,0.691,0.0,0.02,1987.0,
0.442,0.538,0.0,0.02,1085.0,
0.649,0.331,0.0,0.02,1322.0,
0.644,0.336,0.0,0.02,601.0,
0.347,0.633,0.0,0.02,1182.0,
0.937,0.043,0.0,0.02,468.0,
0.437,0.543,0.0,0.02,1197.0,
0.493,0.487,0.0,0.02,1206.0,
0.495,0.485,0.0,0.02,1661.0,
0.323,0.657,0.0,0.02,1841.0,
0.226,0.754,0.0,0.02,2174.0,
0.483,0.497,0.0,0.02,964.0,
0.467,0.513,0.0,0.02,1822.0,
0.465,0.515,0.0,0.02,1278.0,
0.376,0.604,0.0,0.02,1601.0,
0.467,0.513,0.0,0.02,1250.0,
0.66,0.32,0.0,0.02,552.0,
0.453,0.527,0.0,0.02,1577.0,
0.622,0.358,0.0,0.02,1170.0,
0.518,0.462,0.0,0.02,982.0,
0.287,0.693,0.0,0.02,2390.0,
0.338,0.642,0.0,0.02,1599.0,
0.583,0.397,0.0,0.02,1490.0,
0.525,0.455,0.0,0.02,1203.0,
0.479,0.501,0.0,0.02,864.0,
0.295,0.685,0.0,0.02,1990.0,
0.55,0.43,0.0,0.02,848.0,
0.422,0.558,0.0,0.02,1452.0,
0.802,0.178,0.0,0.02,750.0,
0.445,0.535,0.0,0.02,1834.0,
0.47,0.51,0.0,0.02,1242.0,
0.656,0.324,0.0,0.02,650.0,
0.525,0.455,0.0,0.02,1003.0,
0.485,0.495,0.0,0.02,1062.0,
0.334,0.646,0.0,0.02,1519.0,
0.518,0.462,0.0,0.02,713.0,
0.548,0.432,0.0,0.02,747.0,
0.283,0.697,0.0,0.02,2252.0,
0.49,0.49,0.0,0.02,900.0,
0.567,0.413,0.0,0.02,1090.0,
0.438,0.542,0.0,0.02,1077.0,
0.491,0.489,0.0,0.02,1534.0,
0.484,0.496,0.0,0.02,1335.0,
0.677,0.303,0.0,0.02,578.0,
0.371,0.609,0.0,0.02,1249.0,
0.404,0.576,0.0,0.02,1647.0,
0.435,0.545,0.0,0.02,1348.0,
0.473,0.507,0.0,0.02,1309.0,
0.307,0.673,0.0,0.02,2145.0,
0.777,0.203,0.0,0.02,811.0,
0.34,0.64,0.0,0.02,1742.0,
0.605,0.375,0.0,0.02,928.0,
0.442,0.538,0.0,0.02,1637.0,
0.441,0.539,0.0,0.02,1302.0,
0.592,0.388,0.0,0.02,721.0,
0.751,0.229,0.0,0.02,1272.0,
0.597,0.383,0.0,0.02,865.0,
0.318,0.662,0.0,0.02,1963.0,
0.501,0.479,0.0,0.02,800.0,
0.434,0.546,0.0,0.02,1780.0,
0.811,0.169,0.0,0.02,351.0,
0.322,0.658,0.0,0.02,1998.0,
0.437,0.543,0.0,0.02,1169.0,
0.871,0.109,0.0,0.02,351.0,
0.347,0.633,0.0,0.02,1498.0,
0.685,0.295,0.0,0.02,885.0,
0.43,0.55,0.0,0.02,1412.0,
0.434,0.546,0.0,0.02,1872.0,
0.453,0.527,0.0,0.02,1358.0,
0.78,0.2,0.0,0.02,404.0,
0.482,0.497,0.0,0.02,1000.0,
0.814,0.166,0.0,0.02,613.0,
0.532,0.448,0.0,0.02,1232.0,
0.37,0.61,0.0,0.02,1342.0,
0.544,0.436,0.0,0.02,1548.0,
0.546,0.434,0.0,0.02,807.0,
0.441,0.539,0.0,0.02,1792.0,
0.547,0.433,0.0,0.02,899.0,
0.439,0.541,0.0,0.02,1539.0,
0.403,0.577,0.0,0.02,1607.0,
0.371,0.609,0.0,0.02,1687.0,
0.558,0.422,0.0,0.02,1064.0,
0.573,0.407,0.0,0.02,870.0,
0.364,0.616,0.0,0.02,1694.0,
0.453,0.527,0.0,0.02,1405.0,
0.571,0.409,0.0,0.02,1031.0,
0.372,0.608,0.0,0.02,1732.0,
0.487,0.493,0.0,0.02,1386.0,
0.433,0.547,0.0,0.02,1836.0,
0.467,0.513,0.0,0.02,1310.0,
0.474,0.506,0.0,0.02,1888.0,
0.439,0.541,0.0,0.02,1552.0,
0.513,0.467,0.0,0.02,1595.0,
0.348,0.632,0.0,0.02,1616.0,
0.509,0.471,0.0,0.02,749.0,
0.371,0.609,0.0,0.02,2049.0,
0.459,0.521,0.0,0.02,1067.0,
0.541,0.439,0.0,0.02,800.0,
0.51,0.47,0.0,0.02,898.0,
0.565,0.415,0.0,0.02,1073.0,
0.394,0.586,0.0,0.02,1300.0,
0.642,0.338,0.0,0.02,891.0,
0.34,0.64,0.0,0.02,1822.0,
0.4,0.58,0.0,0.02,1663.0,
0.562,0.418,0.0,0.02,948.0,
0.431,0.548,0.0,0.02,1723.0,
0.654,0.326,0.0,0.02,682.0,
0.546,0.434,0.0,0.02,1074.0,
0.784,0.196,0.0,0.02,600.0,
0.605,0.375,0.0,0.02,428.0,
0.504,0.476,0.0,0.02,690.0,
0.408,0.572,0.0,0.02,2278.0,
0.308,0.672,0.0,0.02,1838.0,
0.437,0.543,0.0,0.02,880.0,
0.417,0.563,0.0,0.02,1392.0,
0.787,0.193,0.0,0.02,809.0,
0.431,0.549,0.0,0.02,1346.0,
0.44,0.54,0.0,0.02,1141.0,
0.418,0.562,0.0,0.02,1565.0,
0.429,0.551,0.0,0.02,1143.0,
0.747,0.233,0.0,0.02,600.0,
0.394,0.586,0.0,0.02,1348.0,
0.369,0.611,0.0,0.02,1779.0,
0.504,0.476,0.0,0.02,1199.0,
0.559,0.421,0.0,0.02,835.0,
0.343,0.637,0.0,0.02,1819.0,
0.388,0.592,0.0,0.02,1939.0,
0.557,0.423,0.0,0.02,748.0,
0.481,0.499,0.0,0.02,1228.0,
0.552,0.428,0.0,0.02,940.0,
0.878,0.102,0.0,0.02,899.0,
0.35,0.63,0.0,0.02,1347.0,
0.677,0.303,0.0,0.02,499.0,
0.426,0.554,0.0,0.02,1583.0,
0.493,0.487,0.0,0.02,882.0,
0.543,0.437,0.0,0.02,642.0,
0.646,0.334,0.0,0.02,500.0,
0.361,0.619,0.0,0.02,2295.0,
0.465,0.515,0.0,0.02,1057.0,
0.491,0.489,0.0,0.02,1546.0,
0.346,0.634,0.0,0.02,1379.0,
0.415,0.565,0.0,0.02,1293.0,
0.543,0.437,0.0,0.02,977.0,
0.664,0.316,0.0,0.02,1070.0,
0.551,0.429,0.0,0.02,1003.0,
0.549,0.431,0.0,0.02,1088.0,
0.332,0.648,0.0,0.02,1595.0,
0.687,0.293,0.0,0.02,550.0,
0.575,0.405,0.0,0.02,730.0,
0.632,0.348,0.0,0.02,1445.0,
0.507,0.473,0.0,0.02,899.0,
0.589,0.391,0.0,0.02,647.0,
0.529,0.451,0.0,0.02,1336.0,
0.401,0.579,0.0,0.02,1299.0,
0.389,0.591,0.0,0.02,1341.0,
0.419,0.561,0.0,0.02,1375.0,
0.453,0.527,0.0,0.02,1771.0,
0.612,0.368,0.0,0.02,1121.0,
0.377,0.603,0.0,0.02,1486.0,
0.475,0.505,0.0,0.02,1117.0,
0.358,0.622,0.0,0.02,1757.0,
0.458,0.522,0.0,0.02,1695.0,
0.477,0.503,0.0,0.02,959.0,
0.655,0.325,0.0,0.02,661.0,
0.427,0.552,0.0,0.02,1702.0,
0.43,0.55,0.0,0.02,1387.0,
0.448,0.532,0.0,0.02,1555.0,
0.438,0.542,0.0,0.02,1188.0,
0.412,0.568,0.0,0.02,1563.0,
0.617,0.363,0.0,0.02,1360.0,
0.711,0.269,0.0,0.02,496.0,
0.521,0.459,0.0,0.02,1076.0,
0.394,0.586,0.0,0.02,1649.0,
0.356,0.624,0.0,0.02,1596.0,
0.563,0.417,0.0,0.02,987.0,
0.598,0.382,0.0,0.02,1690.0,
0.618,0.362,0.0,0.02,710.0,
0.442,0.538,0.0,0.02,1945.0,
0.618,0.362,0.0,0.02,1041.0,
0.003,0.977,0.001,0.02,1738.0,
0.073,0.907,0.0,0.02,1157.0,
0.175,0.805,0.0,0.02,1034.0,
0.0,0.979,0.001,0.02,1674.0,
0.191,0.787,0.002,0.02,912.0,
0.098,0.882,0.0,0.02,1242.0,
0.001,0.978,0.001,0.02,1617.0,
0.0,0.98,0.0,0.02,1866.0,
0.398,0.581,0.001,0.02,650.0,
0.005,0.975,0.0,0.02,1664.0,
0.005,0.975,0.0,0.02,1692.0,
0.058,0.922,0.001,0.02,1086.0,
0.094,0.886,0.0,0.02,1249.0,
0.0,0.98,0.0,0.02,2189.0,
0.11,0.87,0.0,0.02,1045.0,
0.386,0.594,0.0,0.02,734.0,
0.569,0.411,0.0,0.02,683.0,
0.009,0.971,0.0,0.02,1676.0,
0.532,0.448,0.0,0.02,837.0,
0.496,0.484,0.0,0.02,1548.0,
0.337,0.643,0.0,0.02,1876.0,
0.33,0.65,0.0,0.02,2069.0,
0.436,0.544,0.0,0.02,1973.0,
0.511,0.469,0.0,0.02,858.0,
0.039,0.941,0.0,0.02,1322.0,
0.072,0.907,0.001,0.02,1492.0,
0.003,0.976,0.001,0.02,1213.0,
0.075,0.905,0.0,0.02,1200.0,
0.0,0.98,0.0,0.02,1694.0,
0.354,0.626,0.0,0.02,849.0,
0.272,0.708,0.0,0.02,700.0,
0.152,0.827,0.001,0.02,1020.0,
0.495,0.485,0.0,0.02,1100.0,
0.665,0.315,0.0,0.02,1048.0,
0.428,0.552,0.0,0.02,1722.0,
0.525,0.455,0.0,0.02,849.0,
0.322,0.658,0.0,0.02,2009.0,
0.579,0.401,0.0,0.02,798.0,
0.645,0.335,0.0,0.02,649.0,
0.348,0.632,0.0,0.02,1767.0,

0.003,0.977,0.0,0.02,1362.0,
0.0,0.98,0.0,0.02,1699.0,
0.017,0.963,0.0,0.02,899.0,
0.0,0.98,0.0,0.02,1498.0,
0.003,0.977,0.0,0.02,1100.0,
0.0,0.98,0.0,0.02,2049.0,
0.003,0.977,0.0,0.02,1550.0,
0.025,0.955,0.0,0.02,1545.0,
0.007,0.973,0.0,0.02,1400.0,
0.116,0.864,0.0,0.02,749.0,
0.025,0.955,0.0,0.02,1062.0,
0.02,0.959,0.001,0.02,1000.0,
0.007,0.973,0.0,0.02,1548.0,
0.074,0.906,0.0,0.02,550.0,
0.0,0.98,0.0,0.02,1897.0,
0.0,0.98,0.0,0.02,1899.0,
0.247,0.733,0.0,0.02,548.0,
0.059,0.921,0.0,0.02,897.0,
0.092,0.888,0.0,0.02,854.0,
0.054,0.926,0.0,0.02,1000.0,
0.021,0.959,0.0,0.02,1140.0,
0.122,0.858,0.0,0.02,703.0,
0.1,0.88,0.0,0.02,749.0,
0.039,0.941,0.0,0.02,1332.0,
0.01,0.97,0.0,0.02,1378.0,
0.0,0.98,0.0,0.02,1799.0,
0.006,0.974,0.0,0.02,1496.0,
0.001,0.979,0.0,0.02,1497.0,
0.015,0.964,0.001,0.02,1050.0,
0.087,0.893,0.0,0.02,750.0,
0.305,0.675,0.0,0.02,400.0,
0.026,0.954,0.0,0.02,1393.0,
0.052,0.928,0.0,0.02,1186.0,
0.0,0.98,0.0,0.02,2017.0,
0.005,0.975,0.0,0.02,1707.0,
0.0,0.98,0.0,0.02,1948.0,
0.003,0.977,0.0,0.02,1443.0,
0.0,0.98,0.0,0.02,1998.0,
0.002,0.978,0.0,0.02,1550.0,
0.0,0.98,0.0,0.02,1846.0,
0.008,0.972,0.0,0.02,1486.0,
0.01,0.97,0.0,0.02,850.0,
0.0,0.98,0.0,0.02,2094.0,
0.124,0.856,0.0,0.02,800.0,
0.088,0.892,0.0,0.02,621.0,
0.001,0.979,0.0,0.02,2046.0,
0.036,0.944,0.0,0.02,1000.0,
0.052,0.928,0.0,0.02,848.0,
0.0,0.98,0.0,0.02,2145.0,
0.164,0.816,0.0,0.02,600.0,
0.046,0.934,0.0,0.02,1148.0,
0.014,0.966,0.0,0.02,1249.0,
0.0,0.98,0.0,0.02,1600.0,
0.155,0.825,0.0,0.02,758.0,
0.01,0.97,0.0,0.02,1398.0,
0.026,0.953,0.001,0.02,987.0,
0.132,0.848,0.0,0.02,500.0,
0.001,0.979,0.0,0.02,1349.0,
0.018,0.962,0.0,0.02,1052.0,
0.002,0.978,0.0,0.02,1698.0,
0.002,0.978,0.0,0.02,1749.0,
0.001,0.979,0.0,0.02,1894.0,
0.01,0.97,0.0,0.02,1509.0,
0.017,0.963,0.0,0.02,1299.0,
0.0,0.98,0.0,0.02,2433.0,
0.0,0.98,0.0,0.02,1892.0,
0.55,0.43,0.0,0.02,450.0,
0.013,0.967,0.0,0.02,1059.0,
0.491,0.489,0.0,0.02,500.0,
0.039,0.941,0.0,0.02,754.0,
0.045,0.935,0.0,0.02,886.0,
0.023,0.957,0.0,0.02,1321.0,
0.008,0.972,0.0,0.02,1398.0,
0.001,0.979,0.0,0.02,1792.0,
0.071,0.909,0.0,0.02,1008.0,
0.006,0.973,0.001,0.02,950.0,
0.004,0.976,0.0,0.02,1449.0,
0.003,0.977,0.0,0.02,1599.0,
0.002,0.978,0.0,0.02,1828.0,
0.021,0.958,0.001,0.02,1033.0,
0.0,0.98,0.0,0.02,1950.0,
0.225,0.755,0.0,0.02,650.0,
0.12,0.86,0.0,0.02,596.0,
0.026,0.953,0.001,0.02,1189.0,
0.0,0.98,0.0,0.02,2178.0,
0.032,0.948,0.0,0.02,1050.0,
0.029,0.949,0.001,0.02,792.0,
0.027,0.953,0.0,0.02,1123.0,
0.138,0.842,0.0,0.02,687.0,
0.008,0.972,0.0,0.02,1298.0,
0.189,0.789,0.001,0.02,599.0,
0.001,0.979,0.0,0.02,1849.0,
0.002,0.977,0.0,0.02,1983.0,
0.007,0.973,0.0,0.02,1199.0,
0.18,0.8,0.0,0.02,300.0,
0.135,0.845,0.0,0.02,650.0,
0.001,0.979,0.0,0.02,1849.0,
0.025,0.954,0.001,0.02,1411.0,
0.018,0.962,0.0,0.02,1100.0,
0.002,0.978,0.0,0.02,1637.0,
0.0,0.98,0.0,0.02,2239.0,
0.0,0.98,0.0,0.02,1648.0,
0.025,0.954,0.001,0.02,1100.0,
0.0,0.98,0.0,0.02,1650.0,
0.081,0.898,0.001,0.02,1000.0,
0.067,0.913,0.0,0.02,1100.0,
0.045,0.935,0.0,0.02,1135.0,
0.07,0.91,0.0,0.02,834.0,
0.083,0.896,0.001,0.02,736.0,
0.0,0.98,0.0,0.02,1699.0,
0.187,0.793,0.0,0.02,351.0,
0.012,0.968,0.0,0.02,1188.0,
0.0,0.98,0.0,0.02,1748.0,
0.105,0.874,0.001,0.02,899.0,
0.003,0.977,0.0,0.02,2146.0,
0.0,0.98,0.0,0.02,2047.0,
0.001,0.979,0.0,0.02,1628.0,
0.004,0.976,0.0,0.02,1250.0,
0.014,0.965,0.001,0.02,1199.0,
0.007,0.973,0.0,0.02,1916.0,
0.001,0.979,0.0,0.02,1550.0,
0.083,0.897,0.0,0.02,709.0,
0.009,0.971,0.0,0.02,930.0,
0.109,0.871,0.0,0.02,664.0,
0.053,0.927,0.0,0.02,1157.0,
0.045,0.935,0.0,0.02,800.0,
0.001,0.979,0.0,0.02,1746.0,
0.0,0.98,0.0,0.02,1999.0,
0.0,0.98,0.0,0.02,1947.0,
0.025,0.955,0.0,0.02,1190.0,
0.002,0.978,0.0,0.02,1287.0,
0.027,0.953,0.0,0.02,1000.0,
0.01,0.97,0.0,0.02,1199.0,
0.011,0.969,0.001,0.02,1104.0,
0.0,0.98,0.0,0.02,2249.0,
0.0,0.98,0.0,0.02,1849.0,
0.014,0.966,0.0,0.02,1397.0,
0.021,0.959,0.0,0.02,1292.0,
0.081,0.899,0.0,0.02,698.0,
0.001,0.979,0.0,0.02,1400.0,
0.059,0.921,0.0,0.02,850.0,
0.002,0.978,0.0,0.02,1897.0,
0.008,0.972,0.0,0.02,1537.0,
0.0,0.98,0.0,0.02,1700.0,
0.099,0.881,0.0,0.02,802.0,
0.01,0.97,0.0,0.02,1529.0,
0.041,0.939,0.0,0.02,1149.0,
0.007,0.973,0.0,0.02,1334.0,
0.009,0.971,0.0,0.02,1363.0,
0.112,0.868,0.0,0.02,699.0,
0.019,0.961,0.0,0.02,1399.0,
0.062,0.918,0.0,0.02,1150.0,
0.155,0.825,0.0,0.02,552.0,
0.031,0.949,0.0,0.02,1098.0,
0.002,0.978,0.0,0.02,2249.0,
0.062,0.918,0.0,0.02,999.0,
0.002,0.978,0.0,0.02,1698.0,
0.001,0.979,0.0,0.02,1686.0,
0.0,0.98,0.0,0.02,1741.0,
0.426,0.554,0.0,0.02,500.0,
0.012,0.968,0.0,0.02,1400.0,
0.356,0.624,0.0,0.02,620.0,
0.006,0.973,0.001,0.02,1631.0,
0.021,0.958,0.001,0.02,1058.0,
0.057,0.923,0.0,0.02,950.0,
0.159,0.821,0.0,0.02,750.0,
0.002,0.978,0.0,0.02,1549.0,
0.0,0.98,0.0,0.02,1767.0,
0.124,0.856,0.0,0.02,750.0,
0.033,0.948,0.0,0.02,1401.0,
0.003,0.977,0.0,0.02,1453.0,
0.0,0.98,0.0,0.02,1952.0,
0.014,0.966,0.0,0.02,1100.0,
0.33,0.65,0.0,0.02,642.0,
0.0,0.98,0.0,0.02,1748.0,
0.024,0.956,0.0,0.02,949.0,
0.036,0.944,0.0,0.02,1000.0,
0.004,0.975,0.002,0.02,1750.0,
0.0,0.98,0.0,0.02,1650.0,
0.003,0.977,0.0,0.02,1350.0,
0.081,0.899,0.0,0.02,800.0,
0.001,0.979,0.0,0.02,1724.0,
0.04,0.94,0.0,0.02,1347.0,
0.021,0.959,0.0,0.02,995.0,
0.01,0.97,0.0,0.02,1148.0,
0.0,0.98,0.0,0.02,2168.0,
0.0,0.98,0.0,0.02,1699.0,
0.094,0.886,0.0,0.02,850.0,
0.314,0.666,0.0,0.02,553.0,
0.002,0.978,0.0,0.02,1647.0,
0.184,0.796,0.0,0.02,749.0,
0.001,0.979,0.0,0.02,1549.0,
0.0,0.98,0.0,0.02,1445.0,
0.005,0.975,0.0,0.02,1721.0,
0.002,0.977,0.001,0.02,1399.0,
0.104,0.876,0.0,0.02,600.0,
0.0,0.98,0.0,0.02,1788.0,
0.0,0.98,0.0,0.02,2248.0,
0.001,0.979,0.0,0.02,1679.0,
0.153,0.827,0.0,0.02,550.0,
0.0,0.98,0.0,0.02,1849.0,
0.037,0.943,0.0,0.02,1150.0,
0.608,0.372,0.0,0.02,350.0,
0.0,0.98,0.0,0.02,1549.0,
0.002,0.978,0.0,0.02,2099.0,
0.015,0.965,0.0,0.02,982.0,
0.026,0.954,0.0,0.02,1054.0,
0.111,0.869,0.0,0.02,1256.0,
0.035,0.945,0.0,0.02,1341.0,
0.005,0.975,0.0,0.02,1399.0,
0.0,0.98,0.0,0.02,1299.0,
0.009,0.971,0.0,0.02,1250.0,
0.005,0.974,0.001,0.02,1099.0,
0.001,0.979,0.0,0.02,1550.0,
0.001,0.979,0.0,0.02,1549.0,
0.0,0.98,0.0,0.02,2000.0,
0.024,0.956,0.0,0.02,1196.0,
0.047,0.933,0.0,0.02,950.0,
0.105,0.873,0.002,0.02,640.0,
0.187,0.793,0.0,0.02,450.0,
0.002,0.978,0.0,0.02,1455.0,
0.044,0.936,0.0,0.02,1213.0,
0.029,0.951,0.0,0.02,1229.0,
0.003,0.977,0.0,0.02,1599.0,
0.009,0.971,0.0,0.02,1506.0,
0.065,0.915,0.0,0.02,916.0,
0.0,0.98,0.0,0.02,1898.0,
0.121,0.859,0.0,0.02,650.0,
0.006,0.974,0.0,0.02,1593.0,
0.011,0.969,0.0,0.02,1250.0,
0.002,0.978,0.0,0.02,1548.0,
0.033,0.947,0.001,0.02,1050.0,
0.001,0.979,0.0,0.02,1641.0,
0.043,0.937,0.0,0.02,998.0,
0.08,0.9,0.0,0.02,800.0,
0.0,0.98,0.0,0.02,1600.0,
0.04,0.94,0.0,0.02,959.0,
0.022,0.958,0.0,0.02,1150.0,
0.0,0.98,0.0,0.02,2490.0,
0.112,0.868,0.0,0.02,629.0,
0.005,0.975,0.0,0.02,1447.0,
0.109,0.87,0.001,0.02,650.0,
0.025,0.955,0.0,0.02,899.0,
0.005,0.975,0.0,0.02,1549.0,
0.003,0.977,0.0,0.02,1400.0,
0.028,0.952,0.0,0.02,1050.0,
0.346,0.634,0.0,0.02,550.0,
0.001,0.979,0.0,0.02,1298.0,
0.078,0.902,0.0,0.02,998.0,
0.001,0.979,0.0,0.02,1050.0,
0.041,0.939,0.0,0.02,1099.0,
0.0,0.98,0.0,0.02,1448.0,
0.091,0.889,0.0,0.02,747.0,
0.009,0.971,0.0,0.02,1345.0,
0.056,0.924,0.0,0.02,996.0,
0.076,0.904,0.0,0.02,1005.0,
0.02,0.96,0.0,0.02,1144.0,
0.004,0.976,0.0,0.02,1700.0,
0.066,0.914,0.0,0.02,1248.0,
0.039,0.94,0.001,0.02,1333.0,
0.006,0.973,0.001,0.02,999.0,
0.007,0.973,0.0,0.02,1200.0,
0.059,0.921,0.0,0.02,1197.0,
0.001,0.979,0.0,0.02,1449.0,
0.011,0.969,0.0,0.02,1698.0,
0.022,0.958,0.001,0.02,1143.0,
0.002,0.978,0.0,0.02,1289.0,
0.021,0.959,0.0,0.02,1245.0,
0.165,0.815,0.0,0.02,1900.0,
0.149,0.831,0.0,0.02,1418.0,
0.134,0.846,0.0,0.02,2094.0,
0.452,0.528,0.0,0.02,796.0,
0.145,0.835,0.0,0.02,1149.0,
0.151,0.829,0.0,0.02,1020.0,
0.162,0.818,0.0,0.02,799.0,
0.122,0.858,0.0,0.02,1100.0,
0.137,0.843,0.0,0.02,1548.0,
0.166,0.814,0.0,0.02,1254.0,
0.213,0.767,0.0,0.02,899.0,
0.151,0.829,0.0,0.02,1549.0,
0.21,0.77,0.0,0.02,1442.0,
0.132,0.848,0.0,0.02,2022.0,
0.148,0.832,0.0,0.02,1147.0,
0.254,0.726,0.0,0.02,1598.0,
0.169,0.811,0.0,0.02,650.0,
0.175,0.805,0.0,0.02,1105.0,
0.317,0.663,0.0,0.02,474.0,
0.206,0.774,0.0,0.02,1198.0,
0.202,0.778,0.0,0.02,1222.0,
0.108,0.872,0.0,0.02,1710.0,
0.135,0.846,0.0,0.02,1850.0,
0.077,0.903,0.0,0.02,2199.0,
0.218,0.762,0.0,0.02,1000.0,
0.134,0.847,0.0,0.02,1848.0,
0.159,0.821,0.0,0.02,1322.0,
0.134,0.846,0.0,0.02,1647.0,
0.172,0.808,0.0,0.02,1299.0,
0.15,0.83,0.0,0.02,650.0,
0.117,0.863,0.0,0.02,1690.0,
0.166,0.814,0.0,0.02,1348.0,
0.19,0.79,0.0,0.02,998.0,
0.184,0.796,0.0,0.02,2361.0,
0.101,0.879,0.0,0.02,1598.0,
0.177,0.803,0.0,0.02,1636.0,
0.201,0.779,0.0,0.02,1214.0,
0.252,0.728,0.0,0.02,899.0,
0.08,0.9,0.0,0.02,1999.0,
0.12,0.86,0.0,0.02,847.0,
0.198,0.782,0.0,0.02,1499.0,
0.197,0.783,0.0,0.02,749.0,
0.096,0.884,0.0,0.02,1805.0,
0.191,0.789,0.0,0.02,1260.0,
0.233,0.748,0.0,0.02,650.0,
0.096,0.884,0.0,0.02,1099.0,
0.15,0.83,0.0,0.02,1103.0,
0.129,0.851,0.0,0.02,1550.0,
0.331,0.649,0.0,0.02,750.0,
0.191,0.789,0.0,0.02,800.0,
0.183,0.797,0.0,0.02,2295.0,
0.103,0.877,0.0,0.02,950.0,
0.104,0.876,0.0,0.02,1199.0,
0.12,0.86,0.0,0.02,1100.0,
0.162,0.818,0.0,0.02,1746.0,
0.102,0.878,0.0,0.02,1419.0,
0.157,0.823,0.0,0.02,600.0,
0.167,0.813,0.0,0.02,1249.0,
0.185,0.795,0.0,0.02,1772.0,
0.141,0.839,0.0,0.02,1349.0,
0.161,0.819,0.0,0.02,1318.0,
0.219,0.761,0.0,0.02,2105.0,
0.252,0.728,0.0,0.02,804.0,
0.158,0.823,0.0,0.02,1800.0,
0.179,0.801,0.0,0.02,1118.0,
0.141,0.839,0.0,0.02,1711.0,
0.152,0.828,0.0,0.02,1444.0,
0.307,0.673,0.0,0.02,728.0,
0.117,0.863,0.0,0.02,1639.0,
0.211,0.769,0.0,0.02,899.0,
0.144,0.836,0.0,0.02,2013.0,
0.18,0.8,0.0,0.02,800.0,
0.077,0.903,0.0,0.02,1889.0,
0.473,0.507,0.0,0.02,399.0,
0.134,0.846,0.0,0.02,2047.0,
0.146,0.834,0.0,0.02,1151.0,
0.707,0.273,0.0,0.02,400.0,
0.176,0.804,0.0,0.02,1498.0,
0.141,0.839,0.0,0.02,995.0,
0.184,0.796,0.0,0.02,1449.0,
0.116,0.864,0.0,0.02,1947.0,
0.14,0.84,0.0,0.02,1451.0,
0.348,0.632,0.0,0.02,450.0,
0.17,0.81,0.0,0.02,1050.0,
0.239,0.741,0.0,0.02,741.0,
0.142,0.838,0.0,0.02,1411.0,
0.105,0.875,0.0,0.02,1341.0,
0.195,0.785,0.0,0.02,1643.0,
0.153,0.827,0.0,0.02,900.0,
0.147,0.833,0.0,0.02,1843.0,
0.217,0.763,0.0,0.02,899.0,
0.155,0.825,0.0,0.02,1597.0,
0.169,0.811,0.0,0.02,1747.0,
0.158,0.822,0.0,0.02,1698.0,
0.128,0.852,0.0,0.02,1097.0,
0.09,0.89,0.0,0.02,900.0,
0.121,0.859,0.0,0.02,1797.0,
0.16,0.82,0.0,0.02,1540.0,
0.252,0.728,0.0,0.02,1091.0,
0.148,0.832,0.0,0.02,1836.0,
0.086,0.894,0.0,0.02,1500.0,
0.134,0.846,0.0,0.02,1949.0,
0.211,0.769,0.0,0.02,1348.0,
0.151,0.829,0.0,0.02,2219.0,
0.105,0.875,0.0,0.02,1598.0,
0.155,0.825,0.0,0.02,1864.0,
0.204,0.776,0.0,0.02,1600.0,
0.174,0.806,0.0,0.02,750.0,
0.214,0.766,0.0,0.02,2147.0,
0.221,0.759,0.0,0.02,1124.0,
0.163,0.817,0.0,0.02,800.0,
0.05,0.93,0.0,0.02,900.0,
0.188,0.792,0.0,0.02,1118.0,
0.199,0.781,0.0,0.02,1298.0,
0.18,0.8,0.0,0.02,991.0,
0.156,0.824,0.0,0.02,1893.0,
0.155,0.825,0.0,0.02,1749.0,
0.191,0.789,0.0,0.02,997.0,
0.199,0.781,0.0,0.02,1746.0,
0.261,0.719,0.0,0.02,696.0,
0.149,0.831,0.0,0.02,1107.0,
0.485,0.495,0.0,0.02,600.0,
0.307,0.673,0.0,0.02,450.0,
0.199,0.781,0.0,0.02,700.0,
0.123,0.857,0.0,0.02,2494.0,
0.157,0.823,0.0,0.02,1900.0,
0.186,0.794,0.0,0.02,861.0,
0.201,0.779,0.0,0.02,1399.0,
0.118,0.862,0.0,0.02,900.0,
0.13,0.85,0.0,0.02,1349.0,
0.181,0.799,0.0,0.02,1150.0,
0.157,0.823,0.0,0.02,1674.0,
0.221,0.759,0.0,0.02,1211.0,
0.195,0.785,0.0,0.02,600.0,
0.109,0.871,0.0,0.02,1349.0,
0.204,0.776,0.0,0.02,1914.0,
0.167,0.813,0.0,0.02,1200.0,
0.165,0.815,0.0,0.02,847.0,
0.139,0.841,0.0,0.02,1840.0,
0.144,0.836,0.0,0.02,1941.0,
0.183,0.797,0.0,0.02,750.0,
0.126,0.854,0.0,0.02,1400.0,
0.131,0.849,0.0,0.02,950.0,
0.238,0.742,0.0,0.02,900.0,
0.166,0.814,0.0,0.02,1400.0,
0.691,0.289,0.0,0.02,500.0,
0.156,0.824,0.0,0.02,1699.0,
0.143,0.837,0.0,0.02,881.0,
0.12,0.86,0.0,0.02,749.0,
0.163,0.817,0.0,0.02,500.0,
0.149,0.831,0.0,0.02,2459.0,
0.142,0.838,0.0,0.02,1100.0,
0.181,0.799,0.0,0.02,1549.0,
0.112,0.868,0.0,0.02,1397.0,
0.215,0.765,0.0,0.02,1288.0,
0.231,0.749,0.0,0.02,998.0,
0.186,0.794,0.0,0.02,1189.0,
0.169,0.811,0.0,0.02,1067.0,
0.168,0.812,0.0,0.02,1248.0,
0.15,0.83,0.0,0.02,1599.0,
0.274,0.706,0.0,0.02,550.0,
0.197,0.783,0.0,0.02,756.0,
0.114,0.866,0.0,0.02,1542.0,
0.117,0.863,0.0,0.02,907.0,
0.458,0.522,0.0,0.02,649.0,
0.192,0.788,0.0,0.02,1447.0,
0.208,0.772,0.0,0.02,1299.0,
0.189,0.791,0.0,0.02,1350.0,
0.123,0.857,0.0,0.02,1474.0,
0.102,0.878,0.0,0.02,1899.0,
0.131,0.849,0.0,0.02,1149.0,
0.137,0.843,0.0,0.02,1548.0,
0.19,0.79,0.0,0.02,1198.0,
0.168,0.812,0.0,0.02,1847.0,
0.128,0.852,0.0,0.02,1746.0,
0.161,0.819,0.0,0.02,1000.0,
0.205,0.775,0.0,0.02,686.0,
0.104,0.875,0.0,0.02,1843.0,
0.157,0.823,0.0,0.02,1499.0,
0.242,0.738,0.0,0.02,1640.0,
0.201,0.779,0.0,0.02,1198.0,
0.22,0.76,0.0,0.02,1599.0,
0.161,0.819,0.0,0.02,1695.0,
0.203,0.777,0.0,0.02,492.0,
0.133,0.847,0.0,0.02,1195.0,
0.136,0.844,0.0,0.02,1634.0,
0.147,0.833,0.0,0.02,1598.0,
0.155,0.825,0.0,0.02,996.0,
0.207,0.773,0.0,0.02,1987.0,
0.168,0.812,0.0,0.02,741.0,
0.19,0.79,0.0,0.02,2045.0,
0.227,0.753,0.0,0.02,1042.0,
0.002,0.978,0.0,0.02,1750.0,
0.033,0.947,0.0,0.02,1200.0,
0.011,0.969,0.0,0.02,1050.0,
0.001,0.979,0.0,0.02,1730.0,
0.037,0.943,0.0,0.02,881.0,
0.057,0.923,0.0,0.02,1238.0,
0.0,0.98,0.0,0.02,1648.0,
0.0,0.98,0.0,0.02,1899.0,
0.114,0.866,0.0,0.02,650.0,
0.001,0.979,0.0,0.02,1900.0,
0.001,0.979,0.0,0.02,1798.0,
0.017,0.944,0.019,0.02,1145.0,
0.004,0.976,0.0,0.02,1248.0,
0.0,0.98,0.0,0.02,2198.0,
0.034,0.946,0.0,0.02,1094.0,
0.073,0.907,0.0,0.02,750.0,
0.138,0.842,0.0,0.02,748.0,
0.001,0.979,0.0,0.02,1700.0,
0.138,0.842,0.0,0.02,850.0,
0.136,0.844,0.0,0.02,1648.0,
0.123,0.857,0.0,0.02,1899.0,
0.119,0.861,0.0,0.02,2052.0,
0.171,0.809,0.0,0.02,2101.0,
0.086,0.894,0.0,0.02,900.0,
0.004,0.976,0.0,0.02,1421.0,
0.006,0.974,0.0,0.02,1483.0,
0.0,0.98,0.0,0.02,1232.0,
0.027,0.953,0.0,0.02,1198.0,
0.001,0.979,0.0,0.02,1799.0,
0.07,0.91,0.0,0.02,848.0,
0.101,0.879,0.0,0.02,700.0,
0.044,0.936,0.0,0.02,1098.0,
0.128,0.852,0.0,0.02,1149.0,
0.163,0.818,0.0,0.02,1050.0,
0.086,0.894,0.0,0.02,1796.0,
0.17,0.81,0.0,0.02,849.0,
0.143,0.837,0.0,0.02,2047.0,
0.095,0.885,0.0,0.02,867.0,
0.234,0.746,0.0,0.02,647.0,
0.146,0.834,0.0,0.02,1794.0,


