

Data analysis for each instance 
AVG,MED,MAX,MIN
6856.93,6855.5,13401,5790,
6262.86,6211.5,12016,5443,
6134.87,6164.5,11666,4635,
8269.85,8181,16268,7157,
5831.98,5794,11242,5204,
6011.71,5959,11753,5380,
5932.59,5912.5,11313,5030,
6079.82,6064.5,12115,5015,
6012.23,5926,11918,4977,
7446.5,7420,15177,6068,
6871.6,6914.5,13915,5339,
6459.63,6366,13341,4715,
7123.47,7095,14226,6018,
7951.84,7894.5,16371,6690,
6400.76,6378,12772,5345,
6065.44,6009.5,11699,5361,
8055.09,8117.5,15863,6015,
7302.56,7356.5,14316,5739,
7737.53,7729.5,14945,6038,
8552.97,8467,17256,6985,
7164.38,7142.5,13946,6125,
9411.74,9362,19241,7750,
7076.73,7070,13375,6161,
8042.51,8012,15877,6533,
5726.85,5679,11135,5016,
7002.37,6984.5,13698,5849,
6938.89,6907,13951,5516,
7728.23,7698,15215,6862,
6241.98,6188,12109,5474,
8440.4,8377,17613,6966,
8029.04,8098,15775,6553,
5860.61,5804,11154,5198,
7310.32,7281.5,14280,6099,
6058.63,6017,11643,5441,
7878.6,7813.5,15832,6607,
5669.24,5620,11396,4979,
6252.4,6169.5,12571,5193,
6929.27,6889.5,13211,6078,
6922.73,6830,13688,6030,
6244.48,6212.5,12132,5503,
5953.69,5868,11975,5250,
6864.5,6904,13808,5245,
6317.87,6225.5,12794,5579,
7749.46,7767,15474,6037,
7781.25,7697,15495,6197,
6823.48,6762,13741,5692,
7277.62,7255,14546,6136,
6852.08,6828,13265,6125,
6178.29,6156.5,12201,5451,
8700.6,8714,15910,7154,
8985.47,8885,17877,7583,
6656.39,6568,13185,5969,
6180.53,6162,11994,5411,
7870.04,7869.5,15362,6712,
6047.06,5901.5,11501,5364,
6402.61,6431,12970,5147,
7803.7,7778,16285,6190,
6380.54,6332,12367,5516,
6873.56,6885.5,13416,6048,
6644.6,6606.5,13167,5346,
6319.93,6238,12443,5690,
6985.29,6949.5,13937,6139,
6862.52,6869.5,13456,5526,
6454.27,6383.5,12916,5453,
6096,6053,11961,5482,
5756.29,5713,11287,5075,
9047.4,9041,18806,6988,
5874.41,5848.5,11499,4599,
8369.65,8254,20248,7155,
7196.18,7182,14572,5776,
7181.99,7185,14298,6103,
6692.33,6629,13398,5602,
6935.48,6889,13385,5439,
6551.95,6490.5,12970,5348,
7112.53,7041,14033,5790,
5673.66,5634.5,11829,4608,
6907.55,6921,13427,5546,
7172.02,7112,14387,6197,
5640.7,5590,11240,4864,
5738.95,5736.5,10984,4802,
6358.37,6335.5,12241,5248,
8579,8550,17207,7024,
9055.47,9159.5,18598,6561,
6499.05,6488,12658,5246,
7095.54,7040,13874,5976,
7282.16,7286,14304,5976,
7399.07,7324,14791,5409,
5622.89,5574,11509,4605,
7776.96,7845.5,15680,5940,
6785.05,6839,13146,5473,
8052.6,8064,15866,6785,
6199.69,6163.5,12305,5398,
6083.83,6003.5,12275,5272,
6149.34,6162.5,12335,4517,
8706.11,8525.5,18334,7490,
8875.25,8733,18713,6735,
6045.44,6031.5,12270,5146,
7116.16,7133,14088,5707,
6385.8,6332.5,12975,5277,
6564.18,6512,12964,5706,
5190.43,5163.5,10464,4572,
6382.78,6358,12661,5272,
7031.83,6924,14466,5616,
6421.94,6393.5,12920,5527,
7257.58,7198,14066,5923,
7281.07,7270.5,14548,5871,
7569.29,7496,14833,6319,
7323.68,7354,14079,5908,
5493.71,5448.5,11743,4214,
6287.4,6244.5,12253,5398,
13227.05,13342,26324,10248,
6698.45,6689.5,13505,5429,
5947.12,5883,12120,5112,
7900.05,7823.5,15298,6308,
5697.85,5657,11396,5000,
5589.38,5556,11024,4674,
6539.51,6494.5,12814,5286,
7567.91,7511,15093,6600,
6281.64,6236.5,11999,5222,
7386.3,7355,14796,6197,
8112.7,8034,15977,6563,
7859.83,7784,15729,6584,
6068.61,6048,12070,5110,
7829.65,7732.5,15540,6068,
6546.54,6436.5,12906,5658,
8157.43,7987,15117,7504,
6122.41,6102.5,11729,5406,
6531.56,6576.5,12981,5428,
6230.62,6200.5,12320,5472,
6031.9,5974.5,11619,4907,
5886.35,5896.5,11628,4765,
6975.71,7005.5,13682,5811,
6402.95,6350,12366,5296,
6211.63,6185,12304,4999,
6314.91,6283,12509,5419,
5962.09,5916.5,11675,5068,
7593.42,7527,15315,6259,
6190.52,6164,12449,5119,
7833.94,7814.5,15800,5743,
6260.51,6284,12686,4806,
6522.19,6509.5,13560,5132,
6609.54,6569,12819,5872,
6919.26,6848,13629,5776,
7718.86,7653,15317,6599,
9008.28,9002.5,17839,7357,
6212.77,6139.5,12269,5360,
7577.01,7577,14964,6345,
6478.03,6456,12700,5409,
7214.66,7252,14209,5744,
8431.84,8363.5,16504,6992,
7346.2,7260.5,14699,5777,
7601.44,7555,14943,6251,
7538.77,7596,15376,5662,
7149.12,7105.5,14113,6068,
6257.54,6283.5,11812,5274,
7526.71,7465.5,15188,6152,
6408.67,6347,12600,5750,
6870.11,6847.5,13759,5880,
5285.29,5234.5,10397,4502,
9121.46,9034,19166,6621,
6432.23,6402.5,12614,5650,
8621.5,8676,16639,6415,
6972.13,6931.5,14012,6072,
6145.1,6157.5,11867,5043,
7508.54,7481,14874,6180,
8924.3,8999,17515,6877,
7087.2,7041,13755,6059,
5698.37,5673.5,11106,4936,
7049.98,6956,13331,6261,
6896.47,6868,13562,6105,
6751.82,6693,13426,5864,
6569.92,6551.5,12853,5787,
6347.82,6346.5,12604,4967,
7806.01,7804,16027,6298,
6033.76,5977,11656,5002,
6397.97,6349,12659,5201,
6250.92,6274,12483,5088,
6459.73,6408.5,12653,5592,
6069.49,6020.5,11256,4947,
7321.33,7311.5,14505,6441,
6873.09,6833.5,13061,5807,
6325.84,6323,12411,5350,
6571.56,6515.5,13199,5254,
7419.42,7362,14773,6268,
5724.04,5664,11755,4645,
6190.89,6124.5,12289,5452,
6847.31,6829.5,13822,5801,
7790.54,7746.5,16301,6187,
9164.51,9217,18125,6795,
6173.67,6125,11930,5605,
8749.65,8733.5,17600,7225,
6856.09,6800.5,13428,6012,
5905.9,5850.5,11792,4869,
7350.07,7327.5,14574,6375,
6348.4,6347,12567,5155,
8638.03,8594.5,17603,7060,
5721.32,5646.5,11515,4879,
6101.38,6073,12067,5042,
6480.68,6444.5,12485,5633,
9492.67,9313,19323,7547,
6646.09,6625.5,12999,5401,
6998.76,6964.5,13434,6048,
8767.44,8859.5,18574,6067,
6487.44,6430.5,12558,5540,
6087.84,6033,11875,4871,
6453.75,6389.5,13011,5449,
7580.26,7550,14501,6565,
8255.46,8254.5,16235,6941,
7036.54,6977,13966,6248,
6354.46,6328.5,12057,5281,
6228,6211.5,12022,5186,
7182.04,7152.5,14143,5802,
6912.15,6830,13524,5861,
6608.52,6568,12836,5526,
6707,6639.5,13259,5608,
5703.21,5661.5,11371,4620,
6895.07,6815,13320,5905,
5833.35,5791,12244,4506,
7242.95,7239.5,14581,5418,
7948.66,8045,16245,5858,
6726.53,6719.5,13274,5594,
6635.27,6606.5,13204,5741,
7300.19,7334,14405,5920,
7639.26,7590,14908,6549,
6601.67,6579,13307,5330,
7567.28,7524,15069,5870,
6043.46,6025.5,11761,5309,
6787.83,6723,13804,5237,
7140.2,7110,14038,5911,
6147.81,6055.5,12400,5282,
6515.85,6567,12947,5240,
6150.3,6119.5,12159,5195,
6426.28,6394.5,12732,5163,
7064.77,7004,14114,5630,
7530.01,7448,14877,6078,
7141.74,7094.5,13947,5932,
7620.39,7590,16159,5910,
6420.27,6354.5,12620,5590,
5258.32,5221,10313,4670,
7817.41,7756.5,15593,6246,
7421.8,7401.5,14884,6056,
7046.23,7018.5,14185,5567,
6531.91,6536.5,13412,5398,
6780.66,6763.5,13591,5944,
7251.75,7200.5,14538,5846,
6475.61,6450.5,12428,5497,
7081.21,7078.5,15077,5474,
5727.25,5694,11674,4916,
7679.22,7613.5,14830,6690,
6514.98,6484.5,12835,5314,
8385.41,8354.5,16937,6512,
5704.25,5673,11249,4995,
6424.67,6426,12354,5046,
6266.79,6211.5,12007,5373,
7671.22,7630,15250,6420,
8483.59,8449,17065,7098,
7293.31,7310.5,15009,5850,
6314.68,6343.5,11592,5489,
8388.1,8340.5,17072,6634,
7383.89,7349.5,14343,6272,
6843.2,6849,13028,5616,
6394.76,6299,12424,5635,
7104.36,7126.5,14139,5592,
6766.34,6701,13469,6025,
6002.92,5943.5,11302,4763,
6251.95,6355.5,12645,4804,
6697.96,6666,13263,5368,
7511.08,7446.5,14860,6507,
4781.19,4747,10061,4170,
4471.7,4461,9490,3369,
4537.27,4480.5,9526,4017,
5005.35,4978.5,10562,4205,
4885.93,4807,10566,3896,
4666.94,4627.5,9918,3840,
5797.48,5694,12344,4730,
4704.27,4654,9961,3816,
4013.46,4023.5,8722,3295,
4956.55,4925,10272,4127,
5992.58,5970.5,12326,4714,
4583.47,4552,9537,3986,
5004.85,4966,10696,4289,
4426.54,4387.5,9462,3855,
4662.84,4573,9880,3813,
4777.53,4718.5,10458,4113,
6362.16,6303.5,13710,5239,
4510.32,4490,9593,3529,
5868.11,5767.5,13574,4460,
4625.17,4596.5,9767,3791,
4965.84,4902,10368,4032,
5271.94,5226.5,10743,4594,
4497.11,4443,9310,3656,
3626.27,3610.5,7598,3093,
4919.2,4887.5,10415,4184,
4386.13,4322.5,9260,3752,
5042.21,4968.5,10534,4175,
4485.84,4450.5,9679,3927,
4604.79,4582.5,9689,3454,
5026.36,4960,10900,4263,
5014.54,5010.5,10471,4270,
5154.27,5091,10767,4281,
4566.01,4524,9595,3867,
4578.72,4523,9260,3954,
3729.9,3708,7960,3259,
4054.99,4020,8423,3548,
5512.96,5482,11662,4401,
5078.84,5042.5,10848,4066,
3732.85,3683,7826,3108,
4737.71,4703.5,10498,3818,
4371.1,4337.5,9359,3786,
4700.26,4683.5,9876,3387,
4091.6,4077.5,8454,3631,
4859.03,4791,10384,4123,
4895.53,4884.5,10549,3789,
5336.31,5233.5,11584,4405,
4629.31,4592,9892,3925,
4136.66,4102.5,8502,3709,
3787.03,3781,8779,3012,
4998.53,4953.5,10646,4018,
4404.63,4342.5,8971,3870,
4879.24,4836,10420,4217,
4274.53,4221.5,9264,3564,
4385.72,4334.5,9217,3787,
4743.05,4649,9933,4108,
4625.72,4581,9716,4088,
5338.64,5338.5,11517,4309,
5010.44,4959,10462,4297,
4732.48,4757,9672,3727,
5140.99,5116.5,10848,4374,
5163.49,5113.5,10584,4521,
4716.54,4655.5,9952,4186,
5957.36,5904.5,12692,4894,
3907.77,3908,8159,3169,
5192.86,5155,10864,4338,
4594.78,4534.5,9506,3842,
4677.24,4654.5,9652,3986,
4843.09,4820.5,10383,3996,
5193.99,5133,10765,4228,
5197.97,5169.5,11160,4265,
4133.88,4093.5,8524,3634,
3991.72,3972.5,8486,3454,
4096.96,4049,8696,3471,
6165.98,6070.5,13881,4889,
4413.38,4389.5,9283,3740,
4831.39,4801.5,10276,3901,
6018.61,5938.5,13173,4564,
4226.24,4218,8610,3412,
4484.03,4432.5,9841,3731,
4881.71,4860.5,10362,4142,
4600.13,4563,9593,3870,
4518.63,4496,9292,3638,
5639.33,5596,11969,4252,
5515.44,5467,11478,4650,
5003.85,4958,10756,3873,
4749.97,4725.5,10253,3880,
4321.84,4266.5,9122,3698,
5083.2,4999.5,10839,4483,
4933.18,4923.5,10638,4074,
4026.29,3984.5,8577,3552,
4893.72,4767.5,10425,4228,
4857.57,4819.5,10300,4203,
4502.24,4459.5,9403,3815,
4671.6,4603,9975,3671,
5513.2,5489.5,12117,4544,
4300.66,4232.5,9087,3394,
4956.86,4930.5,10452,4146,
4553.14,4547,9339,3853,
5484.26,5441,11980,4641,
4511.62,4452,9348,3942,
4215.99,4183.5,9011,3364,
4493.71,4448,9372,3785,
5114.83,5079,10467,4177,
4375.97,4348,8953,3640,
3990.44,3972,8359,3263,
4713.74,4677,9897,3973,
4483.98,4461,9473,3956,
5182.51,5169.5,10872,4349,
3983.32,3957,8119,3474,
5525.43,5485.5,11557,4578,
5595.89,5529,12123,4727,
4547.3,4538.5,9763,3759,
5193.64,5171.5,11046,4465,
4226.29,4170,9062,3836,
5555.74,5501.5,11909,4473,
4440.31,4420,9266,3782,
4569.29,4506.5,9558,3969,
4799.18,4784.5,10315,3923,
4112.52,4083.5,8503,3586,
4900.51,4863,10138,3886,
4904.6,4824,10345,4240,
5878.89,5856.5,12432,4700,
4660.85,4604,11133,3751,
5338.77,5346,11573,4228,
4261.92,4234,8802,3682,
4102,4073.5,8308,3427,
4653.06,4587.5,9948,4044,
5590.21,5493,12139,4678,
5437.02,5349.5,11813,4500,
4779.57,4720,10294,4161,
4949.32,4887.5,10221,4180,
4903.15,4823.5,10230,3942,


5056.52,4796,13401,4796,
5332.33,5263,12016,4569,
4887.8,4856,11666,4706,
6524.65,6493,16268,6031,
4205.39,4082,11242,4082,
5165.76,5101,11753,4491,
4788.91,4755.5,11313,4269,
4880.8,4817,12115,4476,
4294.01,4210,11918,4210,
5510.69,5398,15177,5398,
5776.9,5517,13915,5377,
5715.51,5694,13341,4875,
5922.21,5847,14226,5371,
5750.41,5636,16371,5636,
5444.8,5416,12772,4653,
4332.19,4237,11699,4237,
5559.67,5447,15863,5447,
5789.77,5429,14316,5167,
5343.86,5247,14945,5228,
6352.17,6237,17256,6219,
5075.4,4977,13946,4977,
7034.8,6889,19241,6889,
4802.49,4699,13375,4699,
6439.84,6382,15877,6012,
4310.14,3983,11135,3983,
5810.54,5734.5,13698,5142,
5525.36,5389,13951,5009,
5823.76,5524,15215,5524,
4933.09,4806,12109,4438,
6848.76,6821,17613,6624,
5712.72,5533,15775,5391,
4324.32,4234,11154,4234,
5221.53,5122,14280,5122,
4434.96,4271,11643,4271,
6572.19,6475.5,15832,5704,
5146.14,5106.5,11396,4415,
4685.76,4553,12571,4552,
5766.55,5654.5,13211,5087,
5739.63,5647,13688,5026,
4712.8,4521,12132,4402,
4435.78,4316,11975,4316,
5311.84,5247,13808,5081,
4809.24,4647,12794,4642,
5895.08,5817,15474,5723,
5484.03,5371,15495,5371,
5849.77,5784.5,13741,5111,
5628.5,5591,14546,5164,
4967.71,4880,13265,4859,
5368.8,5280,12201,4769,
5702.62,5563,15910,5563,
7071.28,7069,17877,6568,
4954,4835,13185,4792,
5246.06,5215.5,11994,4437,
5484.34,5377,15362,5377,
4848.72,4781.5,11501,4209,
4655.61,4554,12970,4554,
5571.24,5458,16285,5458,
5185.13,5038,12367,4543,
4829.11,4735,13416,4735,
4989.7,4820,13167,4820,
5405.86,5348,12443,4755,
5629.84,5532.5,13937,5055,
5433.4,5325.5,13456,4926,
4743.57,4646,12916,4646,
4938.7,4846.5,11961,4555,
5134.28,5090.5,11287,4250,
6940.53,6744,18806,6419,
4318.87,4100,11499,4100,
7119.02,6978,20248,6978,
5859.08,5732,14572,5097,
5556.23,5467,14298,5201,
4921.1,4756,13398,4756,
5280.93,5172,13385,5172,
5231.26,5208,12970,4624,
5150.21,5049,14033,5049,
4972.25,4903,11829,4321,
5812.69,5788,13427,5014,
5178.62,5017,14387,5015,
4740.42,4661.5,11240,4187,
4596.5,4552.5,10984,4001,
4545.96,4394,12241,4386,
6197.33,6034,17207,6034,
6501.24,6372,18598,6372,
4596.53,4503,12658,4503,
5234.53,5101,13874,5101,
5163.68,5059,14304,5059,
5321.37,5193,14791,5193,
4151.55,4044,11509,4044,
5666.98,5551,15680,5551,
5573,5740,13146,4914,
5828.98,5710,15866,5710,
4817.65,4553,12305,4548,
5380.85,5308,12275,4535,
4724.79,4460,12335,4377,
6174.25,6030,18334,6030,
7138.42,7213,18713,6790,
5226.76,5174,12270,4577,
5212.55,5113,14088,5113,
4837.07,4613,12975,4613,
4855.8,4741,12964,4741,
4740.42,4679,10464,4047,
4914.83,4832,12661,4473,
5499.36,5642,14466,5097,
5104.33,5087,12920,4699,
5220.03,5116,14066,5085,
5252.12,5148,14548,5140,
5666.82,5478,14833,5336,
5057.8,4957,14079,4957,
4118.98,4037,11743,4037,
5363.57,5315.5,12253,4752,
9060.16,8876,26324,8876,
5544.8,5552.5,13505,4930,
5305.28,5236,12120,4675,
5537.32,5420,15298,5420,
5204.48,5131,11396,4340,
4787.94,4748.5,11024,4161,
4762.17,4660,12814,4653,
6161.81,6083,15093,5516,
4637.27,4538,11999,4535,
5461.81,5343,14796,5343,
6232.21,6032,15977,5588,
5623.25,5538,15729,5483,
4338.8,4255,12070,4255,
5608.11,5498,15540,5498,
4670.53,4580,12906,4580,
5453.59,5346,15117,5346,
5388.13,5334.5,11729,4773,
4847.54,4714,12981,4714,
5357.63,5350,12320,4485,
4676.34,4639,11619,4477,
4754.52,4739.5,11628,4188,
5192.65,5114,13682,4997,
4553.14,4439,12366,4435,
4577.69,4522,12304,4437,
5256.37,5172.5,12509,4677,
4759.86,4633.5,11675,4408,
6384.28,6253,15315,5869,
4658.88,4559,12449,4524,
5520.82,5410,15800,5410,
5360.27,5284,12686,4701,
5677.48,5621,13560,4835,
5430.18,5331.5,12819,4822,
5372.42,5293,13629,5010,
6402.4,6354,15317,5740,
6401.17,6274,17839,6274,
4738.61,4611,12269,4544,
6062.22,5796,14964,5405,
4741.25,4609,12700,4557,
5222.99,5119,14209,5119,
6035.61,5907,16504,5907,
5784.38,5738,14699,5607,
6079.67,6001.5,14943,5511,
5326.27,5228,15376,5210,
5707.41,5637.5,14113,5069,
5218.2,5184.5,11812,4318,
5991.34,6029,15188,5324,
5643.42,5555,12600,5130,
5604.71,5481,13759,4887,
4497.78,4468.5,10397,3816,
6624.71,6525,19166,6429,
5000.24,4924,12614,4650,
6375.79,6327,16639,5959,
5204.78,5090,14012,5090,
4584.22,4393,11867,4288,
5332.95,5228,14874,5228,
6961.45,6970,17515,6461,
5630.08,5513.5,13755,4952,
5164.99,5111.5,11106,4607,
5184.81,4947.5,13331,4709,
5524.49,5444,13562,4993,
4919.78,4786,13426,4786,
4787.58,4658,12853,4652,
5072.61,4884,12604,4587,
6298.02,6099,16027,5861,
5230.08,5167.5,11656,4403,
5448.71,5411,12659,4948,
4767.92,4544,12483,4544,
5453.73,5408,12653,4674,
5342.5,5282.5,11256,4717,
5906.84,5816.5,14505,5245,
4716.01,4624,13061,4624,
5276.89,5207.5,12411,4556,
4976.09,4876,13199,4876,
6200.32,6114.5,14773,5695,
4936.98,4949,11755,4196,
5104.3,5034.5,12289,4525,
5904.31,5846.5,13822,5145,
5801.87,5601,16301,5576,
6286.79,6160,18125,6160,
4476.92,4331,11930,4331,
6130.93,6002,17600,6002,
5622.7,5509,13428,4950,
5156.15,5110.5,11792,4591,
5627.2,5459,14574,5282,
4673.13,4585,12567,4585,
6156.76,6034,17603,6034,
4480.44,4244,11515,4244,
5056.98,4949,12067,4367,
5520.72,5498,12485,4579,
7377.23,7510,19323,6953,
5057.82,4656,12999,4656,
5313.14,5131,13434,4953,
5970.88,5842,18574,5842,
5506.84,5446,12558,4790,
4570.56,4495,11875,4392,
5117.34,5017,13011,5014,
5607.65,5392,14501,5392,
6503.29,6382.5,16235,5853,
5398.39,5233,13966,5101,
4459.78,4366,12057,4366,
4462.93,4299,12022,4299,
5994.2,5932,14143,5231,
5610.27,5556.5,13524,5019,
5238.56,5154,12836,5145,
5401.84,5338.5,13259,4888,
4922.59,4852.5,11371,4395,
5487.86,5423,13320,5052,
5144.99,5189.5,12244,4636,
5219.14,5112,14581,5112,
5610.2,5497,16245,5497,
4932.52,4807,13274,4807,
4797.15,4699,13204,4699,
5413.25,5302,14405,5302,
5795.32,5666,14908,5614,
5565.23,5503.5,13307,4892,
5481.93,5378,15069,5378,
4334.84,4220,11761,4220,
5080.9,4984,13804,4984,
5290.4,5074,14038,5074,
4519,4432,12400,4432,
5354.73,5290.5,12947,4939,
4957.59,4952,12159,4352,
5245.35,5164.5,12732,4576,
5092.95,4986,14114,4986,
5535.04,5400,14877,5241,
5827.83,5746.5,13947,5226,
5837.44,5725,16159,5725,
5259.41,5223,12620,4646,
4391.03,4384,10313,3756,
5380.42,5270,15593,5270,
6184.24,6104.5,14884,5453,
5029.19,4930,14185,4930,
5558.48,5432,13412,5142,
5852.35,5786.5,13591,4967,
5766.73,5648,14538,5427,
4509.02,4422,12428,4422,
5347.05,5275,15077,5185,
4590.23,4481.5,11674,4185,
6139.77,6073.5,14830,5400,
4882.72,4658,12835,4658,
6573.97,6523,16937,6057,
4883.09,4801,11249,4090,
4392.99,4306,12354,4298,
5203.57,5123,12007,4483,
5487.77,5355,15250,5355,
6207.07,6048,17065,6048,
5868.91,5720,15009,5635,
5148.67,5147,11592,4454,
6201.82,6083,17072,6083,
5877.72,5747,14343,5242,
5537.51,5475,13028,4629,
4797.34,4596,12424,4585,
5675.52,5593,14139,5186,
5657.28,5586,13469,4962,
4778.35,4726,11302,4168,
4809.66,4683,12645,4683,
5241.85,5150,13263,4747,
5509.02,5421,14860,5355,
3955.49,3879,10061,3522,
3527.97,3437,9490,3437,
3416.82,3297,9526,3297,
3652.09,3578,10562,3578,
3710.95,3632,10566,3632,
3424.34,3355,9918,3355,
4289.3,4202,12344,4202,
3810.99,3675,9961,3404,
3502.4,3462.5,8722,3045,
3580.53,3509,10272,3509,
4353.58,4246,12326,4240,
3389.22,3275,9537,3275,
3788.91,3662,10696,3662,
3814.33,3739.5,9462,3361,
3485.86,3389,9880,3389,
3682.79,3609,10458,3609,
4686.57,4585,13710,4585,
3509.09,3516,9593,3305,
4544.26,4449,13574,4449,
3502.63,3434,9767,3434,
3588.93,3516,10368,3516,
4123.23,4060.5,10743,3781,
3784.97,3721,9310,3354,
3390.78,3387,7598,2803,
3926.41,3860.5,10415,3584,
3432.28,3368,9260,3234,
3758.03,3669,10534,3669,
3867.07,3834,9679,3410,
3515.14,3474,9689,3335,
3765.08,3688,10900,3688,
3761.5,3632,10471,3618,
3850.87,3702,10767,3702,
3355.75,3289,9595,3289,
3878.49,3857,9260,3383,
3248.27,3217.5,7960,2819,
2956.95,2898,8423,2898,
4087.61,3941,11662,3941,
3722.92,3637,10848,3637,
3298.57,3257.5,7826,2757,
3643.86,3564,10498,3564,
3445.35,3213,9359,3213,
3452.71,3377,9876,3377,
3460.86,3416,8454,2947,
3671.54,3548,10384,3548,
3755.87,3682,10549,3682,
4266.64,4097,11584,3870,
3771.81,3600,9892,3449,
3472.18,3424.5,8502,3107,
2988.21,2924,8779,2924,
3959.38,3818,10646,3601,
3634.05,3609,8971,3244,
3588.75,3510,10420,3510,
3554.27,3494,9264,3173,
3249.54,3184,9217,3122,
3823.7,3773.5,9933,3458,
3518.25,3396,9716,3396,
4037.96,3944,11517,3944,
3608.27,3535,10462,3535,
3681.7,3479,9672,3479,
4089.69,4015.5,10848,3701,
3727.7,3627,10584,3600,
4053.07,3991.5,9952,3593,
4385.78,4299,12692,4295,
3357.23,3319,8159,2826,
3980.88,3909,10864,3889,
3840.45,3775,9506,3294,
3515.42,3313,9652,3313,
3889.78,3862,10383,3769,
3768.59,3669,10765,3669,
3817.77,3739,11160,3739,
3428.07,3373.5,8524,2968,
2935.61,2859,8486,2859,
3518.72,3469,8696,3129,
4774.42,4703,13881,4653,
3738.54,3694,9283,3260,
3645.46,3565,10276,3565,
4452.59,4362,13173,4362,
3586.94,3542,8610,3403,
3475.5,3400,9841,3400,
3975.45,3902,10362,3548,
3458.13,3330,9593,3330,
3310.76,3279,9292,3200,
4004.91,3919,11969,3919,
4075.05,3909,11478,3909,
3727.8,3648,10756,3648,
3634.61,3546,10253,3546,
3237.6,3131,9122,3131,
3822.34,3726,10839,3726,
3903.65,3773,10638,3589,
2938.37,2832,8577,2832,
3882.58,3762,10425,3619,
3927.12,3881.5,10300,3527,
3302.75,3226,9403,3226,
3524.29,3455,9975,3455,
4290.43,4153,12117,4151,
3128.11,3058,9087,3058,
3791.13,3624,10452,3622,
3321.5,3260,9339,3252,
4141.93,4058,11980,4058,
3860.2,3801,9348,3488,
3200.04,3111,9011,3111,
3606.54,3591.5,9372,3222,
3620.96,3549,10467,3546,
3307.28,3142,8953,3142,
3305.59,3295.5,8359,2886,
3568.11,3409,9897,3409,
3586.99,3451,9473,3274,
3776.07,3681,10872,3681,
3481.05,3443,8119,3005,
3965.86,3885,11557,3885,
4242.14,4127,12123,4127,
3420.05,3348,9763,3348,
3861.61,3778,11046,3778,
3228.74,3159,9062,2811,
4251.91,4173,11909,4160,
3308.51,3239,9266,3239,
3683.31,3653.5,9558,3290,
3571.33,3490,10315,3490,
3189.43,3095,8503,3018,
3488.09,3416,10138,3416,
3785.02,3714,10345,3702,
4291.92,4204,12432,4204,
3854.82,3788,11133,3747,
3984.51,3889,11573,3889,
3194.23,3068,8802,3065,
2991.55,2862,8308,2862,
3418.83,3349,9948,3349,
4569.38,4484.5,12139,4096,
4087.78,3997,11813,3997,
4058.95,4002,10294,3571,
3559.1,3481,10221,3480,
4128.51,4071.5,10230,3532,


5279.82,5403,12232,4741,
5782.81,5733,11147,4868,
6350.26,6308,12240,5669,
6298.48,6293.5,12107,5689,
5839.4,5797,11786,5621,
5802.93,5714,11679,5497,
5786.93,5728,11959,5391,
6113.21,6062,11973,5609,
5973.14,5878,11621,5088,
7092.46,6951,15013,6594,
6085.8,6019,11721,5519,
4829.45,4827,11633,4337,
6187.65,6071,12667,5933,
5284.24,5250,13260,5078,
6103.13,6058,12044,5862,
5972.36,5905,12087,5588,
8287.62,8208.5,15863,8019,
6346.66,6284,13515,5589,
7218.15,7159,14533,6952,
7260.49,7153.5,15424,6765,
6880.85,6821,12982,6119,
8158.15,8150,15597,7902,
7056.62,7012,13585,6132,
6419.66,6361.5,12525,6083,
5490.76,5442,10960,4916,
6445.62,6346,12545,6034,
6225.02,6157,12085,5377,
5133.5,5040,11284,4566,
4849.23,4789,12563,4558,
6140.18,6087.5,13882,5693,
8317.77,8087.5,15775,7322,
5615.98,5578,12247,4821,
6664.43,6661.5,12807,5910,
5381.9,5321,11181,4716,
6664.32,6508,14099,6050,
5652.5,5613,11290,5176,
5828.17,5792,12806,5253,
6211.31,6173,11781,5517,
6102.13,6016,12430,5975,
6252.34,6189,12607,5692,
6019.69,5925,11894,5639,
6344.22,6168,14105,5110,
5312.57,5225,10613,4880,
5898.02,5807,13274,5305,
8215.87,8162,15495,6853,
5665.15,5581.5,11271,5314,
7381.58,7304,14518,7002,
6318.27,6307,12892,5829,
5479.01,5362.5,10872,4962,
7675.73,7720.5,15707,5877,
6900.19,6904.5,13248,6181,
6619.52,6726,13262,5592,
5948.68,5960.5,11648,5363,
7267.41,7169.5,15455,6906,
5642,5619,12557,5131,
5159.57,5089.5,11691,4891,
5954.44,5824,14250,5386,
6191.35,6131,12234,5892,
6817.84,6710,13713,6109,
5968.32,5884.5,11831,5342,
5675.94,5687,11190,5034,
5961.07,5925,11906,5350,
5477.37,5378,12088,4898,
6521.11,6366,13831,6248,
5661.62,5601,11189,5283,
5152.58,5075,11035,4724,
8943.21,8841,18806,8046,
4695.94,4778,11335,4221,
8714.73,8637,17487,8410,
6073.77,6023,11859,5446,
6910.46,6946.5,12383,5183,
5576.5,5463.5,11843,4975,
6321.74,6162,13101,5011,
6253.42,6199,11842,5756,
7036.83,6971,13585,6789,
5028.89,4879,11336,4391,
6403.58,6310,12832,6103,
5919.16,5867,11659,5598,
5572.83,5526.5,11241,5084,
4545.36,4409,11369,4121,
5156.77,5065,11352,4882,
7853.23,7815,15100,6882,
7930.1,7737,16533,7289,
5412.27,5320.5,11526,4970,
6289.57,6318,12229,5898,
7178.74,7123,14112,6032,
7421.62,7461,14915,6366,
5827.94,5951,10856,4745,
8080.09,8001,15680,7785,
5946.02,5878,12349,5457,
6922.67,6838.5,14039,6512,
5206.21,5150,11606,4668,
6131.89,6095.5,12020,5552,
5632.61,5543,11063,5192,
10031.96,9912,18334,9575,
7992.15,7921,15568,7278,
5817.41,5807,11157,5224,
6583.04,6484,12912,5986,
6425.65,6359.5,12743,5706,
4947.98,4981,11967,4253,
4592.85,4538,10321,3918,
5772.89,5699,12483,5216,
6310.35,6289,12429,5559,
4782.65,4711,10292,4626,
6935.47,6873,14066,6839,
6118.47,5944,13510,5509,
7159.82,7041,14154,6626,
6589.51,6509,12937,6370,
4395.56,4314,10994,4274,
6128.84,6085,11876,5568,
14495.69,14369,26324,14369,
6103.23,6109,11662,5410,
5749.03,5730,11917,5107,
8069.55,8127,15752,7162,
5188.88,5176,10947,4650,
4476.01,4378,10489,4272,
5275.72,5174,10932,4617,
5865.53,5800,12040,5251,
5106.79,5040,10138,4838,
6378.07,6305,12482,5906,
6439.37,6402,12140,5121,
7471.35,7403,14772,6751,
4118.28,4031,11121,4024,
7571.67,7562.5,15196,6827,
7016.28,7018,12153,5442,
7527.41,7474.5,15117,7287,
5324.23,5242,11215,4912,
6102.65,6021,11914,5695,
5974.97,5921.5,11652,5366,
5694.53,5596,11530,5132,
5964.41,5893,11736,5447,
4792.9,4682,12008,4670,
6115.99,5974,12853,5834,
6357.96,6309,12113,5468,
5935.1,5886,11642,5305,
5816.46,5716.5,11658,5346,
6410.81,6363.5,12150,5846,
4893.6,4778.5,12036,4482,
6758.51,6653,13725,6121,
5358.15,5255.5,11634,4664,
5695.31,5689,11052,4512,
5396.84,5357.5,11847,4701,
6390.42,6255,12371,5897,
6107.05,6041,12908,5401,
7216.77,7214,13944,6334,
6093.75,6052.5,12225,5687,
6478.93,6388.5,13461,5984,
4950.89,4878,11864,4788,
6989.1,6994,12738,6359,
7999.37,7895,15592,7723,
5678.09,5600,12658,5457,
6945.55,6842,13539,6181,
7737.79,7759,15376,6861,
6456.3,6385.5,13420,6076,
6292.27,6239,12784,5837,
6933.61,7028,13895,5760,
6507.65,6459,13325,6071,
6088.31,6036,11521,5782,
4914.33,4839,10668,4429,
10575.48,10524,19166,10243,
6572.63,6525.5,12940,5941,
8624.28,8571,16639,8412,
6368.27,6312,13366,5924,
4775,4718.5,10781,4301,
6769.34,6622,13619,6256,
9216.34,9195,17104,8877,
5550.66,5457,11379,4953,
5843.57,5873,11541,5569,
6566.75,6497,13331,6441,
6875.7,6789,13423,6210,
6281.58,6224.5,12648,5736,
6533.03,6471,12725,5876,
5308.55,5323,11245,4729,
6033.8,5796,14365,5489,
5820.32,5773,11418,4984,
6356.03,6242,12507,5488,
6676.61,6703,12861,5379,
5941.27,5856.5,12191,5234,
4967.43,4909,11232,4649,
6384.69,6310,12071,5894,
6594.99,6427,13908,6334,
5831.84,5773,12181,5647,
6837.39,6818,13351,5911,
6973.17,6822,14105,6496,
5778.17,5733,11659,5515,
5812.59,5772,11323,5564,
6014.45,5973,12188,5609,
7473.16,7406,14340,6687,
9574.09,9513,18125,9137,
5534.23,5461,11929,5121,
9213.97,9250,17600,7305,
5167.3,5126,11998,4533,
5499.11,5401,11356,4933,
6037.52,5969.5,11771,5372,
5676.55,5647,12147,5160,
7281.22,7218,14521,6940,
5530.43,5476,10680,5280,
5688.95,5664,10768,5224,
6254.57,6214.5,12079,5772,
9343.63,9402,18665,7153,
5457.59,5398,10714,5224,
6714.77,6734,14156,5948,
9475.85,9299.5,18574,8278,
5934.63,5856.5,11965,5387,
5242.57,5181,10813,4969,
5970.87,5918,12469,5594,
6561.35,6662.5,12784,5574,
6904.82,6864,13067,5987,
6604.3,6533.5,13225,5891,
6047.64,6034,11387,4779,
5391.09,5345,11135,4630,
6035.64,5986,12019,5809,
4733.4,4439,11656,4414,
4905.56,4905,10790,4359,
4777.08,4688,11336,4643,
5173.27,5124,10462,4583,
6935.65,6813,13857,6467,
6023.78,6117,11686,5709,
7578.06,7565,14581,6910,
8525.19,8467,16245,6875,
6238.46,6115.5,12336,5473,
6675.4,6565.5,12388,5811,
6066.17,6055,12692,5427,
5699.04,5635.5,12394,5067,
6392.42,6336,12781,5975,
7449.8,7437,14322,6563,
5359.7,5291,11912,4877,
6609.26,6562,12962,5789,
6670.85,6623,12404,6002,
4853.22,4762,11521,4473,
5842.92,5726,11639,5164,
6095.77,6046,12708,5407,
5962.29,5926,11388,5331,
6826.9,6768,13265,5582,
6137.24,6092,13334,5086,
5586.16,5519,11580,5383,
7148.61,7036.5,13759,6099,
5968.36,5816,12358,5210,
5135.26,5075,10408,4649,
7919.12,7954.5,15593,5859,
6201.26,6159,11993,5592,
6540.98,6342,13650,5810,
5762.04,5647,13536,5647,
6796.89,6763.5,13056,6309,
5366.85,5268,10790,4606,
6294.72,6231,12365,5155,
7242.35,7199,14643,6035,
5009.47,4963,10643,4513,
7265.41,6847,15825,6169,
5360.45,5352,12145,4796,
7391.14,7354,14491,7192,
4825.89,4764,11153,4595,
6529.81,6484,12354,5475,
5966.28,5919,12706,4972,
6985.2,6919,13495,6697,
7579.14,7582,14878,7220,
6778.32,6722,12574,5686,
5908.21,5845,11926,5346,
7060.15,7186,13461,6118,
7506.62,7475.5,14391,6712,
4374.21,4278,11839,4271,
5214.66,5154.5,11336,4844,
6323.41,6238,12340,5715,
6063.6,5965.5,12542,5652,
4161.27,3994,10953,3948,
5698.29,5638.5,12420,5009,
4715.68,4640,11457,4352,
6183.5,6120,13234,5260,
4218.75,4181,8992,3821,
3677.71,3590,9409,3328,
3577.29,3512.5,8698,3274,
3316.26,3257,9381,3240,
3468.1,3404,9668,3390,
3931.74,3750.5,9816,3642,
4782.48,4738,9773,3958,
4342.64,4187.5,10127,3640,
3530.14,3518,8507,3017,
4219.81,4189,9207,3775,
4638.62,4536,11265,4287,
3447.69,3394.5,9185,3202,
3544.82,3450,10297,3360,
3836.65,3750.5,9135,3349,
4224.6,4234,10459,3747,
4431.92,4373,9206,3649,
5154.4,5111,11997,4704,
3884.16,3802,10634,3772,
6648.15,6718,13574,6085,
4034.68,4005.5,9892,3654,
4782.67,4655,10708,4290,
3757.99,3576,9772,3504,
4425.86,4388,9257,3731,
2939.68,2889,7854,2744,
4513.25,4433.5,9873,4160,
3394.11,3307,9045,3003,
3776.04,3745,10137,3653,
3139.27,2946.5,8359,2943,
2938.3,2877,8299,2872,
5080.74,5018,10989,4560,
3305.47,3270,9079,3201,
3244.43,3161,9161,3154,
3652.06,3574,9506,3340,
3306.32,3247,8945,3092,
2962.69,2875,8110,2794,
2666.64,2614,7395,2583,
4723.04,4662,9727,4083,
4102.54,4016,11175,4005,
2953.14,2924,7667,2699,
3044.03,2982,8782,2977,
4420.52,4387.5,9716,3882,
3695.32,3613,9875,3556,
2963.23,2895,8351,2886,
4740.07,4645,10386,4405,
3626.69,3592.5,9637,3451,
3661.24,3512,9490,3468,
2976.71,2899,8508,2894,
3204.88,3149,8454,2963,
2829.19,2785,7919,2741,
4621.58,4551,10247,4185,
4616.71,4603,9059,4066,
2916.57,2856,8452,2856,
3511.71,3500.5,8406,3173,
3517.7,3511.5,9195,3273,
3788.02,3717,9234,3417,
4090.34,4053.5,9793,3583,
3631.03,3523,10142,3523,
4026.24,3941,10567,3768,
4350.8,4205,9155,4086,
4010.04,3975.5,9874,3705,
4552,4503.5,10167,4013,
3193.53,3096,8949,3095,
4870.66,4716,12389,4430,
3459.76,3428,8713,3294,
4884.22,4842.5,10620,4202,
3109.82,3047,8854,3047,
3753.14,3719,8979,3332,
4147.85,4065,9591,3933,
3009.77,2947.5,8190,2838,
5193.56,5095,10785,4299,
3507.46,3455,8594,3182,
3056.8,3004,8612,2982,
2779.75,2608,7490,2581,
4467.88,4384,12420,4301,
3116.98,3026,8788,3026,
3154.08,3099,8826,3038,
4061.25,3995,10889,3866,
3133.98,3060.5,8224,2949,
3391.36,3326,8338,3326,
3401.55,3354.5,8999,3111,
4337.37,4294.5,9847,3727,
3089.61,3035,8576,3008,
4555.78,4441,11412,4279,
4924.08,4890.5,10910,4559,
3780.93,3704,10011,3640,
4144.21,4182.5,8571,3488,
3777.91,3705,9234,3453,
4577.9,4536,10013,4016,
3713.67,3659,9691,3562,
3177.25,3133,8079,2818,
3363.77,3271,9700,3271,
4008.54,3955,9400,3502,
4284.2,4241.5,8985,3693,
4402.41,4365,9579,3876,
3575.01,3517,9745,3438,
3760.8,3664,9952,3645,
3309.48,3296,8922,3146,
3899.94,3874,9229,3420,
4821.75,4898,10815,4202,
3297.66,3209,8682,3037,
4046.54,4007,8505,3625,
3889.89,3842,8797,3360,
3272.73,3201,9344,3201,
3064.32,2984,8116,2817,
2784.78,2728,7929,2728,
3366,3208,9274,3208,
4505.64,4445,10224,4146,
3984.5,3955.5,9834,3623,
3078.03,2940,8226,2912,
5145.34,5072,10935,4713,
3878.34,3797,9925,3582,
3656.69,3591,9337,3409,
3898.26,3841,9908,3658,
3273.72,3206,8371,3017,
5064.91,4863,11342,4543,
3068.74,3002,8541,3002,
3624.9,3566,9500,3337,
3631.98,3584.5,9667,3430,
2738.26,2678,7771,2678,
3686.3,3608,10541,3608,
4104.77,4103,9869,3574,
5581.96,5503.5,12432,5140,
3480.44,3427.5,9026,3324,
4141.96,4095,10831,3804,
3544.92,3484,8408,3066,
2954.41,2918,8138,2855,
4474.86,4497,9708,3795,
4087.77,4033,9462,3506,
3564.52,3494,8887,3155,
3378.6,3227,8898,3201,
3721.29,3661.5,9855,3577,
4310.89,4245.5,10017,3842,




Further Data analysis of all test cases 
avg med max min 
AVGs,6231.323,6261.685,13227.05,3626.27,
MEDs,6195.254,6237.25,13342,3610.5,
MAXs,12578.895,12405.5,26324,7598,
MINs,5169.502,5275.5,10248,3012,


AVGs,4818.916,4917.305,9060.16,2935.61,
MEDs,4723.396,4798.5,8876,2832,
MAXs,12578.895,12405.5,26324,7598,
MINs,4502.71,4555.5,8876,2757,


AVGs,5487.942,5670.545,14495.69,2666.64,
MEDs,5424.967,5607,14369,2608,
MAXs,11725.895,11670.5,26324,7395,
MINs,4984.575,5085,14369,2581,



