

Data analysis for each instance 
AVG,MED,MAX,MIN
0.259,0.281,0.336,0,
0.143,0.141,0.281,-0.004,
0.195,0.204,0.309,0,
0.195,0.197,0.28,0,
0.271,0.283,0.341,0,
0.133,0.129,0.248,0,
0.189,0.197,0.3,-0.013,
0.196,0.204,0.303,0,
0.278,0.284,0.352,0,
0.272,0.286,0.357,0,
0.203,0.213,0.319,0,
0.113,0.117,0.233,-0.155,
0.143,0.146,0.271,-0.039,
0.275,0.284,0.361,0,
0.129,0.135,0.29,-0.06,
0.274,0.281,0.331,0,
0.287,0.297,0.373,0,
0.18,0.182,0.272,-0.031,
0.293,0.299,0.356,0,
0.272,0.277,0.336,0,
0.284,0.289,0.35,0,
0.277,0.291,0.351,0,
0.314,0.326,0.361,0,
0.181,0.185,0.257,0,
0.233,0.254,0.351,0,
0.156,0.154,0.272,-0.019,
0.194,0.199,0.305,-0.113,
0.252,0.265,0.339,0,
0.226,0.231,0.335,0,
0.22,0.22,0.301,0,
0.25,0.253,0.363,0,
0.267,0.276,0.339,0,
0.276,0.279,0.346,0,
0.26,0.278,0.331,0,
0.154,0.155,0.256,0,
0.079,0.077,0.196,-0.055,
0.26,0.268,0.345,0,
0.15,0.148,0.285,0,
0.152,0.154,0.269,0,
0.232,0.241,0.313,-0.019,
0.269,0.283,0.344,0,
0.211,0.227,0.31,-0.066,
0.254,0.27,0.316,0,
0.237,0.249,0.313,0,
0.281,0.294,0.359,0,
0.128,0.127,0.277,-0.002,
0.223,0.233,0.335,0,
0.288,0.298,0.333,0,
0.116,0.121,0.233,0,
0.352,0.369,0.369,0,
0.207,0.209,0.294,0,
0.254,0.261,0.331,0,
0.135,0.134,0.267,-0.035,
0.289,0.294,0.363,0,
0.195,0.199,0.316,0,
0.259,0.265,0.351,0,
0.287,0.3,0.361,0,
0.179,0.182,0.307,0,
0.279,0.283,0.356,0,
0.262,0.281,0.347,-0.068,
0.134,0.132,0.277,0,
0.176,0.177,0.278,0,
0.196,0.2,0.297,0,
0.269,0.274,0.345,0,
0.196,0.201,0.287,0,
0.097,0.096,0.239,-0.009,
0.256,0.267,0.348,0,
0.257,0.281,0.347,0,
0.215,0.216,0.309,0,
0.194,0.204,0.285,0,
0.25,0.255,0.311,0,
0.267,0.28,0.347,0,
0.249,0.258,0.325,0,
0.198,0.193,0.319,0,
0.278,0.286,0.354,0,
0.126,0.129,0.261,-0.093,
0.152,0.157,0.285,-0.044,
0.255,0.272,0.331,0,
0.167,0.171,0.277,0,
0.185,0.188,0.34,-0.05,
0.266,0.281,0.344,0,
0.285,0.298,0.368,0,
0.28,0.292,0.366,0,
0.272,0.281,0.35,0,
0.262,0.27,0.34,0,
0.289,0.296,0.338,0,
0.284,0.293,0.367,0,
0.257,0.271,0.335,0,
0.281,0.291,0.369,0,
0.154,0.16,0.28,-0.046,
0.275,0.281,0.347,0,
0.227,0.24,0.317,-0.071,
0.094,0.092,0.261,-0.081,
0.226,0.239,0.343,0,
0.27,0.275,0.37,0,
0.23,0.242,0.335,-0.033,
0.138,0.143,0.263,-0.035,
0.269,0.273,0.334,0,
0.248,0.259,0.326,0,
0.269,0.275,0.336,0,
0.084,0.08,0.185,-0.069,
0.237,0.244,0.314,0,
0.237,0.239,0.296,0,
0.21,0.211,0.291,0,
0.244,0.248,0.321,0,
0.276,0.281,0.35,0,
0.227,0.228,0.322,0,
0.296,0.301,0.359,0,
0.245,0.255,0.348,0,
0.129,0.126,0.275,-0.022,
0.317,0.325,0.387,0,
0.184,0.189,0.314,0,
0.1,0.101,0.242,-0.058,
0.274,0.285,0.355,0,
0.075,0.087,0.217,-0.115,
0.145,0.152,0.273,-0.028,
0.256,0.261,0.323,0,
0.168,0.168,0.315,0,
0.274,0.282,0.336,0,
0.278,0.286,0.328,0,
0.225,0.233,0.292,0,
0.265,0.272,0.344,0,
0.274,0.28,0.348,0,
0.279,0.294,0.363,0,
0.278,0.287,0.348,0,
0.339,0.342,0.354,0,
0.102,0.105,0.215,-0.033,
0.262,0.274,0.323,0,
0.126,0.119,0.227,-0.002,
0.196,0.199,0.268,0,
0.185,0.193,0.305,-0.08,
0.269,0.278,0.348,0,
0.277,0.288,0.343,0,
0.266,0.273,0.345,0,
0.153,0.153,0.278,-0.056,
0.198,0.205,0.313,0,
0.149,0.151,0.263,0,
0.259,0.271,0.329,0,
0.28,0.292,0.369,0,
0.128,0.133,0.273,-0.141,
0.142,0.153,0.282,-0.073,
0.158,0.157,0.283,0,
0.204,0.209,0.273,0,
0.138,0.144,0.273,0,
0.282,0.29,0.353,0,
0.21,0.217,0.291,0,
0.213,0.221,0.33,0,
0.273,0.287,0.339,0,
0.279,0.287,0.347,0,
0.293,0.299,0.358,0,
0.221,0.23,0.283,0,
0.19,0.192,0.288,0,
0.279,0.296,0.352,0,
0.19,0.197,0.3,0,
0.157,0.161,0.294,0,
0.192,0.193,0.302,0,
0.096,0.098,0.197,-0.067,
0.164,0.171,0.274,0,
0.139,0.13,0.292,0,
0.245,0.261,0.356,0,
0.234,0.245,0.323,0,
0.255,0.269,0.335,0,
0.262,0.273,0.319,0,
0.248,0.255,0.332,0,
0.275,0.279,0.342,0,
0.211,0.221,0.315,0,
0.192,0.198,0.332,-0.009,
0.08,0.093,0.183,-0.067,
0.226,0.233,0.324,0,
0.184,0.188,0.284,0,
0.264,0.273,0.342,0,
0.277,0.288,0.33,0,
0.207,0.223,0.304,-0.009,
0.206,0.209,0.303,0,
0.127,0.131,0.261,-0.083,
0.168,0.177,0.284,0,
0.247,0.274,0.338,0,
0.138,0.139,0.304,0,
0.103,0.112,0.243,-0.009,
0.171,0.17,0.298,0,
0.297,0.296,0.364,0,
0.163,0.165,0.339,-0.035,
0.262,0.271,0.35,0,
0.148,0.158,0.25,-0.018,
0.139,0.148,0.274,-0.088,
0.175,0.174,0.31,0,
0.115,0.118,0.239,-0.046,
0.242,0.253,0.323,0,
0.308,0.318,0.375,0,
0.269,0.283,0.336,0,
0.292,0.299,0.359,0,
0.171,0.173,0.286,0,
0.115,0.11,0.248,-0.006,
0.251,0.254,0.327,0,
0.273,0.278,0.336,0,
0.287,0.294,0.374,0,
0.232,0.268,0.33,-0.087,
0.144,0.144,0.291,0,
0.124,0.119,0.256,-0.005,
0.25,0.255,0.34,0,
0.228,0.26,0.329,-0.05,
0.242,0.241,0.345,0,
0.292,0.306,0.391,0,
0.136,0.139,0.25,0,
0.257,0.263,0.311,0,
0.21,0.22,0.294,0,
0.262,0.282,0.349,0,
0.2,0.214,0.303,0,
0.226,0.233,0.32,0,
0.274,0.28,0.335,0,
0.262,0.274,0.335,0,
0.141,0.143,0.284,-0.112,
0.164,0.164,0.284,0,
0.232,0.24,0.311,0,
0.193,0.199,0.281,0,
0.137,0.147,0.256,-0.056,
0.185,0.191,0.289,0,
0.139,0.155,0.265,-0.1,
0.27,0.284,0.358,0,
0.289,0.294,0.368,0,
0.269,0.285,0.336,0,
0.268,0.271,0.343,0,
0.279,0.286,0.344,0,
0.238,0.246,0.304,0,
0.143,0.158,0.275,-0.043,
0.29,0.296,0.361,0,
0.272,0.284,0.347,0,
0.279,0.29,0.343,0,
0.255,0.273,0.331,0,
0.269,0.273,0.35,0,
0.187,0.198,0.26,0,
0.199,0.207,0.297,0,
0.179,0.188,0.317,-0.11,
0.29,0.301,0.359,0,
0.269,0.285,0.344,0,
0.161,0.164,0.291,0,
0.274,0.282,0.347,0,
0.182,0.183,0.309,0,
0.162,0.159,0.281,0,
0.27,0.279,0.365,0,
0.148,0.151,0.273,0,
0.287,0.292,0.365,0,
0.198,0.207,0.307,0,
0.109,0.114,0.276,-0.019,
0.213,0.226,0.286,0,
0.269,0.275,0.344,0,
0.243,0.244,0.353,0,
0.206,0.225,0.343,0,
0.191,0.191,0.301,0,
0.254,0.265,0.338,0,
0.199,0.203,0.308,-0.005,
0.146,0.136,0.328,0,
0.283,0.294,0.351,0,
0.175,0.174,0.303,0,
0.289,0.3,0.356,0,
0.268,0.278,0.341,0,
0.23,0.243,0.309,0,
0.188,0.199,0.297,0,
0.278,0.283,0.335,0,
0.2,0.214,0.338,0,
0.19,0.191,0.307,0,
0.241,0.258,0.321,0,
0.174,0.172,0.307,0,
0.146,0.152,0.288,0,
0.217,0.223,0.289,0,
0.271,0.283,0.35,0,
0.213,0.222,0.295,0,
0.268,0.276,0.338,0,
0.156,0.158,0.291,0,
0.246,0.258,0.334,0,
0.25,0.264,0.32,0,
0.261,0.269,0.361,0,
0.263,0.273,0.368,0,
0.254,0.26,0.337,0,
0.266,0.273,0.335,0,
0.21,0.216,0.299,0,
0.116,0.126,0.262,-0.11,
0.262,0.271,0.335,0,
0.264,0.268,0.352,0,
0.267,0.276,0.353,0,
0.249,0.262,0.325,0,
0.12,0.132,0.21,-0.033,
0.262,0.271,0.343,0,
0.248,0.254,0.327,0,
0.262,0.268,0.353,0,
0.223,0.238,0.305,-0.046,
0.23,0.249,0.342,0,
0.25,0.26,0.335,0,
0.273,0.279,0.369,0,
0.203,0.204,0.294,0,
0.133,0.132,0.285,-0.054,
0.067,0.071,0.26,-0.16,
0.19,0.203,0.309,-0.041,
0.225,0.229,0.315,0,
0.251,0.256,0.355,0,
0.124,0.124,0.257,-0.04,
0.229,0.239,0.315,-0.006,
0.266,0.273,0.337,0,
0.242,0.254,0.333,0,
0.253,0.258,0.344,0,
0.272,0.278,0.346,0,
0.138,0.138,0.262,0,
0.13,0.124,0.265,0,
0.259,0.266,0.345,0,
0.254,0.268,0.335,0,
0.263,0.267,0.342,0,
0.111,0.112,0.311,-0.032,
0.237,0.25,0.323,0,
0.214,0.244,0.321,0,
0.228,0.246,0.349,-0.082,
0.147,0.149,0.266,-0.024,
0.252,0.252,0.341,0,
0.256,0.275,0.342,0,
0.205,0.211,0.308,0,
0.194,0.213,0.316,-0.014,
0.15,0.147,0.267,0,
0.228,0.241,0.337,0,
0.198,0.203,0.313,0,
0.16,0.165,0.274,0,
0.275,0.282,0.337,0,
0.209,0.212,0.274,0,
0.236,0.24,0.319,0,
0.192,0.199,0.32,0,
0.243,0.254,0.325,0,
0.239,0.254,0.338,0,
0.278,0.286,0.349,0,
0.226,0.237,0.335,0,
0.199,0.197,0.306,0,
0.254,0.265,0.327,0,
0.115,0.122,0.231,-0.024,
0.263,0.269,0.353,0,
0.137,0.142,0.301,-0.08,
0.232,0.247,0.326,0,
0.157,0.164,0.304,-0.002,
0.246,0.261,0.329,0,
0.234,0.239,0.323,0,
0.259,0.264,0.341,0,
0.262,0.271,0.347,0,
0.16,0.164,0.289,-0.005,
0.256,0.263,0.327,0,
0.128,0.126,0.244,-0.071,
0.259,0.275,0.364,0,
0.135,0.145,0.25,-0.01,
0.246,0.26,0.326,-0.081,
0.264,0.278,0.358,0,
0.148,0.156,0.227,0,
0.237,0.243,0.337,0,
0.175,0.182,0.332,0,
0.247,0.253,0.325,0,
0.265,0.274,0.338,0,
0.266,0.279,0.353,0,
0.255,0.272,0.342,0,
0.241,0.247,0.349,0,
0.254,0.263,0.332,0,
0.245,0.263,0.333,-0.033,
0.258,0.262,0.329,0,
0.205,0.204,0.34,0,
0.258,0.27,0.332,0,
0.198,0.199,0.302,0,
0.178,0.179,0.296,0,
0.259,0.264,0.338,0,
0.255,0.261,0.333,0,
0.236,0.245,0.335,0,
0.245,0.254,0.341,0,
0.224,0.235,0.313,0,
0.279,0.29,0.336,0,
0.254,0.26,0.342,0,
0.15,0.157,0.252,-0.019,
0.242,0.26,0.317,-0.152,
0.191,0.185,0.301,-0.003,
0.27,0.28,0.358,0,
0.229,0.246,0.311,0,
0.173,0.176,0.305,0,
0.237,0.254,0.328,0,
0.169,0.184,0.249,-0.08,
0.264,0.273,0.337,0,
0.119,0.124,0.233,-0.048,
0.27,0.281,0.349,0,
0.253,0.262,0.34,0,
0.259,0.269,0.345,0,
0.259,0.267,0.335,0,
0.216,0.214,0.316,0,
0.239,0.245,0.325,0,
0.258,0.271,0.327,0,
0.175,0.185,0.28,0,
0.258,0.267,0.327,0,
0.237,0.247,0.304,0,
0.27,0.281,0.351,0,
0.227,0.232,0.317,0,
0.274,0.283,0.371,0,
0.175,0.185,0.328,0,
0.266,0.277,0.346,0,
0.247,0.264,0.343,0,
0.25,0.261,0.342,0,
0.268,0.272,0.346,0,
0.16,0.169,0.269,0,
0.242,0.248,0.349,0,
0.141,0.138,0.314,-0.03,
0.255,0.262,0.327,0,
0.127,0.122,0.289,0,


-0.263,-0.315,0.022,-0.321,
-0.164,-0.168,0,-0.291,
-0.199,-0.206,0.059,-0.246,
-0.197,-0.201,0,-0.275,
-0.154,-0.193,0.166,-0.197,
-0.148,-0.148,0.055,-0.265,
-0.176,-0.175,0,-0.266,
-0.234,-0.237,0.039,-0.32,
-0.3,-0.31,0,-0.347,
-0.299,-0.301,0.014,-0.319,
-0.186,-0.201,0.023,-0.234,
0.078,0.083,0.17,-0.092,
-0.167,-0.167,0,-0.275,
-0.339,-0.348,0,-0.377,
-0.142,-0.143,0,-0.293,
-0.283,-0.287,0,-0.344,
-0.283,-0.296,0,-0.34,
-0.225,-0.235,0,-0.291,
-0.309,-0.307,0,-0.368,
-0.281,-0.279,0,-0.333,
-0.285,-0.288,0,-0.347,
-0.281,-0.285,0,-0.324,
-0.31,-0.322,0,-0.327,
-0.169,-0.173,0.002,-0.243,
-0.143,-0.154,0.126,-0.274,
-0.163,-0.163,0,-0.262,
-0.21,-0.218,0,-0.306,
-0.239,-0.256,0,-0.326,
-0.23,-0.237,0,-0.334,
-0.217,-0.228,0.054,-0.291,
-0.262,-0.263,0.069,-0.327,
-0.171,-0.176,0,-0.239,
-0.251,-0.263,0,-0.296,
-0.264,-0.288,0.031,-0.328,
-0.146,-0.152,0,-0.241,
-0.05,-0.045,0.217,-0.219,
-0.238,-0.239,0,-0.33,
-0.123,-0.123,0.064,-0.237,
-0.075,-0.076,0.028,-0.191,
-0.252,-0.263,0.07,-0.33,
-0.142,-0.155,0.148,-0.226,
-0.246,-0.26,0,-0.285,
-0.248,-0.267,0,-0.311,
-0.221,-0.226,0.002,-0.296,
-0.297,-0.305,0.011,-0.332,
-0.076,-0.071,0.025,-0.219,
-0.179,-0.183,0,-0.235,
-0.244,-0.252,0,-0.325,
-0.097,-0.097,0,-0.183,
-0.28,-0.294,0,-0.353,
-0.15,-0.152,0,-0.245,
-0.184,-0.192,0.022,-0.254,
-0.134,-0.131,0,-0.316,
-0.277,-0.285,0,-0.334,
-0.184,-0.198,0,-0.286,
-0.312,-0.315,0,-0.34,
-0.295,-0.297,0,-0.373,
-0.19,-0.195,0.07,-0.282,
-0.294,-0.297,0,-0.347,
-0.275,-0.292,0,-0.347,
-0.109,-0.119,0.137,-0.238,
-0.172,-0.179,0,-0.304,
-0.186,-0.2,0.047,-0.228,
-0.281,-0.287,0,-0.341,
-0.227,-0.243,0.027,-0.284,
-0.133,-0.137,0.081,-0.27,
-0.217,-0.218,0,-0.284,
-0.089,-0.11,0.114,-0.186,
-0.294,-0.306,0,-0.344,
-0.169,-0.165,0.002,-0.215,
-0.235,-0.246,0,-0.315,
-0.226,-0.236,0,-0.268,
-0.197,-0.211,0,-0.251,
-0.18,-0.178,0.02,-0.274,
-0.308,-0.308,0,-0.332,
-0.051,-0.056,0.154,-0.197,
-0.158,-0.16,0.004,-0.3,
-0.251,-0.264,0,-0.297,
-0.158,-0.165,0,-0.275,
0.056,0.059,0.196,-0.098,
-0.156,-0.159,0.025,-0.243,
-0.283,-0.29,0.072,-0.305,
-0.283,-0.288,0,-0.305,
-0.252,-0.256,0,-0.32,
-0.264,-0.278,0.051,-0.316,
-0.282,-0.295,0,-0.319,
-0.258,-0.269,0.147,-0.329,
-0.157,-0.161,0.051,-0.245,
-0.302,-0.319,0,-0.347,
-0.138,-0.137,0,-0.25,
-0.257,-0.248,0,-0.301,
-0.239,-0.259,0.01,-0.32,
-0.071,-0.07,0.182,-0.237,
0.017,-0.011,0.184,-0.069,
-0.308,-0.314,0,-0.315,
-0.176,-0.179,0,-0.261,
-0.138,-0.142,0.094,-0.267,
-0.284,-0.285,0,-0.341,
-0.191,-0.199,0.013,-0.24,
-0.173,-0.176,0.039,-0.233,
-0.055,-0.047,0.051,-0.204,
-0.228,-0.239,0.006,-0.276,
-0.036,-0.038,0.047,-0.062,
-0.222,-0.22,0,-0.268,
-0.209,-0.221,0.028,-0.251,
-0.273,-0.275,0,-0.354,
-0.221,-0.221,0,-0.303,
-0.3,-0.3,0,-0.329,
-0.073,-0.072,0,-0.187,
-0.113,-0.104,0.089,-0.241,
-0.285,-0.288,0,-0.288,
-0.216,-0.216,0,-0.322,
-0.068,-0.065,0.107,-0.206,
-0.283,-0.307,0.065,-0.331,
-0.091,-0.091,0.042,-0.273,
-0.074,-0.066,0.045,-0.229,
-0.253,-0.264,0.024,-0.336,
-0.162,-0.162,0.005,-0.281,
-0.287,-0.292,0.019,-0.34,
-0.267,-0.27,0,-0.317,
-0.174,-0.174,0,-0.267,
-0.313,-0.338,0,-0.343,
-0.23,-0.22,0,-0.254,
-0.291,-0.299,0,-0.334,
-0.31,-0.319,0,-0.36,
-0.287,-0.298,0,-0.342,
-0.037,-0.04,0.105,-0.137,
-0.25,-0.262,0.002,-0.325,
-0.117,-0.113,0.017,-0.252,
-0.174,-0.182,0.154,-0.26,
-0.177,-0.177,0,-0.272,
0.009,0.014,0.123,-0.127,
-0.285,-0.299,0,-0.335,
-0.155,-0.157,0,-0.24,
-0.153,-0.154,0.05,-0.274,
-0.231,-0.239,0.046,-0.311,
-0.179,-0.187,0,-0.262,
-0.215,-0.22,0,-0.243,
-0.303,-0.306,0,-0.361,
-0.177,-0.182,0.009,-0.293,
-0.192,-0.198,0,-0.277,
-0.163,-0.162,0,-0.278,
-0.19,-0.196,0,-0.236,
-0.126,-0.121,0,-0.228,
-0.27,-0.274,0,-0.348,
-0.218,-0.224,0,-0.288,
-0.206,-0.216,0,-0.287,
-0.251,-0.259,0.034,-0.285,
-0.174,-0.176,0,-0.261,
-0.259,-0.27,0,-0.329,
-0.24,-0.244,0,-0.296,
-0.207,-0.212,0.015,-0.306,
-0.289,-0.297,0,-0.333,
-0.19,-0.193,0,-0.312,
-0.163,-0.161,0.004,-0.288,
-0.118,-0.12,0,-0.212,
-0.125,-0.129,0.015,-0.217,
-0.189,-0.2,0,-0.286,
-0.096,-0.099,0.177,-0.285,
-0.324,-0.327,0,-0.361,
-0.249,-0.258,0,-0.316,
-0.245,-0.249,0,-0.3,
-0.236,-0.238,0,-0.307,
-0.11,-0.115,0.049,-0.2,
-0.273,-0.279,0,-0.317,
-0.073,-0.072,0.007,-0.12,
-0.191,-0.2,0,-0.288,
-0.11,-0.11,0,-0.205,
-0.132,-0.135,0.009,-0.227,
-0.167,-0.169,0,-0.258,
-0.272,-0.284,0.064,-0.351,
-0.254,-0.264,0,-0.27,
-0.205,-0.239,0.018,-0.292,
-0.007,-0.005,0.087,-0.1,
-0.144,-0.138,0.11,-0.29,
-0.173,-0.176,0,-0.231,
-0.259,-0.286,0.114,-0.286,
-0.107,-0.102,0.066,-0.249,
-0.109,-0.11,0.021,-0.211,
-0.177,-0.17,0,-0.283,
-0.276,-0.279,0,-0.314,
-0.141,-0.13,0,-0.26,
-0.302,-0.304,0.004,-0.316,
-0.138,-0.134,0,-0.224,
0.019,0.02,0.166,-0.154,
-0.193,-0.203,0,-0.286,
-0.084,-0.087,0.029,-0.182,
-0.248,-0.26,0,-0.326,
-0.313,-0.313,0,-0.352,
-0.259,-0.275,0,-0.275,
-0.294,-0.302,0.057,-0.314,
-0.158,-0.161,0,-0.298,
-0.015,-0.007,0.13,-0.159,
-0.272,-0.274,0,-0.339,
-0.308,-0.317,0,-0.341,
-0.329,-0.334,0,-0.371,
-0.214,-0.247,0.063,-0.289,
-0.003,0.002,0.134,-0.145,
-0.159,-0.151,0.012,-0.3,
-0.26,-0.268,0,-0.343,
-0.217,-0.266,0,-0.318,
-0.259,-0.27,0,-0.327,
-0.34,-0.348,0,-0.391,
-0.133,-0.13,0,-0.237,
-0.208,-0.211,0.049,-0.283,
-0.046,-0.048,0.089,-0.14,
-0.23,-0.243,0.031,-0.266,
-0.154,-0.155,0.027,-0.293,
-0.183,-0.193,0,-0.279,
-0.275,-0.282,0.105,-0.294,
-0.292,-0.309,0.02,-0.353,
-0.135,-0.137,0,-0.233,
-0.086,-0.089,0.048,-0.254,
-0.229,-0.227,0,-0.301,
-0.227,-0.23,0,-0.294,
-0.155,-0.16,0,-0.261,
-0.176,-0.181,0,-0.269,
-0.024,-0.016,0.167,-0.129,
-0.276,-0.297,0,-0.351,
-0.334,-0.343,0,-0.379,
-0.295,-0.312,0,-0.331,
-0.22,-0.236,0.048,-0.256,
-0.273,-0.279,0,-0.279,
-0.245,-0.265,0,-0.295,
-0.155,-0.153,0,-0.262,
-0.286,-0.305,0,-0.348,
-0.279,-0.298,0,-0.31,
-0.302,-0.309,0,-0.316,
-0.26,-0.277,0,-0.335,
-0.286,-0.284,0,-0.315,
-0.197,-0.201,0.018,-0.275,
-0.21,-0.213,0,-0.312,
-0.211,-0.225,0.098,-0.31,
-0.32,-0.331,0,-0.365,
-0.274,-0.291,0.03,-0.359,
-0.171,-0.174,0,-0.276,
-0.305,-0.311,0,-0.35,
0.085,0.089,0.209,-0.026,
-0.16,-0.158,0.114,-0.272,
-0.295,-0.315,0,-0.326,
-0.101,-0.099,0.002,-0.205,
-0.248,-0.256,0,-0.351,
-0.204,-0.215,0,-0.257,
-0.138,-0.139,0,-0.297,
-0.203,-0.218,0.057,-0.284,
-0.312,-0.311,0,-0.349,
-0.298,-0.31,0,-0.36,
-0.149,-0.17,0.106,-0.279,
-0.165,-0.156,0,-0.26,
-0.264,-0.294,0,-0.313,
-0.214,-0.219,0,-0.295,
-0.128,-0.124,0,-0.262,
-0.273,-0.271,0,-0.352,
-0.165,-0.172,0.092,-0.26,
-0.3,-0.304,0,-0.357,
-0.269,-0.281,0,-0.315,
-0.257,-0.271,0.022,-0.277,
-0.167,-0.159,0,-0.291,
-0.248,-0.249,0,-0.311,
-0.204,-0.214,0,-0.307,
-0.185,-0.18,0,-0.276,
-0.281,-0.3,0.006,-0.338,
-0.169,-0.171,0,-0.29,
-0.129,-0.134,0.013,-0.267,
-0.2,-0.204,0,-0.272,
-0.176,-0.185,0.124,-0.254,
-0.18,-0.193,0.09,-0.273,
-0.269,-0.277,0.025,-0.278,
-0.024,-0.027,0.098,-0.169,
-0.09,-0.097,0.145,-0.161,
-0.125,-0.134,0.1,-0.226,
-0.186,-0.188,0,-0.236,
-0.238,-0.249,0,-0.299,
-0.029,-0.029,0,-0.04,
-0.25,-0.257,0.015,-0.318,
-0.258,-0.267,0,-0.333,
0.142,0.14,0.242,0,
-0.258,-0.265,0,-0.3,
-0.318,-0.326,0,-0.349,
-0.12,-0.132,0.021,-0.214,
-0.037,-0.028,0.087,-0.2,
0.013,0.024,0.176,-0.145,
-0.214,-0.223,0.066,-0.31,
-0.266,-0.272,0,-0.322,
-0.242,-0.252,0,-0.293,
-0.066,-0.066,0.082,-0.141,
-0.327,-0.333,0,-0.367,
-0.239,-0.251,0.012,-0.302,
-0.242,-0.246,0,-0.284,
-0.136,-0.143,0,-0.234,
-0.157,-0.161,0.129,-0.309,
-0.003,-0.004,0.183,-0.22,
-0.064,-0.074,0.108,-0.158,
-0.102,-0.107,0.095,-0.198,
-0.044,-0.034,0.037,-0.169,
-0.094,-0.088,0.066,-0.233,
0.034,0.034,0.063,-0.066,
-0.255,-0.259,0,-0.319,
-0.094,-0.099,0.082,-0.186,
0.008,-0.003,0.116,-0.04,
-0.056,-0.042,0,-0.108,
-0.04,-0.041,0.106,-0.156,
-0.029,-0.033,0.203,-0.223,
-0.07,-0.063,0,-0.167,
-0.234,-0.241,0.009,-0.295,
-0.231,-0.241,0,-0.319,
-0.011,-0.011,0.121,-0.161,
-0.218,-0.222,0.059,-0.281,
-0.236,-0.27,0.02,-0.332,
-0.017,-0.017,0.117,-0.026,
-0.111,-0.115,0.058,-0.23,
-0.247,-0.252,0,-0.325,
-0.228,-0.236,0.008,-0.306,
0.04,0.044,0.151,-0.014,
-0.164,-0.183,0.005,-0.28,
0.065,0.065,0.186,-0.055,
0,0,0.046,-0.009,
0.036,0.041,0.162,-0.126,
-0.128,-0.121,0,-0.238,
-0.214,-0.219,0.027,-0.254,
-0.067,-0.062,0,-0.148,
-0.046,-0.047,0.014,-0.108,
-0.045,-0.056,0.101,-0.173,
-0.198,-0.209,0.07,-0.279,
-0.115,-0.117,0,-0.186,
-0.091,-0.079,0,-0.181,
-0.206,-0.224,0,-0.304,
-0.076,-0.084,0.018,-0.183,
-0.221,-0.23,0,-0.282,
0.058,0.058,0.207,-0.066,
-0.202,-0.211,0,-0.264,
0.077,0.083,0.197,-0.049,
-0.242,-0.249,0,-0.296,
0.013,0.029,0.141,-0.177,
-0.056,-0.074,0.148,-0.141,
0.037,0.04,0.046,-0.074,
-0.255,-0.258,0,-0.323,
-0.26,-0.266,0,-0.312,
0.018,0.024,0.117,-0.12,
-0.138,-0.134,0,-0.178,
-0.019,-0.019,0.159,-0.185,
-0.018,-0.018,0,-0.027,
0.029,0.031,0.167,-0.132,
-0.155,-0.169,0,-0.251,
-0.04,-0.038,0,-0.071,
-0.123,-0.124,0.018,-0.192,
-0.141,-0.146,0.025,-0.236,
-0.179,-0.184,0,-0.298,
-0.199,-0.223,0.093,-0.305,
-0.229,-0.236,0,-0.292,
-0.263,-0.265,0,-0.311,
-0.232,-0.253,0.141,-0.31,
-0.053,-0.04,0.035,-0.115,
-0.036,-0.039,0.03,-0.074,
-0.224,-0.234,0.17,-0.329,
-0.246,-0.253,0,-0.313,
-0.041,-0.027,0.059,-0.199,
-0.011,-0.003,0.082,-0.171,
-0.024,-0.029,0.047,-0.095,
-0.068,-0.067,0.122,-0.205,
-0.171,-0.161,0,-0.242,
-0.005,-0.003,0,-0.081,
-0.242,-0.249,0,-0.327,
-0.268,-0.27,0,-0.338,
-0.048,-0.036,0.097,-0.194,
-0.149,-0.147,0,-0.213,
-0.32,-0.323,0,-0.361,
-0.063,-0.065,0.105,-0.216,
-0.158,-0.166,0.094,-0.24,
-0.052,-0.067,0.12,-0.204,
-0.201,-0.206,0,-0.312,
-0.104,-0.114,0.117,-0.22,
0.05,0.04,0.21,-0.108,
-0.217,-0.232,0,-0.315,
-0.185,-0.19,0.047,-0.261,
-0.118,-0.133,0.088,-0.178,
-0.115,-0.116,0.027,-0.253,
-0.24,-0.239,0,-0.323,
-0.1,-0.101,0.075,-0.172,
-0.001,-0.003,0.138,-0.003,
-0.088,-0.086,0.019,-0.165,
-0.025,-0.026,0.085,-0.138,
-0.208,-0.217,0.025,-0.274,
-0.106,-0.099,0,-0.223,
-0.148,-0.155,0.078,-0.236,
-0.261,-0.271,0.032,-0.343,
-0.071,-0.069,0.067,-0.185,
-0.005,-0.003,0,-0.164,
-0.157,-0.157,0,-0.196,
-0.195,-0.206,0,-0.257,
-0.032,-0.026,0.146,-0.051,
-0.238,-0.226,0,-0.296,
-0.029,-0.031,0.14,-0.122,
-0.043,-0.058,0.154,-0.09,
-0.298,-0.321,0,-0.345,
-0.125,-0.139,0.009,-0.242,
-0.217,-0.217,0,-0.273,
0.038,0.05,0.169,-0.106,
-0.052,-0.044,0,-0.133,
-0.072,-0.073,0.07,-0.185,




Further Data analysis of all test cases 
avg med max min 
AVGs,0.22,0.237,0.352,0.067,
MEDs,0.228,0.247,0.369,0.071,
MAXs,0.317,0.327,0.391,0.183,
MINs,-0.01,0,0,-0.16,


AVGs,-0.175,-0.188,0.142,-0.34,
MEDs,-0.18,-0.197,0.14,-0.348,
MAXs,0.037,0,0.242,0,
MINs,-0.258,-0.277,0,-0.391,



